Step	Loss(S)	Loss(T)	fwd_S	fwd_T	rev_S	rev_T
1	0.05618	0.1077	2.195	4.281	1.978	4.472
2	0.07631	0.06428	2.575	1.991	2.995	2.173
3	0.1187	0.04546	4.593	1.601	5.062	1.564
4	0.1028	0.1083	4.165	4.127	4.263	4.513
5	0.07991	0.1053	2.952	4.081	2.78	4.542
6	0.0592	0.06508	2.03	2.348	1.953	2.287
7	0.05222	0.06595	1.848	2.502	1.744	2.297
8	0.0735	0.07065	2.882	2.697	2.681	2.396
9	0.06408	0.0589	1.948	1.979	2.216	1.923
10	0.04706	0.04357	1.575	1.226	1.479	1.546
11	0.04572	0.0558	1.385	2.326	1.306	1.832
12	0.05997	0.05078	2.016	1.672	1.88	1.651
13	0.06214	0.05615	2.155	1.731	2.245	1.992
14	0.07824	0.03559	2.724	1.122	2.874	1.298
15	0.03773	0.05011	1.368	1.577	1.197	1.542
16	0.04688	0.03639	1.602	1.16	1.302	1.079
17	0.03913	0.04258	1.42	1.27	1.115	1.294
18	0.03266	0.08856	1.059	3.339	0.917	3.008
19	0.07771	0.0366	2.802	1.154	2.598	1.119
20	0.06962	0.06119	2.946	2.494	2.253	1.66
21	0.0571	0.04282	2.164	1.428	1.833	1.342
22	0.0474	0.06409	1.582	1.924	1.353	2.104
23	0.05219	0.04967	1.61	1.798	1.497	1.632
24	0.06648	0.08572	2.264	3.036	2.088	2.975
25	0.05615	0.05416	1.77	1.935	1.767	1.569
26	0.056	0.04792	2.077	1.884	1.686	1.44
27	0.05004	0.05267	1.666	1.75	1.467	1.481
28	0.05839	0.04543	2.159	1.629	1.69	1.231
29	0.05299	0.065	1.858	2.215	1.483	1.846
30	0.04146	0.0627	1.386	2.121	1.157	1.947
31	0.05189	0.05634	1.609	1.726	1.519	1.917
32	0.02637	0.0475	0.7432	1.357	0.6437	1.477
33	0.03368	0.07482	1.067	2.582	0.8653	2.379
34	0.03857	0.03501	1.393	1.253	1.138	0.9632
35	0.04827	0.04836	1.613	1.642	1.41	1.426
36	0.05392	0.05192	1.731	1.679	1.413	1.504
37	0.06554	0.05851	2.088	1.893	1.921	1.838
38	0.05548	0.0341	1.765	1.003	1.714	1.001
39	0.05275	0.06944	2.615	3.571	1.338	1.986
40	0.02707	0.07642	0.8428	2.5	0.6884	2.315
41	0.04162	0.03521	1.538	1.27	1.162	1.036
42	0.03571	0.04189	1.152	1.313	1.046	1.135
43	0.03772	0.05786	1.211	2.481	0.976	1.805
44	0.04823	0.0563	1.987	2.223	1.223	1.534
45	0.05745	0.04735	2.04	1.652	1.682	1.308
46	0.0436	0.0566	1.286	2.104	1.276	1.726
47	0.05255	0.04548	1.591	1.516	1.551	1.336
48	0.02235	0.03284	0.6156	1.064	0.563	0.9046
49	0.0613	0.06592	2.16	2.14	1.828	1.913
50	0.03916	0.04896	1.18	1.415	1.087	1.391
51	0.0481	0.04883	1.416	1.374	1.419	1.446
52	0.04296	0.03823	1.72	1.31	1.309	1.158
53	0.06677	0.04033	2.021	1.19	2.1	1.138
54	0.02446	0.04579	0.7425	1.522	0.6293	1.296
55	0.05387	0.05743	2.076	2.086	1.59	1.606
56	0.05485	0.03596	1.865	1.118	1.585	1.0
57	0.04366	0.04391	1.62	1.677	1.146	1.165
58	0.06515	0.04983	2.411	1.715	1.903	1.425
59	0.04775	0.04909	1.337	1.675	1.365	1.422
60	0.03975	0.05785	1.314	2.341	1.118	1.747
61	0.05398	0.05482	1.671	1.58	1.659	1.887
62	0.03666	0.05065	1.296	1.458	0.9803	1.438
63	0.04873	0.02882	1.547	0.8854	1.462	0.7589
64	0.062	0.05807	1.903	2.022	1.771	1.73
65	0.04634	0.06011	1.673	2.186	1.225	1.717
66	0.05113	0.05659	1.58	1.622	1.511	1.678
67	0.05493	0.06258	1.856	2.212	1.602	1.78
68	0.05756	0.0685	2.225	2.522	1.609	2.145
69	0.04448	0.04109	1.728	1.523	1.111	0.9904
70	0.02888	0.05683	1.136	2.106	0.8838	1.624
71	0.04182	0.05223	1.391	2.023	1.217	1.416
72	0.05251	0.05185	2.163	2.438	1.5	1.313
73	0.04151	0.02689	1.828	0.9587	1.157	0.6531
74	0.03816	0.02708	1.177	0.7873	1.094	0.6867
75	0.07157	0.05703	2.996	2.09	2.071	1.67
76	0.05374	0.05513	1.829	2.289	1.623	1.559
77	0.05701	0.0643	2.08	2.413	1.593	1.851
78	0.0469	0.0696	1.578	2.094	1.461	1.993
79	0.03251	0.05936	1.056	2.041	0.8657	1.729
80	0.03212	0.04095	0.9437	1.354	0.8463	1.135
81	0.05399	0.06125	1.875	2.282	1.552	1.867
82	0.04191	0.06168	1.498	2.678	1.063	1.661
83	0.05952	0.06058	1.955	1.993	1.742	1.774
84	0.05495	0.05795	2.301	2.186	1.525	1.603
85	0.05208	0.03576	1.606	1.131	1.549	0.9761
86	0.03764	0.05167	1.06	1.82	1.037	1.607
87	0.05778	0.05508	2.077	1.82	1.651	1.588
88	0.03647	0.03686	1.078	1.132	1.021	1.018
89	0.03289	0.06839	1.027	2.647	0.9484	2.018
90	0.04168	0.04828	1.227	1.485	1.218	1.493
91	0.03683	0.04035	1.053	1.184	1.07	1.166
92	0.06143	0.06635	2.044	2.218	1.744	1.948
93	0.05075	0.03956	2.503	1.506	1.28	0.9785
94	0.04345	0.04061	1.288	1.101	1.164	1.148
95	0.03543	0.0464	1.272	1.738	0.9339	1.221
96	0.0528	0.05189	1.834	1.863	1.495	1.453
97	0.05735	0.04466	2.18	1.689	1.567	1.276
98	0.04554	0.04888	1.437	1.459	1.287	1.342
99	0.06315	0.0626	2.23	2.529	1.845	1.897
100	0.05844	0.04675	1.855	1.513	1.674	1.248
101	0.04226	0.03598	1.248	1.16	1.184	0.9815
102	0.04868	0.04637	1.633	1.379	1.39	1.334
103	0.04525	0.04505	1.413	1.364	1.301	1.235
104	0.05651	0.04194	1.881	1.397	1.742	1.164
105	0.03614	0.05616	1.31	1.809	0.9697	1.6
106	0.02543	0.0358	0.826	0.9859	0.6323	0.967
107	0.04024	0.05439	1.313	1.964	1.101	1.546
108	0.04481	0.05514	1.449	2.08	1.215	1.592
109	0.03917	0.03548	1.534	1.294	0.9656	0.861
110	0.03179	0.03741	0.9192	1.123	0.8374	1.044
111	0.05438	0.05702	1.564	1.642	1.831	2.041
112	0.04692	0.04198	1.411	1.497	1.265	1.087
113	0.03903	0.0289	1.339	0.8515	0.9993	0.7761
114	0.03926	0.04513	1.158	1.608	1.088	1.297
115	0.03703	0.05015	1.079	1.646	1.026	1.54
116	0.04403	0.02386	1.282	0.7033	1.212	0.5827
117	0.03248	0.04947	0.9457	1.352	0.9091	1.5
118	0.06007	0.04715	1.859	1.427	2.019	1.384
119	0.04607	0.03581	1.285	1.06	1.261	0.9702
120	0.05435	0.05316	1.695	1.784	1.558	1.507
121	0.03952	0.0382	1.128	1.167	1.024	1.001
122	0.05861	0.05589	1.824	1.962	1.709	1.572
123	0.04569	0.06311	1.368	1.752	1.233	1.843
124	0.04001	0.04504	1.665	1.971	0.9806	1.178
125	0.03024	0.03201	0.8934	0.9278	0.7782	0.8867
126	0.0533	0.04792	1.655	1.6	1.568	1.26
127	0.04513	0.04833	1.361	1.416	1.232	1.495
128	0.05448	0.0659	1.672	2.059	1.508	1.927
129	0.047	0.04511	1.413	1.198	1.332	1.423
130	0.03887	0.03244	1.278	0.9983	1.068	0.8504
131	0.03502	0.05081	1.103	1.676	0.8893	1.446
132	0.04063	0.04815	1.647	1.692	1.087	1.281
133	0.06275	0.04794	2.197	1.65	1.812	1.324
134	0.06026	0.06504	2.02	2.432	1.771	2.03
135	0.02814	0.02731	0.8357	0.7884	0.7176	0.7109
136	0.03299	0.04222	1.053	1.228	0.9036	1.129
137	0.05231	0.04624	1.825	1.477	1.432	1.291
138	0.03499	0.05075	0.9879	1.559	0.9648	1.669
139	0.03693	0.04134	1.177	1.283	1.018	1.164
140	0.03829	0.04766	1.172	1.329	0.9535	1.464
141	0.04218	0.04177	1.157	1.102	1.201	1.201
142	0.04629	0.02377	1.325	0.6395	1.288	0.5976
143	0.04954	0.04465	2.41	2.105	1.316	1.082
144	0.03727	0.05429	1.206	1.671	1.022	1.59
145	0.02822	0.04457	1.167	1.221	0.7256	1.238
146	0.02919	0.03308	0.8696	1.076	0.7147	0.844
147	0.05718	0.03182	2.052	0.9444	1.589	0.8437
148	0.04712	0.04051	2.901	1.743	1.251	1.073
149	0.05384	0.03805	1.776	1.413	1.533	1.02
150	0.0353	0.04675	1.064	1.475	0.9343	1.435
151	0.03779	0.04044	1.118	1.112	1.048	1.172
152	0.05189	0.04802	1.802	1.568	1.449	1.34
153	0.05223	0.05331	1.753	1.752	1.512	1.464
154	0.03356	0.03284	0.9004	0.8598	0.8941	0.8919
155	0.05102	0.05005	1.618	1.387	1.547	1.435
156	0.02712	0.04257	0.8187	1.459	0.7029	1.152
157	0.03587	0.035	1.163	1.007	0.9415	0.9266
158	0.02506	0.03632	0.6838	1.087	0.6397	1.023
159	0.04121	0.04578	1.347	1.398	1.144	1.229
160	0.04338	0.04679	1.259	1.289	1.139	1.304
161	0.03887	0.03221	1.673	1.269	0.9997	0.8242
162	0.03981	0.03441	1.385	1.19	1.005	0.8615
163	0.0438	0.0416	1.387	1.269	1.194	1.081
164	0.03895	0.02705	1.253	0.892	1.053	0.6708
165	0.04357	0.04984	1.482	1.521	1.389	1.578
166	0.03394	0.04419	1.076	1.321	0.9046	1.184
167	0.04335	0.0376	1.302	1.172	1.172	1.002
168	0.04669	0.04934	1.603	1.425	1.329	1.377
169	0.04172	0.05008	1.314	1.646	1.104	1.426
170	0.03046	0.04265	0.9041	1.194	0.8335	1.27
171	0.04537	0.04743	1.536	1.584	1.249	1.323
172	0.05331	0.04289	1.735	1.417	1.493	1.153
173	0.03121	0.0365	1.057	1.609	0.749	0.9442
174	0.0503	0.03516	1.523	1.041	1.42	0.9238
175	0.04003	0.05305	1.177	1.737	1.072	1.476
176	0.03963	0.04291	1.559	1.938	1.08	1.096
177	0.02643	0.02835	1.022	0.916	0.628	0.7192
178	0.03482	0.04315	0.9937	1.24	0.9299	1.277
179	0.03672	0.05301	1.442	3.025	0.9297	1.362
180	0.04391	0.03603	1.384	1.015	1.118	1.171
181	0.04598	0.04464	1.63	1.435	1.262	1.169
182	0.03665	0.0508	1.062	1.549	0.9671	1.474
183	0.05608	0.05026	1.725	1.776	1.662	1.332
184	0.03228	0.05239	0.9898	1.717	0.8434	1.664
185	0.03176	0.04575	0.9392	1.411	0.8564	1.27
186	0.06141	0.04804	2.86	2.097	1.642	1.358
187	0.06016	0.05304	2.007	1.772	1.743	1.547
188	0.03825	0.04623	1.134	1.467	0.9803	1.254
189	0.03313	0.04213	0.9559	1.257	0.8552	1.191
190	0.04113	0.04475	1.614	1.452	1.163	1.313
191	0.04763	0.04517	1.51	1.475	1.284	1.222
192	0.03026	0.06608	0.9094	2.36	0.8305	1.89
193	0.0495	0.05287	1.672	2.13	1.393	1.653
194	0.02713	0.04816	1.023	1.461	0.7126	1.386
195	0.03675	0.05332	1.048	1.742	0.9615	1.482
196	0.05076	0.04594	1.539	1.392	1.445	1.346
197	0.04455	0.04487	1.86	2.024	1.164	1.305
198	0.03875	0.03003	1.147	0.8655	1.013	0.7639
199	0.03624	0.05338	1.242	1.975	0.9191	1.518
200	0.04023	0.03096	1.539	0.9329	1.069	0.7933
201	0.04693	0.04656	1.518	1.3	1.27	1.29
202	0.02505	0.04059	0.875	1.261	0.7355	1.09
203	0.0497	0.0565	1.636	1.817	1.336	1.567
204	0.05015	0.03789	1.564	1.356	1.516	1.004
205	0.03014	0.02558	0.8187	0.7275	0.8579	0.6678
206	0.03866	0.0349	1.461	1.168	1.158	0.9344
207	0.03808	0.03436	1.242	1.091	1.054	0.8642
208	0.03846	0.03085	1.292	0.9712	1.008	0.8338
209	0.03233	0.03478	1.258	1.235	0.8771	0.9411
210	0.03748	0.03199	1.055	0.8532	1.022	0.8209
211	0.04855	0.04665	1.449	1.866	1.347	1.321
212	0.05188	0.04533	1.946	1.468	1.399	1.225
213	0.04025	0.03646	1.47	1.362	1.069	0.9199
214	0.02393	0.03772	0.6829	1.057	0.6191	1.011
215	0.03805	0.04852	1.145	1.448	1.134	1.561
216	0.04798	0.05404	1.509	1.764	1.379	1.507
217	0.02825	0.02841	0.7551	0.7918	0.7395	0.7182
218	0.04267	0.03795	1.131	1.032	1.2	1.057
219	0.0376	0.04216	0.9567	1.205	1.008	1.15
220	0.03761	0.03853	1.028	1.096	1.011	0.9702
221	0.05899	0.05569	1.9	1.708	1.94	1.958
222	0.03814	0.05145	1.184	1.764	1.023	1.54
223	0.02258	0.03803	0.6213	1.062	0.5654	1.226
224	0.03303	0.04773	1.346	1.615	0.8489	1.264
225	0.03831	0.03887	1.141	1.111	1.063	1.088
226	0.05238	0.04828	1.602	1.443	1.46	1.42
227	0.04211	0.02596	1.228	0.7185	1.162	0.6619
228	0.03549	0.03629	1.468	1.812	0.8808	0.9822
229	0.03508	0.04006	1.062	1.206	0.9026	1.085
230	0.0264	0.0425	0.8548	1.393	0.6574	1.178
231	0.03422	0.02681	0.9872	0.7659	0.8961	0.6908
232	0.05088	0.04696	1.731	1.553	1.433	1.233
233	0.03437	0.0246	0.9999	0.6765	0.9335	0.6307
234	0.04167	0.03517	1.266	1.033	1.169	0.9543
235	0.02787	0.03093	0.8479	0.939	0.7121	0.8121
236	0.04857	0.02617	1.692	0.9671	1.337	0.6368
237	0.02344	0.04342	0.631	1.447	0.6067	1.116
238	0.04052	0.05334	1.266	2.1	1.064	1.505
239	0.03666	0.03845	1.188	1.092	1.021	1.045
240	0.03684	0.04557	1.196	1.34	0.9408	1.313
241	0.05618	0.04414	1.854	1.353	1.53	1.221
242	0.03812	0.02777	1.09	0.7397	1.062	0.6888
243	0.03064	0.05055	0.8714	1.714	0.9282	1.333
244	0.0506	0.04053	1.603	1.212	1.344	1.054
245	0.01931	0.03529	0.5461	1.151	0.5139	0.9044
246	0.04597	0.04333	1.391	1.364	1.263	1.152
247	0.03422	0.0346	1.411	1.463	0.8413	0.9182
248	0.03788	0.04601	1.169	1.391	0.9723	1.222
249	0.03082	0.03548	0.9351	1.078	0.7925	0.9518
250	0.04784	0.03156	1.62	1.016	1.312	0.7883
251	0.03226	0.02597	1.012	0.7314	0.8978	0.6512
252	0.031	0.03015	1.119	1.15	0.8118	0.706
253	0.02765	0.03869	0.9535	1.409	0.6941	1.02
254	0.04057	0.02821	1.1	0.728	1.079	0.7813
255	0.03398	0.03182	0.9421	0.9004	0.9028	0.8041
256	0.04232	0.04729	1.372	1.479	1.225	1.341
257	0.05353	0.04597	1.643	1.554	1.474	1.244
258	0.03796	0.03899	1.176	1.029	1.094	1.055
259	0.0491	0.0439	1.708	1.379	1.482	1.188
260	0.04953	0.03312	1.553	0.948	1.502	0.9569
261	0.02539	0.03554	0.7464	1.002	0.6324	0.9295
262	0.02921	0.03379	0.8015	0.8584	0.7531	0.8847
263	0.03719	0.02325	1.085	0.5973	0.9695	0.5861
264	0.03807	0.04456	1.106	1.406	0.9494	1.665
265	0.0329	0.026	1.528	0.7515	0.8	0.6231
266	0.04619	0.04589	1.385	1.496	1.24	1.245
267	0.03774	0.04143	1.187	1.186	1.114	1.154
268	0.04996	0.04598	1.465	1.345	1.426	1.282
269	0.04237	0.03728	1.245	1.155	1.234	1.036
270	0.03431	0.03844	1.056	1.08	0.9425	1.024
271	0.03289	0.0404	0.9393	1.167	0.98	1.131
272	0.04732	0.0468	1.351	1.318	1.29	1.283
273	0.03611	0.03875	1.025	1.28	0.9217	1.013
274	0.03524	0.03769	1.005	1.075	1.004	1.056
275	0.04326	0.03892	1.36	1.084	1.152	0.9853
276	0.04474	0.04766	1.529	1.318	1.2	1.281
277	0.02808	0.03445	0.8427	1.428	0.7027	0.902
278	0.03563	0.03753	1.102	1.145	0.9683	1.038
279	0.05155	0.04121	1.576	1.275	1.417	1.123
280	0.03164	0.03325	1.07	1.341	0.7659	0.9091
281	0.02276	0.03309	0.6135	1.138	0.5838	0.8622
282	0.03308	0.03689	1.097	1.384	0.8976	0.9821
283	0.03676	0.02911	1.777	0.6925	0.9443	0.7999
284	0.04785	0.05322	1.364	1.539	1.395	1.483
285	0.04609	0.04434	1.549	1.46	1.263	1.254
286	0.0254	0.04169	0.7147	1.167	0.6233	1.087
287	0.04474	0.04685	1.37	1.434	1.216	1.252
288	0.0349	0.03713	1.173	1.026	1.024	1.02
289	0.05	0.03996	1.669	1.351	1.378	1.122
290	0.04493	0.04668	1.744	2.005	1.193	1.187
291	0.04031	0.04102	1.26	1.252	1.109	1.12
292	0.03101	0.03616	0.9561	0.9891	0.7985	0.9394
293	0.03518	0.02795	0.9476	0.8308	0.9273	0.6813
294	0.02185	0.03934	0.639	1.279	0.5512	1.096
295	0.03816	0.04579	1.064	1.419	1.008	1.27
296	0.03269	0.02519	0.7938	0.7141	0.9213	0.6262
297	0.04996	0.02292	1.712	0.9457	1.399	0.6312
298	0.03434	0.03179	0.959	0.8702	0.8899	0.8352
299	0.0247	0.02627	0.7235	0.7128	0.6394	0.6698
300	0.04255	0.04563	1.259	1.222	1.201	1.292
301	0.02939	0.03551	1.164	1.927	0.7522	0.9279
302	0.0328	0.03291	1.018	0.9193	0.8421	0.8291
303	0.02829	0.03577	0.8981	1.213	0.7136	0.9068
304	0.04059	0.03444	1.33	0.9974	1.065	0.8894
305	0.03235	0.04028	1.045	1.259	0.8509	1.084
306	0.0333	0.04334	1.106	1.136	0.8762	1.159
307	0.03846	0.0423	1.133	1.347	1.094	1.144
308	0.04382	0.03642	1.427	1.153	1.168	0.9406
309	0.02512	0.02852	0.7304	0.7683	0.6516	0.737
310	0.02973	0.04034	0.9287	1.229	0.7878	1.147
311	0.03366	0.0295	1.054	0.9328	0.8388	0.7062
312	0.03343	0.03197	0.9065	0.8965	0.8847	0.8612
313	0.04638	0.03123	1.682	0.9745	1.296	0.89
314	0.03248	0.03381	0.8498	0.9883	0.8377	0.8749
315	0.02648	0.02853	0.965	1.213	0.6916	0.8055
316	0.04402	0.04309	1.287	1.39	1.175	1.145
317	0.02381	0.04337	0.7417	2.285	0.567	1.341
318	0.03546	0.04398	1.103	1.103	0.9673	1.283
319	0.03568	0.04436	0.9171	1.332	1.032	1.393
320	0.03871	0.0429	1.204	1.339	1.117	1.167
321	0.02673	0.02792	0.898	0.9016	0.7251	0.6964
322	0.04279	0.06042	1.282	1.807	1.164	1.798
323	0.04122	0.04008	1.304	1.188	1.284	1.182
324	0.04173	0.03518	1.158	0.9987	1.179	0.9937
325	0.02055	0.04048	0.55	1.037	0.5703	1.385
326	0.02627	0.03764	0.8499	1.22	0.6929	1.077
327	0.02762	0.03256	0.7299	0.9788	0.8024	0.8834
328	0.03118	0.03281	0.9387	0.9389	0.7736	0.8533
329	0.03568	0.03282	1.056	1.198	1.009	1.022
330	0.04274	0.0376	1.254	1.176	1.125	0.9324
331	0.04078	0.04047	1.141	1.351	1.081	1.092
332	0.03762	0.03229	1.408	1.203	0.9173	0.848
333	0.03786	0.03037	1.114	0.7653	1.025	0.8179
334	0.04327	0.02735	1.279	0.8696	1.171	0.6787
335	0.03708	0.05562	0.9906	1.8	0.9824	1.662
336	0.04704	0.0524	1.304	1.957	1.275	1.456
337	0.03899	0.03003	1.03	0.818	1.165	0.8417
338	0.03278	0.02985	1.008	0.7615	0.8611	0.8028
339	0.04236	0.02815	1.133	0.8112	1.194	0.7399
340	0.03321	0.02065	1.223	0.6987	0.8269	0.4869
341	0.05133	0.05149	1.844	1.918	1.473	1.442
342	0.05181	0.05131	1.833	1.698	1.464	1.446
343	0.02991	0.03504	0.8315	0.9606	0.8183	0.9727
344	0.02385	0.02125	0.7184	0.6587	0.5957	0.5571
345	0.04249	0.044	1.364	1.474	1.113	1.231
346	0.03001	0.03547	0.8008	0.9804	0.7581	0.9981
347	0.03278	0.03299	0.9073	1.009	0.8629	1.065
348	0.04078	0.03725	1.198	1.212	1.074	0.9445
349	0.02158	0.04136	0.578	1.143	0.5445	1.138
350	0.04729	0.04463	1.425	1.255	1.267	1.255
351	0.05408	0.04197	2.941	1.962	1.561	1.042
352	0.03065	0.05063	0.9671	1.578	0.7856	1.405
353	0.02894	0.02603	0.8008	0.7007	0.7212	0.648
354	0.03188	0.02769	1.028	0.832	0.7862	0.7171
355	0.03795	0.04516	0.9957	1.473	1.023	1.567
356	0.03544	0.02789	1.479	0.8984	0.8705	0.6937
357	0.02403	0.02853	0.7508	0.8698	0.6067	0.8256
358	0.02866	0.03563	0.7654	0.9943	0.7809	1.05
359	0.03504	0.03172	1.005	0.8425	0.9143	0.8428
360	0.04032	0.0455	1.252	1.338	1.129	1.265
361	0.03001	0.04629	0.912	1.456	0.7946	1.243
362	0.02801	0.03896	0.8026	1.121	0.7097	1.078
363	0.03653	0.05081	1.088	1.497	0.9567	1.416
364	0.03141	0.03577	0.9172	1.008	0.8623	0.9654
365	0.03388	0.0384	1.058	1.021	0.8829	1.009
366	0.02934	0.03039	0.8561	0.8416	0.7732	0.7926
367	0.01753	0.03447	0.5011	0.9725	0.4507	0.9248
368	0.02517	0.0422	0.6503	1.339	0.6933	1.299
369	0.01803	0.02592	0.4951	0.8951	0.467	0.6083
370	0.03718	0.02802	1.44	0.7849	1.006	0.718
371	0.02922	0.03976	0.8634	1.169	0.8207	1.158
372	0.03881	0.03053	1.15	0.9629	1.041	0.8079
373	0.02735	0.03296	0.7108	0.9128	0.7642	0.9357
374	0.02244	0.03555	0.6121	0.9453	0.5391	0.9983
375	0.03364	0.03907	0.967	1.055	0.8956	1.084
376	0.03927	0.04927	1.141	1.546	1.015	1.35
377	0.02704	0.03878	0.8402	1.278	0.6851	0.9774
378	0.01637	0.02887	0.4365	0.7637	0.6043	0.8075
379	0.02923	0.042	0.9182	1.161	0.7209	1.17
380	0.02915	0.04274	0.9585	1.39	0.7226	1.159
381	0.02369	0.02752	0.7194	0.7451	0.6121	0.7098
382	0.03971	0.03828	1.165	1.114	1.099	1.057
383	0.04633	0.04439	1.4	1.203	1.262	1.241
384	0.02192	0.0295	0.7895	0.8852	0.5104	0.7634
385	0.02964	0.02611	0.9167	0.7937	0.728	0.6296
386	0.04195	0.03863	1.306	1.327	1.206	1.219
387	0.04143	0.04383	1.695	2.197	1.046	1.222
388	0.03327	0.04775	0.9822	1.461	0.9603	1.307
389	0.04379	0.04688	1.345	1.531	1.204	1.277
390	0.03204	0.04152	0.8954	1.213	0.8902	1.106
391	0.04318	0.0441	1.277	1.348	1.176	1.225
392	0.03439	0.02822	0.8782	0.8553	0.9745	0.7482
393	0.03802	0.05063	1.102	1.473	0.986	1.452
394	0.04417	0.04796	1.964	1.749	1.168	1.264
395	0.04917	0.04908	1.507	1.365	1.39	1.435
396	0.03988	0.02879	1.111	1.023	1.098	0.7357
397	0.0275	0.02643	0.7963	0.769	0.7324	0.6795
398	0.02679	0.03749	0.7101	1.033	0.694	1.059
399	0.032	0.03592	0.9865	0.996	0.8692	0.9543
400	0.02234	0.04564	0.6582	1.364	0.8242	1.416
401	0.03888	0.04486	1.277	1.772	1.054	1.309
402	0.03384	0.03521	1.03	0.9466	0.9671	0.9571
403	0.02755	0.02992	0.791	0.8215	0.6767	0.7566
404	0.04407	0.03051	1.31	0.7952	1.214	0.8704
405	0.02825	0.02359	1.283	0.9794	0.6917	0.5866
406	0.03063	0.02775	0.8341	0.7913	0.7877	0.7304
407	0.0478	0.03827	1.546	1.186	1.285	0.9712
408	0.04255	0.02548	1.211	0.8073	1.173	0.6491
409	0.05051	0.0452	1.662	1.372	1.479	1.233
410	0.02177	0.04486	0.6965	1.314	0.5974	1.258
411	0.05435	0.04142	1.556	1.577	1.506	1.074
412	0.0343	0.02775	1.06	0.8527	0.9077	0.7005
413	0.0378	0.03769	1.08	1.118	0.9882	1.22
414	0.02326	0.03485	0.7163	0.9775	0.6611	0.9066
415	0.03043	0.03279	0.831	0.932	0.7856	0.8807
416	0.04229	0.03785	0.9855	1.209	1.215	1.039
417	0.01816	0.02918	0.5749	0.8117	0.4765	0.7913
418	0.03013	0.03309	0.79	0.9154	0.8129	0.8854
419	0.0397	0.03811	1.209	1.491	1.063	1.096
420	0.02516	0.0385	0.6858	1.29	0.6248	1.025
421	0.02382	0.02271	0.9278	0.7733	0.5673	0.5886
422	0.02631	0.03551	0.6885	0.9835	0.6797	0.9518
423	0.04171	0.02593	1.366	0.7417	1.185	0.6616
424	0.03698	0.04464	1.424	1.352	1.012	1.167
425	0.01399	0.0183	0.5369	0.5896	0.3711	0.4402
426	0.03303	0.03585	0.8863	1.137	0.8774	1.144
427	0.03348	0.04409	0.9665	1.174	0.8803	1.203
428	0.02204	0.03175	0.5743	0.8602	0.5463	0.8031
429	0.04004	0.0391	1.325	1.03	1.1	1.26
430	0.04692	0.04774	1.309	1.349	1.683	1.541
431	0.02476	0.02879	0.7136	0.8124	0.6962	0.7578
432	0.02385	0.04097	0.6906	1.264	0.5858	1.138
433	0.036	0.0309	0.9593	0.9806	1.041	0.8526
434	0.04518	0.03912	1.419	1.029	1.209	1.023
435	0.05586	0.03924	1.691	1.176	1.623	1.099
436	0.04	0.03562	1.849	1.384	1.121	0.9093
437	0.04456	0.03178	1.232	0.961	1.407	0.8646
438	0.03204	0.03	1.036	0.8294	0.8051	0.7672
439	0.03604	0.04149	1.129	1.103	0.9562	1.393
440	0.02843	0.0506	0.8019	1.588	0.7167	1.409
441	0.02757	0.02582	0.832	0.6733	0.6968	0.6572
442	0.02689	0.02931	0.7879	0.79	0.6941	0.7545
443	0.03178	0.03518	0.9082	0.9757	0.8331	0.9353
444	0.04372	0.03559	1.517	1.762	1.173	0.9297
445	0.02668	0.04406	0.7757	1.232	0.6788	1.202
446	0.04118	0.05095	1.289	1.512	1.213	1.447
447	0.03583	0.0318	1.01	0.8887	0.9959	0.8544
448	0.02459	0.03508	0.6886	0.9447	0.6159	0.9204
449	0.04145	0.04634	1.272	1.669	1.114	1.268
450	0.02801	0.02976	0.7333	0.7915	0.7246	0.7955
451	0.0354	0.04571	1.048	1.304	0.9446	1.275
452	0.0292	0.03094	0.9066	0.7827	0.7315	0.8121
453	0.0443	0.03595	1.534	0.965	1.186	0.935
454	0.03577	0.03128	0.9577	0.922	0.9156	0.8614
455	0.03212	0.03969	1.377	2.158	0.7684	1.046
456	0.0334	0.02376	0.9745	0.6418	0.867	0.6087
457	0.03578	0.03578	0.9955	0.9246	1.044	0.9545
458	0.01744	0.04564	0.5119	1.456	0.4405	1.197
459	0.03989	0.0418	1.191	1.197	1.048	1.152
460	0.02243	0.03512	0.7117	1.427	0.5698	0.9557
461	0.0382	0.01847	1.275	0.6837	1.072	0.475
462	0.02335	0.03274	0.6552	0.9615	0.594	0.8293
463	0.03196	0.03298	0.8859	0.9146	0.8246	0.8435
464	0.04299	0.04277	1.377	1.536	1.147	1.195
465	0.05025	0.04007	1.542	1.235	1.42	1.052
466	0.0243	0.02926	0.6185	0.7813	0.6229	0.7522
467	0.02636	0.03542	0.7681	1.01	0.6466	1.06
468	0.03635	0.04121	1.005	1.161	0.9697	1.123
469	0.028	0.02806	0.7908	0.8264	0.7424	0.749
470	0.03809	0.02466	1.15	0.7787	1.161	0.6266
471	0.03577	0.0356	1.062	0.9403	0.9908	0.8984
472	0.03952	0.03123	1.139	0.8627	1.075	0.8301
473	0.02878	0.04226	1.054	1.354	0.7316	1.124
474	0.04808	0.02522	1.547	0.8526	1.278	0.6379
475	0.02786	0.02571	0.8392	0.7668	0.8088	0.7199
476	0.04432	0.03676	1.291	1.105	1.278	0.9469
477	0.04759	0.03976	1.437	1.082	1.52	1.102
478	0.0292	0.02475	0.8945	0.689	0.7477	0.6171
479	0.02599	0.03733	0.7099	1.036	0.6765	1.03
480	0.04346	0.0466	1.338	1.302	1.201	1.316
481	0.03128	0.03482	1.009	1.342	0.8349	1.009
482	0.02748	0.0348	0.7777	0.9704	0.7136	1.001
483	0.03189	0.04116	0.9668	1.203	0.7837	1.069
484	0.03586	0.0522	1.276	2.797	0.9827	1.764
485	0.02743	0.04337	0.945	2.097	0.6605	1.214
486	0.03565	0.03915	1.066	1.169	0.9432	1.088
487	0.02279	0.04421	0.6459	1.21	0.5722	1.291
488	0.02442	0.03121	0.8803	1.059	0.5562	0.9765
489	0.02108	0.02903	0.6927	1.577	0.4991	0.7468
490	0.03294	0.04043	0.9956	1.237	0.8557	1.207
491	0.03113	0.03661	0.9201	1.443	0.799	0.9811
492	0.04402	0.05064	1.233	1.369	1.222	1.463
493	0.04836	0.03937	1.641	1.212	1.387	0.9724
494	0.02267	0.02599	0.6122	0.8082	0.6129	0.6807
495	0.03059	0.03639	1.02	1.225	0.7853	0.9825
496	0.02432	0.03075	0.7311	0.9536	0.5874	0.7816
497	0.03976	0.04162	1.365	1.548	1.107	1.239
498	0.04893	0.04919	2.124	1.753	1.356	1.289
499	0.04573	0.04166	1.417	1.17	1.284	1.16
500	0.03185	0.03951	0.8556	1.011	0.8347	1.05
501	0.03679	0.03425	1.11	0.9417	0.9989	0.9529
502	0.04023	0.03278	1.261	1.008	1.189	0.9415
503	0.03958	0.03677	1.047	1.018	1.045	0.9591
504	0.04066	0.04778	1.143	1.407	1.125	1.256
505	0.03723	0.02303	1.427	0.8494	1.038	0.5627
506	0.03113	0.03921	0.8791	1.17	0.7841	1.049
507	0.02111	0.04212	0.5685	1.216	0.5123	1.173
508	0.03829	0.03594	0.9725	0.9509	1.133	1.018
509	0.04877	0.02816	2.766	1.177	1.306	0.6961
510	0.03571	0.02784	1.021	0.715	0.9373	0.7169
511	0.02866	0.04308	1.003	1.395	0.6849	1.16
512	0.0289	0.0464	1.052	1.531	0.7385	1.287
513	0.03534	0.05037	1.205	1.526	0.9417	1.35
514	0.04085	0.0187	1.126	0.5273	1.137	0.4882
515	0.02866	0.05081	0.8352	1.595	0.7638	1.396
516	0.04377	0.03184	1.297	0.8495	1.216	0.84
517	0.03567	0.05345	1.056	1.542	0.9567	1.758
518	0.02504	0.02417	0.7344	0.7723	0.6775	0.627
519	0.02721	0.02319	0.684	0.6002	0.6983	0.579
520	0.03866	0.04072	1.156	1.262	1.122	1.085
521	0.01391	0.0297	0.5221	0.9817	0.3359	0.7369
522	0.0215	0.03133	0.5668	0.8188	0.5272	0.8286
523	0.04471	0.01874	1.351	0.6325	1.258	0.4639
524	0.04364	0.04391	1.28	1.312	1.169	1.158
525	0.01675	0.02867	0.5229	1.07	0.5335	0.7128
526	0.02724	0.02928	0.8308	0.7495	0.7007	0.7831
527	0.0302	0.03663	0.8393	0.9274	1.025	1.333
528	0.0353	0.03832	1.072	1.043	0.9176	1.033
529	0.02498	0.01265	0.747	0.3612	0.5974	0.3219
530	0.02989	0.03681	0.8281	1.157	0.7763	1.008
531	0.02643	0.03763	0.7626	1.091	0.6719	1.002
532	0.03051	0.02494	0.8224	0.7201	0.7944	0.6303
533	0.03967	0.03214	1.137	1.124	1.135	0.9738
534	0.03627	0.03608	1.247	1.194	0.9953	0.9483
535	0.03906	0.02709	1.056	0.7479	1.18	0.7956
536	0.03009	0.04614	0.8478	1.592	0.7694	1.256
537	0.03181	0.04023	0.8882	1.093	0.8003	1.142
538	0.04313	0.03914	1.249	1.086	1.168	1.09
539	0.04592	0.03049	1.455	0.8502	1.287	0.7825
540	0.03861	0.02484	1.326	0.7557	0.9957	0.6923
541	0.02871	0.03351	0.8166	0.9601	0.7354	0.9148
542	0.04261	0.02645	1.245	0.6799	1.134	0.6919
543	0.03203	0.03552	0.8529	1.062	0.8535	1.093
544	0.04626	0.04921	1.416	1.532	1.311	1.423
545	0.03173	0.03208	0.8733	0.8891	0.8415	0.8426
546	0.03327	0.03232	0.848	0.9137	0.8828	0.8553
547	0.03742	0.03284	1.033	0.9346	0.9923	0.8677
548	0.02547	0.02544	0.9327	1.034	0.6315	0.6439
549	0.04472	0.03016	1.255	0.8879	1.248	0.7524
550	0.02492	0.04594	0.637	1.413	0.6435	1.208
551	0.02925	0.02861	0.8214	0.8117	0.7561	0.7602
552	0.02798	0.04553	0.7767	1.238	0.7032	1.29
553	0.027	0.04554	0.6464	1.447	1.033	1.269
554	0.03023	0.0329	0.8266	0.9092	0.8384	0.8931
555	0.03268	0.02335	0.8837	0.6061	0.8967	0.6024
556	0.03816	0.02499	1.155	0.8473	0.9433	0.6471
557	0.03323	0.03662	0.9203	1.079	0.8768	0.9914
558	0.05159	0.03345	1.308	0.9117	1.583	0.8876
559	0.05617	0.03206	3.159	1.435	1.482	0.7531
560	0.04404	0.02365	1.268	0.6202	1.193	0.6095
561	0.01969	0.03027	0.568	0.8147	0.5598	0.7828
562	0.02664	0.02632	0.88	0.8367	0.6546	0.6439
563	0.01824	0.0174	0.4807	0.4756	0.4696	0.4382
564	0.02424	0.02629	0.7006	0.8186	0.5953	0.6639
565	0.03758	0.048	1.169	1.326	0.9911	1.346
566	0.02692	0.02802	0.6826	0.7277	0.7054	0.8361
567	0.0227	0.0285	0.619	0.7632	0.57	0.7242
568	0.04298	0.0248	1.28	0.7798	1.186	0.6152
569	0.04446	0.04508	1.267	1.404	1.208	1.229
570	0.02622	0.02744	0.7148	0.7987	0.6796	0.7183
571	0.02964	0.04207	0.864	1.195	0.749	1.242
572	0.04676	0.04521	1.305	1.362	1.322	1.279
573	0.04156	0.03041	1.227	0.9578	1.308	0.8111
574	0.03084	0.02731	0.8333	0.697	0.8227	0.7199
575	0.03379	0.03682	0.9515	1.077	0.9442	0.9518
576	0.02812	0.02337	0.7647	0.6528	0.7172	0.5787
577	0.02796	0.02735	0.9144	0.8925	0.6744	0.6517
578	0.04719	0.04307	1.363	1.329	1.285	1.172
579	0.03026	0.03001	0.8884	0.8757	0.7786	0.825
580	0.03957	0.03674	1.139	1.025	1.098	0.9674
581	0.03832	0.02305	1.143	0.6247	1.131	0.5818
582	0.02864	0.03508	0.8052	0.9452	0.7419	0.9473
583	0.02889	0.03274	0.7835	0.8983	0.7318	0.8589
584	0.03743	0.04235	1.119	1.224	1.026	1.22
585	0.03134	0.03238	1.065	1.109	0.8375	0.8399
586	0.03449	0.03713	0.9989	0.9902	0.9333	0.9919
587	0.03833	0.02903	1.145	0.8079	1.02	0.7126
588	0.03818	0.04054	1.113	1.124	1.045	1.111
589	0.02474	0.03002	0.7198	1.07	0.644	0.7564
590	0.03173	0.04306	0.9154	1.299	0.8193	1.174
591	0.03599	0.04488	1.036	1.357	0.9737	1.173
592	0.03309	0.04181	1.246	1.775	0.8738	1.1
593	0.01506	0.02193	0.5462	0.7732	0.3401	0.5286
594	0.03484	0.02097	0.9538	0.7922	0.9424	0.5373
595	0.03199	0.03166	0.9173	1.089	0.8396	0.7913
596	0.03686	0.01153	1.01	0.2991	0.9771	0.2808
597	0.03948	0.03896	1.171	1.143	1.039	0.9941
598	0.03415	0.04384	1.053	1.114	0.8948	1.176
599	0.04166	0.03614	1.257	1.187	1.118	0.9581
600	0.02836	0.02073	0.8495	0.6074	0.6945	0.523
601	0.0434	0.04612	1.266	1.419	1.221	1.196
602	0.04233	0.05509	1.487	2.59	1.06	1.422
603	0.0447	0.04919	1.351	1.266	1.259	1.471
604	0.03326	0.03566	0.9389	0.901	0.8742	0.985
605	0.03852	0.04713	0.9905	1.493	1.122	1.569
606	0.03002	0.03969	0.9452	1.114	0.7715	1.094
607	0.0413	0.03318	1.195	0.9074	1.115	0.8363
608	0.02239	0.05586	0.6707	1.501	0.544	1.726
609	0.02484	0.04328	0.7502	1.665	0.6305	1.184
610	0.03428	0.04525	0.9933	1.319	0.8726	1.306
611	0.02483	0.03697	0.6512	1.015	0.6189	1.071
612	0.02203	0.0355	0.6552	1.09	0.5412	1.102
613	0.02681	0.03471	0.9047	1.45	0.7067	0.9434
614	0.03165	0.03062	0.9249	0.8012	0.8255	0.7858
615	0.03005	0.04224	0.8317	1.254	0.7455	1.11
616	0.03957	0.02537	1.158	0.7955	1.046	0.6376
617	0.04346	0.03377	1.344	1.131	1.158	0.9145
618	0.04424	0.02414	1.11	0.7575	1.27	0.5871
619	0.04613	0.03181	1.362	1.046	1.267	0.8433
620	0.0325	0.03739	0.9642	1.056	0.8403	1.031
621	0.0365	0.03476	1.092	0.9676	0.9696	0.9026
622	0.03429	0.02713	0.9469	0.793	0.8799	0.7229
623	0.03486	0.04109	0.8909	1.199	0.9623	1.125
624	0.04375	0.02444	1.122	0.7277	1.34	0.6095
625	0.04028	0.02375	1.145	0.7409	1.136	0.5939
626	0.03483	0.02192	0.9369	0.5683	0.9251	0.5641
627	0.03545	0.05357	0.9591	1.673	0.9235	1.555
628	0.03718	0.03881	1.07	1.299	1.02	1.054
629	0.01888	0.03002	0.5649	0.9991	0.4465	0.7608
630	0.02849	0.02514	0.927	0.6623	0.7522	0.6403
631	0.03605	0.03308	0.9829	0.8175	1.037	1.259
632	0.03837	0.04495	1.098	1.385	0.9646	1.176
633	0.006398	0.01803	0.1894	0.556	0.1806	0.4465
634	0.03642	0.03357	1.152	0.9288	0.9588	0.8871
635	0.03807	0.03575	1.118	1.022	1.021	1.004
636	0.0275	0.03212	0.7486	0.868	0.6623	0.8474
637	0.03475	0.03978	1.08	1.36	1.055	1.265
638	0.02954	0.03156	0.8829	0.9536	0.7765	0.876
639	0.03356	0.02331	0.9536	0.6716	0.9347	0.5884
640	0.01979	0.03916	0.7239	1.172	0.533	1.08
641	0.02976	0.03406	0.853	0.9766	0.7703	0.9544
642	0.02653	0.03779	0.7757	1.054	0.7149	1.005
643	0.02827	0.02479	0.8392	0.6632	0.7068	0.6255
644	0.02839	0.03525	0.8736	1.415	0.6761	0.9634
645	0.02813	0.02234	0.7609	0.5805	0.7207	0.5795
646	0.02595	0.02206	0.7818	0.578	0.6317	0.5594
647	0.03144	0.03519	0.9143	1.01	0.8228	0.9943
648	0.03947	0.04577	1.14	1.347	1.05	1.224
649	0.03616	0.02924	1.029	0.879	0.9525	0.8007
650	0.03406	0.03722	0.9237	1.069	0.9102	1.084
651	0.03481	0.02794	0.978	0.7565	0.9186	0.7273
652	0.01803	0.01931	0.6028	0.7505	0.4204	0.4686
653	0.03725	0.03784	1.092	1.284	0.9852	1.068
654	0.04564	0.04322	1.262	1.258	1.308	1.224
655	0.02929	0.04066	0.8525	1.171	0.7653	1.2
656	0.03339	0.03334	0.87	0.887	0.8907	0.8555
657	0.04278	0.05088	1.258	1.58	1.155	1.437
658	0.02531	0.0224	0.683	0.7147	0.6496	0.5807
659	0.03017	0.01988	0.8323	0.5181	0.7937	0.5032
660	0.03402	0.04152	0.9977	1.184	0.8794	1.094
661	0.03198	0.03339	1.057	0.8745	0.8654	0.9146
662	0.02303	0.03595	0.6438	0.9844	0.6132	0.9152
663	0.033	0.03656	1.443	1.648	0.804	0.9215
664	0.03386	0.02385	0.9375	0.6569	0.8935	0.5754
665	0.02342	0.02578	0.6188	0.7087	0.5775	0.651
666	0.02349	0.03529	0.6886	1.075	0.5732	0.9412
667	0.02043	0.03036	0.5544	1.013	0.4924	0.9305
668	0.02415	0.05423	0.6912	1.812	0.6397	1.532
669	0.03778	0.04358	1.413	1.349	1.001	1.218
670	0.01954	0.04075	0.5566	1.159	0.4766	1.105
671	0.02188	0.02295	0.648	0.6112	0.5404	0.5684
672	0.04052	0.05137	1.175	1.425	1.035	1.419
673	0.03932	0.03454	1.157	0.984	1.014	0.8892
674	0.03134	0.02722	0.8917	0.7391	0.8278	0.6766
675	0.03934	0.04334	1.062	1.279	1.08	1.217
676	0.02705	0.03302	0.7775	1.084	0.6961	0.842
677	0.03262	0.03274	1.019	0.9696	1.038	0.8762
678	0.02497	0.02471	0.6412	0.6548	0.6314	0.6204
679	0.02704	0.02549	0.7588	0.6845	0.7433	0.7422
680	0.03179	0.03824	0.8364	0.9833	0.8135	1.043
681	0.0275	0.04532	0.92	2.009	0.694	1.308
682	0.03813	0.02921	1.158	0.8839	1.026	0.7772
683	0.03003	0.03651	0.8795	0.9852	0.7762	0.949
684	0.03306	0.03376	0.8809	0.9235	0.8935	0.8292
685	0.03444	0.03981	0.9392	1.144	1.037	1.187
686	0.02621	0.02896	0.7087	0.8176	0.6733	0.7498
687	0.03918	0.03484	1.137	0.9334	1.017	0.9087
688	0.04138	0.03485	1.107	0.9893	1.108	0.8877
689	0.04429	0.04422	1.344	1.435	1.236	1.21
690	0.03198	0.03444	0.8991	0.9345	0.8599	0.9213
691	0.03681	0.03165	0.9808	0.9067	0.9726	0.8136
692	0.03529	0.02751	1.106	0.8654	0.9525	0.7549
693	0.03176	0.01368	0.9772	0.4072	0.761	0.3822
694	0.03923	0.03249	1.066	0.8919	1.038	0.9214
695	0.04081	0.03068	1.089	0.8692	1.089	0.7914
696	0.03579	0.03644	1.37	1.366	0.8892	0.9302
697	0.02791	0.01976	0.812	0.5795	0.6955	0.5102
698	0.03399	0.04357	1.09	1.385	0.9217	1.386
699	0.02955	0.02951	1.074	0.9397	0.7082	0.7638
700	0.04015	0.04832	1.155	1.37	1.098	1.365
701	0.03458	0.04612	0.9489	1.317	0.9082	1.24
702	0.02846	0.03415	0.7845	1.038	0.727	0.9086
703	0.03203	0.04254	1.027	1.211	0.9044	1.197
704	0.01899	0.02565	0.5433	0.7329	0.4468	0.6486
705	0.04226	0.04216	1.232	1.156	1.136	1.152
706	0.04525	0.03214	1.561	0.9994	1.175	0.8716
707	0.01867	0.04695	0.499	1.353	0.4614	1.28
708	0.03024	0.02654	0.8808	0.8128	0.8362	0.66
709	0.02875	0.03621	0.7762	1.031	0.757	1.097
710	0.02139	0.03343	0.6425	1.049	0.5493	1.009
711	0.03194	0.03479	0.957	0.9002	0.8153	0.9463
712	0.03808	0.04066	1.296	1.191	1.002	1.163
713	0.0432	0.04832	1.283	1.447	1.211	1.451
714	0.03777	0.04261	1.086	1.182	0.9847	1.308
715	0.03446	0.0371	0.9361	1.087	0.8989	0.9803
716	0.03726	0.02738	1.059	0.708	1.039	0.7902
717	0.03227	0.03138	1.068	0.9311	0.8052	0.966
718	0.03207	0.03193	0.8546	0.9626	0.8388	0.8656
719	0.02172	0.03558	0.64	1.067	0.52	0.9647
720	0.036	0.03823	1.037	1.085	0.9251	0.9933
721	0.02779	0.02741	0.6862	0.8238	0.8238	0.7235
722	0.0229	0.01121	0.6434	0.3157	0.5755	0.3077
723	0.04621	0.0447	1.391	1.298	1.265	1.197
724	0.03706	0.03241	1.042	0.9116	0.9717	0.8694
725	0.03214	0.03358	0.8563	0.945	0.8507	1.036
726	0.01395	0.02442	0.3992	0.6917	0.3907	0.6475
727	0.03746	0.0546	1.026	1.526	0.9978	1.755
728	0.04757	0.04879	1.425	1.262	1.402	1.535
729	0.02759	0.02018	0.8525	0.6351	0.6943	0.4965
730	0.03341	0.03568	0.9068	0.9942	0.8717	0.9288
731	0.03913	0.02977	1.144	0.7981	1.19	0.7783
732	0.02919	0.03042	0.823	0.9569	0.7249	0.789
733	0.02207	0.02672	0.9787	1.147	0.5644	0.6436
734	0.01912	0.02778	0.5537	0.704	0.4693	0.7248
735	0.02573	0.03676	0.7203	0.947	0.7094	1.03
736	0.03667	0.03261	1.061	0.9224	0.94	0.8082
737	0.0359	0.02193	1.028	0.6865	0.9431	0.515
738	0.03223	0.05576	0.9047	1.571	0.8188	1.529
739	0.0433	0.03065	1.245	0.7547	1.218	0.8433
740	0.02133	0.02805	0.5461	0.732	0.5251	0.7584
741	0.02584	0.03935	0.6784	1.246	0.6466	1.177
742	0.05141	0.03653	1.748	0.9217	1.425	1.059
743	0.03022	0.04294	0.9117	1.286	0.8051	1.231
744	0.02603	0.03782	0.8706	1.088	0.6611	1.004
745	0.0334	0.03503	0.9691	0.9838	0.8696	0.9259
746	0.04145	0.04795	1.159	1.536	1.102	1.297
747	0.03258	0.04293	0.9669	1.263	0.8372	1.213
748	0.03077	0.03397	1.262	1.305	0.8047	0.8666
749	0.03271	0.04158	0.8923	1.11	0.8745	1.171
750	0.02985	0.03578	0.8333	0.9145	0.7575	0.9691
751	0.03706	0.03093	1.094	0.766	0.9717	0.8892
752	0.04575	0.04191	1.248	1.192	1.207	1.15
753	0.03203	0.03641	0.9115	1.021	0.8382	1.02
754	0.03439	0.03179	0.9499	0.8947	0.9141	0.8327
755	0.02425	0.03017	0.6849	0.8674	0.6004	0.7756
756	0.0303	0.01922	0.9604	0.5386	0.7627	0.4604
757	0.04391	0.05088	1.35	1.483	1.304	1.37
758	0.03946	0.0454	1.038	1.371	1.087	1.239
759	0.0324	0.02752	0.9014	0.7513	0.8526	0.729
760	0.02747	0.0421	0.754	1.197	0.6893	1.156
761	0.0313	0.04088	0.934	1.197	0.7847	1.129
762	0.02494	0.03795	0.663	1.057	0.6518	1.043
763	0.0324	0.03373	1.014	0.9742	0.9446	0.9399
764	0.03335	0.03308	0.9428	0.9871	0.8419	0.8603
765	0.03689	0.03973	1.063	1.126	0.9671	1.092
766	0.03258	0.03982	0.901	1.011	0.8406	1.156
767	0.04569	0.04723	2.648	2.098	1.164	1.31
768	0.03237	0.03555	0.9404	0.9425	0.8348	0.9627
769	0.02592	0.03785	0.6682	1.036	0.6536	1.047
770	0.03749	0.03137	1.076	0.9737	1.011	0.7689
771	0.03861	0.05011	1.044	1.517	1.028	1.483
772	0.02841	0.02855	1.076	0.8973	0.7304	0.7009
773	0.04039	0.0324	1.16	1.067	1.073	0.901
774	0.03548	0.02927	1.021	0.8023	0.8815	0.7336
775	0.02667	0.0326	0.7091	0.9146	0.6778	0.8797
776	0.03845	0.03667	1.213	1.061	1.058	1.083
777	0.04138	0.03452	1.194	0.8968	1.094	0.8948
778	0.0345	0.03174	0.9337	0.8494	0.9344	0.7916
779	0.03454	0.02147	0.9985	0.5668	0.9041	0.5779
780	0.02568	0.02959	0.7698	0.9259	0.7413	0.8234
781	0.03184	0.023	0.919	0.623	0.8536	0.5622
782	0.02984	0.02542	0.8388	0.677	0.8061	0.6543
783	0.03972	0.03934	1.058	1.214	1.134	1.081
784	0.03211	0.03286	0.8645	0.898	0.8463	0.8422
785	0.03266	0.02846	1.46	1.048	0.8708	0.7212
786	0.04003	0.03802	1.222	1.121	1.118	1.045
787	0.02964	0.03343	0.8454	0.9646	0.8136	0.9639
788	0.031	0.0278	0.8734	0.7912	0.848	0.6905
789	0.04114	0.04722	1.253	1.473	1.178	1.371
790	0.02566	0.03086	0.6871	0.8267	0.6503	0.7804
791	0.03207	0.03325	0.8503	0.9188	0.8636	0.8409
792	0.04069	0.02624	1.175	0.6874	1.045	0.7085
793	0.03379	0.04282	1.045	1.24	0.9611	1.126
794	0.0331	0.0367	0.8646	0.9689	0.9245	1.011
795	0.03639	0.0234	0.9872	0.6134	0.9527	0.5926
796	0.04046	0.04026	1.104	1.133	1.13	1.126
797	0.02363	0.03342	0.7771	1.12	0.5537	0.8219
798	0.04158	0.03664	1.262	0.9243	1.122	0.9892
799	0.04477	0.04238	1.381	1.252	1.288	1.103
800	0.03375	0.02482	1.25	0.8342	0.8341	0.5899
801	0.02499	0.01813	0.923	0.7118	0.6119	0.4219
802	0.0375	0.03526	1.06	1.056	1.122	1.092
803	0.04171	0.03381	1.427	1.542	1.125	0.9243
804	0.02803	0.0394	0.7705	1.052	0.9015	1.084
805	0.03216	0.0377	0.9897	1.07	0.8353	0.9974
806	0.03196	0.03892	0.8752	1.092	0.9255	1.034
807	0.0383	0.03976	1.105	1.212	1.038	1.08
808	0.03106	0.02781	0.8737	0.7339	0.8215	0.7455
809	0.03529	0.0469	1.046	1.357	1.033	1.332
810	0.03922	0.04006	1.404	1.772	0.9809	1.003
811	0.04529	0.03883	1.268	1.402	1.313	1.035
812	0.02715	0.0283	0.7025	0.7997	0.735	0.7265
813	0.03417	0.0379	0.9436	1.045	0.9117	1.02
814	0.02265	0.04212	0.6342	1.331	0.5561	1.163
815	0.02945	0.02251	0.806	0.5384	0.7648	0.5918
816	0.01012	0.03358	0.3031	0.9921	0.2789	0.9199
817	0.02946	0.02456	0.8509	0.7167	0.7369	0.6634
818	0.03399	0.03483	0.8991	1.091	1.0	0.9473
819	0.03595	0.03251	0.9952	0.8782	0.9572	0.8769
820	0.04041	0.03446	1.121	0.8593	1.091	0.9436
821	0.01444	0.02954	0.4416	1.025	0.3328	0.7988
822	0.02671	0.02894	0.7401	0.8118	0.6664	0.7363
823	0.02671	0.02651	1.084	0.7141	0.6732	0.6663
824	0.04385	0.03262	1.319	0.9677	1.184	0.85
825	0.04102	0.04316	1.182	1.361	1.158	1.202
826	0.026	0.02267	0.8076	0.6814	0.6279	0.5839
827	0.04346	0.04256	1.237	1.384	1.2	1.156
828	0.03383	0.03835	0.8916	1.222	0.9262	1.089
829	0.03515	0.02143	0.9539	0.5661	0.9343	0.5259
830	0.02848	0.03243	0.8217	0.9736	0.7566	0.8865
831	0.03011	0.03299	0.9144	1.095	0.7765	0.8243
832	0.0255	0.0351	0.8185	1.068	0.6136	0.9143
833	0.02502	0.04268	0.7334	1.209	0.6434	1.196
834	0.0293	0.02967	0.7907	0.8048	0.7422	0.7463
835	0.02953	0.03241	0.9432	0.8588	0.7552	0.8411
836	0.03335	0.04277	0.9663	1.246	0.8392	1.157
837	0.02103	0.02609	0.7566	0.9961	0.5077	0.6508
838	0.02941	0.02801	0.8469	0.7326	0.7582	0.7083
839	0.03722	0.03972	1.05	1.098	1.101	1.126
840	0.045	0.04361	1.343	1.169	1.335	1.264
841	0.0156	0.01817	0.4351	0.6361	0.4369	0.6051
842	0.0247	0.03832	0.6286	1.172	0.6096	1.052
843	0.03103	0.03667	0.816	0.967	0.818	1.146
844	0.03137	0.03441	0.8311	0.928	0.8397	0.9866
845	0.03197	0.04921	0.9162	1.42	0.8599	1.81
846	0.05235	0.03059	1.82	0.8462	1.868	0.821
847	0.0317	0.02859	0.8885	0.7633	0.7863	0.785
848	0.02547	0.03941	0.69	1.038	0.6433	1.123
849	0.02404	0.02175	0.6651	0.5854	0.5896	0.5249
850	0.0347	0.03566	0.9531	1.016	0.8869	1.007
851	0.03809	0.04131	0.9815	1.18	1.043	1.078
852	0.04004	0.03764	1.502	1.67	1.1	0.9591
853	0.02704	0.02525	0.7358	0.7612	0.6945	0.6369
854	0.03656	0.03409	1.01	1.001	0.9249	0.8964
855	0.03226	0.03255	0.9124	0.8827	0.8459	0.8819
856	0.04181	0.03969	1.217	1.079	1.123	1.042
857	0.02782	0.02697	0.7612	0.7505	0.7164	0.6823
858	0.02669	0.02924	0.7149	0.8028	0.6823	0.7546
859	0.03514	0.02736	0.9612	0.7456	0.9098	0.7202
860	0.02203	0.02181	0.7349	0.8177	0.5412	0.529
861	0.04052	0.02368	1.23	0.7403	1.067	0.5734
862	0.04631	0.03986	1.39	1.128	1.277	1.103
863	0.03487	0.03953	0.9318	1.049	0.9499	1.058
864	0.02488	0.02722	0.6831	0.7232	0.6273	0.6641
865	0.03749	0.04807	1.082	1.44	0.9833	1.33
866	0.02723	0.04343	0.7326	1.253	0.6743	1.25
867	0.02173	0.02333	0.6168	0.7322	0.5165	0.5994
868	0.03671	0.02947	1.076	0.7819	0.9596	0.7665
869	0.03047	0.03087	0.8358	0.8464	0.7836	0.8233
870	0.02359	0.037	0.6225	0.8545	0.6133	1.07
871	0.03762	0.02406	1.747	0.6151	0.9557	0.5877
872	0.02429	0.0395	0.6736	1.185	0.6171	1.069
873	0.03068	0.03687	0.8271	0.9887	0.8211	1.016
874	0.02883	0.0254	0.8862	0.8564	0.8012	0.6275
875	0.0294	0.02691	0.8128	0.7351	0.7619	0.6834
876	0.03377	0.03622	1.234	1.355	0.8949	0.9664
877	0.03847	0.03274	1.13	1.112	1.005	0.9107
878	0.02771	0.03431	0.7975	0.9562	0.6838	0.9353
879	0.03072	0.02735	0.833	0.7313	0.7857	0.7183
880	0.03926	0.02424	1.262	0.6859	1.096	0.6366
881	0.04059	0.03945	1.139	1.153	1.078	1.073
882	0.02504	0.02618	0.6764	0.7144	0.6192	0.6662
883	0.04004	0.0447	1.134	1.415	1.08	1.262
884	0.03544	0.03575	0.9802	1.052	0.99	0.9547
885	0.03429	0.02907	0.9198	0.7849	1.063	0.8495
886	0.02917	0.02653	0.8103	0.7444	0.7284	0.6565
887	0.02697	0.03213	0.847	0.8851	0.6853	0.9289
888	0.0279	0.02031	0.7692	0.5287	0.7396	0.5069
889	0.02361	0.02457	0.6884	0.8012	0.5672	0.59
890	0.03879	0.03299	1.27	1.049	1.01	0.8798
891	0.02879	0.03383	0.8243	1.007	0.773	0.94
892	0.02779	0.02597	0.7927	0.7605	0.7649	0.636
893	0.02219	0.03281	0.6942	0.8	0.5474	1.027
894	0.03304	0.02891	0.9119	0.7542	0.8742	0.7538
895	0.03128	0.03326	0.803	0.8862	0.8704	0.9283
896	0.04479	0.03012	1.186	0.8627	1.366	0.7666
897	0.02529	0.03623	0.7335	1.504	0.6357	1.007
898	0.02544	0.02627	0.7554	0.7497	0.6788	0.679
899	0.02799	0.03089	0.7659	0.8866	0.7107	0.8077
900	0.03753	0.04011	1.04	1.107	0.9698	1.109
901	0.02026	0.02609	0.568	0.9446	0.4767	0.666
902	0.02828	0.03736	0.8094	1.027	0.7085	0.9967
903	0.02864	0.03607	0.788	1.001	0.7463	0.9983
904	0.02717	0.03607	0.8612	1.498	0.6728	0.8967
905	0.02493	0.03733	0.8078	1.06	0.5972	1.013
906	0.04626	0.03452	1.515	1.174	1.356	1.048
907	0.03349	0.03246	1.382	1.379	0.8808	0.9195
908	0.03719	0.03063	1.164	0.8632	1.017	0.803
909	0.03338	0.03767	0.989	1.149	0.8576	1.046
910	0.03056	0.04723	0.7821	1.673	0.8308	1.374
911	0.03422	0.04149	0.9693	1.173	0.8905	1.124
912	0.02563	0.02395	0.772	0.6545	0.6356	0.61
913	0.04497	0.03202	1.311	0.921	1.255	0.8091
914	0.02377	0.0335	0.6765	1.149	0.5727	0.8275
915	0.03371	0.02942	0.9216	0.7926	0.896	0.7641
916	0.03389	0.03837	0.9128	1.238	0.917	1.062
917	0.02955	0.04202	0.8515	1.281	0.762	1.247
918	0.02367	0.03642	0.6803	0.9807	0.6768	0.9758
919	0.04072	0.03532	1.168	0.9926	1.078	0.9261
920	0.03286	0.0278	0.9634	0.8042	0.8522	0.7023
921	0.03296	0.04298	0.938	1.325	0.869	1.218
922	0.02957	0.02863	0.8027	0.7763	0.7325	0.7413
923	0.03363	0.03371	0.9237	0.9346	0.9013	0.874
924	0.02243	0.03392	0.6526	0.9718	0.5443	0.8949
925	0.01939	0.02877	0.5599	1.123	0.4505	0.7649
926	0.02696	0.03001	0.7175	0.8083	0.6797	0.814
927	0.02467	0.02838	0.7389	0.7892	0.602	0.6909
928	0.03029	0.03445	0.9356	0.933	0.7498	0.8912
929	0.04034	0.02727	1.161	0.816	1.138	0.7381
930	0.02405	0.03293	0.6182	0.9078	0.6527	0.898
931	0.0475	0.04306	1.304	1.521	1.314	1.221
932	0.03079	0.02711	0.8723	0.7073	0.7875	0.724
933	0.0265	0.01836	0.726	0.463	0.7232	0.4464
934	0.03121	0.02771	0.8685	0.7708	0.8614	0.7066
935	0.02716	0.03107	0.7815	0.8584	0.6563	0.8538
936	0.01847	0.03941	0.5101	1.163	0.5059	1.033
937	0.0272	0.02543	0.729	0.742	0.708	0.6481
938	0.02299	0.03038	0.7166	0.8874	0.5721	0.7841
939	0.03926	0.04011	1.184	1.188	1.079	1.092
940	0.01998	0.03099	0.6383	0.9417	0.486	0.7793
941	0.02259	0.02504	0.6728	1.215	0.5391	0.6588
942	0.03222	0.02892	0.8552	0.7641	0.8756	0.801
943	0.0349	0.04323	0.689	1.312	1.359	1.278
944	0.02754	0.03529	0.715	1.028	0.7186	0.9219
945	0.02037	0.02233	0.6338	0.6131	0.4965	0.5697
946	0.0314	0.04967	0.8774	1.571	0.8321	1.327
947	0.0311	0.03377	0.8546	0.9598	0.7952	0.9142
948	0.03062	0.02866	0.7918	0.7722	0.8213	0.7253
949	0.03023	0.02876	0.9148	0.8754	0.7984	0.771
950	0.02373	0.04226	0.7384	1.394	0.5886	1.167
951	0.02915	0.02798	0.8868	0.7639	0.7421	0.7176
952	0.03561	0.03379	0.9196	1.062	0.9809	0.8678
953	0.02502	0.03611	0.7328	1.098	0.6259	1.045
954	0.03763	0.03923	1.143	1.037	0.9708	1.038
955	0.03567	0.03641	0.9953	1.007	0.9749	0.9664
956	0.02395	0.03603	0.7145	1.323	0.5801	0.9868
957	0.02863	0.03919	0.8462	1.082	0.7424	1.136
958	0.03805	0.02986	1.028	0.815	1.005	0.7599
959	0.03245	0.04193	0.9413	1.201	0.8589	1.203
960	0.02318	0.0382	0.601	1.119	0.5802	0.9796
961	0.03484	0.02529	0.9521	0.6611	1.013	0.6547
962	0.02958	0.03262	0.8233	0.9187	0.7557	0.8766
963	0.02949	0.03426	0.8578	0.895	0.7529	0.9379
964	0.0256	0.03167	0.7627	1.231	0.6384	0.7674
965	0.04077	0.02541	1.207	0.7466	1.166	0.6714
966	0.04217	0.04372	1.28	1.294	1.129	1.196
967	0.03437	0.02742	0.969	0.7884	0.985	0.7606
968	0.0278	0.03237	0.8551	0.9225	0.7021	0.8607
969	0.04221	0.03196	1.171	0.8902	1.132	0.9225
970	0.0352	0.02312	0.9712	0.5839	0.9464	0.5875
971	0.02703	0.01931	0.7974	0.5427	0.6924	0.4963
972	0.03019	0.03345	0.9465	0.9849	0.7792	0.8542
973	0.02708	0.03441	0.7386	0.9628	0.6958	0.955
974	0.02881	0.03473	0.8198	1.089	0.779	0.9319
975	0.03283	0.03439	1.392	1.681	0.803	0.8243
976	0.02245	0.02485	0.6705	0.6793	0.536	0.6497
977	0.02814	0.02755	0.7637	0.7097	0.6971	0.7086
978	0.02685	0.02089	0.8367	0.6509	0.6989	0.509
979	0.03042	0.03601	0.8588	1.046	0.7711	1.046
980	0.01823	0.02832	0.5428	1.098	0.423	0.7915
981	0.03962	0.03086	1.259	0.9557	1.09	0.7736
982	0.02872	0.03768	0.7589	1.029	0.7209	1.011
983	0.02621	0.041	0.6977	1.187	0.6787	1.154
984	0.02897	0.03859	0.8681	1.084	0.7839	1.078
985	0.04254	0.03643	1.206	0.9579	1.171	1.027
986	0.03723	0.02091	1.012	0.5547	0.9541	0.507
987	0.02292	0.03259	0.6674	0.8966	0.5552	0.8529
988	0.01835	0.03872	0.5324	0.9606	0.6222	1.123
989	0.02725	0.02679	0.7442	0.7659	0.7495	0.7071
990	0.02926	0.03846	0.7799	1.121	0.7643	1.045
991	0.03066	0.03541	0.8654	1.094	0.786	0.9791
992	0.02721	0.029	0.7539	0.8595	0.6789	0.7836
993	0.02464	0.03666	0.8511	1.409	0.6184	0.9744
994	0.01846	0.03874	0.4934	1.148	0.4496	1.029
995	0.02826	0.03254	0.9046	0.8942	0.8038	0.8456
996	0.03673	0.04944	1.02	1.532	1.001	1.402
997	0.03516	0.02763	1.164	0.7505	1.068	0.7091
998	0.02967	0.02326	0.8673	0.5877	0.7552	0.5883
999	0.04033	0.0311	1.111	0.874	1.126	0.8063
1000	0.02549	0.02482	0.6684	0.632	0.679	0.6602
1001	0.02697	0.03193	0.7078	0.8973	0.7033	0.8187
1002	0.0282	0.02851	0.7969	0.8133	0.733	0.7488
1003	0.03001	0.03303	0.7685	0.9405	0.7672	0.8411
1004	0.03333	0.03671	0.9062	1.013	0.8527	0.9578
1005	0.02094	0.0386	0.6713	1.921	0.4826	1.297
1006	0.01814	0.03318	0.5154	0.9142	0.4692	0.8694
1007	0.02892	0.02721	0.804	0.7946	0.6895	0.7022
1008	0.0321	0.02237	1.31	0.624	0.9231	0.6447
1009	0.02282	0.02703	0.676	0.8316	0.5585	0.6528
1010	0.04361	0.04252	1.214	1.34	1.35	1.239
1011	0.0258	0.03529	0.8041	1.545	0.6473	0.9774
1012	0.03225	0.03892	0.8737	1.111	0.8837	1.065
1013	0.0315	0.04316	0.8858	1.166	0.7965	1.162
1014	0.02407	0.0225	0.6791	0.5865	0.6189	0.5486
1015	0.03662	0.03276	1.174	1.045	1.009	0.8531
1016	0.03594	0.03071	0.9722	0.9152	1.005	0.8154
1017	0.03876	0.03447	1.13	1.096	1.087	0.9502
1018	0.03522	0.03889	1.386	1.586	0.9164	1.058
1019	0.03902	0.04188	1.094	1.171	1.05	1.164
1020	0.0289	0.03073	0.8915	0.8414	0.7069	0.7767
1021	0.0347	0.02322	0.9535	0.6234	0.924	0.5633
1022	0.04231	0.03376	1.251	0.8557	1.169	0.9185
1023	0.03359	0.03732	0.8678	1.132	0.8883	1.03
1024	0.01354	0.04687	0.5218	1.397	0.357	1.384
1025	0.02591	0.02666	0.8331	0.768	0.6276	0.6837
1026	0.02767	0.03409	0.7571	0.9212	0.7053	0.9643
1027	0.02889	0.02599	0.7755	0.7578	0.7602	0.6882
1028	0.0295	0.0308	0.753	0.7675	0.7748	0.8492
1029	0.02437	0.01836	0.7821	0.5967	0.5834	0.4297
1030	0.02867	0.0309	0.7599	0.8495	0.7187	0.8092
1031	0.02281	0.02066	0.7225	0.6807	0.5707	0.4936
1032	0.02835	0.02627	0.7579	0.8049	0.6915	0.6561
1033	0.0239	0.03215	0.7224	0.9077	0.6969	0.8835
1034	0.02298	0.03496	0.6629	0.9595	0.6265	0.8978
1035	0.04113	0.03939	1.259	1.301	1.095	1.003
1036	0.02666	0.02557	0.8406	0.6829	0.7077	0.6343
1037	0.03993	0.02778	1.159	0.7322	1.209	0.7304
1038	0.02746	0.02079	0.7501	0.6891	0.7202	0.559
1039	0.03249	0.0373	1.061	1.053	0.8526	0.9774
1040	0.03714	0.03992	1.132	1.164	1.255	1.068
