Step	Loss(S)	Loss(T)	fwd_S	fwd_T	rev_S	rev_T
1	0.07365	0.1008	2.923	4.955	3.248	4.471
2	0.06677	0.07911	2.138	3.228	2.449	3.093
3	0.1194	0.1074	4.93	5.282	4.945	5.409
4	0.1273	0.05379	6.366	2.267	6.13	2.253
5	0.1207	0.1152	7.02	6.215	5.797	5.046
6	0.07036	0.0593	2.255	1.995	2.771	1.982
7	0.05756	0.07317	1.82	2.329	1.841	3.383
8	0.0716	0.07187	2.506	2.677	2.411	2.525
9	0.06922	0.04412	2.54	1.618	2.595	1.676
10	0.05811	0.05874	1.808	1.95	1.988	2.122
11	0.06352	0.06294	1.927	2.03	2.207	2.156
12	0.06368	0.07088	1.821	2.093	2.093	2.706
13	0.06592	0.0629	2.288	2.203	2.56	2.798
14	0.08346	0.05723	2.723	1.969	3.551	2.085
15	0.04887	0.06653	1.607	1.889	1.502	2.412
16	0.07782	0.1025	2.882	3.217	2.963	4.213
17	0.04415	0.03619	1.371	0.958	1.307	1.036
18	0.03879	0.09758	1.123	3.396	1.17	3.876
19	0.0652	0.06267	2.138	1.86	1.947	1.936
20	0.09647	0.09962	3.821	3.8	3.75	3.697
21	0.05199	0.04173	1.528	1.285	1.601	1.281
22	0.07563	0.0759	2.257	2.079	2.812	2.611
23	0.06156	0.05433	1.882	1.533	1.951	1.765
24	0.07384	0.07212	2.139	2.147	2.609	2.187
25	0.05527	0.05471	1.638	1.888	1.784	1.592
26	0.06409	0.06736	1.847	2.297	2.037	2.326
27	0.05089	0.05538	1.541	1.67	1.491	1.691
28	0.06329	0.05413	1.649	1.466	1.937	1.686
29	0.06033	0.06854	1.487	1.592	1.915	2.27
30	0.03737	0.05534	1.025	1.311	1.002	1.842
31	0.05981	0.05351	1.86	1.567	1.978	1.804
32	0.0298	0.05667	0.7814	1.592	0.7804	1.977
33	0.03393	0.06688	0.8931	1.456	0.9027	2.519
34	0.03438	0.05039	0.9205	1.494	0.9574	1.557
35	0.05238	0.04695	1.578	1.622	1.664	1.648
36	0.04899	0.0552	1.328	1.473	1.433	1.711
37	0.05796	0.06329	1.956	1.602	1.836	2.382
38	0.05373	0.06331	1.657	2.016	1.818	2.295
39	0.04818	0.06166	1.254	1.58	1.282	1.885
40	0.03674	0.05546	1.1	1.765	1.073	1.637
41	0.04271	0.04761	1.265	1.36	1.235	1.523
42	0.03042	0.03915	0.8373	1.009	0.7919	1.137
43	0.04557	0.04677	1.292	1.541	1.302	1.356
44	0.05022	0.05729	1.258	1.425	1.523	1.902
45	0.03486	0.0314	0.8929	0.8785	0.9373	0.864
46	0.04452	0.0487	1.268	1.461	1.525	1.52
47	0.05568	0.03608	1.776	1.072	1.7	1.061
48	0.03182	0.02595	0.9003	0.6308	0.8736	0.6943
49	0.05029	0.03551	1.352	0.998	1.573	1.156
50	0.03878	0.05334	1.147	1.534	1.023	1.649
51	0.05178	0.05318	1.668	1.812	1.52	1.654
52	0.04684	0.05092	1.222	1.677	1.606	1.511
53	0.06096	0.05544	1.979	1.857	2.077	1.718
54	0.03025	0.04505	0.8897	1.331	0.7971	1.381
55	0.04946	0.03036	1.376	0.8279	1.47	0.7897
56	0.05645	0.05003	2.089	1.721	1.773	1.47
57	0.04485	0.03712	1.236	1.05	1.246	0.9663
58	0.03077	0.0439	0.9134	1.268	0.7881	1.253
59	0.04732	0.03685	1.617	1.078	1.393	1.043
60	0.03731	0.04041	1.106	1.163	1.095	1.15
61	0.06143	0.04106	2.139	1.332	2.101	1.181
62	0.04016	0.04213	1.127	1.27	1.163	1.244
63	0.0403	0.0559	1.103	1.856	1.14	1.67
64	0.04316	0.04533	1.408	1.419	1.306	1.443
65	0.04136	0.02862	1.33	0.754	1.155	0.79
66	0.05109	0.0447	1.689	1.162	1.6	1.605
67	0.05051	0.04208	1.574	1.165	1.493	1.172
68	0.06763	0.04913	1.759	1.378	2.245	1.535
69	0.03327	0.0331	0.9793	0.878	0.8338	0.9585
70	0.0235	0.04025	0.6442	1.085	0.8743	1.223
71	0.03543	0.05606	0.9889	1.392	0.9492	1.735
72	0.03842	0.03159	0.933	0.7943	1.054	0.8781
73	0.0295	0.03645	0.9976	1.074	0.7552	0.9694
74	0.04459	0.04028	1.267	1.703	1.359	1.7
75	0.03574	0.04398	1.075	1.287	0.9107	1.489
76	0.04472	0.04097	1.29	1.056	1.257	1.113
77	0.02572	0.02651	0.7974	0.6557	0.7291	0.7132
78	0.03471	0.04873	1.008	1.531	1.024	1.436
79	0.03611	0.0243	1.035	0.8002	1.03	0.7465
80	0.04074	0.03218	1.386	1.013	1.239	0.8166
81	0.04069	0.04498	1.033	1.392	1.161	1.248
82	0.02797	0.02569	0.7856	0.6641	0.7232	0.6948
83	0.04302	0.04072	1.235	1.27	1.152	1.169
84	0.04378	0.04505	1.306	1.387	1.17	1.203
85	0.05083	0.04756	1.789	1.454	1.521	1.675
86	0.03031	0.03116	0.9548	0.9045	0.8519	0.8768
87	0.05077	0.04191	1.679	1.44	1.384	1.121
88	0.04488	0.04329	1.352	1.389	1.32	1.439
89	0.03394	0.03159	1.019	0.9659	0.9533	0.9442
90	0.0545	0.0312	1.641	0.92	1.757	0.7996
91	0.04179	0.0547	1.381	1.808	1.289	1.697
92	0.03839	0.04493	1.158	1.211	1.103	1.538
93	0.02943	0.02334	0.7307	0.626	0.8154	0.6557
94	0.03777	0.03076	1.149	0.8761	1.013	0.7866
95	0.02533	0.0235	0.692	0.6601	0.6257	0.589
96	0.03425	0.03607	0.8206	1.141	0.9483	0.9603
97	0.05101	0.04975	1.648	1.746	1.616	1.45
98	0.01929	0.01189	0.5378	0.306	0.5098	0.2705
99	0.05191	0.02351	1.664	0.7302	1.524	0.7218
100	0.04719	0.04475	1.557	1.316	1.26	1.282
101	0.04049	0.0525	1.433	1.58	1.107	1.666
102	0.0306	0.03558	0.9233	1.251	0.7659	0.9659
103	0.03087	0.03423	1.01	0.9372	0.9717	0.9293
104	0.05407	0.04686	1.47	1.573	1.598	1.587
105	0.02355	0.02528	0.6793	0.705	0.6186	0.7178
106	0.03184	0.03687	0.867	1.128	0.8479	1.017
107	0.02679	0.03729	0.7529	0.971	0.671	1.095
108	0.02696	0.02647	0.7059	0.7197	0.7479	0.7156
109	0.02375	0.01975	0.6335	0.5352	0.6276	0.4856
110	0.03362	0.041	0.998	1.274	0.8737	1.129
111	0.04681	0.04716	1.359	1.791	1.732	1.536
112	0.04705	0.05187	1.583	1.653	1.312	1.682
113	0.03179	0.03447	1.055	1.033	0.8491	1.109
114	0.03716	0.05479	1.115	1.945	0.9832	1.726
115	0.03703	0.04419	1.222	1.364	1.16	1.395
116	0.03905	0.03178	1.07	0.8563	1.091	0.845
117	0.02894	0.04701	0.8944	1.369	0.7531	1.496
118	0.02087	0.01816	0.8225	0.6736	0.6065	0.622
119	0.04668	0.06634	1.643	2.553	1.476	2.337
120	0.02582	0.01702	0.8104	0.4991	0.6766	0.4509
121	0.02236	0.04011	0.6658	1.326	0.576	1.086
122	0.03427	0.03516	1.005	1.002	0.9336	0.9733
123	0.02888	0.04639	0.8788	1.596	0.7301	1.386
124	0.02298	0.0284	0.6699	0.7829	0.7033	0.874
125	0.03927	0.05603	1.241	1.757	1.067	2.539
126	0.03151	0.03149	1.07	1.052	0.827	0.8321
127	0.03843	0.04917	1.126	1.484	1.071	1.797
128	0.03859	0.0399	1.141	1.051	1.08	1.109
129	0.03345	0.04067	0.9897	1.23	0.8445	1.115
130	0.03318	0.04335	0.9632	1.338	0.8849	1.219
131	0.0363	0.02695	1.122	0.8203	0.9155	0.7498
132	0.03193	0.02777	0.9095	0.9831	0.8797	0.794
133	0.03183	0.01592	0.8724	0.3791	0.9213	0.3938
134	0.03954	0.03677	1.161	1.101	1.061	1.212
135	0.03507	0.04556	1.101	1.434	0.9193	1.447
136	0.01922	0.04233	0.5407	1.338	0.4752	1.175
137	0.02907	0.02815	0.7987	0.7043	0.7358	1.011
138	0.02909	0.04458	0.7814	1.566	0.7605	1.432
139	0.04346	0.04146	1.546	1.352	1.201	1.192
140	0.04678	0.03052	2.065	0.8527	1.519	0.9605
141	0.03569	0.03351	1.08	0.805	1.048	1.07
142	0.02474	0.03931	0.7768	1.247	0.7257	1.166
143	0.02725	0.02267	0.6989	0.5189	0.6995	0.6329
144	0.02202	0.0265	0.618	0.7655	0.5605	0.6451
145	0.03166	0.0502	0.9109	1.547	0.8192	1.446
146	0.01805	0.0286	0.4919	0.8446	0.4523	0.8146
147	0.03884	0.02898	1.276	0.9825	1.092	0.6943
148	0.02991	0.03306	0.8092	0.8939	0.8414	1.003
149	0.02788	0.01465	0.8718	0.4374	0.7448	0.3902
150	0.03829	0.04698	1.162	1.564	1.092	1.463
151	0.03252	0.04689	1.021	1.624	0.8726	1.389
152	0.02778	0.01973	0.8309	0.5443	0.7207	0.5229
153	0.02693	0.03723	0.7706	1.39	0.6938	1.255
154	0.04646	0.03533	1.514	1.028	1.325	0.9447
155	0.04205	0.05354	1.248	1.706	1.189	1.634
156	0.04227	0.03007	1.406	1.037	1.119	0.8422
157	0.03895	0.04441	1.208	1.486	1.116	1.271
158	0.03052	0.03316	0.8792	1.11	0.7966	0.8685
159	0.02114	0.03593	0.5683	1.167	0.5389	0.9277
160	0.03941	0.03705	1.267	1.169	1.074	1.09
161	0.0336	0.02911	0.905	0.7667	1.039	0.8336
162	0.01926	0.01579	0.6039	0.4762	0.5497	0.4663
163	0.02903	0.02654	0.834	0.7936	0.7601	0.7426
164	0.02169	0.05584	0.6091	2.153	0.5651	1.84
165	0.03945	0.04527	1.164	1.536	1.128	1.503
166	0.03021	0.04042	0.9281	1.197	0.725	1.093
167	0.02775	0.03775	0.8537	1.046	0.7332	1.042
168	0.03234	0.02586	1.022	0.8664	0.8246	0.6708
169	0.02163	0.02164	0.6489	0.861	0.6913	0.5853
170	0.04094	0.04281	1.266	1.404	1.176	1.331
171	0.02569	0.03107	0.8902	0.9894	0.6931	0.794
172	0.04087	0.02948	1.21	0.8841	1.327	0.8489
173	0.02957	0.02311	0.8192	0.574	0.8748	0.6499
174	0.0416	0.0563	1.366	1.725	1.253	1.756
175	0.02122	0.04241	0.5854	1.202	0.5236	1.267
176	0.02002	0.02432	0.5486	0.5974	0.5648	0.7735
177	0.02224	0.02507	0.7119	0.6465	0.5706	0.6637
178	0.05158	0.04762	1.808	1.48	1.662	1.442
179	0.02868	0.02829	0.8626	0.8054	0.7776	0.7322
180	0.0403	0.02918	1.352	0.7995	1.132	0.789
181	0.01753	0.01475	0.534	0.4631	0.4706	0.4573
182	0.02498	0.03893	0.6963	1.242	0.6197	1.056
183	0.03171	0.01559	0.8416	0.5605	0.8923	0.49
184	0.04015	0.0277	1.254	0.8801	1.113	0.7691
185	0.02016	0.05078	0.619	1.402	0.5243	1.585
186	0.0304	0.01813	0.8752	0.5607	0.8777	0.4642
187	0.03707	0.034	1.005	0.993	1.029	1.045
188	0.04359	0.03025	1.445	0.9052	1.198	0.7341
189	0.0249	0.0343	0.8669	0.9633	0.6363	0.9691
190	0.04214	0.02598	1.384	0.8704	1.141	0.7993
191	0.0353	0.02711	1.123	0.8288	0.9067	0.6782
192	0.02841	0.05562	1.288	2.106	0.9463	1.795
193	0.02354	0.01674	0.7663	0.4902	0.7365	0.5377
194	0.03722	0.05145	1.145	1.707	1.007	1.564
195	0.02293	0.03665	0.6367	1.063	0.5606	0.9437
196	0.04214	0.02778	2.107	0.8934	1.414	0.8716
197	0.01589	0.02705	0.4335	0.619	0.4035	0.847
198	0.03296	0.03458	1.057	1.066	0.8309	0.9365
199	0.02651	0.02328	0.745	0.6246	0.6999	0.6207
200	0.01738	0.03343	0.5015	1.085	0.4512	0.9073
201	0.02428	0.01858	0.7657	0.5196	0.7526	0.5412
202	0.01462	0.01956	0.4275	0.6075	0.3776	0.528
203	0.02335	0.02371	0.6886	0.7651	0.5868	0.6855
204	0.04626	0.0628	1.334	2.107	1.305	2.005
205	0.03359	0.02934	0.905	0.8462	0.8865	0.8019
206	0.02564	0.03649	0.8253	1.143	0.717	1.088
207	0.03225	0.04325	0.891	1.078	0.8733	1.3
208	0.01492	0.04829	0.4014	1.391	0.5167	1.438
209	0.01173	0.01724	0.2722	0.4684	0.3793	0.4918
210	0.03294	0.04007	1.014	1.224	0.8231	1.131
211	0.01623	0.02691	0.5189	0.7058	0.4634	0.7903
212	0.01771	0.02754	0.5326	0.8171	0.4726	0.8561
213	0.03008	0.02881	0.808	0.7449	0.7789	0.8264
214	0.02866	0.03398	0.8383	1.028	0.7329	0.8864
215	0.04115	0.04978	1.298	2.11	1.159	1.619
216	0.02705	0.03955	0.7747	1.28	0.6874	1.054
217	0.03061	0.03153	0.8359	0.8576	0.9281	0.858
218	0.04037	0.0451	1.266	1.397	1.067	1.241
219	0.04244	0.04315	1.417	1.402	1.174	1.236
220	0.03112	0.03811	0.8498	1.083	0.8517	1.03
221	0.03918	0.05028	1.378	1.764	1.335	1.619
222	0.04256	0.02042	1.845	0.8351	1.369	0.6349
223	0.0269	0.03654	0.8341	1.276	0.7106	1.18
224	0.02814	0.01747	0.7144	0.509	0.7995	0.4656
225	0.03083	0.04015	0.938	1.378	0.784	1.114
226	0.04751	0.04588	1.235	1.387	1.442	1.381
227	0.03415	0.03983	1.122	1.271	0.8845	1.1
228	0.02204	0.0323	0.655	0.8693	0.7716	1.048
229	0.02367	0.05593	0.7559	1.837	0.6107	2.017
230	0.02855	0.0289	0.8085	0.8517	0.7403	0.7391
231	0.03388	0.02798	0.9747	0.8021	0.9624	0.7186
232	0.01916	0.03331	0.5828	1.003	0.5314	0.9297
233	0.03661	0.04293	1.144	1.317	0.9814	1.27
234	0.0269	0.03003	0.804	0.8445	0.7509	0.7953
235	0.03251	0.03602	0.8888	1.056	0.9114	1.002
236	0.023	0.0249	0.598	0.6482	0.628	0.6856
237	0.02624	0.01258	0.7375	0.3578	0.6769	0.358
238	0.03178	0.0373	0.8351	1.187	0.9106	1.029
239	0.02774	0.0457	0.825	1.57	0.7039	1.388
240	0.03608	0.03345	1.153	0.9415	0.9685	0.9045
241	0.02899	0.03125	0.8152	0.8305	0.7595	1.197
242	0.03898	0.04317	1.284	1.411	1.054	1.261
243	0.02269	0.04413	0.675	1.568	0.5953	1.248
244	0.02493	0.02663	0.8321	0.7961	0.6521	0.7348
245	0.0195	0.02029	0.5713	0.5751	0.493	0.6241
246	0.03879	0.04492	1.275	1.49	1.052	1.263
247	0.01829	0.02117	0.4442	0.5516	0.4372	0.5378
248	0.03982	0.03181	1.042	1.005	1.211	0.8193
249	0.04328	0.04984	1.262	1.522	1.233	1.453
250	0.02438	0.01946	0.6996	0.6066	0.6874	0.4695
251	0.0102	0.03094	0.3768	1.068	0.2644	0.7971
252	0.03654	0.0158	1.15	0.4311	1.123	0.4499
253	0.03447	0.02162	1.114	0.6339	0.9802	0.6686
254	0.03555	0.03829	1.105	1.126	0.9756	1.067
255	0.0296	0.03925	0.9103	1.23	0.8284	1.167
256	0.009464	0.01055	0.2698	0.2904	0.2218	0.2617
257	0.02427	0.02735	0.7053	0.8508	0.6658	0.8663
258	0.02034	0.03344	0.6012	1.047	0.4984	0.8615
259	0.032	0.05573	0.977	1.952	0.8167	1.799
260	0.006921	0.01308	0.181	0.4111	0.233	0.4042
261	0.02908	0.04138	0.8612	1.457	0.794	1.216
262	0.0231	0.03515	0.6727	1.065	0.6231	0.9342
263	0.02645	0.03997	0.7139	1.283	0.7123	1.068
264	0.05339	0.03904	1.723	1.264	1.559	1.033
265	0.02754	0.02464	0.7184	0.6595	0.7663	0.6731
266	0.01418	0.01534	0.4179	0.4397	0.458	0.4655
267	0.03352	0.02482	1.004	0.831	0.9167	0.6147
268	0.04285	0.03775	1.412	1.129	1.315	1.039
269	0.0394	0.04151	1.369	1.404	1.095	1.258
270	0.02948	0.03301	0.8206	0.8745	0.7765	0.9184
271	0.02289	0.02872	0.6774	0.8606	0.6041	0.7633
272	0.0346	0.04199	1.177	1.451	0.848	1.159
273	0.01372	0.01516	0.3822	0.4449	0.3426	0.357
274	0.03916	0.04303	1.071	1.301	1.299	1.365
275	0.03042	0.038	0.9922	1.343	0.7624	1.018
276	0.03749	0.02829	0.9857	0.8231	1.149	0.7661
277	0.02919	0.03608	0.7976	1.009	0.8496	1.296
278	0.02875	0.04548	0.8263	1.267	0.8375	1.304
279	0.03489	0.04479	1.034	1.109	0.9694	1.3
280	0.01933	0.01643	0.4439	0.429	0.6071	0.412
281	0.006671	0.02378	0.177	0.6463	0.1756	0.616
282	0.03958	0.05023	1.346	2.041	1.054	1.889
283	0.03013	0.02724	0.9271	0.7173	0.8586	0.7439
284	0.02666	0.03791	0.7961	1.183	0.6758	0.9897
285	0.01163	0.01038	0.2895	0.2651	0.3301	0.2696
286	0.03077	0.03362	0.9307	1.091	0.8359	0.8646
287	0.01198	0.02462	0.3534	0.6867	0.3015	0.6952
288	0.02639	0.0295	0.9532	1.116	0.7524	0.7287
289	0.02284	0.04284	0.6607	1.028	0.6365	1.26
290	0.01189	0.01825	0.307	0.5621	0.3062	0.4787
291	0.02767	0.04055	0.7799	1.141	0.778	1.11
292	0.007826	0.02841	0.2523	0.8019	0.2391	0.6851
293	0.02491	0.04199	0.7025	1.216	0.6514	1.333
294	0.0317	0.02291	0.8735	0.6296	0.8766	0.6271
295	0.03305	0.02987	0.9004	0.9532	0.9554	0.7296
296	0.01385	0.04095	0.3767	1.154	0.3957	1.45
297	0.0329	0.03287	1.013	0.974	0.849	0.9446
298	0.03945	0.05963	1.304	2.07	1.112	1.969
299	0.03174	0.03485	0.9056	0.9839	0.8391	0.9218
300	0.01462	0.03217	0.5084	1.013	0.4111	1.1
301	0.01846	0.0247	0.674	0.5477	0.5241	0.7151
302	0.02522	0.03417	0.7005	1.012	0.6118	0.9021
303	0.01411	0.02517	0.3554	0.6374	0.3471	0.6487
304	0.03838	0.01741	0.9542	0.4456	1.114	0.44
305	0.07523	0.02114	2.619	0.6362	2.536	0.6616
306	0.01428	0.01762	0.4109	0.5436	0.3828	0.4559
307	0.03963	0.02095	1.1	0.5609	1.096	0.6409
308	0.03693	0.05173	0.9742	1.514	1.055	1.485
309	0.03119	0.04173	0.9114	1.406	0.788	1.201
310	0.01755	0.02706	0.4863	0.8396	0.4217	0.7335
311	0.01697	0.04072	0.4955	1.088	0.4454	1.2
312	0.05796	0.04833	2.037	1.539	1.738	1.592
313	0.02065	0.02496	0.7323	0.7432	0.5529	0.6239
314	0.03105	0.02636	0.9054	0.7795	0.7994	0.7025
315	0.01302	0.01428	0.3323	0.4028	0.3493	0.398
316	0.01271	0.01766	0.401	0.4734	0.3168	0.4444
317	0.02299	0.02838	0.5483	0.634	0.6267	0.7732
318	0.0342	0.03948	1.082	1.407	0.881	1.119
319	0.03299	0.0532	1.172	1.635	0.9434	1.598
320	0.04497	0.04455	1.249	1.517	1.304	1.218
321	0.03512	0.028	1.037	0.6898	1.112	0.8445
322	0.03363	0.06462	1.005	2.271	0.8775	1.935
323	0.03324	0.044	1.011	1.423	0.9901	1.257
324	0.03391	0.03619	1.101	1.015	0.8967	1.019
325	0.0452	0.05472	1.571	1.68	1.496	1.999
326	0.04031	0.02924	1.381	0.9885	1.247	0.8268
327	0.03397	0.04903	1.024	1.703	0.9039	1.593
328	0.01923	0.01519	0.5472	0.4167	0.5066	0.3944
329	0.04165	0.03702	1.498	1.289	1.137	1.005
330	0.02824	0.04289	0.8179	1.15	0.7828	1.188
331	0.05013	0.04077	1.792	1.22	1.42	1.085
332	0.01977	0.02335	0.4962	0.6292	0.501	0.7399
333	0.04162	0.03756	1.356	1.156	1.201	1.657
334	0.02327	0.01964	0.6913	0.5099	0.5885	0.5671
335	0.03177	0.04104	0.9474	1.27	0.7855	1.238
336	0.03626	0.03929	0.9642	1.019	1.008	1.154
337	0.03451	0.04369	1.198	1.522	0.9244	1.197
338	0.03751	0.04344	1.047	1.438	1.049	1.218
339	0.02981	0.05418	0.9056	1.92	0.7332	1.609
340	0.01932	0.02585	0.5771	0.87	0.4885	0.7114
341	0.02468	0.01232	0.6402	0.3494	0.6997	0.3059
342	0.02924	0.03866	0.7624	0.9367	0.77	1.103
343	0.03173	0.04256	0.9447	1.439	0.8598	1.262
344	0.02456	0.0335	0.722	1.161	0.6478	0.8419
345	0.02761	0.02888	0.7059	0.7292	0.8114	1.129
346	0.03218	0.0454	0.974	1.357	0.8491	1.291
347	0.0242	0.02984	0.666	1.05	0.6505	0.7809
348	0.02338	0.01937	0.6246	0.5	0.6645	0.5224
349	0.03867	0.01926	1.014	0.4685	1.101	0.572
350	0.03583	0.04312	1.199	1.59	1.085	1.351
351	0.02152	0.02217	0.4843	0.5476	0.5375	0.8088
352	0.03353	0.02586	0.9929	0.7298	0.9023	0.6192
353	0.02307	0.04269	0.6295	1.46	0.5794	1.157
354	0.02213	0.01358	0.5857	0.3701	0.6411	0.3262
355	0.03088	0.05386	0.9106	2.008	0.8292	1.762
356	0.02382	0.02559	0.6996	0.7204	0.6591	0.7857
357	0.01298	0.01233	0.4051	0.3489	0.3519	0.3816
358	0.03761	0.04782	1.163	2.049	1.042	1.364
359	0.00907	0.03912	0.4841	1.291	0.2411	1.057
360	0.0102	0.03371	0.2385	0.9382	0.2697	0.9954
361	0.03369	0.03458	0.9966	0.992	1.069	0.9776
362	0.02448	0.05744	0.7037	1.911	0.63	1.788
363	0.03776	0.04916	1.222	1.649	0.9752	1.5
364	0.03477	0.0328	1.235	1.205	1.002	0.9775
365	0.03774	0.04508	1.265	1.414	1.018	1.347
366	0.02342	0.0336	0.6649	0.9666	0.5776	0.8788
367	0.02802	0.01667	0.868	0.5112	0.7337	0.393
368	0.01241	0.03678	0.3305	1.126	0.3168	0.9725
369	0.01625	0.02044	0.4081	0.4601	0.4732	0.5425
370	0.03286	0.01796	1.054	0.4095	1.133	0.5131
371	0.02857	0.03875	0.8443	1.298	0.8241	1.211
372	0.0248	0.02156	0.7202	0.5639	0.6313	0.5521
373	0.05509	0.04188	1.933	1.176	1.879	1.315
374	0.03144	0.02628	0.9967	0.7728	0.7945	0.8147
375	0.03363	0.02238	1.079	0.6148	0.8639	0.5556
376	0.02828	0.0357	0.8947	1.233	0.6807	0.89
377	0.01372	0.01411	0.4194	0.4535	0.3462	0.3604
378	0.04038	0.04157	1.302	1.133	1.093	1.632
379	0.0306	0.03014	0.9498	0.9558	0.8086	0.7683
380	0.05104	0.02597	1.392	0.685	1.496	0.7979
381	0.02419	0.02655	0.6838	0.6567	0.6653	0.8494
382	0.03665	0.02306	1.064	0.7312	0.9411	0.6709
383	0.03367	0.02623	1.015	0.7661	0.8725	0.7171
384	0.01798	0.0175	0.619	0.5048	0.4804	0.4615
385	0.02361	0.02159	0.5889	0.5705	0.6211	0.5801
386	0.04141	0.05433	1.424	2.621	1.172	2.146
387	0.02148	0.02889	0.5966	0.8737	0.544	0.7989
388	0.01766	0.03024	0.4405	0.8571	0.4054	0.801
389	0.02482	0.01205	0.6066	0.3316	0.7408	0.3379
390	0.03166	0.04076	0.9319	1.359	0.831	1.11
391	0.01514	0.01367	0.4657	0.4011	0.4289	0.369
392	0.02997	0.03377	0.9368	1.09	0.7929	0.8833
393	0.02292	0.02544	0.6207	0.7333	0.5851	0.7523
394	0.02636	0.01659	0.9307	0.4932	0.714	0.435
395	0.03312	0.02709	1.12	0.717	0.89	0.7294
396	0.02936	0.03039	0.8964	0.9031	0.6928	0.7639
397	0.0352	0.04496	1.191	1.488	1.088	1.469
398	0.03068	0.02605	0.898	0.7598	0.8615	0.7411
399	0.0319	0.04102	0.8673	1.18	0.9106	1.089
400	0.008905	0.04856	0.3649	1.439	0.2353	1.502
401	0.02971	0.01534	0.9352	0.4119	0.7542	0.4248
402	0.02433	0.04066	0.7381	1.339	0.6128	1.072
403	0.03544	0.04467	0.9368	1.538	1.005	1.267
404	0.02834	0.0225	0.7784	0.8012	0.7976	0.7031
405	0.02204	0.01337	0.4608	0.2833	0.5895	0.4349
406	0.03449	0.03812	1.005	1.183	0.92	1.01
407	0.02059	0.02516	0.5659	0.6853	0.5024	0.6775
408	0.01729	0.02377	0.5357	0.6406	0.4653	0.7061
409	0.03463	0.02049	0.9429	0.5859	0.8875	0.6625
410	0.02107	0.01069	0.5906	0.2914	0.5233	0.2476
411	0.01348	0.01414	0.3685	0.4075	0.3865	0.3953
412	0.03685	0.02642	1.19	0.7788	0.9287	0.6225
413	0.05001	0.03621	1.666	1.129	1.544	0.9455
414	0.02137	0.02051	0.5825	0.5364	0.5537	0.509
415	0.05458	0.03795	1.823	1.029	1.562	0.9873
416	0.02589	0.04187	0.8873	1.419	0.7607	1.5
417	0.01226	0.02454	0.3216	0.8437	0.326	0.7007
418	0.0218	0.03869	0.6146	1.28	0.5454	1.027
419	0.02734	0.01891	0.7932	0.528	0.7164	0.5019
420	0.01655	0.01398	0.4618	0.3896	0.4423	0.3989
421	0.02331	0.01797	0.5794	0.4698	0.613	0.4615
422	0.02886	0.0329	0.7979	0.9602	0.7508	0.882
423	0.03251	0.05187	1.033	1.74	0.8974	1.525
424	0.04014	0.0288	1.37	0.802	1.113	0.7941
425	0.02425	0.03807	0.6814	1.894	0.6496	1.29
426	0.04206	0.06766	1.362	2.028	1.132	2.571
427	0.02927	0.03638	0.8076	1.228	0.8083	1.098
428	0.034	0.03828	0.9463	1.126	0.903	1.039
429	0.04861	0.04625	1.885	1.693	1.703	1.43
430	0.03784	0.04638	1.668	2.383	1.223	1.758
431	0.04132	0.05545	1.271	1.748	1.189	2.453
432	0.01761	0.02009	0.5257	0.5729	0.4588	0.528
433	0.02512	0.02759	0.7465	0.7435	0.6507	0.7105
434	0.0317	0.04852	0.9113	1.373	0.8574	1.349
435	0.04193	0.03468	1.344	1.07	1.177	0.9389
436	0.01953	0.03065	0.5045	0.9708	0.5718	1.014
437	0.02993	0.03751	1.057	1.151	0.9431	1.131
438	0.02662	0.03052	0.721	0.7709	0.7222	0.8112
439	0.03427	0.0437	1.047	1.443	0.9057	1.712
440	0.03511	0.04207	1.076	1.075	0.9205	1.185
441	0.03819	0.02476	1.231	0.6897	1.103	0.612
442	0.0382	0.02659	1.365	0.7686	1.053	0.6853
443	0.03532	0.02556	1.08	0.7345	0.9399	0.6743
444	0.02132	0.02537	0.4907	0.6924	0.562	0.6937
445	0.0173	0.01444	0.4257	0.4411	0.471	0.3605
446	0.0307	0.01929	0.8914	0.487	0.7762	0.463
447	0.03564	0.03264	1.172	1.014	0.9963	0.8665
448	0.02326	0.02511	0.6406	0.811	0.6309	0.6297
449	0.01636	0.02253	0.4823	0.5992	0.4567	0.7999
450	0.03333	0.04707	0.9881	1.597	0.8582	1.384
451	0.03378	0.0324	1.029	1.034	0.9711	0.9279
452	0.02501	0.01942	0.6533	0.5121	0.6836	0.564
453	0.02091	0.02595	0.5672	0.579	0.6249	0.7784
454	0.0392	0.03792	1.295	1.241	1.062	1.189
455	0.01632	0.02353	0.3871	0.5903	0.4174	0.6478
456	0.03074	0.02836	0.8885	0.7529	0.826	0.7682
457	0.0409	0.04561	1.288	1.479	1.133	1.286
458	0.01617	0.01991	0.4702	0.6119	0.4096	0.5688
459	0.02297	0.04381	0.6761	1.641	0.5596	1.175
460	0.0314	0.02316	0.9196	0.6271	0.8477	0.6232
461	0.0127	0.01627	0.3383	0.4673	0.3228	0.5466
462	0.03948	0.04773	1.374	1.548	1.096	1.352
463	0.04264	0.03823	1.432	1.254	1.171	1.139
464	0.03035	0.02766	0.8221	0.8725	0.8961	0.8361
465	0.042	0.04144	1.415	1.165	1.215	1.319
466	0.02342	0.03959	0.6592	1.28	0.5671	1.065
467	0.04011	0.04592	1.282	1.536	1.099	1.466
468	0.02617	0.03349	0.7396	1.116	0.7029	0.8609
469	0.03186	0.04464	1.011	1.288	0.8872	1.414
470	0.02558	0.0441	0.7202	1.432	0.6348	1.332
471	0.03758	0.03823	1.318	1.362	0.9464	1.002
472	0.04048	0.03162	1.431	1.051	1.066	0.7984
473	0.02292	0.02989	0.5488	0.7545	0.601	0.9032
474	0.01696	0.01142	0.5525	0.3365	0.4632	0.2805
475	0.01764	0.02714	0.5759	0.7769	0.5121	0.6966
476	0.03381	0.03972	1.072	1.219	0.8888	1.106
477	0.02668	0.04473	0.913	1.475	0.6849	1.36
478	0.03081	0.02854	0.9798	0.8084	0.8002	0.7541
479	0.02362	0.0423	0.6385	1.328	0.6311	1.19
480	0.03235	0.03356	1.022	1.134	0.8606	0.8984
481	0.01587	0.02365	0.508	0.6716	0.4186	0.6369
482	0.02731	0.04391	0.8277	1.63	0.6656	1.599
483	0.02442	0.03755	0.7551	1.224	0.6117	1.035
484	0.0353	0.0329	0.977	1.148	1.054	1.114
485	0.01402	0.02382	0.3795	0.6213	0.5473	0.6563
486	0.0308	0.04083	0.891	1.44	0.8347	1.161
487	0.03765	0.04653	1.166	1.202	1.044	1.37
488	0.01839	0.01716	0.4669	0.4224	0.4696	0.4115
489	0.02439	0.0212	0.5457	0.5174	0.6472	0.5432
490	0.04834	0.04528	1.574	1.572	1.352	1.486
491	0.02929	0.02632	0.8583	0.6441	0.8313	0.7467
492	0.03221	0.02798	1.018	0.7927	0.8407	0.7577
493	0.0195	0.01153	0.5324	0.2972	0.5021	0.3547
494	0.03163	0.0502	0.9447	1.728	0.8463	1.46
495	0.02177	0.0207	0.6246	0.6413	0.5716	0.5819
496	0.02143	0.04059	0.8676	1.25	0.5202	1.286
497	0.03158	0.02948	0.8429	0.8655	0.9037	0.8465
498	0.0157	0.01772	0.4536	0.4726	0.4072	0.4705
499	0.02587	0.03333	0.7297	0.8809	0.6169	0.8891
500	0.03827	0.03636	1.342	1.173	1.006	0.9011
501	0.02708	0.03235	0.7722	1.137	0.7185	0.9843
502	0.02846	0.0209	0.7402	0.568	0.8288	0.5852
503	0.05291	0.02424	1.734	0.6592	1.476	0.6005
504	0.0233	0.05265	0.7284	1.727	0.6393	1.684
505	0.01191	0.02124	0.3243	0.6553	0.3	0.7593
506	0.04384	0.03821	1.395	1.137	1.246	1.016
507	0.03551	0.02974	1.065	0.7558	0.9232	0.7909
508	0.02381	0.02545	0.6782	0.7489	0.6985	0.7541
509	0.02108	0.01847	0.4677	0.4125	0.8617	0.5191
510	0.03134	0.03648	0.9104	1.169	0.8031	0.9687
511	0.02828	0.02292	0.7551	0.575	0.7562	0.6162
512	0.03083	0.02765	1.048	0.8521	0.782	0.7027
513	0.0241	0.03059	0.785	0.9671	0.711	0.9323
514	0.01808	0.01409	0.4519	0.4009	0.5543	0.3627
515	0.02009	0.03814	0.5005	1.094	0.5571	1.121
516	0.02568	0.04064	0.7358	1.124	0.6257	1.093
517	0.03391	0.02707	1.063	0.7544	0.8582	0.6781
518	0.02063	0.03668	0.6142	1.162	0.5186	1.104
519	0.04218	0.03826	1.238	0.9581	1.185	1.142
520	0.005605	0.04846	0.1325	1.837	0.1511	1.696
521	0.01734	0.02348	0.5653	0.7136	0.4395	0.6402
522	0.02204	0.02182	0.5567	0.5748	0.5755	0.5535
523	0.01721	0.02685	0.4797	0.6867	0.5086	0.7585
524	0.01133	0.01844	0.313	0.5277	0.3033	0.5344
525	0.02397	0.0192	0.5561	0.479	0.6221	0.4883
526	0.03	0.02987	0.9363	0.8733	0.7539	0.7653
527	0.03014	0.03791	0.9207	1.132	0.8252	1.091
528	0.03761	0.04271	1.335	1.285	1.065	1.25
529	0.03203	0.03035	0.9746	0.936	0.9196	0.9274
530	0.01819	0.05236	0.4978	1.71	0.4426	1.502
531	0.04273	0.04302	1.396	1.424	1.238	1.197
532	0.02846	0.03642	0.8202	1.105	0.8725	1.041
533	0.0076	0.05002	0.306	1.908	0.3353	1.784
534	0.02814	0.03709	0.9434	1.307	0.9165	1.09
535	0.02811	0.04005	0.8755	1.269	0.7237	1.181
536	0.01422	0.0268	0.4531	0.7952	0.3922	0.8008
537	0.02777	0.03318	0.8143	1.054	0.6768	0.8469
538	0.04042	0.03252	1.087	0.9935	1.091	0.8164
539	0.0525	0.03103	1.518	0.8237	1.61	0.785
540	0.02121	0.02258	0.5314	0.6101	0.5809	0.6878
541	0.02609	0.05232	0.7803	1.666	0.6286	1.786
542	0.02656	0.008344	0.7326	0.2317	0.7202	0.2536
543	0.02452	0.04271	0.6872	1.408	0.6099	1.447
544	0.02234	0.03537	0.628	1.262	0.554	0.9244
545	0.03147	0.0425	0.921	1.434	0.8285	1.192
546	0.03112	0.0456	0.9453	1.483	0.8127	1.363
547	0.03482	0.03661	1.028	1.176	0.8917	1.063
548	0.01677	0.02193	0.4251	0.6205	0.4521	0.5762
549	0.02081	0.01051	0.5716	0.4042	0.5871	0.2618
550	0.0324	0.02736	0.8979	0.7277	0.8943	0.8179
551	0.02742	0.03856	0.7553	1.217	0.7271	1.134
552	0.02186	0.02647	0.5926	0.7706	0.5582	0.7616
553	0.007713	0.02421	0.2184	0.6698	0.2473	0.8
554	0.03787	0.03952	1.231	1.278	0.9891	1.11
555	0.02983	0.02438	0.8744	0.9005	0.7569	0.6769
556	0.02001	0.02688	0.605	0.7572	0.492	0.7252
557	0.02289	0.02433	0.6406	0.5598	0.58	0.7279
558	0.02402	0.03981	0.9066	1.339	0.7394	1.108
559	0.02325	0.02206	0.5125	0.4825	0.6207	0.5815
560	0.02881	0.03021	0.8274	0.938	0.8167	0.7746
561	0.02649	0.0421	0.7687	1.463	0.6922	1.155
562	0.02192	0.0288	0.6089	0.7779	0.5623	0.7935
563	0.01941	0.04	0.5207	1.171	0.4911	1.117
564	0.02031	0.01629	0.6545	0.4133	0.6828	0.4315
565	0.02153	0.01663	0.5105	0.4342	0.5759	0.4441
566	0.02152	0.04241	0.583	1.465	0.6605	1.173
567	0.03296	0.03281	0.9842	0.891	1.036	0.9073
568	0.02393	0.0175	0.5624	0.4767	0.6761	0.5013
569	0.03496	0.03413	1.044	1.045	0.9514	1.02
570	0.02614	0.02955	0.7534	0.7702	0.6374	0.7756
571	0.03623	0.04169	1.191	1.198	0.9512	1.212
572	0.00922	0.03172	0.2348	0.9949	0.2755	0.8276
573	0.03829	0.04217	1.272	1.405	1.082	1.189
574	0.02799	0.03145	0.8482	0.87	0.7228	0.8318
575	0.03465	0.03343	1.162	1.12	0.988	0.848
576	0.04591	0.03833	1.54	1.258	1.343	0.9974
577	0.02203	0.01443	0.5316	0.3162	0.5693	0.3934
578	0.0153	0.009385	0.6772	0.2433	0.5971	0.252
579	0.04039	0.02313	1.441	0.7939	1.075	0.6953
580	0.03577	0.01909	1.103	0.5322	1.02	0.4859
581	0.01373	0.03725	0.3738	1.176	0.3528	0.9982
582	0.03709	0.03394	1.189	1.057	1.027	0.8812
583	0.02356	0.03839	0.7272	1.086	0.6062	1.087
584	0.03486	0.0394	1.123	1.299	0.9572	1.062
585	0.01937	0.01588	0.5676	0.5206	0.5514	0.3981
586	0.01336	0.03896	0.3979	1.426	0.4049	1.064
587	0.03344	0.02765	0.9255	0.807	0.9063	0.6855
588	0.04007	0.02514	1.141	0.6813	1.326	0.6736
589	0.02275	0.02346	0.5029	0.6089	0.6312	0.6679
590	0.01972	0.03438	0.5659	1.045	0.504	1.044
591	0.03075	0.04851	0.8883	1.553	0.8827	1.389
592	0.01177	0.01831	0.6574	0.4797	0.3422	0.45
593	0.0224	0.0253	0.5586	0.6416	0.6247	0.6897
594	0.03701	0.0567	1.272	2.364	1.094	1.856
595	0.01991	0.02087	0.5452	0.5987	0.4904	0.5382
596	0.01909	0.03569	0.5268	1.042	0.4768	0.9102
597	0.02684	0.01335	0.7246	0.3504	0.7229	0.4211
598	0.03657	0.0548	1.205	2.011	1.143	1.522
599	0.01718	0.01594	0.4387	0.4507	0.4469	0.4713
600	0.02103	0.02984	0.6085	0.8712	0.5352	0.8263
601	0.02351	0.02307	0.6665	0.6492	0.6276	0.575
602	0.02452	0.01278	0.5936	0.4709	0.6901	0.3734
603	0.03461	0.02598	0.8706	0.7362	0.992	0.6768
604	0.04289	0.02278	1.477	0.6498	1.164	0.5792
605	0.03952	0.05524	1.343	2.146	1.258	1.85
606	0.03522	0.01939	0.923	0.6296	0.9696	0.5478
607	0.03403	0.02904	1.027	0.8095	0.8763	0.8042
608	0.01724	0.04012	0.6557	1.677	0.5229	1.306
609	0.01128	0.02745	0.2774	0.7969	0.2692	0.7642
610	0.04646	0.04667	1.632	1.617	1.304	1.376
611	0.02776	0.03987	0.7591	1.233	0.7292	1.114
612	0.02516	0.03308	0.7421	0.9726	0.7549	1.094
613	0.01912	0.01718	0.452	0.3293	0.5018	0.4987
614	0.03512	0.02477	1.096	0.6894	0.905	0.6754
615	0.01794	0.0139	0.449	0.3977	0.4475	0.354
616	0.02549	0.01933	0.6762	0.5341	0.6623	0.5173
617	0.03545	0.01765	0.974	0.5091	1.041	0.511
618	0.02148	0.02702	0.5283	0.7343	0.5816	0.7937
619	0.01746	0.01381	0.5696	0.3613	0.4937	0.3576
620	0.02443	0.03298	0.699	0.9526	0.6062	0.8838
621	0.03546	0.03342	1.106	0.9622	1.023	0.8677
622	0.02502	0.03593	0.8377	1.305	0.6633	1.012
623	0.04224	0.05244	1.36	1.802	1.177	1.51
624	0.00758	0.0469	0.1896	1.296	0.221	1.454
625	0.01589	0.02255	0.4011	0.6468	0.4316	0.6374
626	0.02706	0.03502	0.7462	0.9888	0.6789	0.9524
627	0.02305	0.01216	0.6604	0.3029	0.6226	0.3511
628	0.0204	0.01959	0.5673	0.5161	0.6138	0.5181
629	0.01829	0.02002	0.4432	0.5455	0.4954	0.5257
630	0.03219	0.04111	0.9511	1.477	0.845	1.09
631	0.02782	0.03537	0.7772	1.014	0.8546	1.026
632	0.03057	0.04297	1.069	1.395	0.8147	1.213
633	0.007919	0.01665	0.1767	0.6488	0.2068	0.4348
634	0.04008	0.04083	1.35	1.435	1.167	1.064
635	0.03422	0.04256	1.065	1.374	0.8662	1.178
636	0.03788	0.03721	1.284	1.191	1.055	1.083
637	0.008421	0.05342	0.2934	1.485	0.2824	2.151
638	0.03529	0.04099	1.085	1.774	0.9833	1.51
639	0.03036	0.04118	0.9219	1.317	0.8238	1.244
640	0.02356	0.01744	0.6825	0.5154	0.5921	0.4657
641	0.02554	0.03766	0.7087	1.179	0.6531	1.054
642	0.02684	0.04874	0.7422	1.708	0.7279	1.393
643	0.02737	0.04024	0.7966	1.236	0.7529	1.186
644	0.02292	0.02047	0.5773	0.558	0.619	0.516
645	0.03246	0.03758	0.8849	1.333	0.8831	1.071
646	0.028	0.02348	0.9147	0.6723	0.7384	0.6425
647	0.02742	0.04377	0.8442	1.434	0.7103	1.39
648	0.0349	0.0291	0.854	0.8204	1.076	0.8375
649	0.02421	0.03254	0.6949	0.8841	0.6117	0.8702
650	0.0292	0.03201	0.9431	0.892	0.8066	0.8536
651	0.03503	0.03674	1.203	1.116	0.9471	1.04
652	0.01929	0.02118	0.5031	0.4968	0.5074	0.5452
653	0.007521	0.01108	0.1686	0.3085	0.168	0.295
654	0.03666	0.02512	1.149	0.7392	1.004	0.618
655	0.03182	0.03515	1.026	1.152	0.8613	0.9696
656	0.02528	0.02619	0.7751	0.6605	0.6761	0.9169
657	0.0247	0.03674	0.8236	0.986	0.7336	1.197
658	0.03398	0.03747	1.001	1.14	0.9059	1.062
659	0.02018	0.02261	0.5675	0.6096	0.4927	0.5666
660	0.02412	0.01844	0.7536	0.5193	0.6376	0.503
661	0.02484	0.01781	0.7442	0.3865	0.734	0.507
662	0.02735	0.04542	0.8129	1.402	0.7489	1.4
663	0.02263	0.01893	0.5116	0.4416	0.5844	0.5075
664	0.007953	0.03834	0.1974	1.328	0.2063	1.013
665	0.02815	0.03469	0.8061	0.9957	0.7201	0.9426
666	0.02538	0.02225	0.7159	0.6305	0.6389	0.6359
667	0.04132	0.04278	1.386	1.521	1.151	1.235
668	0.0321	0.0186	0.9879	0.5393	0.8747	0.5445
669	0.02178	0.00977	0.6041	0.2506	0.5632	0.2517
670	0.03424	0.03442	1.14	1.008	0.9069	0.9935
671	0.02645	0.0343	0.7713	0.9585	0.6473	1.037
672	0.009463	0.00995	0.295	0.3055	0.2396	0.2673
673	0.02529	0.03143	0.8563	1.181	0.7323	1.043
674	0.02744	0.03827	0.7942	1.145	0.6744	1.104
675	0.036	0.04233	1.145	1.49	0.9695	1.284
676	0.00545	0.03033	0.1528	0.8647	0.1662	0.856
677	0.02936	0.03863	0.9124	1.439	0.7623	1.088
678	0.02813	0.04632	0.7589	1.529	0.7286	1.321
679	0.02511	0.0348	0.7069	1.051	0.6608	0.9922
680	0.01047	0.0281	0.3082	0.9018	0.2926	0.7095
681	0.013	0.02852	0.5112	0.6983	0.4567	0.8076
682	0.01103	0.008412	0.2616	0.2202	0.2793	0.1882
683	0.0247	0.02861	0.7917	0.9506	0.6049	0.8248
684	0.03163	0.02985	0.9354	0.8448	0.7987	0.8914
685	0.007339	0.04126	0.2392	1.396	0.193	1.31
686	0.03491	0.03034	1.116	0.8018	0.9226	0.8633
687	0.01893	0.03241	0.5469	0.8932	0.5237	0.8311
688	0.03015	0.0266	0.9344	0.9137	0.799	0.7169
689	0.01177	0.01672	0.3574	0.5654	0.3226	0.4343
690	0.03515	0.03	1.186	0.9361	0.9505	1.009
691	0.02425	0.03624	0.7319	1.215	0.6065	0.9766
692	0.03314	0.03403	0.8627	1.019	0.8664	1.004
693	0.02478	0.0266	0.6699	0.658	0.7497	0.7382
694	0.02168	0.02586	0.6386	0.728	0.6484	0.6892
695	0.02208	0.0382	0.6281	1.188	0.5409	1.012
696	0.02065	0.01423	0.5424	0.3555	0.6504	0.3493
697	0.02668	0.02561	0.7659	0.6321	0.7199	0.8023
698	0.03104	0.05613	0.9719	2.435	0.8114	2.158
699	0.02342	0.02076	0.6294	0.5827	0.5768	0.5214
700	0.02077	0.02361	0.7425	0.6121	0.6647	0.5688
701	0.02393	0.01994	0.5947	0.557	0.6428	0.5941
702	0.02999	0.03676	1.167	1.118	0.7802	1.009
703	0.02128	0.01345	0.5781	0.3387	0.5678	0.3957
704	0.04622	0.03424	1.661	1.008	1.352	1.007
705	0.02409	0.03891	0.6787	0.9694	0.6116	1.06
706	0.02151	0.01858	0.6729	0.48	0.5566	0.4942
707	0.0259	0.02882	0.7542	0.815	0.7828	0.7542
708	0.05217	0.0264	1.871	0.6995	1.578	0.6852
709	0.04475	0.0453	1.628	1.889	1.302	1.313
710	0.008751	0.02549	0.2404	0.6981	0.2965	0.7695
711	0.03282	0.03644	1.007	1.042	0.8596	0.9809
712	0.007833	0.0463	0.2743	1.805	0.2754	1.515
713	0.01086	0.01422	0.2375	0.3717	0.286	0.3632
714	0.02193	0.03201	0.6141	0.9298	0.5528	0.9115
715	0.0372	0.02741	1.171	0.7446	1.027	0.7537
716	0.04187	0.03072	1.238	0.8001	1.198	0.8954
717	0.02077	0.02102	0.4232	0.4316	0.6089	0.6782
718	0.03033	0.0337	0.8886	0.9998	0.7656	0.9167
719	0.02568	0.0261	0.6706	0.7014	0.6793	0.6918
720	0.0223	0.01444	0.7647	0.4226	0.6006	0.4109
721	0.01203	0.02407	0.3731	0.7109	0.3384	0.7327
722	0.01502	0.01914	0.4073	0.5386	0.3801	0.4742
723	0.02733	0.01888	0.8315	0.5553	0.7306	0.4684
724	0.03258	0.04447	0.9892	1.299	0.8167	1.22
725	0.0257	0.02923	0.7777	0.8328	0.6803	0.7269
726	0.02738	0.0387	0.8886	1.283	0.8385	1.036
727	0.04178	0.03705	1.165	0.9954	1.309	1.143
728	0.04188	0.04183	1.604	1.341	1.234	1.271
729	0.01433	0.01543	0.3632	0.5142	0.3721	0.4541
730	0.03643	0.02644	1.133	0.7569	0.9612	0.6522
731	0.02181	0.02126	0.5505	0.5737	0.5966	0.5793
732	0.01855	0.01728	0.537	0.5427	0.5136	0.4799
733	0.01734	0.02241	0.4601	0.5577	0.4945	0.5971
734	0.03225	0.03563	0.9359	0.9984	0.8287	1.01
735	0.03961	0.05075	1.22	1.599	1.164	1.518
736	0.05223	0.03733	1.645	1.094	1.426	1.336
737	0.0337	0.03063	1.037	0.9593	1.039	0.8334
738	0.03168	0.0417	1.03	1.702	0.8344	1.097
739	0.03799	0.03031	1.277	0.8955	1.128	0.8905
740	0.0264	0.02979	0.766	0.7807	0.6401	0.773
741	0.04181	0.04909	1.298	1.45	1.154	1.399
742	0.03447	0.0423	1.427	1.627	1.017	1.457
743	0.04503	0.03902	1.92	1.1	1.437	1.336
744	0.01538	0.01507	0.4425	0.4738	0.3912	0.3882
745	0.02054	0.03498	0.5675	1.047	0.5103	0.9389
746	0.03062	0.03531	0.8331	0.9348	0.854	0.9832
747	0.03081	0.04143	0.8437	1.346	0.8261	1.102
748	0.02275	0.01722	1.043	0.3961	0.8284	0.4516
749	0.03458	0.04502	1.024	1.489	0.9059	1.802
750	0.02089	0.02018	0.5766	0.5906	0.514	0.6125
751	0.03495	0.03097	1.088	0.9125	0.9353	0.7618
752	0.03012	0.03311	0.7564	1.099	0.8168	0.9495
753	0.0347	0.03758	1.086	1.193	0.9171	1.063
754	0.04056	0.0364	1.334	0.9862	1.072	0.9823
755	0.03248	0.0379	1.005	1.186	0.8952	1.035
756	0.01701	0.02752	0.4623	0.7765	0.4272	0.7763
757	0.01562	0.0109	0.4069	0.3109	0.4135	0.2635
758	0.03215	0.02864	0.9136	0.8032	0.9242	0.8501
759	0.02812	0.02006	0.8239	0.5516	0.7719	0.5369
760	0.03171	0.03643	0.9508	1.08	0.8318	1.052
761	0.01908	0.02476	0.7064	0.7867	0.5595	0.7736
762	0.03333	0.03012	0.9593	0.869	0.8695	0.8379
763	0.02788	0.02891	0.8992	0.961	0.7981	0.7696
764	0.03846	0.01716	1.088	0.424	1.207	0.4991
765	0.03009	0.01966	0.7762	0.4592	0.8632	0.5893
766	0.03111	0.0325	0.9963	0.9369	0.9545	0.9398
767	0.0168	0.02075	0.4375	0.5434	0.4249	0.5704
768	0.02976	0.02605	0.9594	0.7094	0.7722	0.6654
769	0.03639	0.04067	1.09	1.214	0.9854	1.116
770	0.01767	0.02188	0.4957	0.5744	0.4623	0.5955
771	0.01839	0.03471	0.6203	1.078	0.5191	0.8775
772	0.01173	0.02299	0.3027	0.6635	0.3249	0.6947
773	0.0181	0.01431	0.5051	0.376	0.4831	0.3797
774	0.03176	0.03908	0.9676	1.28	0.8548	1.105
775	0.03313	0.03832	1.033	1.131	0.8844	1.148
776	0.02498	0.02688	0.6214	0.697	0.709	0.7212
777	0.03874	0.02888	1.092	0.7641	1.092	0.8423
778	0.04463	0.03754	1.575	1.159	1.197	1.009
779	0.03784	0.04384	1.228	1.398	1.003	1.216
780	0.02323	0.02309	0.6699	0.737	0.6119	0.6295
781	0.03284	0.04159	0.9587	1.296	0.9422	1.262
782	0.03834	0.0413	1.041	1.22	1.092	1.174
783	0.0322	0.02396	1.006	0.6766	0.8308	0.6371
784	0.01383	0.03648	0.4382	1.192	0.4072	0.9435
785	0.02331	0.02497	0.5526	0.5811	0.617	0.6817
786	0.01115	0.01047	0.3945	0.2685	0.385	0.2517
787	0.0289	0.02587	0.8793	0.9965	0.9195	0.7473
788	0.01849	0.03722	0.5272	1.266	0.4493	1.086
789	0.03756	0.03448	1.154	1.074	1.311	0.9861
790	0.02879	0.03709	0.8358	1.192	0.7245	0.9752
791	0.042	0.047	1.606	1.486	1.314	1.309
792	0.02108	0.02706	0.6646	0.7636	0.5104	0.739
793	0.01114	0.01202	0.2888	0.3134	0.2631	0.2881
794	0.02804	0.03291	0.7881	0.9654	0.884	0.9132
795	0.0348	0.02298	1.225	0.6803	0.8884	0.601
796	0.02834	0.02872	0.822	0.8036	0.7301	0.9361
797	0.02035	0.0242	0.5228	0.6546	0.5395	0.6518
798	0.02496	0.03102	0.7258	0.8482	0.7059	0.7948
799	0.02998	0.03413	0.9028	0.881	0.7547	0.8889
800	0.01838	0.01844	0.4052	0.4625	0.4881	0.612
801	0.02574	0.0293	0.727	0.6873	0.6682	0.8098
802	0.04638	0.04885	1.636	1.447	1.313	1.514
803	0.01801	0.0202	0.4704	0.5259	0.4539	0.5214
804	0.04038	0.0218	1.221	0.6155	1.061	0.5244
805	0.01297	0.01835	0.3265	0.5215	0.335	0.548
806	0.03147	0.03844	1.145	1.35	0.8454	1.077
807	0.01559	0.01688	0.4893	0.5441	0.3988	0.4605
808	0.03962	0.03398	1.134	1.119	1.128	0.8748
809	0.02408	0.03911	0.7329	1.043	0.7203	1.102
810	0.02181	0.01717	0.5638	0.5428	0.5579	0.5077
811	0.02622	0.03428	0.741	0.9357	0.7304	0.992
812	0.02818	0.02116	0.7758	0.5705	0.7666	0.5422
813	0.02334	0.03416	0.666	1.001	0.5693	0.9724
814	0.02413	0.02007	0.6213	0.6171	0.6416	0.5223
815	0.02562	0.02975	0.6608	0.9445	0.708	0.7401
816	0.04281	0.05037	1.56	1.669	1.332	1.417
817	0.01933	0.02926	0.5367	0.8101	0.5464	0.7975
818	0.03847	0.03159	1.257	1.025	1.069	0.8782
819	0.01861	0.03148	0.5074	0.8468	0.4568	0.8358
820	0.0138	0.02953	0.7615	1.144	0.4088	0.9278
821	0.01904	0.01623	0.4653	0.3257	0.6246	0.4483
822	0.02715	0.03382	0.7231	1.028	0.691	0.8775
823	0.02496	0.02223	0.6786	0.6835	0.6535	0.5782
824	0.01433	0.02694	0.375	0.6876	0.3527	0.762
825	0.03085	0.02095	0.8518	0.6712	0.8798	0.6219
826	0.01073	0.01965	0.2914	0.4895	0.3151	0.5354
827	0.03464	0.01936	1.339	0.5785	0.9793	0.5063
828	0.03199	0.02602	0.8526	0.728	0.8997	0.6247
829	0.03438	0.02961	1.063	0.7859	0.8934	0.7512
830	0.02989	0.03164	0.9146	1.1	0.7535	1.045
831	0.04562	0.03053	1.359	0.9297	1.257	0.9495
832	0.01637	0.04388	0.4719	1.428	0.4206	1.431
833	0.01681	0.02606	0.5232	0.94	0.4299	0.7622
834	0.03174	0.02704	0.9262	0.7676	0.7983	0.6833
835	0.01944	0.02974	0.5554	0.9572	0.5081	0.8637
836	0.01667	0.02303	0.453	0.6197	0.3939	0.5915
837	0.01863	0.02763	0.483	0.737	0.4971	0.816
838	0.03605	0.03896	1.104	1.232	0.9326	1.04
839	0.0292	0.05637	0.985	2.252	0.787	1.783
840	0.03282	0.02944	0.8873	0.7683	0.8653	0.7762
841	0.005349	0.03223	0.1311	1.072	0.1508	0.9327
842	0.03544	0.05893	1.078	1.846	0.943	2.003
843	0.02095	0.04712	0.6721	1.501	0.6038	1.345
844	0.03151	0.0259	0.9198	0.7185	0.8409	0.7109
845	0.03612	0.04852	1.286	1.845	1.092	1.635
846	0.04082	0.03254	1.863	1.624	1.161	1.007
847	0.03281	0.05272	1.065	1.97	0.9069	1.855
848	0.01412	0.007652	0.3604	0.2223	0.4373	0.1845
849	0.03691	0.0325	1.206	0.9627	0.9683	0.8638
850	0.03124	0.03989	0.8877	1.33	0.8018	1.082
851	0.007408	0.02235	1.035	0.6793	0.1837	0.5171
852	0.02075	0.02881	0.4823	0.8314	0.5654	1.131
853	0.03473	0.04264	1.091	1.32	0.9362	1.795
854	0.0194	0.02014	0.5868	0.5594	0.4985	0.54
855	0.04568	0.04377	1.449	1.304	1.298	1.72
856	0.02788	0.0263	0.7078	0.7098	0.7334	0.7326
857	0.02857	0.03074	0.8139	0.824	0.7291	0.8496
858	0.0295	0.02693	0.7961	0.7669	0.77	0.7849
859	0.02941	0.02992	0.8699	0.8656	0.7421	0.7504
860	0.02271	0.02005	0.5945	0.5347	0.5961	0.5259
861	0.0255	0.01159	0.6462	0.3057	0.7305	0.3123
862	0.02869	0.03312	0.8194	1.136	0.8167	0.9895
863	0.03549	0.042	1.105	1.304	0.9582	1.216
864	0.02179	0.02374	0.5924	0.7831	0.5666	0.5879
865	0.02726	0.02251	0.7926	0.6056	0.8443	0.6523
866	0.03549	0.02857	1.152	0.8614	1.002	0.7432
867	0.02609	0.02484	0.7968	0.8987	0.6684	0.6857
868	0.03369	0.02187	0.8499	0.5974	0.9977	0.553
869	0.0158	0.02002	0.4909	0.4018	0.4359	0.5976
870	0.02316	0.03684	0.6105	1.135	0.6539	1.068
871	0.01824	0.016	0.4473	0.3887	0.4492	0.4003
872	0.03445	0.02425	1.064	0.6682	0.8762	0.6237
873	0.02792	0.03921	0.768	1.135	0.724	1.064
874	0.01959	0.01882	0.52	0.6163	0.4787	0.5421
875	0.01699	0.01837	0.6006	0.4566	0.4955	0.4241
876	0.0208	0.02465	0.6133	0.6255	0.5487	0.6824
877	0.01017	0.01533	0.3261	0.4446	0.2856	0.4141
878	0.03288	0.03596	0.9673	1.077	0.9085	1.11
879	0.03145	0.03333	0.9674	1.015	0.8211	0.9004
880	0.01157	0.01267	0.2714	0.3968	0.3216	0.3487
881	0.02485	0.02429	0.8677	0.7174	0.6927	0.6527
882	0.03882	0.02513	1.207	0.7227	1.027	0.629
883	0.04757	0.03448	1.625	0.9826	1.334	0.9298
884	0.04442	0.0282	1.622	0.9244	1.28	0.735
885	0.0253	0.03134	0.7787	0.9034	0.6233	0.8429
886	0.03457	0.03616	0.9727	1.084	1.009	0.9941
887	0.02628	0.02132	0.7397	0.6424	0.7008	0.4868
888	0.03992	0.03174	1.291	1.131	1.159	0.7944
889	0.01827	0.02714	0.525	0.6851	0.4421	0.7713
890	0.01973	0.0137	0.5406	0.3884	0.4883	0.4246
891	0.008539	0.03072	0.3111	0.8882	0.2258	0.8153
892	0.02739	0.02755	0.7337	0.7813	0.6638	0.6854
893	0.03025	0.04367	0.979	1.556	0.8989	1.314
894	0.03229	0.03734	0.9516	1.3	0.8342	1.023
895	0.02115	0.02414	0.6408	0.6997	0.5451	0.6401
896	0.02806	0.0272	0.849	0.9722	0.707	0.7758
897	0.02128	0.02272	0.6437	0.7732	0.5719	0.5821
898	0.01127	0.0328	0.3348	0.926	0.3315	1.121
899	0.02338	0.03515	0.6842	1.193	0.5942	1.005
900	0.0337	0.02408	0.9215	0.6733	0.8815	0.596
901	0.02081	0.01758	0.5497	0.5581	0.6896	0.4452
902	0.03007	0.0379	0.8607	1.133	0.8138	0.9881
903	0.03667	0.02515	1.196	0.6248	1.002	0.6835
904	0.02342	0.01969	0.6913	0.5352	0.7744	0.5722
905	0.02084	0.01776	0.5076	0.4354	0.5399	0.4314
906	0.03525	0.0467	1.057	1.357	1.045	1.505
907	0.02929	0.0237	0.9372	0.6827	0.7898	0.708
908	0.03356	0.03304	1.087	0.9239	0.8619	0.8553
909	0.01508	0.02797	0.388	0.6883	0.3726	0.8259
910	0.02896	0.03395	0.8068	0.9614	0.7385	0.966
911	0.01427	0.01597	0.3557	0.4029	0.3637	0.4198
912	0.02801	0.03976	0.8957	1.256	0.7487	1.215
913	0.02941	0.03178	0.7484	0.7429	0.7753	0.8559
914	0.01812	0.02019	0.514	0.5718	0.4995	0.5847
915	0.02706	0.02847	0.7501	0.7939	0.6777	0.7377
916	0.01326	0.02775	0.3888	0.7833	0.474	0.6774
917	0.03366	0.04	1.08	1.184	0.9083	1.241
918	0.02217	0.02127	0.6261	0.6142	0.5816	0.5723
919	0.03496	0.03327	1.113	1.002	0.8823	0.9096
920	0.01799	0.03598	0.9	1.215	0.5365	1.198
921	0.02272	0.01749	0.5619	0.5836	0.6097	0.4959
922	0.03039	0.04072	0.924	1.284	0.7998	1.125
923	0.02723	0.03263	0.7867	0.9893	0.6871	0.9067
924	0.02458	0.02838	0.7052	0.8511	0.7261	0.7871
925	0.01846	0.0161	0.349	0.318	0.6288	0.4366
926	0.03191	0.0359	0.998	1.078	0.8124	0.9121
927	0.02065	0.02813	0.555	0.7503	0.555	0.7877
928	0.01783	0.02309	0.482	0.6812	0.505	0.605
929	0.01394	0.02442	0.4233	0.6844	0.359	0.6966
930	0.01109	0.01925	0.2767	0.5176	0.2937	0.5061
931	0.005814	0.0192	0.2799	0.5673	0.174	0.5374
932	0.03349	0.04166	0.9185	1.235	0.9221	1.141
933	0.04508	0.02875	1.601	0.8251	1.209	0.7524
934	0.02694	0.02844	0.8787	0.972	0.671	0.735
935	0.005083	0.02451	0.2525	0.6264	0.1306	0.664
936	0.01229	0.02812	0.2884	1.005	0.3632	0.8993
937	0.01628	0.01978	0.4582	0.5654	0.4023	0.5012
938	0.03249	0.04061	1.042	1.275	0.8302	1.118
939	0.008162	0.01561	0.2359	0.5115	0.182	0.3788
940	0.03003	0.02037	0.8271	0.58	1.014	0.5843
941	0.01264	0.02733	0.3019	0.7002	0.3049	0.8404
942	0.0259	0.0287	0.728	0.8755	0.6563	0.739
943	0.04027	0.03753	1.302	1.12	1.145	1.097
944	0.02622	0.04881	0.8119	1.607	0.7079	1.355
945	0.02933	0.03681	0.9226	1.52	0.8102	1.197
946	0.03526	0.062	1.148	2.201	0.9566	2.01
947	0.02555	0.04617	0.6957	1.583	0.6647	1.223
948	0.02504	0.05072	0.6904	1.573	0.6135	1.431
949	0.03634	0.03527	1.062	1.044	1.122	1.326
950	0.03285	0.02357	1.061	0.9189	0.9105	0.7281
951	0.03285	0.04877	1.017	1.572	0.9173	1.495
952	0.01259	0.01742	0.3907	0.4241	0.3021	0.4818
953	0.02639	0.03919	0.721	1.216	0.6851	1.129
954	0.02673	0.02406	0.7549	0.7447	0.6867	0.6924
955	0.04074	0.03454	1.46	1.211	1.206	0.8871
956	0.01259	0.02527	0.3327	0.7051	0.3101	0.7829
957	0.03611	0.04962	1.039	1.81	0.9654	2.366
958	0.02543	0.01413	0.6966	0.3898	0.6588	0.331
959	0.03056	0.04894	0.913	1.716	0.7612	1.492
960	0.02081	0.02139	0.5737	0.5428	0.5168	0.6493
961	0.02553	0.03654	0.7603	1.028	0.6869	1.014
962	0.03083	0.03131	0.9306	0.8869	0.85	0.8327
963	0.02618	0.03483	0.7388	1.038	0.6392	0.9149
964	0.01625	0.02119	0.4097	0.5563	0.4047	0.5491
965	0.0181	0.009092	0.5089	0.2711	0.4861	0.2086
966	0.02237	0.02827	0.6133	0.9102	0.588	0.7486
967	0.02972	0.03181	0.8446	0.9278	0.8091	0.8764
968	0.02313	0.02757	0.5917	0.7555	0.5849	0.725
969	0.0192	0.02108	0.5163	0.6395	0.4776	0.7538
970	0.03354	0.03629	1.04	1.268	0.848	1.058
971	0.03369	0.03472	1.052	1.04	0.9515	0.9526
972	0.02511	0.02224	0.7361	0.6522	0.7065	0.6267
973	0.01417	0.01451	0.3322	0.4228	0.3979	0.4079
974	0.03597	0.02942	1.116	0.8559	1.143	0.8603
975	0.02819	0.02674	0.6077	0.6649	0.7851	0.7642
976	0.03336	0.02569	1.026	0.72	0.8709	0.6749
977	0.03887	0.03221	1.365	0.9864	1.12	0.8361
978	0.01243	0.02761	0.3353	0.7755	0.3258	0.7594
979	0.03521	0.01713	1.165	0.4797	0.9033	0.3798
980	0.02924	0.02247	0.747	0.5214	0.8143	0.5886
981	0.01533	0.01633	0.5033	0.4024	0.403	0.4543
982	0.03748	0.03792	1.118	1.241	1.052	1.145
983	0.0364	0.02984	1.109	0.9355	0.9562	0.7965
984	0.01656	0.008979	0.506	0.2448	0.4947	0.2262
985	0.02893	0.02127	0.8858	0.6613	0.7527	0.5427
986	0.03246	0.04249	1.018	1.395	0.8257	1.156
987	0.02937	0.03298	0.8464	1.006	0.7296	0.888
988	0.003844	0.03449	0.1101	1.164	0.09063	0.9824
989	0.02277	0.03459	0.7295	1.107	0.5687	1.001
990	0.02992	0.04029	0.8241	1.264	0.8564	1.224
991	0.01947	0.03889	0.6286	1.23	0.5197	1.129
992	0.02161	0.03631	0.5821	1.193	0.5235	0.9343
993	0.01654	0.02493	0.4451	0.573	0.4119	0.7228
994	0.01122	0.0125	0.3318	0.3234	0.3333	0.4276
995	0.02044	0.01798	0.6733	0.5085	0.4942	0.4853
996	0.02752	0.03064	0.8099	0.8189	0.7733	0.8221
997	0.03216	0.03968	1.096	1.215	1.022	1.179
998	0.03175	0.02235	0.9645	0.6492	0.8095	0.5932
999	0.03572	0.02542	1.12	0.7141	0.9295	0.6569
1000	0.0287	0.0383	0.9107	1.447	0.7282	0.9544
1001	0.01919	0.02498	0.4906	0.6924	0.4955	0.7953
1002	0.02803	0.02641	1.081	0.759	0.8093	0.6752
1003	0.0265	0.03969	0.8518	1.415	0.7077	1.075
1004	0.01408	0.01648	0.4837	0.5565	0.3768	0.483
1005	0.02596	0.02224	0.6256	0.6365	0.8806	0.6781
1006	0.02104	0.03383	0.7168	0.9978	0.5308	0.9316
1007	0.02824	0.04176	0.8076	1.251	0.7185	1.111
1008	0.0162	0.0182	0.5453	0.4946	0.3919	0.4864
1009	0.01989	0.01797	0.5453	0.4877	0.4907	0.4586
1010	0.0479	0.04406	1.539	1.723	1.535	1.548
1011	0.01871	0.02542	0.4704	0.7596	0.4725	0.7274
1012	0.02058	0.02948	0.5724	0.8762	0.5234	0.7164
1013	0.03069	0.01104	0.9629	0.3247	0.7929	0.2695
1014	0.03204	0.03127	1.013	1.021	0.835	0.8349
1015	0.01262	0.01612	0.384	0.572	0.3166	0.4771
1016	0.03247	0.03356	1.018	1.118	0.8536	0.958
1017	0.02289	0.03788	0.5251	1.212	0.6041	0.9802
1018	0.02277	0.02017	0.6596	0.68	0.5982	0.5616
1019	0.0249	0.01885	0.7419	0.4881	0.6318	0.4494
1020	0.02524	0.03066	0.6282	0.9861	0.6665	0.7895
1021	0.03669	0.04602	1.252	1.78	0.979	1.529
1022	0.02222	0.01824	0.7736	0.6587	0.6321	0.5068
1023	0.02056	0.03757	0.5304	1.158	0.4819	0.9991
1024	0.005992	0.04155	0.1951	1.553	0.1741	1.255
1025	0.006596	0.01708	0.1852	0.4589	0.1517	0.4836
1026	0.02785	0.03972	0.7712	1.228	0.7322	1.197
1027	0.02825	0.02929	0.8333	0.8618	0.7515	0.7862
1028	0.02824	0.02767	0.7785	0.7489	0.773	0.8372
1029	0.02407	0.01286	0.4916	0.2402	0.8586	0.4107
1030	0.03147	0.03115	0.9054	0.9401	0.8069	0.7926
1031	0.02679	0.02745	0.6799	0.8571	0.7211	0.7059
1032	0.02432	0.01957	0.7085	0.57	0.6226	0.4927
1033	0.02922	0.01929	0.9481	0.5569	0.7945	0.6032
1034	0.01005	0.01656	0.2857	0.4792	0.27	0.4802
1035	0.02114	0.02126	0.6034	0.6929	0.5178	0.5671
1036	0.03216	0.04163	0.9191	1.131	0.8647	1.088
1037	0.02661	0.03216	0.815	0.9439	0.7289	0.8736
1038	0.03399	0.0426	1.121	1.606	0.994	1.154
1039	0.04678	0.0431	1.507	1.39	1.269	1.362
1040	0.02612	0.03053	0.7609	0.9975	0.6751	0.9069
