Step	Loss
1	3.6479
2	3.5633
3	1.6285
4	3.3236
5	3.4873
6	3.048
7	2.4844
8	3.1243
9	2.7092
10	0.7183
11	2.3479
12	3.6956
13	3.4437
14	2.2557
15	0.3036
16	4.0399
17	2.6847
18	0.7425
19	0.8625
20	3.1978
21	3.298
22	3.9635
23	3.498
24	1.1791
25	3.6611
26	2.3335
27	3.355
28	2.4039
29	1.3666
30	1.3728
31	3.5717
32	2.9295
33	2.802
34	4.0152
35	0.0881
36	4.8814
37	3.3229
38	2.494
39	0.1556
40	3.8083
41	3.375
42	0.6869
43	2.6617
44	0.3138
45	2.9442
46	3.0637
47	2.1039
48	3.3549
49	3.6772
50	1.847
51	2.8595
52	0.6964
53	4.9893
54	3.5061
55	1.6818
56	3.2908
57	2.9155
58	1.8718
59	3.3382
60	3.0384
61	3.0368
62	0.5055
63	1.8971
64	2.3524
65	3.5642
66	2.8213
67	3.6252
68	0.6621
69	1.7602
70	0.4269
71	2.2296
72	1.4749
73	1.0394
74	3.3097
75	2.3274
76	2.4828
77	4.2789
78	2.8964
79	0.8506
80	3.402
81	2.4394
82	2.5403
83	3.5861
84	2.1402
85	3.4931
86	3.3416
87	3.1771
88	1.7735
89	1.3534
90	3.7375
91	1.6499
92	2.5799
93	3.3625
94	1.2236
95	3.0114
96	0.4788
97	3.8611
98	1.8351
99	1.0471
100	4.2782
101	3.6219
102	3.5681
103	0.9139
104	2.8306
105	2.7094
106	2.1212
107	0.4171
108	3.3564
109	2.9887
110	2.7484
111	1.9145
112	2.9183
113	2.0499
114	0.5746
115	2.1886
116	3.3484
117	3.06
118	1.9228
119	0.2129
120	3.632
121	2.3808
122	0.1474
123	0.6861
124	2.4324
125	2.8386
126	3.8367
127	3.3982
128	0.9191
129	3.355
130	0.5544
131	3.3462
132	2.3556
133	1.0624
134	1.2882
135	1.1663
136	2.6618
137	2.7069
138	3.9096
139	0.0378
140	3.4904
141	3.2088
142	2.2342
143	0.1026
144	3.3457
145	3.0422
146	0.4009
147	2.5685
148	0.2793
149	2.4465
150	2.9013
151	1.7179
152	3.3478
153	3.3833
154	1.4597
155	2.7079
156	0.5814
157	2.6815
158	3.3876
159	1.5174
160	3.1295
161	2.8637
162	1.9307
163	3.2264
164	2.9491
165	2.8883
166	0.4367
167	1.725
168	2.1612
169	3.2786
170	2.7581
171	3.3469
172	0.7126
173	1.6748
174	0.1467
175	0.3383
176	0.9845
177	1.0753
178	3.2038
179	1.8021
180	1.9634
181	4.0587
182	2.817
183	0.9176
184	3.2219
185	2.1889
186	2.5256
187	3.3608
188	2.0913
189	3.188
190	3.1231
191	3.0962
192	1.6872
193	1.1428
194	3.6635
195	1.8187
196	2.3251
197	2.0599
198	1.1852
199	2.9032
200	0.3721
201	3.5627
202	1.5543
203	0.6362
204	3.7804
205	3.3786
206	3.3045
207	0.7803
208	2.73
209	2.4559
210	2.059
211	0.3543
212	3.1765
213	2.9777
214	2.6293
215	1.5562
216	2.8476
217	1.3856
218	0.557
219	2.0866
220	3.2655
221	2.8315
222	1.7984
223	0.1674
224	3.4921
225	2.3059
226	0.1294
227	0.6366
228	2.3944
229	2.629
230	3.6499
231	3.2885
232	0.8367
233	3.1918
234	0.0677
235	3.4559
236	2.2606
237	1.0919
238	0.9937
239	0.6304
240	2.6151
241	2.5917
242	3.7194
243	0.0475
244	1.4239
245	3.1659
246	2.1523
247	0.08
248	3.0279
249	3.0357
250	0.3052
251	2.4428
252	0.2412
253	2.1033
254	2.8097
255	1.7498
256	3.0644
257	3.3267
258	1.4822
259	2.5838
260	0.4841
261	2.2564
262	3.2291
263	1.4467
264	3.017
265	2.7871
266	1.9156
267	3.0803
268	2.7921
269	2.8404
270	0.3817
271	1.3303
272	2.0392
273	3.1477
274	2.6901
275	3.2686
276	0.7517
277	1.4738
278	0.0607
279	0.4747
280	0.773
281	0.914
282	3.1648
283	1.7669
284	1.8739
285	3.9309
286	2.7418
287	0.8417
288	3.1334
289	2.1205
290	2.4444
291	3.311
292	1.9006
293	3.1244
294	2.9373
295	2.9719
296	1.5277
297	0.877
298	3.5499
299	0.8854
300	2.2031
301	0.7645
302	1.1284
303	2.8052
304	0.2945
305	3.4763
306	1.6281
307	0.4885
308	2.6309
309	3.4681
310	3.2112
311	0.7398
312	2.7317
313	2.3941
314	1.7932
315	0.2926
316	3.2088
317	2.6446
318	2.4525
319	1.4989
320	2.783
321	1.12
322	0.6137
323	2.048
324	3.1119
325	2.7182
326	1.4351
327	0.1526
328	3.3672
329	1.9113
330	0.2435
331	0.7093
332	2.2699
333	2.6057
334	3.5989
335	3.1872
336	0.9216
337	3.1761
338	0.0203
339	2.9247
340	2.1717
341	0.9894
342	1.0273
343	0.1188
344	2.5073
345	1.8522
346	3.6823
347	0.0295
348	1.371
349	3.0936
350	2.0699
351	0.0619
352	2.9199
353	2.9192
354	0.3593
355	2.3856
356	0.1909
357	2.0598
358	2.7562
359	1.4513
360	3.0081
361	3.1187
362	1.2752
363	2.5331
364	0.5655
365	0.8376
366	3.2074
367	1.4042
368	2.8967
369	2.7612
370	1.6444
371	3.0238
372	2.7968
373	2.7546
374	0.2127
375	1.3122
376	2.0641
377	3.0937
378	2.6742
379	3.0885
380	0.5946
381	1.5174
382	0.0572
383	0.3637
384	0.6572
385	0.8544
386	3.1002
387	1.5132
388	1.4815
389	3.256
390	2.6899
391	0.8371
392	3.0571
393	1.9239
394	2.4206
395	3.1758
396	1.9686
397	3.0918
398	2.8646
399	2.9144
400	1.528
401	0.9106
402	3.4298
403	0.7493
404	2.0187
405	0.4854
406	1.0033
407	2.7464
408	0.3725
409	3.5115
410	1.7309
411	0.2502
412	2.6212
413	2.7207
414	3.1969
415	0.7392
416	2.6601
417	2.5782
418	1.8592
419	0.1936
420	3.2036
421	2.623
422	2.4512
423	1.4008
424	2.7521
425	0.8019
426	0.5509
427	1.9629
428	3.1065
429	2.6071
430	1.6076
431	0.17
432	3.2556
433	1.7234
434	0.0763
435	0.558
436	2.2028
437	2.5394
438	3.4045
439	3.1647
440	0.7509
441	3.0709
442	0.0048
443	2.9237
444	2.0536
445	1.0109
446	0.9498
447	0.0634
448	2.4701
449	2.1143
450	3.6434
451	0.0194
452	0.9865
453	3.0711
454	2.0163
455	0.0972
456	1.8377
457	2.9144
458	0.2281
459	2.2838
460	0.2222
461	1.8551
462	2.7139
463	1.3961
464	2.9052
465	3.1029
466	1.1219
467	2.5363
468	0.4585
469	0.4971
470	3.1568
471	1.4468
472	2.8467
473	2.7652
474	1.6844
475	2.8974
476	2.6285
477	2.7025
478	0.2468
479	1.3184
480	1.9144
481	3.0043
482	2.588
483	3.0056
484	0.5139
485	1.5126
486	0.0552
487	0.318
488	0.4286
489	0.8069
490	3.091
491	1.4877
492	1.5084
493	3.3257
494	2.6448
495	0.5148
496	3.0373
497	1.7175
498	2.4333
499	2.945
500	1.6945
501	3.0559
502	2.7581
503	2.9211
504	1.3708
505	0.6364
506	3.444
507	0.3748
508	1.9204
509	0.2488
510	0.9625
511	2.685
512	0.2318
513	3.4801
514	1.5449
515	0.2025
516	1.4011
517	2.7443
518	3.0305
519	0.6137
520	2.6401
521	1.9421
522	1.3194
523	0.1351
524	3.0796
525	2.5265
526	2.3386
527	1.4049
528	2.7
529	0.611
530	0.5
531	1.9533
532	3.0054
533	2.6726
534	1.2858
535	0.1024
536	3.1534
537	1.6724
538	0.0991
539	0.5922
540	2.052
541	2.4328
542	3.5064
543	3.1896
544	0.6714
545	3.009
546	0.0076
547	2.6595
548	2.044
549	0.9983
550	0.9796
551	0.0499
552	2.4122
553	1.3924
554	3.4886
555	0.0377
556	1.0888
557	3.0145
558	2.0006
559	0.0479
560	1.968
561	2.7759
562	0.2593
563	2.2428
564	0.2296
565	1.5618
566	2.6653
567	1.3034
568	2.67
569	3.1028
570	1.1615
571	2.4561
572	0.4127
573	0.2437
574	3.0704
575	1.3909
576	2.7494
577	2.7044
578	1.6891
579	2.8397
580	2.5841
581	2.591
582	0.1692
583	1.1808
584	1.8703
585	2.9856
586	2.5802
587	2.9633
588	0.3925
589	1.3875
590	0.0082
591	0.0974
592	0.5916
593	0.8347
594	3.0378
595	1.1145
596	1.4592
597	3.324
598	2.5583
599	0.5112
600	2.9847
601	1.5911
602	2.3291
603	2.8378
604	1.7493
605	3.0067
606	2.7508
607	2.8606
608	1.2997
609	0.4657
610	3.2262
611	0.53
612	1.9237
613	0.2231
614	0.9686
615	2.6817
616	0.1798
617	3.3554
618	1.4022
619	0.0804
620	1.054
621	2.5498
622	2.9532
623	0.6636
624	2.6126
625	2.0087
626	1.3471
627	0.1821
628	3.0846
629	2.3718
630	2.1829
631	1.3651
632	2.6178
633	0.0738
634	0.5275
635	1.8834
636	2.9621
637	2.4559
638	1.2589
639	0.0725
640	3.1273
641	1.5451
642	0.0441
643	0.5828
644	2.0281
645	2.3552
646	3.3248
647	3.0794
648	0.5053
649	3.0295
650	0.0164
651	2.439
652	2.0673
653	0.9994
654	0.8425
655	0.1049
656	2.4087
657	1.0499
658	3.5568
659	0.0206
660	0.2791
661	2.9384
662	1.882
663	0.0828
664	2.0966
665	2.747
666	0.2249
667	2.1883
668	0.192
669	1.4087
670	2.6739
671	1.1992
672	2.4953
673	3.0378
674	1.0848
675	2.3939
676	0.4117
677	0.1231
678	2.9997
679	1.3758
680	2.6815
681	2.6444
682	1.5873
683	2.7883
684	2.5596
685	2.6017
686	0.1769
687	1.256
688	1.8699
689	2.9377
690	2.5435
691	2.87
692	0.3864
693	1.3433
694	0.0615
695	0.079
696	0.3957
697	0.8421
698	3.0751
699	0.8505
700	1.4028
701	2.6942
702	2.5235
703	0.5845
704	2.9448
705	1.5545
706	2.2073
707	2.7889
708	1.5829
709	2.9591
710	2.6846
711	2.7588
712	1.2769
713	0.6214
714	3.2636
715	0.0699
716	1.8543
717	0.0858
718	0.9874
719	2.6767
720	0.2869
721	3.3767
722	1.3659
723	0.0814
724	1.0997
725	2.496
726	2.8887
727	0.5954
728	2.5833
729	1.8185
730	1.3003
731	0.1498
732	2.9979
733	2.3857
734	2.3194
735	1.2766
736	2.5997
737	0.5889
738	0.4833
739	1.8667
740	2.9468
741	2.508
742	1.0947
743	0.116
744	3.0238
745	1.5148
746	0.0893
747	0.4062
748	1.8486
749	2.2946
750	3.3894
751	3.0916
752	0.5448
753	2.9188
754	0.0036
755	2.3043
756	1.9685
757	0.9504
758	0.7787
759	0.0912
760	2.4111
761	1.0941
762	3.2564
763	0.0333
764	0.3727
765	2.9386
766	1.8664
767	0.0375
768	1.6159
769	2.6782
770	0.2045
771	2.1566
772	0.1976
773	1.7706
774	2.676
775	1.2041
776	2.4073
777	3.0357
778	1.0744
779	2.4285
780	0.3741
781	0.3672
782	2.9851
783	1.3583
784	2.6403
785	2.5684
786	1.5057
787	2.734
788	2.5261
789	2.5131
790	0.1109
791	1.09
792	1.8583
793	2.8666
794	2.486
795	2.8077
796	0.3951
797	1.2182
798	0.0044
799	0.0446
800	0.5926
801	0.6968
802	2.998
803	0.862
804	1.5158
805	2.6726
806	2.5479
807	0.5261
808	2.9465
809	1.384
810	2.3745
811	2.8074
812	1.5965
813	2.912
814	2.6514
815	2.8221
816	1.2749
817	0.4863
818	3.2044
819	0.117
820	1.8352
821	0.0547
822	0.9371
823	2.6507
824	0.1511
825	3.3272
826	1.379
827	0.0713
828	0.3939
829	2.1658
830	2.854
831	0.6664
832	2.5073
833	1.5804
834	1.2042
835	0.1104
836	2.9505
837	1.9962
838	2.114
839	1.2922
840	2.6082
841	0.1333
842	0.4869
843	1.818
844	2.89
845	2.3768
846	1.0642
847	0.074
848	3.0325
849	1.5257
850	0.0825
851	0.4765
852	1.7763
853	2.2542
854	3.3954
855	3.1016
856	0.5178
857	2.8834
858	0.0063
859	2.1573
860	1.8564
861	0.9181
862	0.7689
863	0.1003
864	2.333
865	0.4984
866	3.198
867	0.0573
868	0.3836
869	2.9437
870	1.8415
871	0.068
872	1.2284
873	2.7185
874	0.2256
875	2.1402
876	0.1651
877	1.3215
878	2.6227
879	1.0236
880	2.3851
881	2.9892
882	0.9413
883	2.3658
884	0.347
885	0.4388
886	2.9814
887	1.3881
888	2.6151
889	2.5754
890	1.314
891	2.7167
892	2.4073
893	2.5209
894	0.0953
895	0.996
896	1.7815
897	2.8671
898	2.5164
899	2.7673
900	0.2414
901	1.264
902	0.0026
903	0.0465
904	0.3719
905	0.7233
906	3.0049
907	0.6577
908	1.2068
909	2.3662
910	2.5139
911	0.3973
912	2.9104
913	1.2009
914	2.1732
915	2.4643
916	1.0704
917	2.9256
918	2.6184
919	2.7617
920	1.2131
921	0.4466
922	3.2143
923	0.3392
924	1.8424
925	0.208
926	0.9716
927	2.5931
928	0.2218
929	3.3605
930	1.3641
931	0.0878
932	0.1165
933	2.4897
934	2.7576
935	0.5124
936	2.4956
937	1.4952
938	1.0678
939	0.161
940	2.9276
941	2.2958
942	2.1074
943	1.1463
944	2.573
945	0.101
946	0.3936
947	1.819
948	2.8069
949	2.3647
950	0.9306
951	0.076
952	2.9656
953	1.0278
954	0.1309
955	0.3722
956	1.8251
957	2.169
958	3.2005
959	3.0872
960	0.5558
961	2.8661
962	0.0063
963	2.0977
964	1.8474
965	0.941
966	0.82
967	0.1003
968	2.247
969	0.6635
970	3.0568
971	0.0171
972	0.2129
973	2.9601
974	1.7838
975	0.0384
976	1.004
977	2.6839
978	0.2284
979	2.0542
980	0.2172
981	1.2187
982	2.5568
983	0.9484
984	2.3942
985	2.8912
986	0.8392
987	2.3576
988	0.4024
989	0.0713
990	3.0309
991	1.3699
992	2.5671
993	2.4713
994	1.3532
995	2.6027
996	2.4967
997	2.5188
998	0.0333
999	0.8987
1000	1.715
1001	2.8156
1002	2.507
1003	2.7555
1004	0.1631
1005	1.0413
1006	0.0078
1007	0.2394
1008	0.6342
1009	0.6203
1010	2.9391
1011	0.5774
1012	1.1133
1013	2.095
1014	2.5263
1015	0.4023
1016	2.8525
1017	1.157
1018	2.153
1019	2.4526
1020	1.1272
1021	2.9426
1022	2.5266
1023	2.7285
1024	1.1301
1025	0.3515
1026	3.1173
1027	0.1807
1028	1.835
1029	0.0868
1030	0.8062
1031	2.6109
1032	0.1077
1033	3.2657
1034	1.3383
1035	0.0718
1036	0.1446
1037	2.1265
1038	2.6921
1039	0.5099
1040	2.5384
