Step	Loss(S)	Loss(T)	fwd_S	fwd_T	rev_S	rev_T
1	3.892	0.0	3.059	2.903	3.892	3.226
2	2.307	0.0	1.847	3.541	2.307	2.911
3	4.095	0.0	4.903	3.188	4.095	2.17
4	2.815	0.0	3.426	4.597	2.815	1.805
5	4.549	0.0	7.248	4.883	4.549	2.323
6	1.474	0.0	2.943	4.045	1.474	1.26
7	0.324	0.0	1.08	2.286	0.324	0.9794
8	2.327	0.0	5.008	3.534	2.327	2.46
9	4.144	0.0	6.288	4.388	4.144	3.054
10	0.6101	0.0	3.272	3.605	0.6101	1.167
11	1.72	0.0	1.963	1.736	1.72	1.659
12	1.568	0.0	1.728	2.151	1.568	1.319
13	2.329	0.0	1.932	1.599	2.329	1.673
14	2.665	0.0	3.942	2.787	2.665	2.491
15	1.588	0.0	1.646	2.163	1.588	2.037
16	2.166	0.0	3.311	2.954	2.166	1.492
17	0.8144	0.0	1.953	2.177	0.8144	1.604
18	1.625	0.0	2.164	0.8408	1.625	0.6592
19	1.527	0.0	1.708	1.296	1.527	1.298
20	1.534	0.0	1.994	2.228	1.534	1.027
21	0.6216	0.0	0.7088	0.808	0.6216	0.3355
22	1.492	0.0	1.865	2.307	1.492	1.443
23	1.15	0.0	1.463	0.9346	1.15	0.8712
24	1.144	0.0	1.581	0.6449	1.144	0.4826
25	1.313	0.0	1.385	1.091	1.313	0.945
26	1.639	0.0	2.061	1.245	1.639	0.937
27	1.399	0.0	2.925	2.562	1.399	1.08
28	1.324	0.0	2.915	3.477	1.324	1.472
29	0.7368	0.0	0.9627	0.8742	0.7368	0.8695
30	1.042	0.0	2.353	1.717	1.042	1.916
31	1.236	0.0	1.897	1.908	1.236	1.553
32	1.24	0.0	2.439	0.7736	1.24	0.6501
33	0.7543	0.0	0.9856	1.403	0.7543	0.9887
34	0.8702	0.0	1.236	1.025	0.8702	0.6446
35	1.083	0.0	0.9751	1.174	1.083	0.9554
36	1.281	0.0	2.266	1.139	1.281	0.9194
37	1.154	0.0	2.188	1.52	1.154	1.187
38	0.8752	0.0	1.034	1.79	0.8752	1.3
39	1.631	0.0	2.747	2.918	1.631	1.956
40	2.441	0.0	2.052	1.114	2.441	1.044
41	0.9206	0.0	1.218	1.554	0.9206	1.033
42	1.331	0.0	1.851	1.939	1.331	0.958
43	0.8439	0.0	0.9136	0.7433	0.8439	0.733
44	0.9615	0.0	1.296	1.595	0.9615	1.238
45	0.8664	0.0	1.755	1.54	0.8664	0.8925
46	0.9012	0.0	1.299	0.7582	0.9012	0.6535
47	0.5362	0.0	0.5702	0.9452	0.5362	0.7863
48	1.225	0.0	1.268	0.873	1.225	0.7691
49	0.6245	0.0	1.059	1.31	0.6245	1.121
50	0.9075	0.0	1.19	1.145	0.9075	0.9097
51	0.6873	0.0	0.9683	1.365	0.6873	1.005
52	0.8415	0.0	1.245	0.4857	0.8415	0.425
53	0.9282	0.0	1.438	1.242	0.9282	0.8917
54	0.7631	0.0	1.055	0.7954	0.7631	0.6131
55	0.9348	0.0	1.292	1.248	0.9348	0.9254
56	0.4676	0.0	0.5586	1.455	0.4676	1.052
57	1.241	0.0	1.621	1.56	1.241	1.15
58	0.7162	0.0	1.12	1.422	0.7162	0.992
59	0.7311	0.0	0.937	1.358	0.7311	1.031
60	1.18	0.0	1.432	1.386	1.18	1.059
61	0.7602	0.0	1.101	0.6939	0.7602	0.6298
62	0.5401	0.0	0.6771	0.9906	0.5401	0.8621
63	0.9526	0.0	1.16	0.7345	0.9526	0.6091
64	0.9645	0.0	1.143	1.393	0.9645	1.045
65	0.3039	0.0	0.4215	0.999	0.3039	0.6649
66	0.4204	0.0	0.5015	0.9737	0.4204	0.7391
67	0.8839	0.0	1.013	1.504	0.8839	1.055
68	0.3813	0.0	0.6825	1.248	0.3813	0.8354
69	0.5852	0.0	0.7213	0.984	0.5852	0.7777
70	0.5505	0.0	0.9454	0.5766	0.5505	0.3018
71	0.5395	0.0	0.9355	1.206	0.5395	0.9257
72	0.4715	0.0	0.5956	0.7132	0.4715	0.5869
73	0.6295	0.0	0.7779	0.8161	0.6295	0.7215
74	0.6035	0.0	0.8073	1.265	0.6035	0.7937
75	1.007	0.0	1.35	1.75	1.007	1.426
76	0.8057	0.0	1.073	1.002	0.8057	0.6939
77	0.5859	0.0	0.9182	0.8674	0.5859	0.7035
78	1.27	0.0	1.6	1.874	1.27	1.313
79	0.6728	0.0	1.028	0.9959	0.6728	0.8649
80	0.6124	0.0	0.8081	0.655	0.6124	0.4982
81	0.7621	0.0	0.8411	0.853	0.7621	0.5911
82	0.9586	0.0	1.214	1.014	0.9586	0.7869
83	0.7006	0.0	0.9137	0.8956	0.7006	0.7105
84	0.8243	0.0	1.077	0.886	0.8243	0.5755
85	0.6551	0.0	0.7998	1.554	0.6551	1.299
86	0.3441	0.0	0.5418	1.037	0.3441	0.8226
87	0.8699	0.0	1.374	0.8054	0.8699	0.5626
88	1.001	0.0	1.533	2.025	1.001	1.412
89	0.7985	0.0	1.256	0.8182	0.7985	0.6798
90	0.9695	0.0	1.136	0.9935	0.9695	0.7877
91	0.4023	0.0	0.4864	0.6876	0.4023	0.5787
92	0.9906	0.0	1.146	1.14	0.9906	0.8767
93	0.6399	0.0	0.7916	0.703	0.6399	0.5272
94	0.6556	0.0	0.793	0.7583	0.6556	0.6023
95	0.6242	0.0	0.9213	1.031	0.6242	0.8049
96	0.747	0.0	1.075	0.9274	0.747	0.5734
97	0.6613	0.0	1.024	0.8561	0.6613	0.7015
98	0.6722	0.0	0.8429	1.109	0.6722	0.806
99	0.9904	0.0	1.4	0.908	0.9904	0.7228
100	0.6654	0.0	1.002	1.232	0.6654	0.8211
101	0.5715	0.0	0.9273	1.125	0.5715	0.8216
102	0.4154	0.0	0.4615	0.9643	0.4154	0.7645
103	0.3969	0.0	0.5203	0.5079	0.3969	0.3743
104	0.6026	0.0	0.8044	0.4137	0.6026	0.3965
105	0.4878	0.0	0.6272	0.7571	0.4878	0.5591
106	0.9709	0.0	1.399	1.141	0.9709	0.8267
107	0.5044	0.0	0.8916	1.261	0.5044	0.6216
108	0.8058	0.0	0.9723	1.02	0.8058	0.8288
109	0.7598	0.0	0.9458	1.726	0.7598	1.164
110	0.5372	0.0	0.675	0.91	0.5372	0.807
111	0.7677	0.0	1.099	1.199	0.7677	0.8321
112	0.8179	0.0	1.139	1.05	0.8179	0.8357
113	0.4797	0.0	0.5723	1.149	0.4797	0.912
114	0.5964	0.0	0.8562	0.5235	0.5964	0.2178
115	0.7636	0.0	0.8955	0.6474	0.7636	0.5233
116	0.6518	0.0	0.771	1.184	0.6518	0.8476
117	0.616	0.0	0.7869	1.018	0.616	0.8481
118	0.5398	0.0	0.7091	0.7548	0.5398	0.6037
119	0.706	0.0	0.8965	0.4826	0.706	0.4263
120	0.6624	0.0	0.9618	1.532	0.6624	1.066
121	0.6796	0.0	0.8577	1.056	0.6796	0.6078
122	0.7057	0.0	1.19	1.4	0.7057	0.7992
123	0.6061	0.0	0.7286	0.7377	0.6061	0.6197
124	0.3391	0.0	0.4077	0.7328	0.3391	0.334
125	0.3201	0.0	0.4515	0.6681	0.3201	0.6246
126	0.6449	0.0	0.7916	0.5978	0.6449	0.5052
127	0.5911	0.0	0.7637	0.7272	0.5911	0.5355
128	0.5222	0.0	0.7305	0.6794	0.5222	0.461
129	0.6337	0.0	0.7934	0.7349	0.6337	0.5487
130	0.3929	0.0	0.5422	0.6615	0.3929	0.4552
131	0.6366	0.0	0.9531	1.139	0.6366	0.6848
132	0.707	0.0	0.8609	1.039	0.707	0.7083
133	0.5484	0.0	0.6572	1.037	0.5484	0.8358
134	0.4495	0.0	0.5358	1.023	0.4495	0.9044
135	0.8887	0.0	1.073	0.804	0.8887	0.6035
136	0.7357	0.0	1.089	1.511	0.7357	1.11
137	0.7229	0.0	0.9431	0.7128	0.7229	0.5843
138	0.7494	0.0	0.9876	0.8303	0.7494	0.7047
139	0.6677	0.0	0.7962	0.8069	0.6677	0.6589
140	0.636	0.0	0.7665	1.098	0.636	0.7196
141	0.4912	0.0	0.618	0.9445	0.4912	0.7633
142	0.6244	0.0	0.7061	0.9762	0.6244	1.018
143	0.8975	0.0	1.109	1.258	0.8975	0.9917
144	0.8395	0.0	0.9743	1.699	0.8395	1.075
145	0.3682	0.0	0.5102	0.9807	0.3682	0.7653
146	0.6237	0.0	0.786	0.9395	0.6237	0.753
147	0.6922	0.0	0.8769	1.311	0.6922	1.006
148	0.8992	0.0	1.138	0.9614	0.8992	0.8181
149	0.4483	0.0	0.6773	0.9158	0.4483	0.59
150	0.6761	0.0	0.7696	0.4844	0.6761	0.4418
151	0.3751	0.0	0.4021	0.4822	0.3751	0.4142
152	0.5409	0.0	0.7193	0.6791	0.5409	0.42
153	0.7827	0.0	0.9711	0.8451	0.7827	0.8012
154	0.6189	0.0	0.6684	0.4849	0.6189	0.4474
155	0.5758	0.0	0.6836	0.5144	0.5758	0.4189
156	0.3507	0.0	0.5599	0.7919	0.3507	0.6404
157	0.7027	0.0	0.9055	0.9857	0.7027	0.7403
158	0.5032	0.0	0.5863	0.6115	0.5032	0.5404
159	0.5752	0.0	0.7121	0.8823	0.5752	0.6715
160	0.6535	0.0	0.7859	0.74	0.6535	0.6201
161	0.6101	0.0	0.649	0.7906	0.6101	0.656
162	0.2568	0.0	0.3638	0.6069	0.2568	0.4613
163	0.5393	0.0	0.7717	0.9588	0.5393	0.6375
164	0.9	0.0	1.048	0.9786	0.9	0.6467
165	0.7135	0.0	1.07	0.7389	0.7135	0.6744
166	0.5009	0.0	0.6005	0.7004	0.5009	0.586
167	0.5307	0.0	0.6447	0.4948	0.5307	0.4433
168	0.5935	0.0	0.7041	0.5547	0.5935	0.4381
169	0.5802	0.0	0.779	0.5443	0.5802	0.4891
170	0.5806	0.0	0.6864	0.6545	0.5806	0.5578
171	0.9473	0.0	1.152	1.272	0.9473	0.8677
172	0.4507	0.0	0.5858	0.7456	0.4507	0.5574
173	0.5009	0.0	0.5659	0.6817	0.5009	0.624
174	0.5236	0.0	0.669	0.5037	0.5236	0.4312
175	0.6164	0.0	0.7691	0.5795	0.6164	0.4295
176	0.5237	0.0	0.5888	0.5408	0.5237	0.4026
177	0.4109	0.0	0.4865	0.8618	0.4109	0.7474
178	0.4857	0.0	0.6317	0.9103	0.4857	0.5979
179	0.6527	0.0	0.6527	1.059	0.6527	0.8335
180	0.5571	0.0	0.6355	1.041	0.5571	0.725
181	0.5075	0.0	0.6126	0.7812	0.5075	0.472
182	0.7747	0.0	0.949	0.7962	0.7747	0.5913
183	0.6065	0.0	0.8363	0.6355	0.6065	0.4096
184	0.5593	0.0	0.6706	0.5434	0.5593	0.516
185	0.5868	0.0	0.7829	0.6451	0.5868	0.481
186	0.7741	0.0	0.9163	1.275	0.7741	0.9777
187	0.7579	0.0	0.8552	0.8331	0.7579	0.5729
188	0.6012	0.0	0.7527	0.4698	0.6012	0.3994
189	0.7403	0.0	1.048	0.99	0.7403	0.6908
190	0.6046	0.0	0.9127	0.6071	0.6046	0.4901
191	0.3756	0.0	0.7516	0.8419	0.3756	0.5706
192	0.6099	0.0	0.8078	0.7718	0.6099	0.5448
193	0.3389	0.0	0.4905	1.03	0.3389	0.7933
194	0.6418	0.0	0.6668	0.3918	0.6418	0.3907
195	0.5656	0.0	0.556	0.7201	0.5656	0.6143
196	0.4976	0.0	0.4926	0.805	0.4976	0.6937
197	0.523	0.0	0.7918	0.7487	0.523	0.639
198	0.5941	0.0	0.7134	0.8413	0.5941	0.7251
199	0.8091	0.0	1.051	0.642	0.8091	0.507
200	0.4072	0.0	0.4839	0.4873	0.4072	0.3711
201	0.7327	0.0	1.091	0.794	0.7327	0.596
202	0.3894	0.0	0.4554	0.7323	0.3894	0.5516
203	0.5585	0.0	0.7179	0.8618	0.5585	0.7328
204	0.5714	0.0	0.6957	1.153	0.5714	0.7411
205	0.5906	0.0	0.6162	0.4143	0.5906	0.3634
206	0.3665	0.0	0.4175	0.49	0.3665	0.4821
207	0.6324	0.0	0.8392	0.886	0.6324	0.6801
208	0.6027	0.0	0.6162	0.6159	0.6027	0.4126
209	0.5594	0.0	0.5885	0.6711	0.5594	0.4754
210	0.6031	0.0	0.7826	0.8736	0.6031	0.5961
211	0.8584	0.0	1.036	0.9536	0.8584	0.7542
212	0.6056	0.0	0.7019	0.6253	0.6056	0.5345
213	0.5893	0.0	0.7656	1.321	0.5893	0.9456
214	0.4856	0.0	0.5332	0.8565	0.4856	0.6961
215	0.3028	0.0	0.329	0.2931	0.3028	0.2567
216	0.4969	0.0	0.6247	0.5344	0.4969	0.3899
217	0.7396	0.0	1.045	1.143	0.7396	0.7941
218	0.4559	0.0	0.6768	0.6625	0.4559	0.4256
219	0.5416	0.0	0.6377	0.7393	0.5416	0.614
220	0.3849	0.0	0.4645	0.6152	0.3849	0.5453
221	0.5764	0.0	0.6918	0.6144	0.5764	0.6174
222	0.6169	0.0	0.6858	0.4784	0.6169	0.3995
223	0.4922	0.0	0.5755	0.7368	0.4922	0.6107
224	0.5492	0.0	0.7362	0.7104	0.5492	0.4128
225	0.6041	0.0	0.7164	0.5285	0.6041	0.432
226	0.6929	0.0	0.9816	0.4936	0.6929	0.4577
227	0.558	0.0	0.613	0.4059	0.558	0.3643
228	0.5668	0.0	0.5506	0.4845	0.5668	0.422
229	0.4494	0.0	0.5585	0.4146	0.4494	0.3951
230	0.4912	0.0	0.6946	0.6286	0.4912	0.4994
231	0.4828	0.0	0.645	0.751	0.4828	0.6093
232	0.551	0.0	0.701	0.9368	0.551	0.7131
233	0.5607	0.0	0.6374	0.542	0.5607	0.4517
234	0.374	0.0	0.4744	0.7068	0.374	0.5915
235	0.671	0.0	0.7173	0.5278	0.671	0.4479
236	0.6092	0.0	0.705	0.7848	0.6092	0.6372
237	0.8343	0.0	0.9218	0.4894	0.8343	0.4083
238	0.543	0.0	0.3731	0.8645	0.543	0.7421
239	0.5018	0.0	0.697	0.7605	0.5018	0.694
240	0.5794	0.0	0.7936	0.7434	0.5794	0.6513
241	0.5391	0.0	0.7367	0.6335	0.5391	0.5865
242	0.4927	0.0	0.5328	0.5701	0.4927	0.4678
243	0.6308	0.0	0.6523	0.7759	0.6308	0.6753
244	0.634	0.0	0.8348	1.064	0.634	0.7755
245	0.4219	0.0	0.5404	0.5366	0.4219	0.3372
246	0.6988	0.0	0.8068	0.3682	0.6988	0.3944
247	0.5995	0.0	0.7094	1.077	0.5995	0.8524
248	0.3961	0.0	0.4609	0.4742	0.3961	0.3816
249	0.6063	0.0	0.7703	0.6824	0.6063	0.4969
250	0.5242	0.0	0.6635	0.8424	0.5242	0.5905
251	0.3369	0.0	0.375	0.693	0.3369	0.5924
252	0.8744	0.0	1.037	0.6582	0.8744	0.5649
253	0.2199	0.0	0.4043	0.3154	0.2199	0.1671
254	0.2852	0.0	0.33	0.4974	0.2852	0.4647
255	0.552	0.0	0.5684	0.5121	0.552	0.5021
256	0.3414	0.0	0.4512	0.8729	0.3414	0.5518
257	0.3484	0.0	0.3967	0.596	0.3484	0.3989
258	0.5035	0.0	0.6	0.4258	0.5035	0.3778
259	0.684	0.0	0.752	0.5066	0.684	0.4389
260	0.06556	0.0	0.1705	0.3024	0.06556	0.2363
261	0.5942	0.0	0.6235	0.6161	0.5942	0.4802
262	0.5242	0.0	0.6637	0.4218	0.5242	0.3392
263	0.4038	0.0	0.5437	0.7182	0.4038	0.5002
264	0.3471	0.0	0.4375	0.6724	0.3471	0.5379
265	0.5477	0.0	0.6083	0.7407	0.5477	0.6313
266	0.4767	0.0	0.6483	0.4002	0.4767	0.3662
267	0.4802	0.0	0.6356	0.7499	0.4802	0.5878
268	0.8021	0.0	0.9329	0.8679	0.8021	0.6755
269	0.488	0.0	0.5898	0.9134	0.488	0.7358
270	0.6042	0.0	0.7134	0.4786	0.6042	0.4212
271	0.4955	0.0	0.6285	0.7549	0.4955	0.6369
272	0.5631	0.0	0.5508	0.6951	0.5631	0.6069
273	0.5295	0.0	0.6901	0.622	0.5295	0.5223
274	0.4307	0.0	0.4626	0.5944	0.4307	0.5669
275	0.4112	0.0	0.5579	0.8003	0.4112	0.5999
276	0.3439	0.0	0.4016	0.8802	0.3439	0.7252
277	0.4713	0.0	0.5537	0.5057	0.4713	0.4087
278	0.5404	0.0	0.7203	0.5871	0.5404	0.4305
279	0.5451	0.0	0.6288	0.5522	0.5451	0.3451
280	0.3886	0.0	0.4398	0.6221	0.3886	0.6526
281	0.2995	0.0	0.384	0.6617	0.2995	0.5185
282	0.391	0.0	0.5203	0.713	0.391	0.478
283	0.6276	0.0	0.8322	1.017	0.6276	0.7823
284	0.4961	0.0	0.5875	0.8116	0.4961	0.6097
285	0.303	0.0	0.4741	0.5314	0.303	0.4377
286	0.6426	0.0	0.8658	0.8653	0.6426	0.8538
287	0.1764	0.0	0.2335	0.7427	0.1764	0.5332
288	0.3708	0.0	0.4122	0.3455	0.3708	0.326
289	0.3393	0.0	0.4084	0.6096	0.3393	0.5034
290	0.6227	0.0	0.7101	0.9634	0.6227	0.7329
291	0.3523	0.0	0.5685	0.6781	0.3523	0.5597
292	0.5922	0.0	0.8669	0.7773	0.5922	0.6336
293	0.7978	0.0	1.063	0.7428	0.7978	0.6804
294	0.5439	0.0	0.6328	0.6285	0.5439	0.5679
295	0.6199	0.0	0.8128	0.5077	0.6199	0.3339
296	0.9343	0.0	1.245	1.024	0.9343	0.7332
297	0.5653	0.0	0.8187	0.7414	0.5653	0.4892
298	0.4634	0.0	0.5737	0.4118	0.4634	0.4014
299	0.5573	0.0	0.6338	0.4575	0.5573	0.3904
300	0.5383	0.0	0.637	0.525	0.5383	0.457
301	0.3261	0.0	0.4951	0.409	0.3261	0.3355
302	0.5816	0.0	0.6293	0.6021	0.5816	0.5131
303	0.5448	0.0	0.6155	0.7035	0.5448	0.5414
304	0.6842	0.0	0.8463	0.731	0.6842	0.6403
305	0.5647	0.0	0.683	0.759	0.5647	0.4526
306	0.5978	0.0	0.6017	0.4677	0.5978	0.4488
307	0.5369	0.0	0.6609	0.7541	0.5369	0.7057
308	0.4097	0.0	0.5315	0.5677	0.4097	0.5104
309	0.4002	0.0	0.3636	0.4145	0.4002	0.3576
310	0.4764	0.0	0.4635	0.7036	0.4764	0.555
311	0.3422	0.0	0.3977	0.6612	0.3422	0.4639
312	0.2857	0.0	0.4019	0.4566	0.2857	0.4103
313	0.365	0.0	0.3926	0.6012	0.365	0.5012
314	0.4225	0.0	0.5605	0.8422	0.4225	0.6423
315	0.2642	0.0	0.5116	0.4391	0.2642	0.3145
316	0.6909	0.0	0.8297	0.7532	0.6909	0.675
317	0.5497	0.0	0.841	0.7736	0.5497	0.5828
318	0.2699	0.0	0.3166	0.6019	0.2699	0.5641
319	0.199	0.0	0.212	0.526	0.199	0.4388
320	0.6698	0.0	0.9106	1.021	0.6698	0.8238
321	0.4294	0.0	0.5998	1.084	0.4294	0.9939
322	0.2527	0.0	0.3978	0.3378	0.2527	0.2271
323	0.4837	0.0	0.536	0.7778	0.4837	0.6274
324	0.4538	0.0	0.5071	0.6326	0.4538	0.5704
325	0.6741	0.0	0.6648	0.834	0.6741	0.7736
326	0.4186	0.0	0.6221	0.5639	0.4186	0.4367
327	0.5495	0.0	0.7894	0.5546	0.5495	0.5592
328	0.2712	0.0	0.4224	0.8371	0.2712	0.5751
329	0.4602	0.0	0.5354	0.8271	0.4602	0.7466
330	0.6478	0.0	0.8174	1.061	0.6478	0.5667
331	0.3311	0.0	0.4799	0.4753	0.3311	0.4299
332	0.2901	0.0	0.3352	0.3114	0.2901	0.2982
333	0.2381	0.0	0.2929	0.3044	0.2381	0.2967
334	0.5917	0.0	0.6972	0.6493	0.5917	0.5243
335	0.3913	0.0	0.4206	0.8343	0.3913	0.7367
336	0.2921	0.0	0.3593	0.8545	0.2921	0.6852
337	0.5438	0.0	0.6192	0.6604	0.5438	0.6039
338	0.5943	0.0	0.7338	0.5112	0.5943	0.4587
339	0.283	0.0	0.3119	0.7288	0.283	0.6114
340	0.367	0.0	0.4395	0.6091	0.367	0.5046
341	0.5374	0.0	0.5924	0.456	0.5374	0.3768
342	0.5764	0.0	0.6409	0.7822	0.5764	0.6549
343	0.4553	0.0	0.6837	0.5821	0.4553	0.4218
344	0.52	0.0	0.6777	1.023	0.52	0.763
345	0.3369	0.0	0.3377	0.2728	0.3369	0.3296
346	0.5184	0.0	0.572	0.4399	0.5184	0.4109
347	0.3945	0.0	0.4594	0.4196	0.3945	0.3676
348	0.5019	0.0	0.5989	0.8473	0.5019	0.6403
349	0.2895	0.0	0.3533	0.8312	0.2895	0.474
350	0.5168	0.0	0.5431	0.3998	0.5168	0.3731
351	0.5952	0.0	0.7017	0.78	0.5952	0.5735
352	0.4306	0.0	0.523	0.8472	0.4306	0.6774
353	0.4044	0.0	0.5138	0.6689	0.4044	0.5724
354	0.5873	0.0	0.821	0.6444	0.5873	0.5523
355	0.4603	0.0	0.4965	0.3215	0.4603	0.277
356	0.4555	0.0	0.5485	0.6135	0.4555	0.5994
357	0.1628	0.0	0.4657	0.7382	0.1628	0.5271
358	0.5621	0.0	0.7213	0.6655	0.5621	0.5858
359	0.589	0.0	0.6168	0.5436	0.589	0.4143
360	0.5349	0.0	0.6529	0.7402	0.5349	0.5078
361	0.6468	0.0	0.8187	0.7813	0.6468	0.6482
362	0.3656	0.0	0.3842	0.32	0.3656	0.3037
363	0.6273	0.0	0.6794	0.5399	0.6273	0.4787
364	0.09838	0.0	0.1913	0.3838	0.09838	0.1792
365	0.3171	0.0	0.4266	0.6205	0.3171	0.5698
366	0.346	0.0	0.3978	0.6836	0.346	0.6116
367	0.3619	0.0	0.4285	0.4288	0.3619	0.4001
368	0.3912	0.0	0.4724	0.5068	0.3912	0.4843
369	0.4382	0.0	0.4751	0.489	0.4382	0.4794
370	0.4074	0.0	0.5564	0.6224	0.4074	0.5236
371	0.5971	0.0	1.026	0.5388	0.5971	0.4572
372	0.2819	0.0	0.4092	0.6794	0.2819	0.4594
373	0.4244	0.0	0.6451	0.9819	0.4244	0.7575
374	0.323	0.0	0.346	0.4984	0.323	0.4731
375	0.3752	0.0	0.406	0.546	0.3752	0.4649
376	0.3069	0.0	0.4465	0.5005	0.3069	0.4651
377	0.4033	0.0	0.4674	0.4618	0.4033	0.4033
378	0.4982	0.0	0.5967	0.9095	0.4982	0.7844
379	0.7537	0.0	0.8813	1.126	0.7537	0.8953
380	0.3736	0.0	0.6187	0.6081	0.3736	0.4554
381	0.4295	0.0	0.5606	0.2979	0.4295	0.2857
382	0.6982	0.0	0.8802	0.7861	0.6982	0.5902
383	0.3565	0.0	0.3919	0.5954	0.3565	0.5316
384	0.5838	0.0	0.6605	0.3398	0.5838	0.3286
385	0.5479	0.0	0.5934	0.3482	0.5479	0.3187
386	0.4	0.0	0.7703	0.697	0.4	0.5216
387	0.7337	0.0	0.9042	1.13	0.7337	0.7744
388	0.8503	0.0	1.318	0.6743	0.8503	0.6651
389	0.6118	0.0	0.7492	0.8056	0.6118	0.6148
390	0.5351	0.0	0.6703	0.8187	0.5351	0.527
391	0.3674	0.0	0.5274	0.2803	0.3674	0.2031
392	0.4582	0.0	0.5186	0.4441	0.4582	0.3957
393	0.5063	0.0	0.5422	0.2642	0.5063	0.2106
394	0.5152	0.0	0.5685	0.6909	0.5152	0.5985
395	0.491	0.0	0.6987	0.6256	0.491	0.4888
396	0.4209	0.0	0.5454	0.3574	0.4209	0.295
397	0.5744	0.0	0.5602	0.853	0.5744	0.719
398	0.381	0.0	0.4443	0.382	0.381	0.3419
399	0.3791	0.0	0.5457	0.7939	0.3791	0.5153
400	0.6693	0.0	0.8825	0.5707	0.6693	0.4354
401	0.3041	0.0	0.4412	0.7379	0.3041	0.4331
402	0.5431	0.0	0.6027	0.5124	0.5431	0.4019
403	0.4545	0.0	0.4899	0.5023	0.4545	0.4674
404	0.509	0.0	0.5403	0.774	0.509	0.6462
405	0.7037	0.0	0.8242	0.5815	0.7037	0.428
406	0.5708	0.0	0.7115	0.6276	0.5708	0.589
407	0.4316	0.0	0.6313	0.9324	0.4316	0.6877
408	0.4232	0.0	0.5225	0.5865	0.4232	0.4349
409	0.4711	0.0	0.6206	0.436	0.4711	0.2653
410	0.2194	0.0	0.2628	0.728	0.2194	0.6084
411	0.4246	0.0	0.5358	0.7251	0.4246	0.6871
412	0.6908	0.0	0.8575	0.9698	0.6908	0.5959
413	0.3268	0.0	0.4974	0.3636	0.3268	0.3095
414	0.4531	0.0	0.4798	0.3555	0.4531	0.3355
415	0.6139	0.0	0.7762	0.7618	0.6139	0.6204
416	0.3157	0.0	0.5392	0.4732	0.3157	0.2963
417	0.723	0.0	0.8288	0.6363	0.723	0.5052
418	0.4805	0.0	0.5788	0.7167	0.4805	0.5606
419	0.5632	0.0	0.8222	0.5494	0.5632	0.4148
420	0.3976	0.0	0.4613	0.6627	0.3976	0.5434
421	0.8302	0.0	0.8624	1.06	0.8302	0.7999
422	0.4755	0.0	0.5405	0.3441	0.4755	0.3022
423	0.6576	0.0	0.7028	0.3691	0.6576	0.4258
424	0.5865	0.0	0.8612	0.655	0.5865	0.4817
425	0.1802	0.0	0.1896	0.906	0.1802	0.7171
426	0.43	0.0	0.5038	0.558	0.43	0.35
427	0.4874	0.0	0.5545	0.6926	0.4874	0.5509
428	0.2782	0.0	0.3297	0.4224	0.2782	0.4068
429	0.6198	0.0	0.7735	0.5133	0.6198	0.436
430	0.5405	0.0	0.5707	0.789	0.5405	0.6926
431	0.6034	0.0	0.7171	0.4059	0.6034	0.2974
432	0.6949	0.0	0.8471	0.6912	0.6949	0.608
433	0.3723	0.0	0.4101	0.4604	0.3723	0.4065
434	0.5483	0.0	0.8133	0.7484	0.5483	0.4758
435	0.3792	0.0	0.4734	0.4589	0.3792	0.3952
436	0.5548	0.0	0.6061	0.3047	0.5548	0.2849
437	0.2082	0.0	0.234	0.2355	0.2082	0.2037
438	0.3619	0.0	0.431	1.032	0.3619	0.7062
439	0.2955	0.0	0.4084	0.4539	0.2955	0.4002
440	0.4074	0.0	0.5252	0.873	0.4074	0.6733
441	0.5081	0.0	0.5494	0.5696	0.5081	0.4939
442	0.3593	0.0	0.518	0.7113	0.3593	0.6054
443	0.3758	0.0	0.4894	0.526	0.3758	0.4095
444	0.4402	0.0	0.609	0.374	0.4402	0.3449
445	0.4929	0.0	0.5377	0.4199	0.4929	0.3567
446	0.6296	0.0	0.8618	0.7108	0.6296	0.6379
447	0.3679	0.0	0.5762	0.4357	0.3679	0.4051
448	0.5937	0.0	0.6904	0.5719	0.5937	0.3704
449	0.3154	0.0	0.4125	0.7936	0.3154	0.6446
450	0.4502	0.0	0.4982	0.3891	0.4502	0.3514
451	0.496	0.0	0.5357	0.6834	0.496	0.5987
452	0.603	0.0	0.8341	0.7825	0.603	0.6232
453	0.5227	0.0	0.5466	0.4376	0.5227	0.3567
454	0.2873	0.0	0.3128	0.6975	0.2873	0.5163
455	0.586	0.0	0.7242	0.8346	0.586	0.7416
456	0.3024	0.0	0.3824	0.732	0.3024	0.5007
457	0.3458	0.0	0.4175	0.6255	0.3458	0.4825
458	0.449	0.0	0.5178	0.4508	0.449	0.4108
459	0.4716	0.0	0.5024	0.3631	0.4716	0.2996
460	0.3907	0.0	0.4262	0.5122	0.3907	0.4367
461	0.1874	0.0	0.4364	0.2904	0.1874	0.1833
462	0.4679	0.0	0.5574	0.5627	0.4679	0.4718
463	0.5794	0.0	0.998	0.4609	0.5794	0.4415
464	0.4163	0.0	0.5492	0.6966	0.4163	0.5781
465	0.2802	0.0	0.3807	1.015	0.2802	0.8459
466	0.3114	0.0	0.3714	0.4631	0.3114	0.3918
467	0.7565	0.0	0.8553	0.3854	0.7565	0.3251
468	0.2947	0.0	0.3476	0.5308	0.2947	0.4477
469	0.7648	0.0	0.8777	0.6286	0.7648	0.5145
470	0.4113	0.0	0.4322	0.5131	0.4113	0.4264
471	0.3812	0.0	0.4369	0.6684	0.3812	0.6075
472	0.4151	0.0	0.4251	0.4197	0.4151	0.3725
473	0.5186	0.0	0.563	0.5974	0.5186	0.5432
474	0.408	0.0	0.4812	0.3865	0.408	0.3373
475	0.5114	0.0	0.6993	0.6072	0.5114	0.5001
476	0.6857	0.0	0.8224	0.6126	0.6857	0.5512
477	0.3831	0.0	0.4476	0.7076	0.3831	0.6078
478	0.3129	0.0	0.3469	0.512	0.3129	0.4506
479	0.3203	0.0	0.3864	0.5242	0.3203	0.4362
480	0.4214	0.0	0.4939	0.754	0.4214	0.6646
481	0.401	0.0	0.4933	0.8012	0.401	0.6363
482	0.4399	0.0	0.5297	0.9197	0.4399	0.8926
483	0.7337	0.0	0.9926	0.7124	0.7337	0.5567
484	0.1731	0.0	0.3755	0.4094	0.1731	0.281
485	0.4149	0.0	0.4871	0.33	0.4149	0.2871
486	0.3543	0.0	0.4121	0.5096	0.3543	0.4212
487	0.3821	0.0	0.4813	0.413	0.3821	0.2781
488	0.3755	0.0	0.4466	0.3073	0.3755	0.231
489	0.6031	0.0	0.6864	0.4863	0.6031	0.439
490	0.5614	0.0	0.5489	0.6708	0.5614	0.4896
491	0.5234	0.0	0.6211	0.9457	0.5234	0.8419
492	0.1528	0.0	0.2006	0.1288	0.1528	0.07516
493	0.2957	0.0	0.5451	1.117	0.2957	0.8391
494	0.4589	0.0	0.628	0.5893	0.4589	0.5122
495	0.4982	0.0	0.641	0.6649	0.4982	0.5726
496	0.648	0.0	0.5405	0.7559	0.648	0.5884
497	0.3315	0.0	0.3954	0.7263	0.3315	0.6196
498	0.5255	0.0	0.6209	0.5784	0.5255	0.5033
499	0.4568	0.0	0.5671	0.8247	0.4568	0.4822
500	0.3688	0.0	0.4235	0.2625	0.3688	0.2357
501	0.3817	0.0	0.4672	0.5224	0.3817	0.5634
502	0.4503	0.0	0.52	0.4072	0.4503	0.3751
503	0.4898	0.0	0.5656	0.7051	0.4898	0.5665
504	0.5602	0.0	0.739	1.112	0.5602	0.8176
505	1.321	0.0	1.302	0.722	1.321	0.593
506	0.3469	0.0	0.3842	0.5152	0.3469	0.4406
507	0.3264	0.0	0.3199	0.4267	0.3264	0.399
508	0.5489	0.0	0.6296	0.4338	0.5489	0.3571
509	0.2437	0.0	0.2981	0.7112	0.2437	0.6206
510	0.4719	0.0	0.5388	0.6143	0.4719	0.5504
511	0.5024	0.0	0.5634	0.5576	0.5024	0.4883
512	0.4009	0.0	0.4792	0.5823	0.4009	0.4114
513	0.3519	0.0	0.5492	0.5479	0.3519	0.4392
514	0.3415	0.0	0.4249	0.6921	0.3415	0.5705
515	0.5566	0.0	0.6255	0.4453	0.5566	0.4117
516	0.9781	0.0	1.148	1.382	0.9781	0.7848
517	0.3634	0.0	0.4847	0.4995	0.3634	0.4321
518	0.5147	0.0	0.5823	0.5126	0.5147	0.4313
519	0.4263	0.0	0.5998	0.4184	0.4263	0.3953
520	0.3673	0.0	0.4442	0.3734	0.3673	0.3207
521	0.4456	0.0	0.5348	0.6431	0.4456	0.5075
522	0.3597	0.0	0.4378	0.738	0.3597	0.6512
523	0.5849	0.0	0.7798	0.7895	0.5849	0.6313
524	0.5271	0.0	0.5406	0.8389	0.5271	0.7605
525	0.7731	0.0	1.113	0.8904	0.7731	0.78
526	0.4846	0.0	0.5892	0.6445	0.4846	0.5425
527	0.2029	0.0	0.2303	0.3877	0.2029	0.3919
528	0.7843	0.0	0.908	1.139	0.7843	0.7817
529	0.694	0.0	0.8391	0.9271	0.694	0.758
530	0.458	0.0	0.6232	0.521	0.458	0.3296
531	0.549	0.0	0.6226	0.5416	0.549	0.4522
532	0.2888	0.0	0.3475	0.6349	0.2888	0.5428
533	0.6256	0.0	0.7544	0.9205	0.6256	0.63
534	0.5301	0.0	0.6443	0.3603	0.5301	0.2759
535	0.5696	0.0	0.6713	0.5336	0.5696	0.3815
536	0.6399	0.0	0.8153	0.8013	0.6399	0.6893
537	0.4337	0.0	0.4843	0.5448	0.4337	0.4681
538	0.5065	0.0	0.7065	0.9828	0.5065	0.7113
539	0.6396	0.0	0.7755	0.6437	0.6396	0.5355
540	0.2677	0.0	0.4035	0.3008	0.2677	0.1775
541	0.3125	0.0	0.3838	0.3417	0.3125	0.2689
542	0.4266	0.0	0.498	0.741	0.4266	0.5681
543	0.3893	0.0	0.5031	0.5918	0.3893	0.5433
544	0.5126	0.0	0.5695	0.5804	0.5126	0.5138
545	0.366	0.0	0.4143	0.5426	0.366	0.4703
546	0.4832	0.0	0.5913	0.727	0.4832	0.6451
547	0.5799	0.0	0.6571	0.6724	0.5799	0.576
548	0.5827	0.0	0.6463	0.6291	0.5827	0.5729
549	0.48	0.0	0.5792	0.666	0.48	0.6062
550	0.6652	0.0	0.7532	0.4933	0.6652	0.3958
551	0.5964	0.0	0.6872	0.7477	0.5964	0.5557
552	0.3899	0.0	0.4933	0.5304	0.3899	0.3834
553	0.396	0.0	0.4484	0.7264	0.396	0.5551
554	0.5476	0.0	0.6251	0.5781	0.5476	0.5012
555	0.4302	0.0	0.5121	0.4538	0.4302	0.393
556	0.5082	0.0	0.5992	0.7096	0.5082	0.6151
557	0.3199	0.0	0.396	0.6997	0.3199	0.5099
558	0.4488	0.0	0.5452	0.3348	0.4488	0.306
559	0.7381	0.0	0.8141	0.9634	0.7381	0.7271
560	0.4277	0.0	0.5015	1.171	0.4277	0.7448
561	0.4134	0.0	0.5565	0.4157	0.4134	0.3781
562	0.4728	0.0	0.5106	0.4993	0.4728	0.4195
563	0.5915	0.0	0.7325	0.4288	0.5915	0.3232
564	0.4109	0.0	0.4607	0.5091	0.4109	0.4091
565	0.6418	0.0	0.7843	0.5553	0.6418	0.4041
566	0.5626	0.0	0.6868	0.6515	0.5626	0.5757
567	0.9276	0.0	0.8109	0.8124	0.9276	0.635
568	0.604	0.0	0.7196	0.6933	0.604	0.4923
569	0.3219	0.0	0.3635	0.6516	0.3219	0.5336
570	0.3938	0.0	0.4216	0.5793	0.3938	0.5046
571	0.62	0.0	0.6806	0.3992	0.62	0.3437
572	0.6644	0.0	0.7105	0.6381	0.6644	0.3873
573	0.4491	0.0	0.4974	0.5757	0.4491	0.496
574	0.3532	0.0	0.3954	0.4138	0.3532	0.3328
575	0.6581	0.0	0.7149	0.4746	0.6581	0.4258
576	0.3973	0.0	0.4335	0.5097	0.3973	0.4443
577	0.3037	0.0	0.3686	0.3978	0.3037	0.3737
578	0.2648	0.0	0.3103	0.5531	0.2648	0.4247
579	0.552	0.0	0.6485	1.31	0.552	0.7659
580	0.6553	0.0	0.6965	0.9029	0.6553	0.8635
581	0.4383	0.0	0.5211	0.7529	0.4383	0.7867
582	0.453	0.0	0.4633	0.602	0.453	0.554
583	0.4092	0.0	0.5151	0.5313	0.4092	0.4432
584	0.5514	0.0	0.6168	0.3639	0.5514	0.3476
585	0.4292	0.0	0.509	0.5703	0.4292	0.4993
586	0.4319	0.0	0.5078	0.4164	0.4319	0.3564
587	0.7489	0.0	0.8481	0.7262	0.7489	0.6097
588	0.772	0.0	1.015	0.7075	0.772	0.521
589	0.3767	0.0	0.4361	0.6281	0.3767	0.6043
590	0.6176	0.0	0.6966	0.4501	0.6176	0.3637
591	0.469	0.0	0.626	0.5475	0.469	0.5113
592	0.3331	0.0	0.4067	0.4036	0.3331	0.2902
593	0.6207	0.0	0.6599	0.4672	0.6207	0.3978
594	0.4842	0.0	0.6898	0.5839	0.4842	0.5238
595	0.5485	0.0	0.7038	0.8087	0.5485	0.7722
596	0.6436	0.0	0.7627	0.3818	0.6436	0.3436
597	0.5109	0.0	0.6153	1.295	0.5109	0.7638
598	0.7179	0.0	0.8654	0.7241	0.7179	0.601
599	0.3644	0.0	0.4912	0.461	0.3644	0.3795
600	0.4571	0.0	0.5086	0.3731	0.4571	0.3426
601	0.5204	0.0	0.6856	0.3895	0.5204	0.3566
602	0.7039	0.0	0.8039	0.6373	0.7039	0.5718
603	0.335	0.0	0.4122	0.511	0.335	0.3804
604	0.4251	0.0	0.5879	0.757	0.4251	0.6435
605	0.2421	0.0	0.2067	0.941	0.2421	0.8023
606	0.345	0.0	0.3897	0.4998	0.345	0.3363
607	0.5153	0.0	0.6213	0.5995	0.5153	0.4728
608	0.8277	0.0	1.17	1.026	0.8277	0.7383
609	0.4786	0.0	0.6355	0.6602	0.4786	0.6463
610	0.3776	0.0	0.4096	0.6113	0.3776	0.5368
611	0.4198	0.0	0.4835	0.5036	0.4198	0.4078
612	0.4695	0.0	0.6086	0.5459	0.4695	0.4189
613	0.5351	0.0	0.6541	0.8493	0.5351	0.6829
614	0.5428	0.0	0.6317	0.6217	0.5428	0.5514
615	0.4853	0.0	0.5212	0.5294	0.4853	0.4557
616	0.6017	0.0	0.6949	0.5943	0.6017	0.5168
617	0.6561	0.0	0.8292	0.6036	0.6561	0.5667
618	0.5749	0.0	0.6625	0.7269	0.5749	0.608
619	0.4961	0.0	0.538	0.4949	0.4961	0.411
620	0.3523	0.0	0.4178	0.7647	0.3523	0.6826
621	0.3538	0.0	0.3638	0.3426	0.3538	0.3018
622	0.4584	0.0	0.5385	0.5207	0.4584	0.4503
623	0.3221	0.0	0.3084	0.7109	0.3221	0.6345
624	0.2826	0.0	0.3547	0.4289	0.2826	0.3624
625	0.425	0.0	0.6249	0.7234	0.425	0.6061
626	0.4809	0.0	0.5961	0.317	0.4809	0.3152
627	0.532	0.0	0.7098	0.4972	0.532	0.4414
628	0.411	0.0	0.4972	0.6028	0.411	0.5839
629	0.7364	0.0	0.7595	0.8183	0.7364	0.5383
630	0.4796	0.0	0.5777	0.3047	0.4796	0.2901
631	0.2601	0.0	0.3141	0.1871	0.2601	0.2266
632	0.4707	0.0	0.5566	0.8269	0.4707	0.6294
633	0.5245	0.0	0.697	0.3206	0.5245	0.2544
634	0.2759	0.0	0.3457	0.7946	0.2759	0.6543
635	0.2944	0.0	0.3742	0.4867	0.2944	0.4456
636	0.5142	0.0	0.5879	0.3459	0.5142	0.3326
637	0.5357	0.0	0.8815	0.7409	0.5357	0.6344
638	0.4247	0.0	0.4711	0.5314	0.4247	0.4148
639	0.3202	0.0	0.3386	0.4518	0.3202	0.4128
640	0.5235	0.0	0.6442	0.4857	0.5235	0.429
641	0.3806	0.0	0.509	0.6624	0.3806	0.5103
642	0.5796	0.0	0.7425	0.4411	0.5796	0.4288
643	0.7066	0.0	0.7954	0.4455	0.7066	0.4275
644	0.3289	0.0	0.5975	0.455	0.3289	0.3273
645	0.3973	0.0	0.6916	0.3911	0.3973	0.3607
646	0.577	0.0	0.7119	0.7887	0.577	0.6279
647	0.6362	0.0	0.7772	0.9008	0.6362	0.7607
648	0.2218	0.0	0.315	0.6025	0.2218	0.4817
649	0.4352	0.0	0.4725	0.5044	0.4352	0.4468
650	0.5359	0.0	0.6669	0.4001	0.5359	0.3589
651	0.6316	0.0	0.7423	0.4948	0.6316	0.4119
652	0.4308	0.0	0.5238	0.2673	0.4308	0.1892
653	0.4433	0.0	0.5098	0.3596	0.4433	0.3385
654	0.2743	0.0	0.4153	0.839	0.2743	0.5879
655	0.4104	0.0	0.627	0.7869	0.4104	0.5452
656	0.435	0.0	0.5712	0.6009	0.435	0.5271
657	0.2822	0.0	0.349	0.5986	0.2822	0.4533
658	0.41	0.0	0.4564	0.7906	0.41	0.639
659	0.3908	0.0	0.4829	0.6424	0.3908	0.5706
660	0.3753	0.0	0.4164	0.7248	0.3753	0.6213
661	0.3582	0.0	0.4279	0.7232	0.3582	0.5793
662	0.3835	0.0	0.4287	0.3616	0.3835	0.3562
663	0.5124	0.0	0.6224	0.7377	0.5124	0.5734
664	0.441	0.0	0.458	0.8245	0.441	0.609
665	0.547	0.0	0.6358	0.5061	0.547	0.3824
666	0.6612	0.0	0.72	0.9531	0.6612	0.7099
667	0.3438	0.0	0.3684	0.3395	0.3438	0.3001
668	0.5611	0.0	0.6158	0.8385	0.5611	0.7558
669	0.4339	0.0	0.6876	0.6817	0.4339	0.4824
670	0.4735	0.0	0.5523	0.4448	0.4735	0.311
671	0.3334	0.0	0.4117	0.5165	0.3334	0.3902
672	0.4587	0.0	0.5336	0.679	0.4587	0.5205
673	0.3979	0.0	0.4609	0.6876	0.3979	0.5745
674	0.3123	0.0	0.3823	0.3807	0.3123	0.3322
675	0.5978	0.0	0.7493	0.3507	0.5978	0.339
676	0.2173	0.0	0.3009	0.3469	0.2173	0.2902
677	0.5282	0.0	0.5975	0.7021	0.5282	0.5755
678	0.3551	0.0	0.3933	0.5334	0.3551	0.4791
679	0.6307	0.0	0.7409	0.9172	0.6307	0.8327
680	0.3073	0.0	0.3423	0.5068	0.3073	0.4343
681	0.4217	0.0	0.496	0.5822	0.4217	0.5626
682	0.5001	0.0	0.571	0.7354	0.5001	0.5697
683	1.665	0.0	2.436	0.6115	1.665	0.5708
684	0.5663	0.0	0.6869	0.5552	0.5663	0.537
685	0.6392	0.0	0.8261	0.7744	0.6392	0.6111
686	0.3423	0.0	0.4271	0.3361	0.3423	0.313
687	0.3096	0.0	0.3875	0.2905	0.3096	0.2632
688	0.5115	0.0	0.5574	0.6003	0.5115	0.4514
689	0.3424	0.0	0.4197	0.5534	0.3424	0.4465
690	0.412	0.0	0.4912	0.5305	0.412	0.4331
691	0.6835	0.0	0.8433	0.896	0.6835	0.8677
692	0.2784	0.0	0.4012	0.432	0.2784	0.3287
693	0.4563	0.0	0.4608	0.396	0.4563	0.3688
694	0.4643	0.0	0.5845	0.484	0.4643	0.3504
695	0.4224	0.0	0.4587	0.5686	0.4224	0.3809
696	0.489	0.0	0.5565	0.6491	0.489	0.5132
697	0.4368	0.0	0.4951	0.3893	0.4368	0.3307
698	0.2679	0.0	0.3292	0.6507	0.2679	0.5077
699	0.7182	0.0	0.9176	0.7021	0.7182	0.6112
700	0.3143	0.0	0.3657	0.4678	0.3143	0.4723
701	0.496	0.0	0.7065	0.42	0.496	0.2452
702	0.4374	0.0	0.4389	0.7947	0.4374	0.6775
703	0.5884	0.0	0.8058	0.6419	0.5884	0.4948
704	0.3547	0.0	0.3511	0.5774	0.3547	0.5195
705	0.402	0.0	0.4408	0.4607	0.402	0.345
706	0.471	0.0	0.5346	0.6083	0.471	0.5844
707	0.4086	0.0	0.5401	0.5199	0.4086	0.4827
708	0.7054	0.0	0.8316	0.3631	0.7054	0.2463
709	0.4373	0.0	0.542	0.5686	0.4373	0.4929
710	0.3419	0.0	0.3226	0.7498	0.3419	0.6379
711	0.4318	0.0	0.483	0.6194	0.4318	0.5257
712	0.647	0.0	0.7876	0.4711	0.647	0.3673
713	0.3084	0.0	0.5059	0.6154	0.3084	0.4001
714	0.4263	0.0	0.4924	0.7309	0.4263	0.6183
715	0.2829	0.0	0.3429	0.6013	0.2829	0.5703
716	0.3976	0.0	0.4363	0.4958	0.3976	0.4495
717	0.4972	0.0	0.5964	0.2866	0.4972	0.219
718	0.5064	0.0	0.5744	0.7271	0.5064	0.6078
719	0.4368	0.0	0.4861	0.6017	0.4368	0.5276
720	0.4886	0.0	0.5533	0.3853	0.4886	0.3253
721	0.3964	0.0	0.5704	0.5193	0.3964	0.3593
722	0.4629	0.0	0.7799	0.7964	0.4629	0.601
723	0.4731	0.0	0.596	0.5239	0.4731	0.4714
724	0.5535	0.0	0.6772	0.467	0.5535	0.4393
725	0.3222	0.0	0.4645	0.2663	0.3222	0.2051
726	0.474	0.0	0.4923	0.4857	0.474	0.4457
727	0.8599	0.0	0.7212	0.635	0.8599	0.4844
728	0.5971	0.0	0.604	0.5983	0.5971	0.4831
729	0.4386	0.0	0.5738	0.6604	0.4386	0.5424
730	0.5581	0.0	0.6458	0.4546	0.5581	0.3551
731	0.6505	0.0	0.7852	0.6198	0.6505	0.5005
732	0.4932	0.0	0.5559	0.576	0.4932	0.5275
733	0.5128	0.0	0.6095	0.507	0.5128	0.5368
734	0.3692	0.0	0.44	0.5772	0.3692	0.4944
735	0.3694	0.0	0.3872	0.6178	0.3694	0.5089
736	0.4767	0.0	0.5465	0.9027	0.4767	0.6411
737	0.6953	0.0	0.7748	0.6559	0.6953	0.6349
738	0.3688	0.0	0.5285	0.5871	0.3688	0.4987
739	0.4091	0.0	0.4996	0.5026	0.4091	0.4476
740	0.4803	0.0	0.571	0.6123	0.4803	0.6273
741	0.4571	0.0	0.5876	0.6012	0.4571	0.5541
742	0.4353	0.0	0.5237	0.882	0.4353	0.6153
743	0.4406	0.0	0.5876	0.4323	0.4406	0.379
744	0.4399	0.0	0.5235	0.5828	0.4399	0.4769
745	0.4248	0.0	0.4573	0.5188	0.4248	0.4377
746	0.5363	0.0	0.6597	0.7469	0.5363	0.6147
747	0.5145	0.0	0.5428	0.5002	0.5145	0.4099
748	0.5098	0.0	0.5988	0.4391	0.5098	0.3303
749	0.5052	0.0	0.5334	0.699	0.5052	0.6478
750	0.5273	0.0	0.6637	0.8022	0.5273	0.4942
751	0.3086	0.0	0.3595	0.7134	0.3086	0.6891
752	0.4802	0.0	0.5911	0.5038	0.4802	0.4988
753	0.493	0.0	0.525	0.5743	0.493	0.5173
754	0.288	0.0	0.3161	0.5493	0.288	0.4963
755	0.351	0.0	0.4717	0.4452	0.351	0.3932
756	0.3413	0.0	0.4006	0.4705	0.3413	0.3775
757	0.2664	0.0	0.294	0.5905	0.2664	0.4807
758	0.4649	0.0	0.6442	0.4062	0.4649	0.3252
759	0.3489	0.0	0.4289	0.4718	0.3489	0.3921
760	0.4963	0.0	0.5748	0.3524	0.4963	0.2695
761	0.3412	0.0	0.4134	0.5464	0.3412	0.4703
762	0.5291	0.0	0.6051	0.4566	0.5291	0.3692
763	0.329	0.0	0.435	0.5704	0.329	0.5092
764	0.5952	0.0	0.6813	0.6994	0.5952	0.6344
765	0.3144	0.0	0.4136	0.616	0.3144	0.4783
766	0.4434	0.0	0.475	0.5463	0.4434	0.4314
767	0.5065	0.0	0.5745	0.6335	0.5065	0.5556
768	0.8834	0.0	0.8804	0.3939	0.8834	0.3554
769	0.143	0.0	0.2452	0.709	0.143	0.5649
770	0.508	0.0	0.5169	0.5355	0.508	0.473
771	0.3513	0.0	0.3655	0.5063	0.3513	0.426
772	0.4675	0.0	0.5365	0.795	0.4675	0.6918
773	0.4412	0.0	0.5064	0.6643	0.4412	0.5685
774	0.5027	0.0	0.563	0.5202	0.5027	0.425
775	0.6647	0.0	0.7296	0.5481	0.6647	0.4711
776	0.4379	0.0	0.5548	0.8888	0.4379	0.696
777	0.4656	0.0	0.5388	0.5305	0.4656	0.4722
778	0.5604	0.0	0.6043	0.3594	0.5604	0.3484
779	0.321	0.0	0.379	0.6887	0.321	0.5971
780	0.1468	0.0	0.1932	0.4131	0.1468	0.3392
781	0.4345	0.0	0.5079	0.6117	0.4345	0.5052
782	0.4834	0.0	0.5288	0.5466	0.4834	0.5176
783	0.5019	0.0	0.5999	0.44	0.5019	0.3421
784	0.4003	0.0	0.5017	0.401	0.4003	0.332
785	0.5608	0.0	0.6488	0.7189	0.5608	0.6617
786	0.4493	0.0	0.4849	0.5277	0.4493	0.4357
787	0.7027	0.0	0.7741	0.7135	0.7027	0.6547
788	0.4753	0.0	0.5629	0.6637	0.4753	0.5628
789	0.5595	0.0	0.5942	0.5681	0.5595	0.6057
790	0.3777	0.0	0.397	0.4052	0.3777	0.3516
791	0.3643	0.0	0.4477	0.6314	0.3643	0.5257
792	0.3709	0.0	0.3901	0.3583	0.3709	0.3398
793	0.4013	0.0	0.4822	0.5488	0.4013	0.3851
794	0.4135	0.0	0.4656	0.5827	0.4135	0.4508
795	0.5443	0.0	0.706	0.9298	0.5443	0.7237
796	0.3751	0.0	0.4688	0.7139	0.3751	0.5088
797	0.5186	0.0	0.5993	0.6483	0.5186	0.5753
798	0.3209	0.0	0.3899	0.5043	0.3209	0.471
799	0.5924	0.0	0.686	0.2897	0.5924	0.2758
800	0.3762	0.0	0.4954	0.5403	0.3762	0.5081
801	0.2694	0.0	0.2669	0.7272	0.2694	0.6483
802	0.2695	0.0	0.3733	0.8246	0.2695	0.5664
803	0.8036	0.0	0.9319	0.6942	0.8036	0.5819
804	0.3565	0.0	0.5357	1.103	0.3565	0.9876
805	0.5651	0.0	0.8673	0.6538	0.5651	0.5716
806	0.3947	0.0	0.4379	0.8306	0.3947	0.6551
807	0.4969	0.0	0.6363	0.7925	0.4969	0.5778
808	0.3536	0.0	0.3589	0.4238	0.3536	0.4081
809	0.2876	0.0	0.3538	0.4916	0.2876	0.3714
810	0.4595	0.0	0.5125	0.4397	0.4595	0.4058
811	0.4311	0.0	0.5158	0.7644	0.4311	0.5985
812	0.5819	0.0	0.6769	0.6715	0.5819	0.5091
813	0.5229	0.0	0.5794	0.6734	0.5229	0.5829
814	0.4773	0.0	0.576	0.5889	0.4773	0.495
815	0.5515	0.0	0.683	0.5744	0.5515	0.4405
816	0.4683	0.0	0.514	0.6181	0.4683	0.5033
817	0.5657	0.0	0.6762	0.3836	0.5657	0.31
818	0.4383	0.0	0.4932	0.6292	0.4383	0.6061
819	0.3285	0.0	0.3885	0.4775	0.3285	0.4081
820	0.5416	0.0	0.6557	0.564	0.5416	0.4612
821	0.213	0.0	0.3125	0.36	0.213	0.2996
822	0.3444	0.0	0.3727	0.6914	0.3444	0.6332
823	0.3738	0.0	0.5571	0.5568	0.3738	0.4907
824	0.4067	0.0	0.4668	0.6724	0.4067	0.5713
825	0.2286	0.0	0.338	0.6464	0.2286	0.5251
826	0.5423	0.0	0.6607	0.3609	0.5423	0.3053
827	0.4645	0.0	0.5081	0.3494	0.4645	0.3283
828	0.561	0.0	0.6535	0.435	0.561	0.4431
829	0.4812	0.0	0.7178	0.7437	0.4812	0.5361
830	0.3825	0.0	0.4335	0.5439	0.3825	0.4846
831	0.4488	0.0	0.6293	0.522	0.4488	0.5557
832	0.5111	0.0	0.7837	0.2187	0.5111	0.1996
833	0.4901	0.0	0.6407	0.5863	0.4901	0.556
834	0.2431	0.0	0.384	0.4816	0.2431	0.4117
835	0.3935	0.0	0.4765	0.4902	0.3935	0.3356
836	0.4947	0.0	0.5543	0.5823	0.4947	0.561
837	0.704	0.0	0.796	0.6333	0.704	0.5352
838	0.6003	0.0	0.712	0.6338	0.6003	0.5563
839	0.645	0.0	0.792	0.4285	0.645	0.3847
840	0.393	0.0	0.4912	0.5488	0.393	0.522
841	0.6085	0.0	0.7485	0.8407	0.6085	0.6864
842	0.1775	0.0	0.31	0.4768	0.1775	0.351
843	0.3988	0.0	0.457	0.5862	0.3988	0.557
844	0.362	0.0	0.3902	0.6058	0.362	0.5495
845	0.4677	0.0	0.6213	0.4286	0.4677	0.3911
846	0.4545	0.0	0.5937	0.621	0.4545	0.5515
847	0.4769	0.0	0.5712	0.505	0.4769	0.4405
848	0.4871	0.0	0.5601	0.7025	0.4871	0.5792
849	0.343	0.0	0.38	0.4498	0.343	0.3581
850	0.3691	0.0	0.532	0.6115	0.3691	0.4461
851	0.2867	0.0	0.356	0.3131	0.2867	0.2676
852	0.1952	0.0	0.3138	0.5381	0.1952	0.4812
853	0.7033	0.0	0.8137	0.6522	0.7033	0.5955
854	0.3588	0.0	0.4361	0.4292	0.3588	0.3487
855	0.4069	0.0	0.4388	0.6503	0.4069	0.556
856	0.2627	0.0	0.2914	0.5719	0.2627	0.4091
857	0.4359	0.0	0.51	0.4708	0.4359	0.4417
858	0.506	0.0	0.6594	0.6569	0.506	0.5729
859	0.301	0.0	0.372	0.4187	0.301	0.3774
860	0.3542	0.0	0.395	0.4475	0.3542	0.3383
861	0.7672	0.0	0.9424	0.3221	0.7672	0.2686
862	0.5847	0.0	0.61	0.7211	0.5847	0.5973
863	0.379	0.0	0.5467	0.5456	0.379	0.4688
864	0.1651	0.0	0.2426	0.3889	0.1651	0.2929
865	0.2934	0.0	0.3742	0.6512	0.2934	0.5254
866	0.544	0.0	0.6562	0.5087	0.544	0.4145
867	0.505	0.0	0.6677	0.4656	0.505	0.371
868	0.5064	0.0	0.5101	0.573	0.5064	0.5122
869	0.3621	0.0	0.454	0.4415	0.3621	0.3635
870	0.4138	0.0	0.63	0.5884	0.4138	0.4999
871	0.6186	0.0	0.6538	0.8561	0.6186	0.8004
872	0.6717	0.0	0.7966	0.4537	0.6717	0.2593
873	0.3804	0.0	0.5051	0.5973	0.3804	0.5516
874	0.5344	0.0	0.5713	0.7043	0.5344	0.5825
875	0.4501	0.0	0.5209	0.3853	0.4501	0.3167
876	0.293	0.0	0.3211	0.5794	0.293	0.5394
877	0.1332	0.0	0.2642	0.574	0.1332	0.3318
878	0.4837	0.0	0.5128	0.4172	0.4837	0.4672
879	0.3776	0.0	0.3748	0.5891	0.3776	0.4618
880	0.4767	0.0	0.6286	0.637	0.4767	0.5143
881	0.6251	0.0	0.7213	0.572	0.6251	0.4848
882	0.3022	0.0	0.3464	0.414	0.3022	0.3651
883	0.2998	0.0	0.3372	0.4249	0.2998	0.4119
884	0.1391	0.0	0.2487	0.2873	0.1391	0.1831
885	0.5524	0.0	0.6225	0.2837	0.5524	0.2464
886	0.4452	0.0	0.5125	0.5565	0.4452	0.512
887	0.4346	0.0	0.5044	0.6549	0.4346	0.5472
888	0.4313	0.0	0.5218	0.4791	0.4313	0.4136
889	0.369	0.0	0.3883	0.6178	0.369	0.4994
890	0.4462	0.0	0.4943	0.6378	0.4462	0.6359
891	0.5455	0.0	0.6771	0.397	0.5455	0.3911
892	0.7421	0.0	0.8318	0.7913	0.7421	0.6512
893	0.6105	0.0	0.5604	0.7082	0.6105	0.7752
894	0.2803	0.0	0.3061	0.4365	0.2803	0.4267
895	0.4617	0.0	0.5047	0.5902	0.4617	0.5385
896	0.35	0.0	0.393	0.4225	0.35	0.3736
897	0.2943	0.0	0.3704	0.4369	0.2943	0.3694
898	0.266	0.0	0.3243	0.3702	0.266	0.296
899	0.6807	0.0	0.7772	0.7477	0.6807	0.6187
900	0.3484	0.0	0.4036	0.4372	0.3484	0.3596
901	0.3197	0.0	0.3616	0.3389	0.3197	0.2937
902	0.4655	0.0	0.4966	0.5032	0.4655	0.4314
903	0.5373	0.0	0.6638	0.4652	0.5373	0.3182
904	0.4367	0.0	0.5355	0.5083	0.4367	0.4323
905	0.6535	0.0	0.7799	0.3264	0.6535	0.3191
906	0.2843	0.0	0.369	0.441	0.2843	0.3583
907	0.5431	0.0	0.616	0.7516	0.5431	0.611
908	0.1832	0.0	0.2074	0.5794	0.1832	0.5381
909	0.4803	0.0	0.7171	0.6921	0.4803	0.5449
910	0.5265	0.0	0.5326	0.5651	0.5265	0.5803
911	0.594	0.0	0.6784	0.6684	0.594	0.5224
912	0.6561	0.0	0.8267	0.5984	0.6561	0.5292
913	0.5121	0.0	0.6128	0.3609	0.5121	0.2891
914	0.5816	0.0	0.6344	0.6666	0.5816	0.6387
915	0.2466	0.0	0.3244	0.6522	0.2466	0.4867
916	0.445	0.0	0.5699	0.5575	0.445	0.4668
917	0.5497	0.0	0.7083	0.7969	0.5497	0.7227
918	0.4148	0.0	0.4158	0.5924	0.4148	0.5396
919	0.3021	0.0	0.3479	0.4645	0.3021	0.3612
920	1.482	0.0	1.842	0.96	1.482	0.8861
921	0.6058	0.0	0.6999	0.5794	0.6058	0.454
922	0.465	0.0	0.6156	0.3517	0.465	0.3041
923	0.5123	0.0	0.6549	0.2028	0.5123	0.1783
924	0.329	0.0	0.4328	0.5675	0.329	0.5137
925	0.227	0.0	0.2843	0.9851	0.227	0.5876
926	0.4716	0.0	0.5522	0.351	0.4716	0.2827
927	0.4351	0.0	0.4786	0.6507	0.4351	0.5986
928	0.2186	0.0	0.2406	0.4772	0.2186	0.36
929	0.704	0.0	0.9428	0.7632	0.704	0.6254
930	0.3464	0.0	0.4385	0.5666	0.3464	0.4876
931	0.5064	0.0	0.5706	0.6234	0.5064	0.5657
932	0.4789	0.0	0.6291	0.5072	0.4789	0.3911
933	0.5589	0.0	0.6418	0.3912	0.5589	0.4032
934	0.3869	0.0	0.4579	0.4456	0.3869	0.3938
935	0.453	0.0	0.5325	0.5586	0.453	0.4014
936	0.4265	0.0	0.5613	0.6254	0.4265	0.4018
937	0.4143	0.0	0.4748	0.5089	0.4143	0.4547
938	0.4039	0.0	0.5045	0.6888	0.4039	0.5478
939	0.3762	0.0	0.6029	0.4317	0.3762	0.4103
940	0.5112	0.0	0.5544	0.7063	0.5112	0.6025
941	0.6526	0.0	0.9289	0.5774	0.6526	0.4751
942	0.405	0.0	0.4786	0.6984	0.405	0.6526
943	0.1642	0.0	0.2286	0.8322	0.1642	0.7122
944	0.363	0.0	0.4264	0.6752	0.363	0.5776
945	0.8522	0.0	0.8202	0.6148	0.8522	0.5495
946	0.2696	0.0	0.3714	0.492	0.2696	0.4402
947	0.5202	0.0	0.6046	0.566	0.5202	0.4989
948	0.5495	0.0	0.6713	0.4991	0.5495	0.4757
949	0.4131	0.0	0.5737	0.6053	0.4131	0.5496
950	0.4829	0.0	0.6675	0.6971	0.4829	0.4983
951	0.468	0.0	0.6147	0.3222	0.468	0.2756
952	0.3543	0.0	0.4907	0.7331	0.3543	0.6303
953	0.1533	0.0	0.2063	0.6631	0.1533	0.5151
954	0.5571	0.0	0.8277	0.6429	0.5571	0.5442
955	0.4474	0.0	0.4645	0.7172	0.4474	0.6066
956	0.3847	0.0	0.5445	0.4919	0.3847	0.3553
957	0.2666	0.0	0.2749	0.5018	0.2666	0.4591
958	0.6913	0.0	0.8315	0.6861	0.6913	0.5383
959	0.5558	0.0	0.6153	0.6666	0.5558	0.5717
960	0.2059	0.0	0.2821	0.3956	0.2059	0.3354
961	0.5203	0.0	0.6101	0.3995	0.5203	0.3614
962	0.3854	0.0	0.5306	0.5166	0.3854	0.4674
963	0.3649	0.0	0.4536	0.7955	0.3649	0.6686
964	0.62	0.0	0.7237	0.8575	0.62	0.6766
965	0.3351	0.0	0.3725	0.7054	0.3351	0.6681
966	0.3134	0.0	0.4014	0.7153	0.3134	0.5865
967	0.5237	0.0	0.6166	0.7909	0.5237	0.6391
968	0.1744	0.0	0.2482	0.4864	0.1744	0.3864
969	0.3432	0.0	0.3672	0.599	0.3432	0.4821
970	0.5147	0.0	0.5457	0.5936	0.5147	0.5654
971	0.4353	0.0	0.4778	1.028	0.4353	0.9191
972	0.4595	0.0	0.4724	0.41	0.4595	0.3621
973	0.4266	0.0	0.4507	0.4649	0.4266	0.4654
974	0.3026	0.0	0.4369	0.3989	0.3026	0.3326
975	0.4269	0.0	0.5416	0.8191	0.4269	0.7489
976	0.5066	0.0	0.5667	0.5143	0.5066	0.47
977	0.199	0.0	0.2697	0.5172	0.199	0.4336
978	0.5845	0.0	0.8144	0.6961	0.5845	0.549
979	0.341	0.0	0.38	0.4202	0.341	0.3685
980	0.3894	0.0	0.4505	0.5283	0.3894	0.5647
981	0.5088	0.0	0.728	0.5127	0.5088	0.4532
982	0.4294	0.0	0.4709	0.3321	0.4294	0.2889
983	0.3145	0.0	0.3119	0.3867	0.3145	0.3537
984	0.6257	0.0	0.7164	0.5898	0.6257	0.5557
985	0.4776	0.0	0.5804	0.7371	0.4776	0.6048
986	0.4212	0.0	0.4767	0.2852	0.4212	0.2455
987	0.4003	0.0	0.4644	0.598	0.4003	0.5198
988	0.04197	0.0	0.05558	0.3311	0.04197	0.1838
989	0.3867	0.0	0.4748	0.4971	0.3867	0.4497
990	0.3081	0.0	0.3303	0.3437	0.3081	0.2981
991	0.5069	0.0	0.5785	0.6854	0.5069	0.5712
992	0.5071	0.0	0.5733	0.6133	0.5071	0.5454
993	0.5254	0.0	0.5679	0.5345	0.5254	0.4552
994	0.4134	0.0	0.4527	0.6286	0.4134	0.524
995	0.3888	0.0	0.6145	0.8592	0.3888	0.7392
996	0.6431	0.0	0.7964	0.8484	0.6431	0.6009
997	0.2927	0.0	0.3562	0.7584	0.2927	0.6334
998	0.5274	0.0	0.5891	0.3651	0.5274	0.326
999	0.3865	0.0	0.4568	0.4588	0.3865	0.4002
1000	0.581	0.0	0.6441	0.5418	0.581	0.5107
1001	0.3784	0.0	0.4741	0.5393	0.3784	0.4385
1002	0.4082	0.0	0.4754	0.5414	0.4082	0.4647
1003	0.7007	0.0	0.8094	1.086	0.7007	0.868
1004	0.4598	0.0	0.5465	0.6622	0.4598	0.5378
1005	0.3126	0.0	0.3558	0.4136	0.3126	0.3773
1006	0.3544	0.0	0.4304	0.4046	0.3544	0.2765
1007	0.3702	0.0	0.4158	0.5442	0.3702	0.4774
1008	0.5056	0.0	0.5437	0.6165	0.5056	0.4557
1009	0.3905	0.0	0.4701	0.2818	0.3905	0.2785
1010	0.3105	0.0	0.4135	0.5935	0.3105	0.4565
1011	0.5699	0.0	0.645	0.786	0.5699	0.6305
1012	0.6001	0.0	0.6614	0.5561	0.6001	0.448
1013	0.4261	0.0	0.6705	0.6971	0.4261	0.5835
1014	0.4089	0.0	0.5022	0.5927	0.4089	0.4875
1015	0.4116	0.0	0.5408	0.5837	0.4116	0.367
1016	0.6164	0.0	0.7512	0.3167	0.6164	0.2594
1017	0.4785	0.0	0.5339	0.6946	0.4785	0.5892
1018	0.566	0.0	0.626	0.4285	0.566	0.4094
1019	0.5835	0.0	0.6856	0.8595	0.5835	0.6943
1020	0.3854	0.0	0.5779	0.448	0.3854	0.3956
1021	0.3943	0.0	0.4429	0.5847	0.3943	0.4807
1022	0.2705	0.0	0.2535	0.5404	0.2705	0.5021
1023	0.4359	0.0	0.5433	0.5471	0.4359	0.3904
1024	0.828	0.0	1.0	0.9378	0.828	0.7214
1025	0.5028	0.0	0.7206	0.8421	0.5028	0.6239
1026	0.5217	0.0	0.6126	0.7984	0.5217	0.6292
1027	0.4293	0.0	0.5533	0.6831	0.4293	0.5535
1028	0.4778	0.0	0.5538	0.6338	0.4778	0.5965
1029	0.471	0.0	0.5351	0.6012	0.471	0.4746
1030	0.4509	0.0	0.4799	0.5437	0.4509	0.4829
1031	0.4032	0.0	0.5022	0.4506	0.4032	0.3855
1032	0.4315	0.0	0.5328	0.6349	0.4315	0.5334
1033	0.4016	0.0	0.507	0.5852	0.4016	0.4145
1034	0.5232	0.0	0.6135	0.4591	0.5232	0.4172
1035	0.4368	0.0	0.4545	0.5413	0.4368	0.4582
1036	0.8263	0.0	1.089	0.7451	0.8263	0.6792
1037	0.2122	0.0	0.2539	0.5929	0.2122	0.4341
1038	0.3002	0.0	0.3415	0.3165	0.3002	0.3009
1039	0.2916	0.0	0.3436	0.607	0.2916	0.5783
1040	0.5722	0.0	0.673	0.6037	0.5722	0.5276
