Step	Loss(S)	Loss(T)	fwd_S	fwd_T	rev_S	rev_T
1	4.782	0.0	4.782	3.309	4.346	3.513
2	3.923	0.0	3.923	4.93	3.536	4.178
3	3.278	0.0	3.278	4.876	3.338	5.043
4	3.572	0.0	3.572	2.767	4.18	3.009
5	4.602	0.0	4.602	1.966	5.353	2.76
6	4.074	0.0	4.074	2.726	4.015	2.959
7	3.56	0.0	3.56	1.607	2.993	1.039
8	3.171	0.0	3.171	2.887	3.257	2.712
9	3.716	0.0	3.716	4.006	3.317	3.22
10	1.404	0.0	1.404	2.027	2.311	1.518
11	2.207	0.0	2.207	2.279	2.113	2.054
12	2.161	0.0	2.161	1.863	2.45	1.648
13	3.025	0.0	3.025	2.062	3.086	2.48
14	1.535	0.0	1.535	3.47	1.728	3.622
15	1.546	0.0	1.546	2.22	1.378	2.535
16	2.017	0.0	2.017	1.985	2.271	1.912
17	1.821	0.0	1.821	2.275	1.962	2.551
18	2.935	0.0	2.935	0.8477	3.511	1.079
19	1.818	0.0	1.818	2.048	1.829	2.476
20	2.37	0.0	2.37	1.755	2.905	2.127
21	0.8722	0.0	0.8722	0.6723	1.152	1.219
22	2.069	0.0	2.069	2.476	2.293	2.505
23	2.282	0.0	2.282	1.125	2.172	1.329
24	2.727	0.0	2.727	0.6004	3.12	0.8145
25	1.757	0.0	1.757	1.74	1.989	1.695
26	1.992	0.0	1.992	1.45	2.138	1.636
27	2.052	0.0	2.052	1.758	2.103	1.94
28	1.753	0.0	1.753	2.062	1.508	1.791
29	1.354	0.0	1.354	1.165	1.256	1.336
30	1.078	0.0	1.078	3.477	1.369	4.305
31	2.794	0.0	2.794	2.32	3.68	2.938
32	1.126	0.0	1.126	0.6214	1.302	0.6671
33	1.486	0.0	1.486	1.618	1.59	1.567
34	1.095	0.0	1.095	0.747	1.185	0.7673
35	0.9818	0.0	0.9818	1.189	1.107	1.437
36	2.428	0.0	2.428	1.487	2.054	1.791
37	1.621	0.0	1.621	1.63	2.022	1.806
38	0.9068	0.0	0.9068	1.608	1.196	2.3
39	2.143	0.0	2.143	2.544	2.402	2.779
40	0.7759	0.0	0.7759	1.195	0.9865	1.734
41	1.041	0.0	1.041	1.614	1.084	1.779
42	1.024	0.0	1.024	1.386	1.181	1.25
43	0.3422	0.0	0.3422	0.9652	0.721	1.292
44	0.8806	0.0	0.8806	1.314	1.171	1.528
45	1.404	0.0	1.404	1.557	1.775	1.584
46	1.687	0.0	1.687	0.865	2.175	1.196
47	0.6066	0.0	0.6066	0.9878	0.7228	1.164
48	1.409	0.0	1.409	0.9216	1.425	1.002
49	1.688	0.0	1.688	1.839	1.714	2.275
50	0.5653	0.0	0.5653	1.15	0.5895	1.312
51	1.139	0.0	1.139	1.272	1.187	1.253
52	0.2441	0.0	0.2441	0.4035	0.4192	0.6494
53	1.163	0.0	1.163	1.105	1.476	1.198
54	0.9063	0.0	0.9063	0.7273	1.006	0.7998
55	0.8236	0.0	0.8236	1.546	1.149	1.926
56	0.9336	0.0	0.9336	1.398	1.088	1.514
57	1.594	0.0	1.594	1.641	1.849	1.957
58	0.711	0.0	0.711	1.496	1.107	1.671
59	1.865	0.0	1.865	1.613	2.679	1.941
60	0.948	0.0	0.948	1.282	1.005	1.498
61	1.784	0.0	1.784	0.9403	2.289	1.222
62	0.9491	0.0	0.9491	1.13	1.082	1.367
63	0.7553	0.0	0.7553	0.7572	0.7116	0.8189
64	1.37	0.0	1.37	1.503	1.671	1.604
65	1.238	0.0	1.238	1.192	1.281	1.512
66	1.07	0.0	1.07	1.028	1.368	1.274
67	1.583	0.0	1.583	1.667	2.044	1.873
68	1.236	0.0	1.236	1.165	1.577	1.288
69	0.8535	0.0	0.8535	0.9309	1.095	1.088
70	1.06	0.0	1.06	0.5001	1.213	0.7477
71	0.9101	0.0	0.9101	1.096	1.065	1.199
72	1.127	0.0	1.127	1.115	1.363	1.396
73	0.483	0.0	0.483	0.9836	0.5594	1.2
74	1.222	0.0	1.222	1.193	1.508	1.331
75	1.582	0.0	1.582	2.252	2.258	2.719
76	0.8644	0.0	0.8644	0.9854	1.368	1.418
77	1.145	0.0	1.145	1.491	1.678	2.676
78	0.9535	0.0	0.9535	1.996	1.088	2.348
79	0.9756	0.0	0.9756	0.9734	1.484	1.501
80	0.9402	0.0	0.9402	0.6427	1.522	0.9047
81	0.9831	0.0	0.9831	0.8012	1.531	1.028
82	1.569	0.0	1.569	1.114	2.101	1.194
83	1.282	0.0	1.282	1.189	1.661	1.664
84	1.164	0.0	1.164	1.133	1.153	1.112
85	1.206	0.0	1.206	1.648	1.633	2.118
86	0.9977	0.0	0.9977	1.058	1.127	1.286
87	1.077	0.0	1.077	0.7663	1.123	0.984
88	1.864	0.0	1.864	1.749	1.753	1.775
89	1.435	0.0	1.435	0.8705	1.799	1.436
90	0.5947	0.0	0.5947	0.9289	0.8687	1.129
91	0.7514	0.0	0.7514	0.6078	0.8147	0.7645
92	1.054	0.0	1.054	1.083	1.296	1.301
93	0.9242	0.0	0.9242	0.569	1.155	0.5835
94	0.8478	0.0	0.8478	0.7734	1.131	0.9438
95	1.027	0.0	1.027	1.129	1.257	1.18
96	0.9827	0.0	0.9827	0.9217	1.173	1.01
97	0.7931	0.0	0.7931	0.8914	1.066	1.028
98	1.314	0.0	1.314	1.171	1.83	1.407
99	0.8366	0.0	0.8366	0.8762	1.023	1.028
100	1.236	0.0	1.236	1.006	1.482	1.167
101	0.7303	0.0	0.7303	0.9749	1.026	1.594
102	0.7884	0.0	0.7884	0.9658	0.8762	1.017
103	1.008	0.0	1.008	0.6404	1.234	0.7978
104	0.9621	0.0	0.9621	0.5742	1.326	1.089
105	1.011	0.0	1.011	0.7568	1.299	0.8507
106	1.164	0.0	1.164	1.157	1.204	1.256
107	1.215	0.0	1.215	1.061	1.305	1.107
108	0.8077	0.0	0.8077	1.105	1.096	1.294
109	1.566	0.0	1.566	1.674	2.0	1.86
110	0.5644	0.0	0.5644	0.9997	0.6412	1.198
111	0.8338	0.0	0.8338	1.164	1.067	1.986
112	0.9066	0.0	0.9066	1.135	1.184	1.302
113	1.169	0.0	1.169	1.502	1.398	2.353
114	0.8098	0.0	0.8098	0.4139	1.021	0.5215
115	0.9034	0.0	0.9034	0.618	1.19	0.7616
116	0.959	0.0	0.959	1.132	1.119	1.213
117	0.8757	0.0	0.8757	0.9898	1.15	1.167
118	0.8349	0.0	0.8349	0.7693	0.9324	0.7698
119	0.7029	0.0	0.7029	0.5786	0.7998	0.6223
120	1.199	0.0	1.199	1.517	1.258	1.381
121	0.8768	0.0	0.8768	0.9296	1.149	1.279
122	0.6869	0.0	0.6869	0.9568	0.782	0.9564
123	0.8546	0.0	0.8546	0.8213	1.048	1.136
124	0.7439	0.0	0.7439	0.4524	1.025	0.6898
125	0.5129	0.0	0.5129	0.8465	1.151	1.259
126	1.043	0.0	1.043	0.5621	1.185	0.6403
127	0.8119	0.0	0.8119	0.6961	0.9944	0.8122
128	1.002	0.0	1.002	0.5087	1.197	0.5653
129	0.9237	0.0	0.9237	0.7105	1.05	0.7639
130	0.6036	0.0	0.6036	0.5968	0.8983	0.6414
131	0.8664	0.0	0.8664	0.9212	0.9126	1.074
132	0.8661	0.0	0.8661	0.9837	0.9687	1.154
133	0.9525	0.0	0.9525	0.9335	1.037	1.013
134	0.9602	0.0	0.9602	1.026	1.427	1.296
135	0.8655	0.0	0.8655	0.7238	1.456	1.149
136	0.6364	0.0	0.6364	1.207	0.7976	1.467
137	0.7128	0.0	0.7128	0.7711	0.7617	1.076
138	0.7764	0.0	0.7764	0.7335	0.9084	0.9168
139	0.7846	0.0	0.7846	0.9695	0.939	1.039
140	1.022	0.0	1.022	0.9645	1.221	1.025
141	0.8007	0.0	0.8007	1.005	0.8828	1.285
142	0.4237	0.0	0.4237	1.036	0.4533	1.28
143	1.748	0.0	1.748	1.354	1.951	1.573
144	0.959	0.0	0.959	1.204	1.276	1.448
145	0.8828	0.0	0.8828	1.184	0.9818	1.345
146	1.201	0.0	1.201	0.9797	1.267	1.184
147	0.8496	0.0	0.8496	1.069	1.096	1.387
148	1.315	0.0	1.315	1.08	1.392	1.261
149	0.6485	0.0	0.6485	0.8202	0.8241	0.9323
150	0.4873	0.0	0.4873	0.4983	0.5437	0.6645
151	0.6279	0.0	0.6279	0.4508	0.6574	0.652
152	1.085	0.0	1.085	0.6415	1.154	0.6394
153	0.4435	0.0	0.4435	0.8474	0.5446	1.222
154	0.595	0.0	0.595	0.5206	0.6623	0.7064
155	0.5428	0.0	0.5428	0.5651	0.5869	0.7204
156	0.5022	0.0	0.5022	0.8466	0.7633	1.333
157	0.5151	0.0	0.5151	0.9144	0.6837	0.9684
158	0.5136	0.0	0.5136	0.6258	0.6423	0.6767
159	0.7402	0.0	0.7402	0.847	0.8623	0.9631
160	0.7948	0.0	0.7948	0.7121	0.8237	0.7678
161	0.5382	0.0	0.5382	0.975	0.6275	1.336
162	0.4542	0.0	0.4542	0.6093	0.5643	0.7891
163	1.042	0.0	1.042	0.8319	1.115	0.8571
164	1.004	0.0	1.004	0.8736	1.173	1.122
165	0.8384	0.0	0.8384	0.7753	0.9938	0.9854
166	0.3914	0.0	0.3914	0.7081	0.4703	0.9187
167	0.757	0.0	0.757	0.4657	0.936	0.5257
168	0.7792	0.0	0.7792	0.5396	0.9166	0.6072
169	1.06	0.0	1.06	0.594	1.151	0.847
170	0.7763	0.0	0.7763	0.5979	0.9736	0.7461
171	1.428	0.0	1.428	1.402	1.494	1.679
172	0.9354	0.0	0.9354	0.7282	1.097	0.7833
173	0.6254	0.0	0.6254	0.6851	0.7999	0.9402
174	0.57	0.0	0.57	0.5118	0.689	0.7089
175	0.7567	0.0	0.7567	0.681	1.074	1.054
176	0.8402	0.0	0.8402	0.5771	1.198	0.7829
177	0.8519	0.0	0.8519	0.76	0.9414	0.9436
178	0.6257	0.0	0.6257	0.7746	0.753	0.7872
179	1.486	0.0	1.486	1.271	1.815	1.533
180	1.095	0.0	1.095	0.8995	1.275	1.207
181	0.6339	0.0	0.6339	0.6951	1.15	1.23
182	1.138	0.0	1.138	0.7614	1.319	0.7819
183	0.6175	0.0	0.6175	0.5562	0.7161	0.6463
184	0.5198	0.0	0.5198	0.5717	0.7097	0.791
185	0.6677	0.0	0.6677	0.6853	0.8378	0.935
186	0.8374	0.0	0.8374	1.395	0.9326	1.56
187	0.7512	0.0	0.7512	0.6781	0.8639	0.8283
188	1.127	0.0	1.127	0.478	1.367	0.5371
189	1.155	0.0	1.155	1.087	1.627	1.352
190	0.474	0.0	0.474	0.6133	0.4789	0.8413
191	0.9013	0.0	0.9013	0.6854	1.118	0.6943
192	1.568	0.0	1.568	1.379	1.973	1.945
193	0.5111	0.0	0.5111	0.8918	0.5725	1.035
194	0.6293	0.0	0.6293	0.4541	0.8036	0.6658
195	0.7249	0.0	0.7249	0.712	0.8096	0.8106
196	0.6219	0.0	0.6219	0.825	0.7472	1.02
197	0.5676	0.0	0.5676	0.8341	0.6937	0.9399
198	0.4125	0.0	0.4125	0.8573	0.4148	0.9863
199	1.124	0.0	1.124	0.7588	1.176	0.8785
200	0.6951	0.0	0.6951	0.5282	0.7404	0.6473
201	0.6415	0.0	0.6415	0.5867	0.7778	0.7916
202	0.7442	0.0	0.7442	0.6831	0.879	0.9668
203	0.8093	0.0	0.8093	0.7567	1.013	0.9896
204	0.9248	0.0	0.9248	1.02	0.9994	1.304
205	0.6923	0.0	0.6923	0.3871	0.9213	0.4725
206	0.5863	0.0	0.5863	0.5547	0.7095	0.6889
207	0.8027	0.0	0.8027	0.7115	1.185	1.104
208	0.5074	0.0	0.5074	0.5483	0.5744	0.6434
209	0.7191	0.0	0.7191	0.6258	0.6572	0.6532
210	0.7291	0.0	0.7291	0.7873	0.7649	0.8427
211	1.059	0.0	1.059	1.012	0.9813	1.155
212	0.6742	0.0	0.6742	0.7498	0.8865	1.054
213	0.9918	0.0	0.9918	1.121	1.643	1.927
214	0.479	0.0	0.479	0.7888	0.6652	0.882
215	0.8244	0.0	0.8244	0.3151	1.476	0.6532
216	0.8402	0.0	0.8402	0.5192	1.072	0.6008
217	1.073	0.0	1.073	0.9368	1.212	1.161
218	0.7194	0.0	0.7194	0.6092	0.746	0.7857
219	0.6304	0.0	0.6304	0.7172	0.7672	0.8263
220	0.6418	0.0	0.6418	0.6967	0.701	0.764
221	0.7407	0.0	0.7407	0.5472	0.8911	0.8418
222	0.7507	0.0	0.7507	0.5487	0.7239	0.6822
223	0.7924	0.0	0.7924	0.7	0.9099	0.7989
224	0.8453	0.0	0.8453	0.5161	0.8885	0.661
225	0.9335	0.0	0.9335	0.4846	0.9909	0.5347
226	0.8268	0.0	0.8268	0.5237	0.9703	0.604
227	0.6992	0.0	0.6992	0.4451	0.8603	0.6404
228	0.6465	0.0	0.6465	0.4503	0.8274	0.5404
229	0.5635	0.0	0.5635	0.5366	0.7621	0.8061
230	0.7393	0.0	0.7393	0.522	0.8919	0.6104
231	0.4611	0.0	0.4611	0.7267	0.5037	0.8533
232	0.7834	0.0	0.7834	0.7768	0.9452	0.8975
233	0.5394	0.0	0.5394	0.5386	0.5974	0.6198
234	0.7654	0.0	0.7654	0.6691	0.9026	0.8003
235	0.4292	0.0	0.4292	0.5609	0.6064	0.6528
236	0.7521	0.0	0.7521	0.7928	0.8035	0.9449
237	0.5614	0.0	0.5614	0.4616	0.6131	0.5222
238	0.6911	0.0	0.6911	0.6218	1.048	0.8729
239	0.5568	0.0	0.5568	0.6616	0.7877	0.8909
240	0.537	0.0	0.537	0.8513	0.6846	0.9754
241	0.4857	0.0	0.4857	0.5315	0.5505	0.6718
242	0.7669	0.0	0.7669	0.5309	0.9148	0.537
243	0.4339	0.0	0.4339	0.7062	0.5753	0.8699
244	0.8356	0.0	0.8356	0.9632	1.038	1.066
245	0.6192	0.0	0.6192	0.4769	0.7088	0.5794
246	0.923	0.0	0.923	0.4393	1.089	0.6413
247	1.077	0.0	1.077	1.19	1.227	1.406
248	0.4661	0.0	0.4661	0.4507	0.6938	0.5933
249	0.4865	0.0	0.4865	0.5493	0.5734	0.7018
250	0.8177	0.0	0.8177	0.7454	1.0	0.8668
251	0.5498	0.0	0.5498	0.7517	0.65	0.9759
252	1.127	0.0	1.127	0.7192	1.643	0.8715
253	0.3574	0.0	0.3574	0.3211	0.6595	0.6466
254	0.6816	0.0	0.6816	0.5524	0.8728	0.6734
255	0.7514	0.0	0.7514	0.5264	0.8842	0.6423
256	0.6071	0.0	0.6071	0.7126	0.7909	0.6624
257	0.6278	0.0	0.6278	0.5683	0.9167	0.6442
258	0.6002	0.0	0.6002	0.4245	0.7347	0.4766
259	0.8655	0.0	0.8655	0.4818	0.9382	0.5242
260	0.1397	0.0	0.1397	0.2978	0.1914	0.3327
261	0.5335	0.0	0.5335	0.5508	0.6128	0.6181
262	0.5841	0.0	0.5841	0.4112	0.6132	0.4313
263	0.7575	0.0	0.7575	0.5821	0.8291	0.6412
264	0.6268	0.0	0.6268	0.5921	0.706	0.7035
265	0.8164	0.0	0.8164	0.7761	1.108	0.8554
266	0.4874	0.0	0.4874	0.3907	0.7394	0.4288
267	0.753	0.0	0.753	0.7194	0.9606	1.245
268	0.6389	0.0	0.6389	0.9089	0.8703	1.071
269	0.6679	0.0	0.6679	0.854	0.7557	1.04
270	0.6796	0.0	0.6796	0.4755	0.7282	0.5541
271	0.7592	0.0	0.7592	0.7236	0.8781	0.9539
272	0.8163	0.0	0.8163	0.604	1.041	0.6809
273	0.5333	0.0	0.5333	0.8341	0.5456	0.7686
274	0.7933	0.0	0.7933	0.6268	0.9943	0.7492
275	0.8593	0.0	0.8593	0.6733	1.16	0.8125
276	0.7121	0.0	0.7121	0.8477	0.8096	0.9225
277	0.6832	0.0	0.6832	0.4344	0.8395	0.5146
278	0.5167	0.0	0.5167	0.502	0.5107	0.6422
279	0.7378	0.0	0.7378	0.4164	0.8587	0.582
280	0.7542	0.0	0.7542	0.7243	0.9057	1.007
281	0.6022	0.0	0.6022	0.5707	0.6806	0.6307
282	0.4961	0.0	0.4961	0.4914	0.6279	0.5534
283	1.137	0.0	1.137	1.41	1.418	1.679
284	0.4507	0.0	0.4507	0.5958	0.7856	0.8365
285	0.9212	0.0	0.9212	0.4762	1.113	0.7243
286	1.04	0.0	1.04	1.086	1.413	1.566
287	0.7502	0.0	0.7502	0.6776	0.8992	0.7186
288	0.5384	0.0	0.5384	0.3972	0.6491	0.5205
289	0.4916	0.0	0.4916	0.5647	0.6551	0.7366
290	0.9433	0.0	0.9433	1.098	1.184	1.455
291	0.7639	0.0	0.7639	0.6277	1.007	0.7266
292	0.7756	0.0	0.7756	0.7752	0.9405	0.9256
293	0.9207	0.0	0.9207	0.8453	1.22	1.193
294	0.5266	0.0	0.5266	0.6481	0.5791	0.7407
295	0.6151	0.0	0.6151	0.5201	0.6648	0.6126
296	1.049	0.0	1.049	1.122	1.337	1.302
297	0.7655	0.0	0.7655	0.7954	0.9063	0.9219
298	0.5672	0.0	0.5672	0.4328	0.8054	0.5204
299	0.4977	0.0	0.4977	0.4139	0.5411	0.485
300	0.7973	0.0	0.7973	0.5328	0.8838	0.6411
301	0.7801	0.0	0.7801	0.4268	0.7294	0.7153
302	0.5356	0.0	0.5356	0.6143	0.6504	0.6996
303	0.7561	0.0	0.7561	0.7072	0.9573	0.8129
304	0.4795	0.0	0.4795	0.7857	0.5821	0.9829
305	0.6589	0.0	0.6589	0.6121	0.7548	0.5607
306	0.6734	0.0	0.6734	0.4803	0.8064	0.5677
307	0.638	0.0	0.638	0.7008	0.7465	0.9115
308	0.3075	0.0	0.3075	0.4938	0.5143	0.7083
309	0.5692	0.0	0.5692	0.4758	0.6755	0.865
310	0.635	0.0	0.635	0.6654	0.7087	0.7822
311	0.6059	0.0	0.6059	0.4957	0.7778	0.5189
312	0.4881	0.0	0.4881	0.4046	0.6085	0.5451
313	0.5285	0.0	0.5285	0.5448	0.826	0.5956
314	0.5738	0.0	0.5738	0.7905	0.5931	0.8203
315	0.5448	0.0	0.5448	0.4022	0.7325	0.4571
316	0.8107	0.0	0.8107	0.6467	0.879	0.8673
317	1.122	0.0	1.122	0.7332	1.545	1.033
318	0.3679	0.0	0.3679	0.6487	0.4532	0.8378
319	0.5831	0.0	0.5831	0.4716	0.9369	0.7302
320	0.9951	0.0	0.9951	0.8755	1.217	1.05
321	0.6918	0.0	0.6918	1.016	0.8129	1.277
322	0.426	0.0	0.426	0.2796	0.5225	0.3608
323	0.6182	0.0	0.6182	0.6377	0.724	0.7506
324	0.6947	0.0	0.6947	0.6081	0.7813	0.7034
325	0.5952	0.0	0.5952	0.6711	0.7646	0.875
326	0.3898	0.0	0.3898	0.525	0.5899	0.623
327	0.5922	0.0	0.5922	0.5176	0.6636	0.607
328	0.6264	0.0	0.6264	0.6751	0.647	0.7596
329	0.3752	0.0	0.3752	0.78	0.4332	1.019
330	0.4873	0.0	0.4873	0.8026	0.5038	0.8313
331	0.4496	0.0	0.4496	0.4751	0.5062	0.5493
332	0.4001	0.0	0.4001	0.3691	0.6207	0.5236
333	0.51	0.0	0.51	0.4078	0.5538	0.6329
334	0.625	0.0	0.625	0.6666	0.7779	0.7326
335	0.5034	0.0	0.5034	0.7747	0.6232	0.9679
336	0.6522	0.0	0.6522	0.785	0.7866	0.8668
337	0.5392	0.0	0.5392	0.6138	0.5972	0.6942
338	0.5941	0.0	0.5941	0.5173	0.724	0.6648
339	0.536	0.0	0.536	0.6991	0.8255	0.8599
340	0.3214	0.0	0.3214	0.6292	0.5152	0.733
341	0.4883	0.0	0.4883	0.4393	0.4921	0.5027
342	0.4524	0.0	0.4524	0.7507	0.8234	0.9523
343	0.5681	0.0	0.5681	0.4497	0.7548	0.6482
344	0.8815	0.0	0.8815	0.8538	1.016	1.024
345	0.4354	0.0	0.4354	0.3131	0.5303	0.4656
346	0.7288	0.0	0.7288	0.4353	0.7497	0.5496
347	0.5184	0.0	0.5184	0.3978	0.5381	0.4548
348	0.627	0.0	0.627	0.7513	0.7802	0.9568
349	0.5273	0.0	0.5273	0.5163	0.5183	0.4961
350	0.3902	0.0	0.3902	0.4785	0.4821	0.6117
351	0.9069	0.0	0.9069	1.078	1.378	1.471
352	0.5957	0.0	0.5957	0.751	0.7454	0.8559
353	0.7958	0.0	0.7958	0.6441	0.865	0.7962
354	0.5118	0.0	0.5118	0.5956	0.6349	0.6837
355	0.3187	0.0	0.3187	0.4095	0.4545	0.6417
356	0.7564	0.0	0.7564	0.8205	0.936	1.168
357	0.3974	0.0	0.3974	0.6155	0.6132	0.6124
358	0.7423	0.0	0.7423	0.7199	0.9163	0.8799
359	0.6306	0.0	0.6306	0.4832	0.7259	0.5583
360	0.7395	0.0	0.7395	0.6438	0.7912	0.7242
361	0.5656	0.0	0.5656	0.7817	0.5963	0.912
362	0.4887	0.0	0.4887	0.3369	0.5596	0.4183
363	0.7078	0.0	0.7078	0.5911	0.8493	0.7157
364	0.1837	0.0	0.1837	0.312	0.2302	0.4252
365	0.5695	0.0	0.5695	0.6501	0.6783	0.7435
366	0.5393	0.0	0.5393	0.6729	0.6192	0.7749
367	0.5899	0.0	0.5899	0.4291	0.7024	0.4888
368	0.5359	0.0	0.5359	0.4889	0.6363	0.5462
369	0.8808	0.0	0.8808	0.7355	1.014	0.9192
370	0.4405	0.0	0.4405	0.6976	0.5773	0.8221
371	0.7753	0.0	0.7753	0.4945	0.9774	0.5653
372	0.6507	0.0	0.6507	0.9565	0.8407	1.282
373	0.8826	0.0	0.8826	0.8267	0.9769	0.9771
374	0.4991	0.0	0.4991	0.5758	0.5751	0.6419
375	0.6461	0.0	0.6461	0.5184	0.8123	0.5708
376	0.4286	0.0	0.4286	0.4523	0.4775	0.6046
377	0.4293	0.0	0.4293	0.5219	0.5894	0.6545
378	0.5398	0.0	0.5398	0.7863	0.6603	0.8836
379	0.998	0.0	0.998	0.9896	1.302	1.142
380	0.6734	0.0	0.6734	0.3932	0.7869	0.4748
381	0.4482	0.0	0.4482	0.3101	0.538	0.4244
382	0.8229	0.0	0.8229	0.6874	1.01	0.7789
383	0.9341	0.0	0.9341	0.6721	1.143	0.8381
384	0.6325	0.0	0.6325	0.331	0.8144	0.4144
385	0.3697	0.0	0.3697	0.3286	0.383	0.4204
386	0.5238	0.0	0.5238	0.548	0.6705	0.5999
387	0.9827	0.0	0.9827	1.036	1.324	1.203
388	0.7021	0.0	0.7021	0.6081	0.9298	0.7706
389	0.542	0.0	0.542	0.6961	0.7671	0.8645
390	0.9723	0.0	0.9723	0.7302	1.154	0.7894
391	0.3835	0.0	0.3835	0.2658	0.4933	0.2917
392	0.6618	0.0	0.6618	0.3896	0.8677	0.5184
393	0.2835	0.0	0.2835	0.2703	0.5679	0.4204
394	1.1	0.0	1.1	0.8401	1.455	1.255
395	0.7323	0.0	0.7323	0.6805	0.8974	0.6897
396	0.5521	0.0	0.5521	0.4176	0.781	0.5038
397	0.5173	0.0	0.5173	0.8739	0.7866	1.09
398	0.2976	0.0	0.2976	0.3688	0.3216	0.4844
399	0.3578	0.0	0.3578	0.6359	0.4153	0.6958
400	0.8583	0.0	0.8583	0.4705	1.193	0.52
401	0.4196	0.0	0.4196	0.5141	0.5217	0.5778
402	0.5835	0.0	0.5835	0.5992	0.7029	0.7041
403	0.5036	0.0	0.5036	0.6173	0.5985	0.7352
404	0.601	0.0	0.601	0.7279	0.8138	0.7972
405	0.7177	0.0	0.7177	0.5625	0.8097	0.6441
406	0.5799	0.0	0.5799	0.6372	0.6514	0.7347
407	0.5361	0.0	0.5361	0.8035	0.6338	0.918
408	0.7966	0.0	0.7966	0.5981	0.9036	0.5483
409	0.5532	0.0	0.5532	0.385	0.6466	0.5396
410	0.7469	0.0	0.7469	0.6583	0.8617	0.828
411	0.6013	0.0	0.6013	0.6536	0.7799	0.8059
412	0.6442	0.0	0.6442	0.8229	0.9448	0.9684
413	0.6339	0.0	0.6339	0.438	0.7747	1.027
414	0.4128	0.0	0.4128	0.3353	0.5047	0.3989
415	0.6199	0.0	0.6199	0.6414	0.7163	0.8879
416	0.365	0.0	0.365	0.4829	0.4305	0.6347
417	0.6974	0.0	0.6974	0.5369	0.8211	0.6278
418	0.3883	0.0	0.3883	0.678	0.4741	0.7964
419	0.5074	0.0	0.5074	0.4972	0.6701	0.6356
420	0.5945	0.0	0.5945	0.6622	0.7829	0.791
421	0.8268	0.0	0.8268	0.9673	1.207	1.06
422	0.3678	0.0	0.3678	0.4461	0.3961	0.5813
423	0.9313	0.0	0.9313	0.5746	1.207	0.8912
424	0.7649	0.0	0.7649	0.5399	0.942	0.587
425	0.6266	0.0	0.6266	0.7607	0.9538	0.9123
426	0.3013	0.0	0.3013	0.4663	0.3283	0.4713
427	0.5999	0.0	0.5999	0.5948	0.7476	0.6849
428	0.3612	0.0	0.3612	0.4747	0.4288	0.5635
429	0.5087	0.0	0.5087	0.4519	0.6304	0.4666
430	0.2851	0.0	0.2851	0.7273	0.5111	0.8334
431	0.5791	0.0	0.5791	0.3547	0.7167	0.3585
432	0.3348	0.0	0.3348	0.5717	0.307	0.6647
433	0.3624	0.0	0.3624	0.4606	0.4433	0.6121
434	0.8272	0.0	0.8272	0.6961	0.9052	0.7519
435	0.5122	0.0	0.5122	0.4195	0.6605	0.4651
436	0.4169	0.0	0.4169	0.384	0.4858	0.488
437	0.6099	0.0	0.6099	0.2744	0.8043	0.3644
438	0.6167	0.0	0.6167	0.8103	0.6721	0.8968
439	0.5336	0.0	0.5336	0.3915	0.6183	0.4258
440	0.4577	0.0	0.4577	0.8042	0.4493	0.7978
441	0.4919	0.0	0.4919	0.5661	0.6075	0.6117
442	0.4437	0.0	0.4437	0.6808	0.5558	0.7851
443	0.2893	0.0	0.2893	0.4543	0.3391	0.6048
444	0.3364	0.0	0.3364	0.3746	0.3534	0.4311
445	0.5848	0.0	0.5848	0.4004	0.7009	0.4635
446	0.8226	0.0	0.8226	0.7159	1.009	0.947
447	0.3314	0.0	0.3314	0.4079	0.5212	0.5581
448	0.5843	0.0	0.5843	0.4954	0.7427	0.5573
449	0.4754	0.0	0.4754	0.7933	0.6156	0.8937
450	0.5113	0.0	0.5113	0.4468	0.6157	0.5372
451	0.7088	0.0	0.7088	0.691	0.8638	0.7407
452	0.8464	0.0	0.8464	0.6303	1.01	0.7789
453	0.4114	0.0	0.4114	0.4705	0.6711	0.6743
454	0.5556	0.0	0.5556	0.6677	0.6071	0.7588
455	0.9906	0.0	0.9906	0.8392	1.206	1.117
456	0.6265	0.0	0.6265	0.7406	0.8773	0.852
457	0.3864	0.0	0.3864	0.6162	0.4502	0.5895
458	0.8441	0.0	0.8441	0.5346	0.8579	0.6615
459	0.3573	0.0	0.3573	0.3615	0.5459	0.3832
460	0.5429	0.0	0.5429	0.6524	0.6162	0.7801
461	0.2651	0.0	0.2651	0.3127	0.2344	0.3988
462	0.7201	0.0	0.7201	0.5413	0.8526	0.6074
463	0.3518	0.0	0.3518	0.3936	0.3987	0.4911
464	0.652	0.0	0.652	0.6778	0.6824	0.7373
465	0.9743	0.0	0.9743	0.9436	1.253	1.159
466	0.4687	0.0	0.4687	0.4526	0.5485	0.5106
467	0.6254	0.0	0.6254	0.3569	0.7165	0.4084
468	0.2598	0.0	0.2598	0.5543	0.2886	0.7116
469	0.6057	0.0	0.6057	0.5305	0.6437	0.6516
470	0.6164	0.0	0.6164	0.4939	0.6601	0.5429
471	0.451	0.0	0.451	0.6975	0.5316	0.8648
472	0.5398	0.0	0.5398	0.4529	0.5854	0.5399
473	0.5649	0.0	0.5649	0.7404	0.8862	0.8923
474	0.3901	0.0	0.3901	0.4271	0.6213	0.5338
475	0.7445	0.0	0.7445	0.547	0.8925	0.6079
476	0.6765	0.0	0.6765	0.6133	0.8	0.8185
477	0.4244	0.0	0.4244	0.6884	0.5055	0.8311
478	0.3377	0.0	0.3377	0.5028	0.3763	0.5543
479	0.542	0.0	0.542	0.4851	0.602	0.5431
480	0.7073	0.0	0.7073	0.8214	0.867	0.905
481	0.4458	0.0	0.4458	0.8014	0.4644	0.873
482	0.7075	0.0	0.7075	0.8083	0.8268	1.065
483	0.7504	0.0	0.7504	0.7164	0.8397	0.917
484	0.2378	0.0	0.2378	0.36	0.2882	0.4472
485	0.5504	0.0	0.5504	0.3273	0.6204	0.3661
486	0.4355	0.0	0.4355	0.5013	0.4903	0.6252
487	0.2749	0.0	0.2749	0.3049	0.42	0.302
488	0.3926	0.0	0.3926	0.359	0.3893	0.4245
489	0.6562	0.0	0.6562	0.4944	0.8049	0.5998
490	0.3831	0.0	0.3831	0.5452	0.4975	0.6329
491	0.7995	0.0	0.7995	0.9997	0.8749	1.382
492	0.7304	0.0	0.7304	0.1294	0.9719	0.2139
493	0.8543	0.0	0.8543	0.7771	0.9744	1.145
494	0.7406	0.0	0.7406	0.7485	0.8529	0.9366
495	0.4241	0.0	0.4241	0.5983	0.5433	0.7762
496	0.5194	0.0	0.5194	0.5598	0.7458	0.6938
497	0.3049	0.0	0.3049	0.6621	0.2955	0.9062
498	0.8262	0.0	0.8262	0.7078	1.204	0.9786
499	0.5288	0.0	0.5288	0.6536	0.5694	0.7816
500	0.1705	0.0	0.1705	0.3763	0.2993	0.5733
501	0.4559	0.0	0.4559	0.7199	0.68	1.084
502	0.6148	0.0	0.6148	0.4024	0.6915	0.4487
503	0.4484	0.0	0.4484	0.7006	0.5552	0.7883
504	1.298	0.0	1.298	0.8425	1.43	1.064
505	0.7296	0.0	0.7296	0.6886	0.781	0.896
506	0.5524	0.0	0.5524	0.5268	0.654	0.6148
507	0.4867	0.0	0.4867	0.4961	0.5352	0.5964
508	0.504	0.0	0.504	0.3812	0.6863	0.4226
509	0.3874	0.0	0.3874	0.687	0.5039	0.7684
510	0.6299	0.0	0.6299	0.6188	0.6715	0.6949
511	0.7058	0.0	0.7058	0.5621	0.8272	0.6541
512	0.5522	0.0	0.5522	0.5057	0.7297	0.5756
513	0.4717	0.0	0.4717	0.4687	0.5474	0.5895
514	0.4834	0.0	0.4834	0.6612	0.559	0.7526
515	0.576	0.0	0.576	0.4809	0.7451	0.552
516	0.7441	0.0	0.7441	1.128	0.9093	1.25
517	0.6023	0.0	0.6023	0.4403	0.8572	0.5827
518	0.4772	0.0	0.4772	0.4875	0.589	0.5227
519	0.629	0.0	0.629	0.5876	0.6995	0.9006
520	0.5142	0.0	0.5142	0.3633	0.5456	0.4482
521	0.5401	0.0	0.5401	0.5752	0.6275	0.6688
522	0.7948	0.0	0.7948	0.6696	0.8784	0.7806
523	0.7823	0.0	0.7823	0.7206	0.8005	0.8926
524	0.8412	0.0	0.8412	0.7873	1.034	1.007
525	0.7858	0.0	0.7858	0.9168	1.072	1.201
526	0.7325	0.0	0.7325	0.6368	0.8333	0.7474
527	0.3179	0.0	0.3179	0.3975	0.6727	0.6141
528	0.6295	0.0	0.6295	0.7669	0.8345	0.8874
529	0.4399	0.0	0.4399	0.8802	0.6181	1.095
530	0.7087	0.0	0.7087	0.5176	0.9483	0.666
531	0.5169	0.0	0.5169	0.4946	0.6507	0.5339
532	0.3892	0.0	0.3892	0.6509	0.5241	0.7153
533	0.6449	0.0	0.6449	0.8093	0.9313	0.8988
534	0.5083	0.0	0.5083	0.3356	0.6947	0.3595
535	0.5003	0.0	0.5003	0.5466	0.7255	0.6264
536	0.7794	0.0	0.7794	0.7256	0.8695	0.8249
537	0.573	0.0	0.573	0.5044	0.6903	0.5738
538	0.5958	0.0	0.5958	0.765	0.7119	0.8054
539	0.6828	0.0	0.6828	0.5211	0.8179	0.6473
540	0.4715	0.0	0.4715	0.2751	0.713	0.3752
541	0.3379	0.0	0.3379	0.2823	0.3889	0.3421
542	0.6296	0.0	0.6296	0.6593	0.6833	0.7014
543	0.6644	0.0	0.6644	0.6144	0.8453	0.7459
544	0.41	0.0	0.41	0.6217	0.463	0.7516
545	0.5957	0.0	0.5957	0.551	0.6602	0.6039
546	0.758	0.0	0.758	0.7398	0.8876	0.8647
547	0.7172	0.0	0.7172	0.6359	0.8174	0.7984
548	0.6056	0.0	0.6056	0.6103	0.6891	0.7899
549	0.7176	0.0	0.7176	0.6024	0.9171	0.7231
550	0.5962	0.0	0.5962	0.3783	0.8487	0.5814
551	0.5834	0.0	0.5834	0.6611	0.9488	0.8442
552	0.6081	0.0	0.6081	0.4829	0.8254	0.5268
553	0.2382	0.0	0.2382	0.6273	0.313	0.6375
554	0.6409	0.0	0.6409	0.5787	0.7498	0.6531
555	0.51	0.0	0.51	0.4309	0.63	0.4988
556	0.7001	0.0	0.7001	0.7005	0.8565	0.821
557	0.604	0.0	0.604	0.6805	0.7185	0.7906
558	0.659	0.0	0.659	0.327	0.7748	0.3826
559	0.7793	0.0	0.7793	0.8523	0.9739	1.134
560	0.5746	0.0	0.5746	0.9177	0.7962	1.065
561	0.4605	0.0	0.4605	0.46	0.4925	0.5993
562	0.5474	0.0	0.5474	0.4654	0.5862	0.5837
563	0.4195	0.0	0.4195	0.4256	0.5779	0.5355
564	0.5896	0.0	0.5896	0.4873	0.8065	0.5884
565	0.3001	0.0	0.3001	0.506	0.3961	0.6568
566	0.8124	0.0	0.8124	0.6201	0.9285	0.77
567	0.405	0.0	0.405	0.535	0.4177	0.6498
568	0.5469	0.0	0.5469	0.6163	0.5898	0.6008
569	0.7506	0.0	0.7506	0.5638	0.8701	0.6023
570	0.4824	0.0	0.4824	0.5856	0.6545	0.6206
571	0.5538	0.0	0.5538	0.3907	0.5699	0.4286
572	0.2639	0.0	0.2639	0.4448	0.395	0.5855
573	0.4976	0.0	0.4976	0.6269	0.5977	0.7332
574	0.4737	0.0	0.4737	0.3405	0.5509	0.3496
575	0.4866	0.0	0.4866	0.4611	0.5918	0.5372
576	0.5049	0.0	0.5049	0.4907	0.5662	0.5429
577	0.8758	0.0	0.8758	0.4592	1.039	0.617
578	0.4656	0.0	0.4656	0.4975	0.5688	0.6074
579	0.8372	0.0	0.8372	1.06	1.115	1.169
580	0.7642	0.0	0.7642	0.9111	0.9386	1.124
581	1.18	0.0	1.18	0.703	1.546	0.9215
582	0.5325	0.0	0.5325	0.6189	0.6327	0.678
583	0.3712	0.0	0.3712	0.5455	0.4772	0.6527
584	0.7032	0.0	0.7032	0.3639	0.8777	0.4321
585	0.5261	0.0	0.5261	0.5029	0.66	0.6796
586	0.4918	0.0	0.4918	0.4416	0.5382	0.5216
587	0.7495	0.0	0.7495	0.7243	0.9953	0.9994
588	0.5638	0.0	0.5638	0.664	0.7313	0.7926
589	0.469	0.0	0.469	0.5476	0.5007	0.6795
590	0.5314	0.0	0.5314	0.4396	0.5325	0.4847
591	0.6058	0.0	0.6058	0.5708	0.7392	0.6718
592	0.4734	0.0	0.4734	0.5831	0.5949	0.803
593	0.4874	0.0	0.4874	0.4587	0.5722	0.5762
594	0.4149	0.0	0.4149	0.5552	0.4599	0.7456
595	1.021	0.0	1.021	0.8458	1.488	1.275
596	0.3339	0.0	0.3339	0.4515	0.5264	0.7156
597	0.4977	0.0	0.4977	0.8059	0.6163	0.9074
598	0.8864	0.0	0.8864	0.8666	1.14	1.074
599	0.5587	0.0	0.5587	0.4842	0.6536	0.5943
600	0.4722	0.0	0.4722	0.3639	0.5568	0.5201
601	0.8511	0.0	0.8511	0.3869	0.9243	0.4238
602	0.8497	0.0	0.8497	0.7603	1.09	1.13
603	0.5781	0.0	0.5781	0.6285	0.6868	0.8813
604	0.4942	0.0	0.4942	0.6928	0.5965	0.8084
605	1.191	0.0	1.191	0.8621	1.424	1.121
606	0.8804	0.0	0.8804	0.4457	0.9471	0.4313
607	0.3723	0.0	0.3723	0.534	0.4564	0.6746
608	0.4994	0.0	0.4994	0.8402	0.6527	1.041
609	0.5526	0.0	0.5526	0.5292	0.6767	0.7758
610	0.6766	0.0	0.6766	0.6142	0.8277	0.7353
611	0.6115	0.0	0.6115	0.439	0.6304	0.5016
612	0.6707	0.0	0.6707	0.4846	0.7454	0.6132
613	0.6816	0.0	0.6816	0.738	0.9034	0.883
614	0.6042	0.0	0.6042	0.5791	0.6795	0.6369
615	0.568	0.0	0.568	0.5731	0.721	0.6574
616	0.5914	0.0	0.5914	0.5703	0.7	0.65
617	0.739	0.0	0.739	0.5846	0.8574	0.8136
618	0.6244	0.0	0.6244	0.7091	0.6913	0.7424
619	0.4935	0.0	0.4935	0.5035	0.5922	0.5883
620	0.7223	0.0	0.7223	0.7478	0.705	0.9674
621	0.4802	0.0	0.4802	0.315	0.6303	0.3462
622	0.4657	0.0	0.4657	0.5242	0.5273	0.6176
623	0.398	0.0	0.398	0.6425	0.3792	0.9603
624	0.5595	0.0	0.5595	0.5133	0.7789	0.6571
625	0.537	0.0	0.537	0.6677	0.6193	0.7197
626	0.3023	0.0	0.3023	0.3321	0.3646	0.4047
627	0.3343	0.0	0.3343	0.4968	0.3493	0.5378
628	0.7317	0.0	0.7317	0.6818	0.8685	0.8749
629	0.6786	0.0	0.6786	0.6899	0.9389	0.8137
630	0.488	0.0	0.488	0.3303	0.5373	0.4149
631	0.3401	0.0	0.3401	0.3308	0.5095	0.7287
632	0.797	0.0	0.797	0.7521	0.8884	0.8335
633	0.6598	0.0	0.6598	0.3045	0.9903	0.4351
634	0.496	0.0	0.496	0.7464	0.5164	0.8294
635	0.6428	0.0	0.6428	0.4723	0.7502	0.5568
636	0.2948	0.0	0.2948	0.3561	0.3283	0.4083
637	0.5941	0.0	0.5941	0.6547	0.7365	0.7993
638	0.4914	0.0	0.4914	0.5396	0.7189	0.6924
639	0.3867	0.0	0.3867	0.4432	0.6405	0.5364
640	0.7955	0.0	0.7955	0.4304	0.9124	0.4845
641	0.3541	0.0	0.3541	0.5865	0.382	0.5993
642	0.8933	0.0	0.8933	0.4235	0.8392	0.4778
643	0.7513	0.0	0.7513	0.4217	0.8695	0.4917
644	0.4093	0.0	0.4093	0.3934	0.5572	0.5306
645	0.6247	0.0	0.6247	0.4	0.7739	0.5065
646	0.5253	0.0	0.5253	0.7458	0.7674	0.8996
647	0.3747	0.0	0.3747	0.7361	0.435	0.8769
648	0.4225	0.0	0.4225	0.5571	0.404	0.6795
649	0.3174	0.0	0.3174	0.4842	0.3787	0.5456
650	0.3544	0.0	0.3544	0.3865	0.4376	0.4144
651	0.4809	0.0	0.4809	0.4484	0.5182	0.5796
652	0.5744	0.0	0.5744	0.2736	0.5131	0.2922
653	0.5806	0.0	0.5806	0.3806	0.6496	0.4687
654	0.4176	0.0	0.4176	0.7697	0.5471	0.8692
655	0.4318	0.0	0.4318	0.5991	0.5076	0.7877
656	0.3671	0.0	0.3671	0.5639	0.3574	0.6553
657	0.3087	0.0	0.3087	0.5186	0.4027	0.5406
658	0.4635	0.0	0.4635	0.5911	0.5451	0.7112
659	0.565	0.0	0.565	0.5378	0.6863	0.6612
660	0.4852	0.0	0.4852	0.6621	0.5425	0.8115
661	0.5725	0.0	0.5725	0.6201	0.7419	0.7683
662	0.7514	0.0	0.7514	0.3777	1.055	0.5098
663	0.7443	0.0	0.7443	0.6899	1.011	0.869
664	0.646	0.0	0.646	0.6949	0.8337	0.7849
665	0.499	0.0	0.499	0.4993	0.5383	0.5472
666	0.5162	0.0	0.5162	0.7766	0.5489	0.8434
667	0.4665	0.0	0.4665	0.3472	0.6069	0.393
668	0.4948	0.0	0.4948	0.8099	0.5476	1.096
669	0.5325	0.0	0.5325	0.5805	0.6195	0.6857
670	0.6351	0.0	0.6351	0.3771	0.8302	0.3938
671	0.4044	0.0	0.4044	0.4533	0.5529	0.5608
672	0.471	0.0	0.471	0.6166	0.5509	0.7541
673	0.5088	0.0	0.5088	0.6336	0.5536	0.758
674	0.5121	0.0	0.5121	0.3551	0.6315	0.3848
675	0.4599	0.0	0.4599	0.3197	0.4884	0.3904
676	0.404	0.0	0.404	0.3743	0.4597	0.4121
677	0.5534	0.0	0.5534	0.5746	0.6515	0.6923
678	0.4663	0.0	0.4663	0.4683	0.491	0.5183
679	0.5129	0.0	0.5129	0.8612	0.5831	0.978
680	0.4539	0.0	0.4539	0.4731	0.4822	0.5765
681	0.6698	0.0	0.6698	0.6492	0.7804	0.8445
682	0.5213	0.0	0.5213	0.6489	0.5645	0.6999
683	0.7129	0.0	0.7129	0.5114	0.9333	0.6478
684	0.6552	0.0	0.6552	0.5948	0.771	0.7487
685	0.4471	0.0	0.4471	0.6026	0.6732	0.8061
686	0.5413	0.0	0.5413	0.3305	0.611	0.3613
687	0.5133	0.0	0.5133	0.2904	0.549	0.3053
688	0.3536	0.0	0.3536	0.4926	0.4176	0.5567
689	0.6683	0.0	0.6683	0.4884	0.7052	0.5768
690	0.4984	0.0	0.4984	0.5229	0.5897	0.6097
691	0.8448	0.0	0.8448	0.7858	1.032	0.9961
692	0.7013	0.0	0.7013	0.3675	1.09	0.4318
693	0.3581	0.0	0.3581	0.4048	0.4001	0.5215
694	0.6637	0.0	0.6637	0.4227	0.8117	0.4999
695	0.5843	0.0	0.5843	0.4752	0.6816	0.6118
696	0.3251	0.0	0.3251	0.5912	0.3741	0.6655
697	0.4226	0.0	0.4226	0.3788	0.4416	0.4465
698	0.3646	0.0	0.3646	0.6325	0.4344	0.6778
699	0.8932	0.0	0.8932	0.7596	1.11	1.034
700	1.116	0.0	1.116	0.4411	1.203	0.6342
701	0.5829	0.0	0.5829	0.3535	0.6765	0.5037
702	0.7655	0.0	0.7655	0.7356	0.9485	0.9501
703	0.5733	0.0	0.5733	0.5079	0.7557	0.6247
704	0.3367	0.0	0.3367	0.5291	0.413	0.6705
705	0.3064	0.0	0.3064	0.3818	0.4983	0.466
706	0.6057	0.0	0.6057	0.7306	0.8093	0.9711
707	0.4149	0.0	0.4149	0.4748	0.4641	0.551
708	0.3107	0.0	0.3107	0.3007	0.3513	0.3725
709	0.7323	0.0	0.7323	0.6723	1.179	1.257
710	0.7005	0.0	0.7005	0.7077	0.7844	0.7687
711	0.3786	0.0	0.3786	0.6795	0.3804	0.9035
712	1.186	0.0	1.186	0.5393	1.376	0.7922
713	0.4961	0.0	0.4961	0.5658	0.3984	0.5986
714	0.5522	0.0	0.5522	0.6571	0.6483	0.7443
715	0.3871	0.0	0.3871	0.5905	0.4433	0.7421
716	0.5207	0.0	0.5207	0.4731	0.5835	0.5674
717	0.6004	0.0	0.6004	0.3247	0.7746	0.3793
718	0.5833	0.0	0.5833	0.6237	0.6239	0.7475
719	0.6406	0.0	0.6406	0.5956	0.6637	0.757
720	0.5591	0.0	0.5591	0.3723	0.5519	0.4375
721	0.6716	0.0	0.6716	0.4198	0.8865	0.5528
722	0.3156	0.0	0.3156	0.6916	0.3554	0.8356
723	0.3567	0.0	0.3567	0.4609	0.3901	0.5396
724	0.4315	0.0	0.4315	0.4099	0.8141	0.5094
725	0.385	0.0	0.385	0.3966	0.5469	0.8063
726	0.7716	0.0	0.7716	0.4803	0.9372	0.5505
727	0.493	0.0	0.493	0.4322	0.7739	0.5314
728	0.3841	0.0	0.3841	0.5343	0.4539	0.7453
729	0.7123	0.0	0.7123	0.5037	0.7517	0.7968
730	0.5684	0.0	0.5684	0.439	0.7153	0.4605
731	0.5628	0.0	0.5628	0.587	0.6782	0.6339
732	0.6379	0.0	0.6379	0.5925	0.753	0.749
733	0.6232	0.0	0.6232	0.5897	0.893	0.891
734	0.7129	0.0	0.7129	0.5002	0.7459	0.5553
735	0.6417	0.0	0.6417	0.6572	0.9054	0.9539
736	0.7988	0.0	0.7988	0.7361	1.03	0.8504
737	0.8066	0.0	0.8066	0.62	0.9898	0.7812
738	0.5595	0.0	0.5595	0.5555	0.64	0.7119
739	0.556	0.0	0.556	0.5169	0.6686	0.6247
740	0.6686	0.0	0.6686	0.5778	0.7859	0.6992
741	0.7802	0.0	0.7802	0.5455	0.7929	0.6851
742	0.5777	0.0	0.5777	0.6082	0.6431	0.668
743	0.6125	0.0	0.6125	0.4284	0.8341	0.4511
744	0.5274	0.0	0.5274	0.5927	0.5766	0.6386
745	0.5275	0.0	0.5275	0.4771	0.6307	0.5736
746	0.5759	0.0	0.5759	0.7299	0.5751	0.8286
747	0.6092	0.0	0.6092	0.4594	0.7163	0.5222
748	0.4391	0.0	0.4391	0.4339	0.5183	0.6115
749	0.4478	0.0	0.4478	0.7107	0.5945	0.8773
750	0.5762	0.0	0.5762	0.6101	0.6519	0.7344
751	0.5947	0.0	0.5947	0.6857	0.6904	0.8276
752	0.5302	0.0	0.5302	0.5374	0.6249	0.6928
753	0.4459	0.0	0.4459	0.5595	0.5049	0.6635
754	0.6151	0.0	0.6151	0.5948	0.726	0.7491
755	0.4959	0.0	0.4959	0.4853	0.4819	0.5919
756	0.2879	0.0	0.2879	0.6032	0.3427	0.6814
757	0.7516	0.0	0.7516	0.5248	0.8895	0.6325
758	0.7532	0.0	0.7532	0.3887	1.121	0.5201
759	0.3843	0.0	0.3843	0.426	0.5492	0.5398
760	0.4887	0.0	0.4887	0.2895	0.5979	0.4715
761	0.5654	0.0	0.5654	0.5424	0.7199	0.661
762	0.6209	0.0	0.6209	0.4223	0.8161	0.4433
763	0.4875	0.0	0.4875	0.5538	0.6029	0.6671
764	0.7103	0.0	0.7103	0.7199	1.046	0.9726
765	0.2655	0.0	0.2655	0.5447	0.3726	0.728
766	0.4498	0.0	0.4498	0.4945	0.511	0.5819
767	0.8012	0.0	0.8012	0.7626	1.1	0.9627
768	0.5031	0.0	0.5031	0.3917	0.5457	0.4425
769	0.3066	0.0	0.3066	0.5406	0.4207	0.6011
770	0.6399	0.0	0.6399	0.5897	0.8099	0.6626
771	0.449	0.0	0.449	0.465	0.5738	0.4924
772	0.6558	0.0	0.6558	0.7981	0.8039	0.9857
773	0.7019	0.0	0.7019	0.7012	0.8214	0.8315
774	0.4024	0.0	0.4024	0.4475	0.4411	0.4664
775	0.5209	0.0	0.5209	0.4553	0.5167	0.5384
776	0.6418	0.0	0.6418	0.7145	0.6436	0.7685
777	0.5795	0.0	0.5795	0.5333	0.6399	0.672
778	0.4299	0.0	0.4299	0.368	0.5225	0.4508
779	0.5077	0.0	0.5077	0.5892	0.6278	0.7187
780	0.3058	0.0	0.3058	0.4461	0.3922	0.6181
781	0.5659	0.0	0.5659	0.5522	0.6374	0.6754
782	0.3382	0.0	0.3382	0.4906	0.385	0.6238
783	0.5331	0.0	0.5331	0.4918	0.7219	0.5879
784	0.5759	0.0	0.5759	0.3879	0.671	0.4057
785	0.5218	0.0	0.5218	0.7514	0.683	0.8241
786	0.3777	0.0	0.3777	0.5114	0.4913	0.6707
787	0.7222	0.0	0.7222	0.635	0.9839	0.8434
788	0.6736	0.0	0.6736	0.6748	0.7299	0.8731
789	0.6641	0.0	0.6641	0.5598	0.8918	0.7592
790	0.5041	0.0	0.5041	0.4048	0.5165	0.5064
791	0.7354	0.0	0.7354	0.5948	0.9502	0.667
792	0.4769	0.0	0.4769	0.3598	0.6005	0.4371
793	0.6177	0.0	0.6177	0.3938	0.7095	0.4964
794	0.5488	0.0	0.5488	0.519	0.643	0.5564
795	0.7047	0.0	0.7047	0.8245	0.804	0.8571
796	0.4858	0.0	0.4858	0.6367	0.5692	0.6668
797	0.4249	0.0	0.4249	0.6151	0.5315	0.6991
798	0.5305	0.0	0.5305	0.5477	0.5532	0.692
799	0.7166	0.0	0.7166	0.302	0.8496	0.3527
800	0.4559	0.0	0.4559	0.575	0.5799	0.7552
801	0.3601	0.0	0.3601	0.7323	0.485	0.836
802	0.3965	0.0	0.3965	0.621	0.5186	0.8235
803	0.6693	0.0	0.6693	0.8108	0.9985	1.115
804	0.3981	0.0	0.3981	0.9947	0.6516	1.188
805	0.3395	0.0	0.3395	0.379	0.6827	0.6776
806	0.5631	0.0	0.5631	0.8252	0.7396	0.9311
807	0.2643	0.0	0.2643	0.6737	0.2452	0.7681
808	0.677	0.0	0.677	0.4665	0.8936	0.7031
809	0.5266	0.0	0.5266	0.4349	0.6544	0.5469
810	0.7312	0.0	0.7312	0.601	0.9969	0.8818
811	0.5193	0.0	0.5193	0.67	0.6055	0.8301
812	0.4044	0.0	0.4044	0.4966	0.5214	0.5562
813	0.6317	0.0	0.6317	0.6887	1.0	0.835
814	0.4782	0.0	0.4782	0.564	0.5761	0.7257
815	0.4771	0.0	0.4771	0.5627	0.4979	0.6109
816	0.4378	0.0	0.4378	0.6012	0.5732	0.8772
817	0.4678	0.0	0.4678	0.3617	0.5284	0.4395
818	0.6556	0.0	0.6556	0.6974	0.743	0.8038
819	0.5787	0.0	0.5787	0.4752	0.6635	0.5622
820	0.496	0.0	0.496	0.5415	0.6295	0.646
821	0.6376	0.0	0.6376	0.3664	0.7985	0.4343
822	0.5469	0.0	0.5469	0.6686	0.6685	0.7863
823	0.6233	0.0	0.6233	0.5182	0.7796	0.661
824	0.5064	0.0	0.5064	0.659	0.551	0.715
825	0.476	0.0	0.476	0.5761	0.5432	0.7945
826	0.6291	0.0	0.6291	0.3996	0.785	0.5596
827	0.5932	0.0	0.5932	0.3267	0.6665	0.3799
828	0.6537	0.0	0.6537	0.5029	0.7477	0.7536
829	0.5048	0.0	0.5048	0.6565	0.6545	0.8345
830	0.5339	0.0	0.5339	0.5481	0.572	0.6547
831	0.4012	0.0	0.4012	0.4029	0.5227	0.5381
832	0.5476	0.0	0.5476	0.3325	0.631	0.4765
833	0.5275	0.0	0.5275	0.5914	0.5966	0.7929
834	0.5247	0.0	0.5247	0.4272	0.5713	0.4878
835	0.478	0.0	0.478	0.4118	0.5118	0.4897
836	0.5294	0.0	0.5294	0.5754	0.6329	0.7333
837	0.5165	0.0	0.5165	0.6478	0.7298	0.8783
838	0.5678	0.0	0.5678	0.5699	0.6765	0.682
839	0.218	0.0	0.218	0.6045	0.297	0.8812
840	0.5669	0.0	0.5669	0.5319	0.7049	0.6811
841	0.7371	0.0	0.7371	0.7399	0.918	1.025
842	0.27	0.0	0.27	0.4195	0.2871	0.5059
843	0.7585	0.0	0.7585	0.5854	0.8567	0.7379
844	0.2866	0.0	0.2866	0.6127	0.3385	0.7134
845	0.4917	0.0	0.4917	0.4079	0.4747	0.4667
846	0.4835	0.0	0.4835	0.5897	0.588	0.6707
847	0.555	0.0	0.555	0.4699	0.5855	0.5098
848	0.5787	0.0	0.5787	0.6401	0.6218	0.7304
849	0.6646	0.0	0.6646	0.37	0.7309	0.4378
850	0.6284	0.0	0.6284	0.5209	0.6752	0.5295
851	0.509	0.0	0.509	0.333	0.6321	0.4236
852	0.3302	0.0	0.3302	0.5683	0.3619	0.6588
853	0.4659	0.0	0.4659	0.6459	0.574	0.8484
854	0.8318	0.0	0.8318	0.4058	0.8577	0.498
855	0.5293	0.0	0.5293	0.4672	0.6382	0.5307
856	0.599	0.0	0.599	0.5335	0.7298	0.6278
857	0.4972	0.0	0.4972	0.4791	0.5655	0.5725
858	0.5947	0.0	0.5947	0.686	0.7166	0.8174
859	0.7442	0.0	0.7442	0.4611	0.9678	0.6166
860	0.5531	0.0	0.5531	0.4796	0.6318	0.4878
861	0.7632	0.0	0.7632	0.315	0.8607	0.3591
862	0.6799	0.0	0.6799	0.6923	0.8349	0.7889
863	0.6968	0.0	0.6968	0.4863	1.055	0.5519
864	0.377	0.0	0.377	0.3728	0.4784	0.4262
865	0.5926	0.0	0.5926	0.6072	0.6982	0.7444
866	0.5326	0.0	0.5326	0.4992	0.5762	0.5791
867	0.6974	0.0	0.6974	0.405	0.7442	0.4561
868	0.506	0.0	0.506	0.5458	0.7008	0.6921
869	0.4108	0.0	0.4108	0.4345	0.45	0.4855
870	0.5855	0.0	0.5855	0.5343	0.7385	0.634
871	0.8693	0.0	0.8693	0.8892	1.042	1.117
872	0.4886	0.0	0.4886	0.3409	0.6725	0.4167
873	0.726	0.0	0.726	0.6244	0.7889	0.7101
874	0.5446	0.0	0.5446	0.6578	0.6459	0.7636
875	0.2501	0.0	0.2501	0.3398	0.3189	0.3813
876	0.5844	0.0	0.5844	0.5057	0.7754	0.6548
877	0.35	0.0	0.35	0.4879	0.4545	0.6407
878	0.6711	0.0	0.6711	0.3691	0.7742	0.4921
879	0.5333	0.0	0.5333	0.5764	0.5724	0.6046
880	0.6366	0.0	0.6366	0.5851	0.7274	0.67
881	0.5736	0.0	0.5736	0.5971	0.5768	0.7739
882	0.3408	0.0	0.3408	0.4078	0.3441	0.4467
883	0.8307	0.0	0.8307	0.4169	0.9449	0.5427
884	0.3024	0.0	0.3024	0.2194	0.3704	0.2781
885	0.6283	0.0	0.6283	0.2724	0.6911	0.3378
886	0.4796	0.0	0.4796	0.5343	0.536	0.6137
887	0.7511	0.0	0.7511	0.6108	0.9979	0.7488
888	0.4675	0.0	0.4675	0.48	0.5172	0.558
889	0.7144	0.0	0.7144	0.6294	0.8493	0.7652
890	0.5722	0.0	0.5722	0.6687	0.5951	0.7645
891	0.6793	0.0	0.6793	0.4858	0.9187	0.7189
892	0.6513	0.0	0.6513	0.7984	0.7873	0.8897
893	0.6422	0.0	0.6422	0.7164	0.5968	0.992
894	0.45	0.0	0.45	0.4485	0.5407	0.548
895	0.5426	0.0	0.5426	0.5713	0.7091	0.6234
896	0.5794	0.0	0.5794	0.4131	0.6642	0.4842
897	0.5083	0.0	0.5083	0.4019	0.6787	0.5712
898	0.4731	0.0	0.4731	0.4102	0.5631	0.463
899	0.7395	0.0	0.7395	0.6185	0.8688	0.7747
900	0.4906	0.0	0.4906	0.412	0.71	0.6014
901	0.3563	0.0	0.3563	0.3247	0.4097	0.3647
902	0.3668	0.0	0.3668	0.4442	0.4058	0.5131
903	0.291	0.0	0.291	0.3923	0.4168	0.4508
904	0.3925	0.0	0.3925	0.4316	0.468	0.5448
905	0.6109	0.0	0.6109	0.3759	0.774	0.4871
906	0.5869	0.0	0.5869	0.4561	0.6842	0.5487
907	0.7083	0.0	0.7083	0.7602	0.9114	0.9185
908	0.2758	0.0	0.2758	0.5972	0.5339	0.7376
909	0.5266	0.0	0.5266	0.6107	0.6623	0.8873
910	0.699	0.0	0.699	0.6936	0.9222	1.021
911	0.4473	0.0	0.4473	0.4998	0.7218	0.5879
912	0.2571	0.0	0.2571	0.5434	0.2838	0.6973
913	0.2854	0.0	0.2854	0.3414	0.2783	0.4728
914	0.6852	0.0	0.6852	0.7997	0.87	1.054
915	0.6377	0.0	0.6377	0.4947	0.7372	0.5759
916	0.5133	0.0	0.5133	0.5213	0.6436	0.6416
917	0.6483	0.0	0.6483	0.743	0.9296	1.055
918	0.3684	0.0	0.3684	0.6477	0.4102	0.7298
919	0.5169	0.0	0.5169	0.4289	0.602	0.4745
920	0.9021	0.0	0.9021	0.7937	1.06	0.9808
921	0.7387	0.0	0.7387	0.5019	0.8646	0.5674
922	0.255	0.0	0.255	0.3386	0.2862	0.3609
923	0.4739	0.0	0.4739	0.243	0.5624	0.3024
924	0.7385	0.0	0.7385	0.5475	0.8836	0.66
925	0.5002	0.0	0.5002	0.5173	0.6338	0.6585
926	0.48	0.0	0.48	0.3361	0.4894	0.3716
927	0.5662	0.0	0.5662	0.6837	0.6185	0.8069
928	0.3956	0.0	0.3956	0.4388	0.4437	0.4556
929	0.4248	0.0	0.4248	0.6957	0.5484	0.8393
930	0.5626	0.0	0.5626	0.557	0.6908	0.6668
931	0.6774	0.0	0.6774	0.5565	0.8338	0.7126
932	0.775	0.0	0.775	0.4367	0.8097	0.5118
933	0.3409	0.0	0.3409	0.3225	0.5319	0.4048
934	0.402	0.0	0.402	0.4664	0.4461	0.5436
935	0.5089	0.0	0.5089	0.5229	0.5785	0.7361
936	0.3534	0.0	0.3534	0.5379	0.5753	0.732
937	0.6257	0.0	0.6257	0.5347	0.6545	0.6708
938	0.6812	0.0	0.6812	0.6367	0.7645	0.6588
939	0.7977	0.0	0.7977	0.4295	0.9262	0.51
940	0.4618	0.0	0.4618	0.6655	0.5343	0.7366
941	0.6687	0.0	0.6687	0.7175	1.02	1.347
942	0.4982	0.0	0.4982	0.682	0.5169	0.7625
943	0.2013	0.0	0.2013	0.7188	0.309	0.7748
944	0.6483	0.0	0.6483	0.6336	0.8541	0.7608
945	0.8054	0.0	0.8054	0.5572	0.865	0.7887
946	0.6101	0.0	0.6101	0.4426	0.7201	0.4955
947	0.5351	0.0	0.5351	0.5287	0.6648	0.6285
948	0.5432	0.0	0.5432	0.5347	0.6865	0.6468
949	0.6283	0.0	0.6283	0.6162	0.9703	0.7607
950	0.5881	0.0	0.5881	0.5926	0.7028	0.6321
951	0.3304	0.0	0.3304	0.3028	0.3614	0.3658
952	0.6437	0.0	0.6437	0.6364	0.7533	0.7421
953	0.3858	0.0	0.3858	0.5315	0.4738	0.6573
954	0.5579	0.0	0.5579	0.6452	0.6463	0.866
955	0.6533	0.0	0.6533	0.6604	0.8315	0.7456
956	0.2261	0.0	0.2261	0.3631	0.3	0.4386
957	0.09754	0.0	0.09754	0.5763	0.1452	0.6433
958	0.2573	0.0	0.2573	0.6266	0.3304	0.6254
959	0.5192	0.0	0.5192	0.5959	0.5844	0.6503
960	0.4641	0.0	0.4641	0.3707	0.5468	0.4721
961	0.3756	0.0	0.3756	0.361	0.4137	0.4037
962	0.6673	0.0	0.6673	0.5168	0.7558	0.6254
963	0.6782	0.0	0.6782	0.7219	0.7891	0.8159
964	0.4622	0.0	0.4622	0.7576	0.527	0.8035
965	0.347	0.0	0.347	0.5881	0.3765	0.6851
966	0.5706	0.0	0.5706	0.6231	0.8057	0.7547
967	0.4329	0.0	0.4329	0.6701	0.6274	0.7719
968	0.588	0.0	0.588	0.427	0.646	0.4474
969	0.4141	0.0	0.4141	0.5146	0.5663	0.5451
970	0.5776	0.0	0.5776	0.5997	0.6604	0.7365
971	0.4794	0.0	0.4794	0.6574	0.5251	0.8108
972	0.7164	0.0	0.7164	0.4178	0.8396	0.5043
973	0.3269	0.0	0.3269	0.48	0.4788	0.6306
974	0.6055	0.0	0.6055	0.3603	0.8531	0.4282
975	0.6218	0.0	0.6218	0.8281	0.7854	0.9248
976	0.4269	0.0	0.4269	0.579	0.6492	0.7193
977	0.4716	0.0	0.4716	0.4943	0.5231	0.5489
978	0.5064	0.0	0.5064	0.6261	0.6495	0.7126
979	0.6426	0.0	0.6426	0.3593	0.7724	0.4173
980	0.5018	0.0	0.5018	0.5555	0.5502	0.7157
981	0.2846	0.0	0.2846	0.4641	0.3382	0.5209
982	0.5478	0.0	0.5478	0.3129	0.6619	0.3639
983	0.4054	0.0	0.4054	0.3377	0.4535	0.4557
984	0.5405	0.0	0.5405	0.5831	0.6194	0.6874
985	0.547	0.0	0.547	0.662	0.7063	0.7507
986	0.4686	0.0	0.4686	0.2784	0.5263	0.3136
987	0.3756	0.0	0.3756	0.6022	0.4974	0.7243
988	0.3552	0.0	0.3552	0.2063	0.4149	0.3716
989	0.3765	0.0	0.3765	0.4912	0.4617	0.6078
990	0.4571	0.0	0.4571	0.3453	0.5404	0.3643
991	0.5427	0.0	0.5427	0.6631	0.6613	0.7669
992	0.4552	0.0	0.4552	0.5824	0.4839	0.6596
993	0.5883	0.0	0.5883	0.5521	0.7451	0.6508
994	0.6102	0.0	0.6102	0.64	0.7679	0.7994
995	0.9441	0.0	0.9441	0.7528	1.106	0.8788
996	0.5757	0.0	0.5757	0.7216	0.6937	0.795
997	0.6499	0.0	0.6499	0.6447	0.8193	0.8033
998	0.3609	0.0	0.3609	0.3808	0.416	0.4459
999	0.3826	0.0	0.3826	0.4231	0.4243	0.4956
1000	0.5841	0.0	0.5841	0.6521	0.652	0.7774
1001	0.4561	0.0	0.4561	0.4701	0.5585	0.5508
1002	0.6125	0.0	0.6125	0.4927	0.6765	0.555
1003	0.6532	0.0	0.6532	0.9516	0.7507	1.054
1004	0.5565	0.0	0.5565	0.6139	0.6591	0.665
1005	0.368	0.0	0.368	0.3724	0.3944	0.4585
1006	0.2833	0.0	0.2833	0.3283	0.4713	0.4233
1007	0.577	0.0	0.577	0.5511	0.6606	0.6463
1008	0.4995	0.0	0.4995	0.5852	0.756	0.7033
1009	0.6065	0.0	0.6065	0.2629	0.6967	0.3825
1010	0.4274	0.0	0.4274	0.5444	0.4527	0.6007
1011	0.7859	0.0	0.7859	0.705	1.066	1.002
1012	0.8239	0.0	0.8239	0.4815	0.9506	0.557
1013	0.4441	0.0	0.4441	0.5555	0.8112	0.7078
1014	0.7105	0.0	0.7105	0.6378	0.9022	0.7795
1015	0.2968	0.0	0.2968	0.4773	0.3613	0.4373
1016	0.5909	0.0	0.5909	0.2907	0.8358	0.3598
1017	0.3505	0.0	0.3505	0.6502	0.4099	0.8892
1018	0.8057	0.0	0.8057	0.5099	0.9961	0.6838
1019	0.6412	0.0	0.6412	0.7168	0.7238	0.9247
1020	0.1998	0.0	0.1998	0.486	0.2852	0.6217
1021	0.608	0.0	0.608	0.614	0.7706	0.6842
1022	0.324	0.0	0.324	0.5288	0.3782	0.6193
1023	0.5805	0.0	0.5805	0.4894	0.6664	0.4865
1024	0.6297	0.0	0.6297	0.7364	0.758	0.967
1025	0.4623	0.0	0.4623	0.6026	0.4875	0.6839
1026	0.649	0.0	0.649	0.6988	0.788	0.7266
1027	0.4651	0.0	0.4651	0.5989	0.5709	0.698
1028	0.5568	0.0	0.5568	0.599	0.6498	0.7381
1029	0.5072	0.0	0.5072	0.5038	0.5358	0.6027
1030	0.5182	0.0	0.5182	0.5295	0.5948	0.601
1031	0.5451	0.0	0.5451	0.4515	0.626	0.536
1032	0.5429	0.0	0.5429	0.5312	0.6175	0.6201
1033	0.5353	0.0	0.5353	0.4149	0.5972	0.5386
1034	0.6671	0.0	0.6671	0.4734	0.7838	0.5285
1035	0.5293	0.0	0.5293	0.5001	0.6034	0.5835
1036	0.7465	0.0	0.7465	0.5901	0.9622	0.8075
1037	0.607	0.0	0.607	0.5075	0.7817	0.8151
1038	0.3762	0.0	0.3762	0.3172	0.4194	0.3738
1039	0.4175	0.0	0.4175	0.6532	0.5015	0.9876
1040	0.6925	0.0	0.6925	0.5905	0.8434	0.8009
