Step	Loss
1	1.2028
2	4.5444
3	5.6027
4	0.9629
5	4.9253
6	5.0088
7	1.9307
8	1.6717
9	4.8245
10	2.2956
11	4.2145
12	1.9448
13	5.1958
14	0.713
15	5.4649
16	1.5909
17	4.7847
18	4.5101
19	4.5008
20	3.7802
21	4.3805
22	2.6394
23	4.3994
24	4.613
25	4.9123
26	4.3836
27	4.5157
28	4.135
29	1.677
30	4.9659
31	4.4556
32	4.5729
33	2.0233
34	5.1764
35	3.3726
36	1.6782
37	0.7972
38	2.0902
39	5.2067
40	4.6917
41	3.513
42	3.887
43	4.7883
44	1.0572
45	3.373
46	1.7961
47	4.2587
48	4.7385
49	2.4644
50	2.4925
51	1.3502
52	4.9059
53	4.3944
54	3.2531
55	4.1556
56	1.9984
57	2.5848
58	3.3397
59	1.7995
60	3.0247
61	4.4646
62	1.9109
63	3.0705
64	3.2982
65	2.7623
66	4.2678
67	3.06
68	1.6323
69	1.25
70	4.2211
71	1.4762
72	2.7436
73	2.2818
74	2.3374
75	4.3643
76	3.2615
77	4.416
78	1.0733
79	5.5659
80	4.1456
81	3.2883
82	5.2288
83	4.2068
84	3.43
85	4.3173
86	2.7362
87	4.1687
88	1.3663
89	2.5231
90	4.3644
91	2.4588
92	2.384
93	3.5066
94	3.9639
95	3.4488
96	0.3508
97	3.7148
98	2.4261
99	4.4228
100	1.9218
101	2.4512
102	4.0532
103	0.5353
104	3.3859
105	1.1201
106	3.9937
107	4.4761
108	0.7152
109	3.7236
110	4.382
111	1.3043
112	1.3043
113	4.0123
114	2.0382
115	3.5425
116	1.5347
117	4.4084
118	0.8003
119	4.236
120	1.8165
121	4.4862
122	3.8398
123	3.9665
124	3.3348
125	3.8754
126	2.2686
127	3.9612
128	3.8841
129	4.3535
130	3.8273
131	3.9443
132	3.3467
133	1.4192
134	4.5775
135	3.8892
136	3.6641
137	1.6268
138	4.0345
139	3.0725
140	1.0553
141	0.5396
142	2.1129
143	4.4978
144	4.1904
145	3.1351
146	3.4297
147	4.4559
148	0.7431
149	2.9964
150	1.4357
151	4.1065
152	4.4119
153	2.3604
154	2.115
155	0.9134
156	4.4821
157	4.0274
158	2.8806
159	3.8666
160	1.7773
161	2.344
162	3.1906
163	1.4795
164	3.0918
165	4.1047
166	1.686
167	3.9163
168	3.1951
169	2.4049
170	3.9706
171	3.3763
172	1.1754
173	1.2344
174	3.6934
175	0.9133
176	2.5011
177	2.2716
178	2.2233
179	4.2577
180	3.018
181	4.0577
182	0.7113
183	6.0594
184	3.7707
185	2.7046
186	4.7525
187	4.0217
188	3.3845
189	4.0288
190	2.3381
191	3.8357
192	1.1958
193	2.181
194	3.5446
195	2.2267
196	2.1715
197	3.5147
198	3.6629
199	3.1688
200	0.3525
201	3.4511
202	2.1898
203	4.1908
204	1.7082
205	2.1981
206	3.7795
207	0.7444
208	3.1605
209	1.1534
210	3.781
211	4.1697
212	0.5568
213	3.5697
214	4.3137
215	1.0524
216	1.0679
217	3.7836
218	2.0769
219	3.5157
220	1.4518
221	4.3389
222	0.8448
223	4.1507
224	1.6815
225	4.3186
226	3.6662
227	3.7631
228	2.9873
229	3.8185
230	2.0697
231	3.5565
232	3.567
233	4.0544
234	3.6108
235	3.7958
236	2.9064
237	1.1682
238	4.3554
239	3.7947
240	3.7308
241	1.6748
242	3.3919
243	2.8212
244	1.1203
245	0.4614
246	1.8953
247	4.2545
248	3.9907
249	2.9896
250	3.2603
251	4.2604
252	0.7897
253	2.8748
254	1.5482
255	3.6976
256	4.234
257	2.2986
258	1.7965
259	0.6813
260	4.2808
261	4.072
262	2.7321
263	3.6055
264	1.5688
265	2.3641
266	2.9989
267	1.508
268	2.8336
269	4.0464
270	1.4927
271	3.1755
272	3.1286
273	2.2493
274	3.9478
275	3.2915
276	1.1191
277	1.7108
278	3.6278
279	0.8877
280	2.4584
281	1.8674
282	2.2863
283	4.2206
284	2.6725
285	4.0234
286	0.8621
287	5.0685
288	3.5662
289	3.2433
290	4.6592
291	3.6414
292	3.3578
293	3.7609
294	2.192
295	3.8127
296	1.2571
297	2.1012
298	3.3223
299	2.0467
300	2.0767
301	3.1298
302	3.5076
303	3.0297
304	0.2865
305	3.4732
306	2.1659
307	3.9889
308	1.6829
309	2.1082
310	3.7362
311	0.8451
312	3.0939
313	1.1186
314	3.5786
315	4.0902
316	0.4415
317	3.6558
318	4.2811
319	0.9935
320	0.8759
321	3.6623
322	2.5284
323	3.4772
324	1.3081
325	4.1175
326	1.0333
327	3.8738
328	1.6198
329	4.3053
330	3.6075
331	3.7179
332	2.9697
333	3.687
334	2.0029
335	3.5805
336	3.5544
337	3.9846
338	3.5852
339	3.5905
340	2.8959
341	1.2765
342	4.3681
343	3.6777
344	3.4152
345	1.734
346	2.7295
347	2.524
348	1.0582
349	0.6787
350	1.6945
351	4.0055
352	3.9239
353	3.0454
354	3.3164
355	4.1881
356	0.6445
357	2.7969
358	1.4238
359	3.7329
360	4.0864
361	2.3267
362	1.7213
363	0.7095
364	4.242
365	3.9307
366	2.5832
367	3.6056
368	1.5251
369	2.0459
370	2.9703
371	1.5101
372	2.7844
373	4.0022
374	1.5801
375	4.0631
376	3.0962
377	2.0364
378	3.8754
379	3.0515
380	1.0864
381	1.0693
382	3.536
383	0.7751
384	2.3337
385	1.7493
386	2.1156
387	4.0957
388	2.7626
389	3.9374
390	0.8294
391	4.5284
392	3.5356
393	2.9666
394	4.2956
395	3.6191
396	3.2586
397	3.6553
398	2.3018
399	3.6614
400	1.3551
401	2.2158
402	3.4782
403	2.1595
404	2.1009
405	3.2756
406	3.4647
407	2.9057
408	0.322
409	3.1416
410	2.0147
411	4.0165
412	1.5751
413	1.9042
414	3.6796
415	0.466
416	3.091
417	1.057
418	3.5808
419	3.9677
420	0.3163
421	3.3118
422	4.1831
423	0.9413
424	0.8277
425	3.6324
426	2.2437
427	3.3264
428	1.2912
429	4.1046
430	0.7057
431	4.0287
432	1.5751
433	3.8812
434	3.5454
435	3.5702
436	2.8021
437	3.6149
438	1.9337
439	3.6874
440	3.4322
441	3.8891
442	3.4719
443	3.6119
444	2.8123
445	1.0776
446	4.2689
447	3.6793
448	3.4272
449	1.6315
450	2.5914
451	2.5546
452	0.9411
453	0.4763
454	1.7789
455	4.019
456	3.7979
457	2.9822
458	3.2604
459	4.0517
460	0.795
461	2.726
462	1.278
463	3.6595
464	3.7993
465	2.2936
466	1.6807
467	0.7146
468	3.8766
469	3.8089
470	2.6403
471	3.4842
472	1.4644
473	1.9016
474	2.7655
475	1.5404
476	2.8715
477	3.83
478	1.5057
479	3.2361
480	2.9693
481	2.0929
482	3.7233
483	3.3437
484	1.0702
485	0.7418
486	3.6338
487	0.7938
488	2.2641
489	1.8775
490	2.1764
491	4.0451
492	2.5613
493	3.8691
494	0.8449
495	5.1621
496	3.5234
497	1.9205
498	4.3183
499	3.4575
500	3.2789
501	3.657
502	1.8991
503	3.6207
504	1.0504
505	2.0066
506	3.3508
507	2.0282
508	1.8217
509	2.93
510	3.3786
511	2.7024
512	0.3737
513	3.1492
514	1.9864
515	3.8766
516	1.9271
517	1.7978
518	3.6681
519	0.4977
520	3.081
521	0.9686
522	3.4986
523	3.9826
524	0.5466
525	3.4054
526	4.2024
527	0.8756
528	0.8388
529	3.6682
530	2.1784
531	3.4265
532	1.295
533	4.0
534	0.956
535	3.4589
536	1.4016
537	3.9835
538	3.4623
539	3.6334
540	2.6174
541	3.6335
542	1.9062
543	3.3417
544	3.4289
545	3.8468
546	3.5599
547	3.5966
548	2.9119
549	0.98
550	4.2396
551	3.6186
552	3.2706
553	1.4589
554	1.8938
555	2.5598
556	1.187
557	0.3567
558	1.762
559	3.8449
560	3.8216
561	2.9764
562	3.1931
563	4.084
564	0.6529
565	2.6679
566	1.1375
567	3.4356
568	3.7333
569	2.2089
570	1.6853
571	0.6928
572	3.9193
573	3.8635
574	2.7013
575	3.4107
576	1.6001
577	1.9603
578	2.9315
579	1.225
580	2.7398
581	3.8459
582	1.407
583	3.1378
584	2.9164
585	1.9078
586	3.7212
587	3.2856
588	1.0572
589	0.641
590	3.3813
591	0.6821
592	2.2522
593	1.7497
594	2.0592
595	4.0253
596	2.532
597	3.9049
598	0.8597
599	4.5863
600	3.4746
601	2.2829
602	4.3845
603	3.5013
604	2.9983
605	3.723
606	1.8508
607	3.5883
608	1.2967
609	2.0715
610	3.1845
611	2.1455
612	1.8945
613	2.9844
614	3.4043
615	2.7341
616	0.1982
617	2.9757
618	2.0681
619	3.8537
620	1.7613
621	1.8865
622	3.6303
623	0.2356
624	2.8431
625	1.0927
626	3.5242
627	3.8068
628	0.6142
629	3.1958
630	4.2483
631	0.8205
632	0.6978
633	3.5778
634	1.8506
635	3.2713
636	1.2216
637	3.9855
638	0.8619
639	3.5361
640	1.3677
641	3.9512
642	3.4048
643	3.6053
644	2.5281
645	3.6108
646	2.0636
647	3.1897
648	3.3419
649	3.7641
650	3.4347
651	3.5579
652	2.7951
653	1.0033
654	4.1963
655	3.5838
656	3.0824
657	1.6088
658	2.5541
659	2.3327
660	0.5604
661	0.2786
662	1.6434
663	3.7226
664	3.7388
665	2.9839
666	3.2194
667	4.0007
668	0.5899
669	2.6529
670	1.116
671	3.5303
672	3.8859
673	2.3522
674	1.6472
675	0.6759
676	3.838
677	3.7429
678	2.6124
679	3.4815
680	1.377
681	2.0178
682	2.8164
683	1.4047
684	3.0362
685	3.7765
686	1.2461
687	3.7649
688	2.9279
689	1.8281
690	3.7706
691	3.1497
692	1.0622
693	0.4914
694	3.456
695	0.5916
696	2.127
697	1.7939
698	2.0647
699	3.8954
700	2.4164
701	3.8752
702	0.7926
703	4.1852
704	3.3824
705	1.6837
706	4.2166
707	3.2571
708	3.0547
709	3.5911
710	2.018
711	3.566
712	1.0755
713	1.91
714	3.1527
715	2.2101
716	1.913
717	2.9362
718	3.3459
719	2.6155
720	0.3867
721	2.9559
722	2.1597
723	3.7063
724	1.5941
725	2.0719
726	3.6188
727	0.3626
728	2.9152
729	0.8242
730	3.4305
731	3.8768
732	0.3357
733	3.3567
734	4.1506
735	0.7876
736	0.6327
737	3.5827
738	1.7878
739	3.2333
740	1.1287
741	3.9616
742	1.0083
743	3.8231
744	1.5922
745	3.9509
746	3.4558
747	3.546
748	2.6559
749	3.5697
750	1.9062
751	3.2301
752	3.4353
753	3.6828
754	3.4085
755	3.5574
756	2.6652
757	1.1381
758	4.1054
759	3.5024
760	2.9597
761	1.4076
762	1.566
763	2.3069
764	0.8419
765	0.3092
766	1.6097
767	3.8903
768	3.6685
769	2.9326
770	3.106
771	4.0507
772	0.6149
773	2.3878
774	1.109
775	3.5394
776	3.8438
777	2.3173
778	1.5306
779	0.5817
780	3.9015
781	3.7877
782	2.6878
783	3.348
784	1.4557
785	1.8973
786	2.8666
787	1.138
788	2.7841
789	3.8176
790	1.2578
791	3.3109
792	2.8231
793	1.8776
794	3.7156
795	3.0758
796	0.8992
797	1.532
798	3.372
799	0.6048
800	2.2022
801	1.686
802	2.1927
803	4.0543
804	2.5778
805	3.8549
806	0.9398
807	3.7216
808	3.3322
809	2.2105
810	4.2718
811	3.0452
812	2.963
813	3.5234
814	2.0242
815	3.5353
816	0.979
817	1.8559
818	2.9076
819	2.0597
820	1.7955
821	3.0832
822	3.374
823	2.5425
824	0.2994
825	2.8479
826	1.7995
827	3.6649
828	2.0121
829	1.9757
830	3.4185
831	0.6424
832	2.9155
833	0.9861
834	3.3795
835	3.8806
836	0.5684
837	3.2266
838	4.1337
839	0.7271
840	0.5991
841	3.5187
842	0.8173
843	3.2246
844	1.2138
845	3.9834
846	0.9433
847	3.686
848	1.794
849	3.7227
850	3.4239
851	3.558
852	2.4259
853	3.4698
854	1.6825
855	3.1839
856	3.3668
857	3.697
858	3.3387
859	3.4593
860	2.7485
861	1.2014
862	4.0367
863	3.5806
864	3.111
865	1.5568
866	1.2306
867	2.2365
868	0.8276
869	0.3926
870	1.6872
871	3.7668
872	3.6543
873	2.9103
874	3.0513
875	3.9366
876	0.5723
877	2.7031
878	1.1125
879	3.4271
880	3.9398
881	2.1926
882	1.527
883	0.6279
884	3.8805
885	3.7272
886	2.4678
887	3.2568
888	1.5415
889	1.7404
890	2.7431
891	1.2584
892	2.6738
893	3.7874
894	1.2544
895	2.3519
896	2.8164
897	1.8143
898	3.6744
899	2.942
900	0.9538
901	0.8822
902	3.3506
903	0.6306
904	2.1597
905	1.5807
906	2.0168
907	3.8827
908	2.4795
909	3.7828
910	0.9599
911	4.5261
912	3.2387
913	2.5222
914	4.1402
915	3.121
916	3.0798
917	3.3957
918	1.9958
919	3.5063
920	0.8947
921	1.8414
922	3.0886
923	2.0902
924	1.772
925	2.9892
926	3.2624
927	2.5585
928	0.2402
929	2.9362
930	1.83
931	3.6684
932	1.7333
933	1.901
934	3.4317
935	0.2535
936	2.9224
937	0.8701
938	3.2925
939	3.8923
940	0.2496
941	3.2781
942	4.2217
943	0.7982
944	0.5815
945	3.5693
946	1.8378
947	3.4241
948	1.186
949	3.9737
950	0.9802
951	3.0441
952	1.6422
953	3.8759
954	3.444
955	3.554
956	2.6631
957	3.5707
958	1.9571
959	2.9282
960	3.3129
961	3.6954
962	3.3035
963	3.4743
964	2.8202
965	1.0964
966	4.0663
967	3.5418
968	3.142
969	1.399
970	1.6023
971	2.3393
972	0.6155
973	0.2175
974	1.3664
975	3.7386
976	3.6118
977	3.0472
978	3.0752
979	3.9523
980	0.5756
981	2.4495
982	1.1636
983	3.4343
984	3.944
985	2.0923
986	1.4784
987	0.5435
988	3.837
989	3.6631
990	2.4957
991	3.2596
992	1.4167
993	1.8398
994	2.7113
995	1.1599
996	2.6739
997	3.6598
998	1.1121
999	3.3777
1000	2.8502
1001	1.7185
1002	3.7332
1003	3.1737
1004	0.8546
1005	0.7782
1006	3.3036
1007	0.4672
1008	2.132
1009	1.3432
1010	2.0324
1011	4.0108
1012	2.477
1013	3.8052
1014	0.5356
1015	4.118
1016	3.3046
1017	1.9687
1018	4.1732
1019	3.2352
1020	3.0004
1021	3.4714
1022	1.8846
1023	3.4765
1024	0.9196
1025	1.7319
1026	2.794
1027	2.0887
1028	1.8408
1029	2.8309
1030	3.276
1031	2.5119
1032	0.2615
1033	2.6037
1034	1.9255
1035	3.5868
1036	1.8104
1037	2.0324
1038	3.5313
1039	0.2506
1040	2.9526
