Step	Loss(S)	Loss(T)	fwd_S	fwd_T	rev_S	rev_T
1	0.0	3.194	4.182	4.272	3.307	3.194
2	0.0	1.616	3.78	1.718	2.795	1.616
3	0.0	3.714	2.92	4.37	2.287	3.714
4	0.0	2.633	5.463	3.327	3.992	2.633
5	0.0	3.301	4.033	5.262	3.152	3.301
6	0.0	2.181	3.753	2.288	3.376	2.181
7	0.0	2.691	3.183	3.285	2.879	2.691
8	0.0	2.646	2.701	2.97	2.331	2.646
9	0.0	2.488	3.148	3.348	2.503	2.488
10	0.0	2.654	4.632	3.849	3.604	2.654
11	0.0	2.474	2.145	2.308	1.967	2.474
12	0.0	2.132	2.509	2.303	2.109	2.132
13	0.0	2.739	2.624	3.176	3.269	2.739
14	0.0	1.991	1.607	2.51	1.421	1.991
15	0.0	2.236	1.834	2.714	1.678	2.236
16	0.0	2.221	2.336	2.921	1.657	2.221
17	0.0	1.574	2.305	2.285	1.293	1.574
18	0.0	2.234	3.247	2.515	2.924	2.234
19	0.0	2.167	1.972	2.507	1.37	2.167
20	0.0	2.387	2.117	2.722	1.634	2.387
21	0.0	0.819	1.219	0.9275	1.087	0.819
22	0.0	1.186	2.626	1.664	1.969	1.186
23	0.0	2.424	2.037	2.672	1.889	2.424
24	0.0	0.8412	2.477	1.098	1.994	0.8412
25	0.0	1.774	2.039	1.882	1.882	1.774
26	0.0	2.349	2.434	2.696	2.029	2.349
27	0.0	1.599	2.208	2.112	1.76	1.599
28	0.0	2.034	2.828	2.861	2.112	2.034
29	0.0	1.046	1.792	1.346	1.519	1.046
30	0.0	1.021	1.791	1.336	1.273	1.021
31	0.0	1.441	3.602	1.893	2.913	1.441
32	0.0	1.48	2.456	2.065	1.72	1.48
33	0.0	1.868	2.093	1.874	1.748	1.868
34	0.0	1.437	1.526	1.584	1.269	1.437
35	0.0	1.247	1.641	1.27	1.529	1.247
36	0.0	1.973	2.638	2.437	1.897	1.973
37	0.0	1.691	2.616	2.545	1.822	1.691
38	0.0	1.522	1.879	1.713	1.626	1.522
39	0.0	1.881	2.538	2.467	1.842	1.881
40	0.0	1.326	1.324	2.083	1.096	1.326
41	0.0	1.737	1.67	2.154	1.247	1.737
42	0.0	1.355	1.331	1.724	0.9997	1.355
43	0.0	2.666	1.594	3.183	1.185	2.666
44	0.0	0.8283	1.225	1.171	1.01	0.8283
45	0.0	1.503	2.203	2.306	1.507	1.503
46	0.0	2.894	3.024	3.234	2.768	2.894
47	0.0	0.8704	0.898	0.9967	0.6019	0.8704
48	0.0	2.024	1.978	2.412	1.343	2.024
49	0.0	1.293	1.824	1.68	1.306	1.293
50	0.0	1.639	1.05	1.824	0.7752	1.639
51	0.0	1.877	1.809	2.103	1.393	1.877
52	0.0	1.555	0.4378	2.14	0.3346	1.555
53	0.0	1.805	1.618	1.936	1.371	1.805
54	0.0	1.638	1.649	1.799	1.43	1.638
55	0.0	1.516	2.31	1.993	1.544	1.516
56	0.0	1.206	1.484	1.211	1.359	1.206
57	0.0	1.309	1.578	1.956	1.119	1.309
58	0.0	1.528	1.606	2.139	1.144	1.528
59	0.0	1.82	2.796	2.76	2.471	1.82
60	0.0	1.226	1.07	1.691	0.7497	1.226
61	0.0	1.55	3.375	1.703	2.928	1.55
62	0.0	0.8771	1.446	1.159	1.36	0.8771
63	0.0	1.698	1.166	1.925	0.8362	1.698
64	0.0	1.376	2.231	1.503	1.868	1.376
65	0.0	1.003	2.074	1.553	1.325	1.003
66	0.0	0.7892	2.088	1.015	1.734	0.7892
67	0.0	1.002	1.985	1.343	1.562	1.002
68	0.0	1.535	2.295	1.873	1.429	1.535
69	0.0	1.521	1.354	1.615	1.02	1.521
70	0.0	1.366	1.744	1.889	1.252	1.366
71	0.0	1.665	2.092	2.122	1.598	1.665
72	0.0	1.058	2.066	1.571	1.881	1.058
73	0.0	1.92	1.151	1.88	1.064	1.92
74	0.0	1.381	2.122	1.852	1.726	1.381
75	0.0	0.8837	1.85	1.295	1.462	0.8837
76	0.0	1.948	1.485	2.044	1.052	1.948
77	0.0	2.106	2.014	2.82	1.854	2.106
78	0.0	1.346	1.074	1.646	0.8201	1.346
79	0.0	1.607	1.631	2.038	1.324	1.607
80	0.0	1.127	1.942	1.226	1.589	1.127
81	0.0	1.679	1.616	1.952	1.473	1.679
82	0.0	1.444	1.464	1.935	1.278	1.444
83	0.0	2.024	2.17	2.687	1.909	2.024
84	0.0	1.13	1.457	1.434	1.048	1.13
85	0.0	1.35	2.096	1.981	1.658	1.35
86	0.0	0.8695	1.459	1.343	1.197	0.8695
87	0.0	1.5	1.83	2.055	1.527	1.5
88	0.0	1.229	1.99	1.33	1.688	1.229
89	0.0	1.553	1.76	1.825	1.53	1.553
90	0.0	1.994	1.417	2.244	1.228	1.994
91	0.0	1.124	1.257	1.21	1.125	1.124
92	0.0	1.574	1.51	1.619	1.27	1.574
93	0.0	1.14	1.625	1.563	1.248	1.14
94	0.0	1.62	1.372	1.621	1.299	1.62
95	0.0	1.073	1.826	1.44	1.334	1.073
96	0.0	1.305	1.474	1.821	1.199	1.305
97	0.0	1.413	1.132	1.897	0.9204	1.413
98	0.0	1.953	2.42	2.294	2.158	1.953
99	0.0	1.744	1.535	1.831	1.546	1.744
100	0.0	1.308	1.588	1.707	1.324	1.308
101	0.0	1.635	1.267	1.559	1.24	1.635
102	0.0	0.4801	1.133	0.5971	1.013	0.4801
103	0.0	1.076	1.791	1.111	1.549	1.076
104	0.0	1.374	2.006	1.806	1.594	1.374
105	0.0	1.813	1.841	2.029	1.37	1.813
106	0.0	1.198	2.067	1.612	1.703	1.198
107	0.0	1.576	1.121	2.235	0.7562	1.576
108	0.0	1.393	1.53	1.565	1.244	1.393
109	0.0	1.183	2.172	1.589	1.354	1.183
110	0.0	1.908	1.769	2.16	1.651	1.908
111	0.0	1.279	1.373	1.516	1.162	1.279
112	0.0	1.852	2.287	2.244	1.749	1.852
113	0.0	1.124	1.239	1.634	0.9715	1.124
114	0.0	1.312	2.238	1.81	1.594	1.312
115	0.0	1.44	0.9878	1.392	0.8595	1.44
116	0.0	1.359	1.028	1.536	0.797	1.359
117	0.0	1.277	1.485	1.585	1.425	1.277
118	0.0	1.114	1.852	1.375	1.359	1.114
119	0.0	1.031	0.9815	1.162	0.7541	1.031
120	0.0	1.354	1.425	1.587	1.18	1.354
121	0.0	1.298	1.51	1.681	1.264	1.298
122	0.0	1.176	1.38	1.389	1.186	1.176
123	0.0	1.056	1.463	1.371	1.386	1.056
124	0.0	2.107	2.047	2.469	1.743	2.107
125	0.0	1.387	1.872	1.441	1.787	1.387
126	0.0	0.884	1.63	1.13	1.283	0.884
127	0.0	1.489	1.298	1.842	1.151	1.489
128	0.0	0.7316	1.811	0.7412	1.365	0.7316
129	0.0	1.272	1.119	1.391	0.8586	1.272
130	0.0	1.236	0.6994	1.469	0.6913	1.236
131	0.0	1.326	1.467	1.642	1.238	1.326
132	0.0	1.357	1.619	1.618	1.236	1.357
133	0.0	0.7201	1.001	0.7906	0.8511	0.7201
134	0.0	0.5537	2.133	0.7094	1.864	0.5537
135	0.0	1.815	1.562	2.063	1.043	1.815
136	0.0	0.9503	1.843	1.36	1.439	0.9503
137	0.0	1.207	1.964	1.554	1.694	1.207
138	0.0	1.4	1.297	1.784	1.233	1.4
139	0.0	0.8684	1.153	1.075	1.076	0.8684
140	0.0	1.397	1.851	1.725	1.226	1.397
141	0.0	1.037	1.38	1.29	1.235	1.037
142	0.0	0.4638	2.865	0.5401	2.383	0.4638
143	0.0	1.229	1.52	1.448	1.171	1.229
144	0.0	1.234	1.325	1.576	1.253	1.234
145	0.0	1.387	1.541	1.959	1.225	1.387
146	0.0	0.8661	1.475	1.02	1.167	0.8661
147	0.0	1.762	1.087	1.622	1.0	1.762
148	0.0	0.7855	1.234	1.061	0.935	0.7855
149	0.0	1.144	1.784	1.566	1.301	1.144
150	0.0	0.8852	1.999	1.014	1.842	0.8852
151	0.0	0.825	1.565	0.8239	1.578	0.825
152	0.0	0.9843	1.781	1.242	1.515	0.9843
153	0.0	1.291	2.294	1.669	1.969	1.291
154	0.0	1.02	1.094	1.143	0.865	1.02
155	0.0	1.331	1.47	1.565	1.214	1.331
156	0.0	0.4468	1.686	0.5392	1.223	0.4468
157	0.0	1.161	1.423	1.345	1.263	1.161
158	0.0	1.243	1.032	1.327	0.9496	1.243
159	0.0	1.215	1.442	1.548	1.105	1.215
160	0.0	1.15	1.043	1.358	0.8659	1.15
161	0.0	0.9928	0.9366	1.316	0.7353	0.9928
162	0.0	1.193	1.25	1.562	0.8154	1.193
163	0.0	0.7411	2.268	1.018	1.43	0.7411
164	0.0	0.8992	1.036	1.108	0.9688	0.8992
165	0.0	1.392	2.319	1.816	2.076	1.392
166	0.0	0.9083	1.422	1.059	1.366	0.9083
167	0.0	1.05	0.7828	1.357	0.6555	1.05
168	0.0	0.5282	1.954	0.5976	1.576	0.5282
169	0.0	1.113	1.449	1.463	1.065	1.113
170	0.0	0.9865	0.7399	1.238	0.6187	0.9865
171	0.0	1.276	1.064	1.541	0.7992	1.276
172	0.0	1.219	2.153	1.656	1.45	1.219
173	0.0	1.221	1.552	1.369	1.349	1.221
174	0.0	1.05	0.9679	1.34	0.7561	1.05
175	0.0	1.197	1.803	1.16	1.563	1.197
176	0.0	1.198	1.684	1.278	1.457	1.198
177	0.0	1.215	1.388	1.71	1.332	1.215
178	0.0	0.445	1.385	0.6309	1.083	0.445
179	0.0	0.8887	1.636	1.094	1.679	0.8887
180	0.0	0.8127	1.778	1.033	1.505	0.8127
181	0.0	1.31	1.61	1.67	1.279	1.31
182	0.0	0.6309	1.278	0.8742	1.035	0.6309
183	0.0	1.27	1.667	1.816	1.336	1.27
184	0.0	1.733	1.559	1.927	1.419	1.733
185	0.0	1.054	0.7875	1.163	0.6147	1.054
186	0.0	1.103	1.189	1.235	1.005	1.103
187	0.0	1.541	1.078	2.117	0.8369	1.541
188	0.0	0.9062	1.318	1.114	1.011	0.9062
189	0.0	1.078	1.313	1.397	1.032	1.078
190	0.0	0.9289	1.474	1.007	1.235	0.9289
191	0.0	1.105	1.563	1.369	1.349	1.105
192	0.0	0.9591	0.8299	1.257	0.8189	0.9591
193	0.0	0.6859	1.257	0.6167	1.287	0.6859
194	0.0	1.029	1.057	1.112	0.9957	1.029
195	0.0	0.5741	1.296	0.7136	1.23	0.5741
196	0.0	1.637	1.531	1.917	1.218	1.637
197	0.0	1.026	1.112	1.394	0.9155	1.026
198	0.0	0.9416	1.243	1.0	1.22	0.9416
199	0.0	0.8651	0.9709	0.9536	0.8666	0.8651
200	0.0	1.039	0.9025	1.56	0.7049	1.039
201	0.0	1.7	1.53	1.808	1.365	1.7
202	0.0	1.403	0.9993	1.574	0.7651	1.403
203	0.0	1.479	0.7913	1.7	0.7064	1.479
204	0.0	0.7526	0.9954	0.999	0.8209	0.7526
205	0.0	0.9488	1.79	1.103	1.391	0.9488
206	0.0	0.8608	0.9457	1.078	0.9214	0.8608
207	0.0	0.4726	1.663	0.5709	1.263	0.4726
208	0.0	2.324	1.826	2.962	1.436	2.324
209	0.0	1.293	1.618	1.7	1.144	1.293
210	0.0	1.325	1.467	1.556	1.23	1.325
211	0.0	1.192	1.474	1.576	1.33	1.192
212	0.0	0.9047	0.711	1.083	0.6439	0.9047
213	0.0	1.052	2.359	1.233	1.875	1.052
214	0.0	1.366	1.605	1.678	1.396	1.366
215	0.0	0.8696	0.3706	1.012	0.3015	0.8696
216	0.0	1.287	2.097	1.692	1.457	1.287
217	0.0	0.9563	1.374	1.082	1.1	0.9563
218	0.0	1.11	1.387	1.309	1.119	1.11
219	0.0	1.305	1.266	1.35	1.188	1.305
220	0.0	1.163	1.103	1.351	0.9884	1.163
221	0.0	1.684	2.111	1.824	1.896	1.684
222	0.0	1.05	1.382	1.364	1.271	1.05
223	0.0	1.328	0.9791	1.299	0.9235	1.328
224	0.0	1.225	1.321	1.493	1.023	1.225
225	0.0	1.197	1.316	1.431	0.9592	1.197
226	0.0	1.338	1.274	1.704	1.343	1.338
227	0.0	1.036	1.152	1.208	0.9582	1.036
228	0.0	0.7749	0.4842	0.8778	0.4051	0.7749
229	0.0	0.721	1.279	0.9295	1.132	0.721
230	0.0	0.6157	1.421	0.9587	1.182	0.6157
231	0.0	1.211	1.112	1.717	0.8538	1.211
232	0.0	1.301	1.294	1.405	1.106	1.301
233	0.0	1.1	0.6887	1.338	0.5806	1.1
234	0.0	0.712	0.7958	0.7135	0.7252	0.712
235	0.0	1.143	1.2	1.313	1.078	1.143
236	0.0	1.388	1.647	1.557	1.395	1.388
237	0.0	1.375	0.9447	1.563	0.8015	1.375
238	0.0	1.344	2.147	1.718	1.826	1.344
239	0.0	1.444	1.934	2.071	1.548	1.444
240	0.0	0.8787	1.436	1.143	1.166	0.8787
241	0.0	1.244	1.62	1.231	1.422	1.244
242	0.0	0.6932	1.035	0.8483	0.9407	0.6932
243	0.0	0.6935	0.8671	0.8012	0.6679	0.6935
244	0.0	0.928	1.455	1.155	1.177	0.928
245	0.0	1.184	1.462	1.455	1.177	1.184
246	0.0	0.7625	1.374	0.9156	1.22	0.7625
247	0.0	1.277	1.156	1.517	1.015	1.277
248	0.0	1.178	1.055	1.321	0.8982	1.178
249	0.0	0.8757	1.251	1.097	1.159	0.8757
250	0.0	0.6936	0.8967	0.9466	0.7163	0.6936
251	0.0	1.041	1.513	1.375	1.093	1.041
252	0.0	0.7962	0.9543	1.049	0.7216	0.7962
253	0.0	0.533	0.9305	0.7594	0.6944	0.533
254	0.0	1.089	1.745	1.375	1.461	1.089
255	0.0	0.6942	0.6794	0.7737	0.5428	0.6942
256	0.0	1.354	1.242	1.732	1.092	1.354
257	0.0	1.125	1.903	1.317	1.265	1.125
258	0.0	0.7262	1.046	0.8301	0.8577	0.7262
259	0.0	1.127	1.177	1.304	1.006	1.127
260	0.0	0.8933	0.7592	0.9862	0.5449	0.8933
261	0.0	1.117	1.153	1.282	1.036	1.117
262	0.0	1.192	0.8379	1.453	0.7748	1.192
263	0.0	1.722	1.648	1.844	1.312	1.722
264	0.0	0.7843	1.035	0.8509	0.8972	0.7843
265	0.0	0.7314	0.713	0.9051	0.6113	0.7314
266	0.0	0.9086	1.322	1.131	1.037	0.9086
267	0.0	0.6569	2.345	0.8479	1.784	0.6569
268	0.0	0.7716	0.9051	0.8651	0.8111	0.7716
269	0.0	1.242	2.292	1.439	2.121	1.242
270	0.0	0.8621	1.036	0.8934	0.8958	0.8621
271	0.0	0.851	2.281	0.9944	1.509	0.851
272	0.0	0.8853	0.5583	0.9822	0.458	0.8853
273	0.0	0.8718	1.332	1.321	1.01	0.8718
274	0.0	0.8816	0.9137	1.049	0.7921	0.8816
275	0.0	1.07	1.025	1.389	0.8464	1.07
276	0.0	1.113	1.598	1.309	1.458	1.113
277	0.0	1.035	0.6496	1.306	0.5731	1.035
278	0.0	0.6081	1.044	0.6749	0.8014	0.6081
279	0.0	1.392	1.504	1.973	1.362	1.392
280	0.0	1.147	1.482	1.67	1.229	1.147
281	0.0	0.873	1.076	1.14	1.12	0.873
282	0.0	1.072	1.079	1.261	0.9277	1.072
283	0.0	0.7342	1.337	0.975	1.244	0.7342
284	0.0	1.644	0.9505	1.932	0.9713	1.644
285	0.0	0.9962	1.124	1.382	0.863	0.9962
286	0.0	0.8478	1.091	1.051	0.9036	0.8478
287	0.0	0.749	1.503	1.005	1.237	0.749
288	0.0	1.177	1.165	1.434	0.9724	1.177
289	0.0	0.5006	1.712	0.5594	1.549	0.5006
290	0.0	0.9852	0.781	1.119	0.6656	0.9852
291	0.0	0.9784	1.588	1.253	1.36	0.9784
292	0.0	0.7869	0.4428	0.9464	0.3285	0.7869
293	0.0	0.8453	1.434	1.075	0.9638	0.8453
294	0.0	0.8085	0.6687	0.9372	0.5888	0.8085
295	0.0	1.246	1.413	1.471	1.258	1.246
296	0.0	0.9241	1.187	0.8446	1.092	0.9241
297	0.0	0.6807	1.375	0.8319	1.078	0.6807
298	0.0	0.9699	1.363	1.207	1.128	0.9699
299	0.0	0.7104	0.9894	0.9552	0.8554	0.7104
300	0.0	1.33	0.5383	1.55	0.4504	1.33
301	0.0	1.713	1.951	1.79	1.53	1.713
302	0.0	0.7858	1.173	0.9255	1.021	0.7858
303	0.0	0.6852	0.8424	0.8125	0.7729	0.6852
304	0.0	0.8632	1.22	1.011	1.082	0.8632
305	0.0	0.991	1.062	1.037	0.8935	0.991
306	0.0	1.299	1.197	1.439	0.8927	1.299
307	0.0	0.7206	1.264	0.8314	1.119	0.7206
308	0.0	0.4935	0.6584	0.655	0.5319	0.4935
309	0.0	0.8047	1.435	0.9758	1.305	0.8047
310	0.0	0.8243	0.6808	0.7874	0.6516	0.8243
311	0.0	1.135	1.165	1.401	0.8819	1.135
312	0.0	1.616	1.441	2.105	1.344	1.616
313	0.0	1.193	1.471	1.692	1.348	1.193
314	0.0	1.206	1.254	1.337	0.9954	1.206
315	0.0	0.5973	1.317	0.7702	0.935	0.5973
316	0.0	0.6803	0.6153	0.8777	0.5878	0.6803
317	0.0	1.192	1.837	1.705	1.277	1.192
318	0.0	1.437	1.307	1.551	1.089	1.437
319	0.0	1.103	0.8449	1.105	0.8033	1.103
320	0.0	1.419	2.063	1.749	1.519	1.419
321	0.0	0.6314	1.792	0.7835	1.162	0.6314
322	0.0	0.65	1.3	0.8354	1.148	0.65
323	0.0	0.8977	1.098	1.111	1.021	0.8977
324	0.0	0.625	1.178	0.7164	1.124	0.625
325	0.0	1.348	1.537	1.355	1.382	1.348
326	0.0	0.6388	1.174	0.811	1.007	0.6388
327	0.0	1.251	1.108	1.816	0.9053	1.251
328	0.0	0.9577	1.16	1.013	0.9636	0.9577
329	0.0	1.219	1.803	1.556	1.573	1.219
330	0.0	1.018	0.8492	1.15	0.8264	1.018
331	0.0	1.462	0.6269	1.659	0.4925	1.462
332	0.0	1.164	1.276	1.819	0.9985	1.164
333	0.0	0.9808	1.473	1.289	1.224	0.9808
334	0.0	0.8522	1.637	0.9127	1.315	0.8522
335	0.0	1.1	1.341	1.344	1.066	1.1
336	0.0	0.8526	1.279	1.103	1.187	0.8526
337	0.0	0.9211	1.03	1.073	0.9845	0.9211
338	0.0	1.377	1.512	1.513	1.248	1.377
339	0.0	0.8864	1.067	1.047	0.9207	0.8864
340	0.0	1.19	1.764	1.284	1.628	1.19
341	0.0	1.208	0.8779	1.333	0.7653	1.208
342	0.0	1.231	1.606	1.472	1.312	1.231
343	0.0	1.345	2.066	1.747	1.633	1.345
344	0.0	0.8243	1.282	0.9797	1.075	0.8243
345	0.0	1.161	0.984	1.17	0.818	1.161
346	0.0	0.872	0.8681	1.034	0.7125	0.872
347	0.0	0.9282	1.058	1.003	0.8208	0.9282
348	0.0	1.307	1.593	1.423	1.296	1.307
349	0.0	1.163	1.306	1.339	1.175	1.163
350	0.0	0.5368	0.5722	0.6229	0.4965	0.5368
351	0.0	0.9344	1.019	1.007	0.8868	0.9344
352	0.0	0.8292	1.098	1.013	0.899	0.8292
353	0.0	0.8868	1.132	1.059	0.9778	0.8868
354	0.0	1.061	0.7871	1.148	0.6826	1.061
355	0.0	0.5561	1.435	0.6601	1.245	0.5561
356	0.0	0.4485	0.6957	0.6177	0.573	0.4485
357	0.0	0.466	1.04	0.5321	0.8847	0.466
358	0.0	1.016	1.584	1.421	1.295	1.016
359	0.0	1.05	1.261	1.225	1.105	1.05
360	0.0	1.181	1.64	1.386	1.304	1.181
361	0.0	1.523	1.222	1.92	1.007	1.523
362	0.0	1.116	1.108	1.235	0.9172	1.116
363	0.0	1.241	1.148	1.402	0.9925	1.241
364	0.0	0.2311	1.255	0.2705	1.008	0.2311
365	0.0	1.164	1.074	1.332	1.031	1.164
366	0.0	0.7659	1.096	0.8295	0.933	0.7659
367	0.0	1.148	1.089	1.303	1.045	1.148
368	0.0	1.021	0.8704	1.208	0.7103	1.021
369	0.0	0.7088	0.9984	0.7678	0.8199	0.7088
370	0.0	0.8705	0.9076	0.9872	0.7747	0.8705
371	0.0	1.589	1.792	2.057	1.577	1.589
372	0.0	0.9104	0.8782	1.072	0.9181	0.9104
373	0.0	0.6464	1.265	0.7179	1.055	0.6464
374	0.0	0.8531	0.8705	1.038	0.7362	0.8531
375	0.0	0.7597	0.9914	0.8845	0.9046	0.7597
376	0.0	1.041	1.805	1.235	1.628	1.041
377	0.0	0.5968	1.459	0.8748	1.186	0.5968
378	0.0	0.5999	1.627	0.6905	1.432	0.5999
379	0.0	1.018	1.084	1.279	0.895	1.018
380	0.0	1.474	1.636	1.453	1.436	1.474
381	0.0	0.9084	0.8895	1.008	0.7036	0.9084
382	0.0	0.7841	0.5196	0.8492	0.4659	0.7841
383	0.0	1.5	1.659	1.656	1.423	1.5
384	0.0	0.9648	1.38	1.174	1.046	0.9648
385	0.0	0.7995	1.084	1.051	0.8463	0.7995
386	0.0	1.384	1.213	1.606	0.966	1.384
387	0.0	1.146	0.805	1.396	0.7506	1.146
388	0.0	0.55	0.3702	0.7198	0.3811	0.55
389	0.0	1.243	1.908	1.642	1.525	1.243
390	0.0	0.5213	1.164	0.8046	0.9731	0.5213
391	0.0	0.8318	1.084	1.08	1.006	0.8318
392	0.0	1.153	0.833	1.359	0.7686	1.153
393	0.0	1.554	1.203	1.776	1.031	1.554
394	0.0	1.251	0.9741	1.315	0.815	1.251
395	0.0	1.297	1.249	1.698	0.9946	1.297
396	0.0	0.9243	0.9794	1.043	1.009	0.9243
397	0.0	0.9193	1.173	1.108	1.029	0.9193
398	0.0	0.5623	0.9038	0.6716	0.7672	0.5623
399	0.0	0.8887	1.141	1.016	1.013	0.8887
400	0.0	0.8144	1.148	0.9055	1.091	0.8144
401	0.0	0.9873	0.6954	1.128	0.5977	0.9873
402	0.0	0.8209	0.6381	0.8412	0.5013	0.8209
403	0.0	1.152	1.121	1.524	0.8497	1.152
404	0.0	0.7949	1.613	0.9326	1.295	0.7949
405	0.0	0.4809	0.956	0.5306	1.003	0.4809
406	0.0	0.8499	1.17	1.084	0.9617	0.8499
407	0.0	0.6115	1.34	0.713	1.285	0.6115
408	0.0	0.9386	0.9321	1.076	0.795	0.9386
409	0.0	0.7735	1.507	0.8442	1.307	0.7735
410	0.0	1.465	0.8849	1.679	0.7747	1.465
411	0.0	1.196	1.273	1.295	1.096	1.196
412	0.0	0.9332	1.348	1.135	0.9766	0.9332
413	0.0	0.8308	1.346	0.8715	1.011	0.8308
414	0.0	0.8568	1.003	1.04	0.8305	0.8568
415	0.0	1.085	1.174	1.468	0.9217	1.085
416	0.0	1.281	1.488	1.534	1.3	1.281
417	0.0	1.035	1.244	1.384	1.097	1.035
418	0.0	0.6343	1.529	0.6909	1.258	0.6343
419	0.0	1.214	1.327	1.426	1.246	1.214
420	0.0	0.4206	1.174	0.481	0.9719	0.4206
421	0.0	1.066	1.031	1.595	0.9401	1.066
422	0.0	1.072	0.982	1.241	0.7511	1.072
423	0.0	0.7949	0.7934	0.8348	0.8011	0.7949
424	0.0	1.291	1.243	1.604	0.8506	1.291
425	0.0	0.9959	1.607	1.157	1.336	0.9959
426	0.0	0.7909	0.9739	0.93	0.9427	0.7909
427	0.0	0.6332	1.262	0.7714	1.048	0.6332
428	0.0	1.289	0.6881	1.458	0.6245	1.289
429	0.0	1.128	1.837	1.409	1.589	1.128
430	0.0	0.9684	1.026	1.0	0.9258	0.9684
431	0.0	1.504	1.028	1.596	0.8399	1.504
432	0.0	1.161	1.101	1.224	0.9929	1.161
433	0.0	1.027	1.176	1.173	1.197	1.027
434	0.0	1.292	1.241	1.283	0.997	1.292
435	0.0	0.8559	1.389	1.137	1.176	0.8559
436	0.0	0.5784	1.323	0.6585	1.062	0.5784
437	0.0	1.458	1.407	2.513	1.005	1.458
438	0.0	0.699	1.241	0.9241	0.8684	0.699
439	0.0	0.9263	1.305	1.39	1.032	0.9263
440	0.0	1.338	1.144	1.561	1.02	1.338
441	0.0	0.9754	0.8862	1.077	0.7501	0.9754
442	0.0	1.3	1.591	1.5	1.313	1.3
443	0.0	1.017	1.414	1.104	1.151	1.017
444	0.0	1.248	1.347	1.406	1.258	1.248
445	0.0	1.533	0.8038	1.757	0.7456	1.533
446	0.0	1.315	1.502	1.515	1.569	1.315
447	0.0	0.9672	1.928	1.272	1.424	0.9672
448	0.0	0.525	1.08	0.63	0.8688	0.525
449	0.0	1.331	1.164	1.835	0.9311	1.331
450	0.0	0.7782	0.9318	0.8516	0.7729	0.7782
451	0.0	1.112	0.9474	1.308	0.8395	1.112
452	0.0	1.292	1.2	1.613	1.061	1.292
453	0.0	1.178	1.125	1.284	1.144	1.178
454	0.0	1.05	1.27	1.206	1.098	1.05
455	0.0	0.6804	1.033	0.8	0.9483	0.6804
456	0.0	0.6747	0.9771	0.8724	0.7472	0.6747
457	0.0	0.9803	0.4886	0.9996	0.4471	0.9803
458	0.0	0.4872	0.8169	0.5561	0.7035	0.4872
459	0.0	1.315	0.5924	1.361	0.4697	1.315
460	0.0	0.7716	0.5996	0.9047	0.5034	0.7716
461	0.0	0.7731	0.5219	0.9211	0.4522	0.7731
462	0.0	0.6896	1.425	0.8446	0.9147	0.6896
463	0.0	0.8392	1.687	1.167	1.288	0.8392
464	0.0	0.8921	1.15	1.047	1.132	0.8921
465	0.0	0.9799	1.353	1.151	1.181	0.9799
466	0.0	0.9731	1.017	1.101	0.8352	0.9731
467	0.0	0.8921	1.304	1.022	0.9147	0.8921
468	0.0	0.2812	0.8596	0.3267	0.688	0.2812
469	0.0	0.81	1.058	0.9443	0.9175	0.81
470	0.0	0.7611	1.093	0.89	0.9986	0.7611
471	0.0	1.23	1.18	1.172	1.006	1.23
472	0.0	0.8315	1.085	1.003	0.8685	0.8315
473	0.0	0.869	0.895	1.045	0.7642	0.869
474	0.0	0.7891	1.25	0.8791	0.9722	0.7891
475	0.0	1.494	1.819	1.751	1.404	1.494
476	0.0	0.7995	0.9683	0.8494	0.8821	0.7995
477	0.0	0.9345	1.588	1.162	1.354	0.9345
478	0.0	0.8019	0.8034	0.8688	0.7122	0.8019
479	0.0	0.8879	0.8495	1.05	0.7037	0.8879
480	0.0	1.366	0.4954	1.457	0.5159	1.366
481	0.0	0.927	1.035	1.216	0.742	0.927
482	0.0	0.4759	1.461	0.5314	1.318	0.4759
483	0.0	0.8518	0.7672	1.093	0.6577	0.8518
484	0.0	1.656	1.835	1.842	1.298	1.656
485	0.0	0.9419	0.8122	1.159	0.6881	0.9419
486	0.0	0.5047	1.052	0.6003	0.8904	0.5047
487	0.0	1.192	0.5344	1.448	0.4667	1.192
488	0.0	0.7678	1.091	0.8739	0.8601	0.7678
489	0.0	1.207	0.9984	1.596	0.9565	1.207
490	0.0	0.9344	1.228	0.9822	1.131	0.9344
491	0.0	0.5916	1.124	0.8023	1.195	0.5916
492	0.0	1.205	0.4016	1.328	0.3328	1.205
493	0.0	1.187	1.459	1.325	1.17	1.187
494	0.0	0.4794	0.8041	0.6515	0.7356	0.4794
495	0.0	0.8295	1.365	0.9687	1.128	0.8295
496	0.0	0.807	1.091	1.027	0.9081	0.807
497	0.0	1.224	1.6	1.41	1.53	1.224
498	0.0	0.9241	1.171	1.011	1.061	0.9241
499	0.0	1.288	1.373	1.623	1.171	1.288
500	0.0	0.546	0.5778	0.6451	0.5535	0.546
501	0.0	0.9675	1.111	1.114	0.9676	0.9675
502	0.0	0.7742	0.9265	0.8484	0.7748	0.7742
503	0.0	1.152	1.14	1.359	1.085	1.152
504	0.0	1.381	0.6182	1.42	0.4781	1.381
505	0.0	0.6511	1.293	0.6905	1.006	0.6511
506	0.0	0.8037	0.9998	0.956	0.7738	0.8037
507	0.0	0.655	0.9312	0.6982	0.7884	0.655
508	0.0	0.577	0.8582	0.601	0.7584	0.577
509	0.0	0.7975	1.043	0.9021	0.8403	0.7975
510	0.0	0.7526	0.8205	0.8438	0.6992	0.7526
511	0.0	0.6948	0.8732	0.7442	0.7831	0.6948
512	0.0	0.8253	0.5638	0.9732	0.4874	0.8253
513	0.0	1.252	1.516	1.324	1.27	1.252
514	0.0	1.773	0.682	1.777	0.5944	1.773
515	0.0	1.137	1.229	1.335	0.9991	1.137
516	0.0	0.6963	0.7227	0.8511	0.6008	0.6963
517	0.0	1.14	0.8081	1.605	0.7013	1.14
518	0.0	1.556	0.6049	2.135	0.5393	1.556
519	0.0	0.472	0.3869	0.502	0.3522	0.472
520	0.0	0.7836	1.496	0.869	1.352	0.7836
521	0.0	1.18	0.6368	1.587	0.5171	1.18
522	0.0	1.012	1.317	1.272	1.114	1.012
523	0.0	0.9268	0.9978	1.075	0.8352	0.9268
524	0.0	0.9204	0.8707	1.012	0.8436	0.9204
525	0.0	1.799	1.446	2.275	1.288	1.799
526	0.0	1.367	1.429	1.647	1.314	1.367
527	0.0	0.7837	0.7344	0.9857	0.7099	0.7837
528	0.0	1.146	1.431	1.424	1.292	1.146
529	0.0	0.8285	0.9886	1.053	0.9066	0.8285
530	0.0	1.141	0.96	1.232	0.7956	1.141
531	0.0	0.7425	1.273	0.9774	1.072	0.7425
532	0.0	0.7693	1.045	0.8624	0.9377	0.7693
533	0.0	1.296	1.531	1.477	1.422	1.296
534	0.0	1.049	0.9234	1.306	0.8069	1.049
535	0.0	1.071	0.874	1.357	0.6894	1.071
536	0.0	0.5456	0.944	0.5451	0.8685	0.5456
537	0.0	0.8805	1.545	0.9357	1.292	0.8805
538	0.0	0.5345	0.5429	0.5709	0.4882	0.5345
539	0.0	0.8336	0.8586	1.079	0.7743	0.8336
540	0.0	0.9678	1.487	1.07	1.45	0.9678
541	0.0	0.81	1.131	0.9352	0.9183	0.81
542	0.0	1.228	0.8395	1.418	0.7671	1.228
543	0.0	0.7066	0.8435	0.8412	0.6815	0.7066
544	0.0	0.9857	1.219	1.034	1.082	0.9857
545	0.0	0.8133	0.7657	0.9287	0.6382	0.8133
546	0.0	1.519	0.6895	1.719	0.6296	1.519
547	0.0	0.7984	1.361	0.799	1.106	0.7984
548	0.0	1.186	0.6124	1.178	0.52	1.186
549	0.0	1.042	1.133	1.01	0.9814	1.042
550	0.0	0.4613	1.524	0.4412	1.349	0.4613
551	0.0	1.261	1.278	1.618	1.075	1.261
552	0.0	0.6431	0.99	0.7165	0.8899	0.6431
553	0.0	0.6996	1.002	0.7885	0.693	0.6996
554	0.0	0.7812	0.9363	0.9799	0.7806	0.7812
555	0.0	1.001	1.097	1.03	0.8361	1.001
556	0.0	0.8304	1.368	0.9251	1.214	0.8304
557	0.0	0.9664	1.255	1.208	1.039	0.9664
558	0.0	0.8234	0.8615	0.8351	0.8125	0.8234
559	0.0	0.7269	1.018	0.7905	0.9801	0.7269
560	0.0	0.898	0.3565	0.9733	0.2964	0.898
561	0.0	0.7856	1.143	0.8143	1.032	0.7856
562	0.0	0.944	0.6854	0.9962	0.6847	0.944
563	0.0	1.181	1.212	1.428	0.9323	1.181
564	0.0	0.8143	0.8811	0.8877	0.6265	0.8143
565	0.0	0.8619	1.182	0.9992	1.069	0.8619
566	0.0	0.696	1.375	0.8419	0.9211	0.696
567	0.0	0.8689	0.7588	1.056	0.614	0.8689
568	0.0	1.078	1.192	1.378	1.037	1.078
569	0.0	0.9882	1.531	1.265	1.423	0.9882
570	0.0	0.9873	0.9767	1.278	0.8331	0.9873
571	0.0	1.026	0.8061	1.236	0.6594	1.026
572	0.0	0.2001	1.214	0.2208	1.047	0.2001
573	0.0	0.8736	1.126	1.103	0.9168	0.8736
574	0.0	0.9199	1.028	1.028	0.9124	0.9199
575	0.0	1.018	1.325	1.109	1.203	1.018
576	0.0	0.8344	0.8545	0.9752	0.6794	0.8344
577	0.0	0.3435	0.7529	0.4035	0.6606	0.3435
578	0.0	0.8797	1.051	0.782	0.9698	0.8797
579	0.0	1.232	0.2545	1.429	0.2326	1.232
580	0.0	0.7284	0.9718	0.7915	0.9069	0.7284
581	0.0	0.7744	1.237	1.003	0.9288	0.7744
582	0.0	0.8129	0.6653	0.8686	0.5414	0.8129
583	0.0	0.7823	1.036	0.925	0.8558	0.7823
584	0.0	0.6334	0.8719	0.7728	0.7998	0.6334
585	0.0	0.8366	0.6819	0.9596	0.5975	0.8366
586	0.0	0.7097	0.99	0.8074	0.8402	0.7097
587	0.0	1.342	1.565	1.068	1.527	1.342
588	0.0	1.242	1.703	1.468	1.463	1.242
589	0.0	0.9789	0.9142	1.205	0.7714	0.9789
590	0.0	0.8332	0.8128	1.023	0.7638	0.8332
591	0.0	1.297	1.313	1.669	1.193	1.297
592	0.0	0.7398	1.335	0.7759	1.164	0.7398
593	0.0	1.145	0.761	1.338	0.6463	1.145
594	0.0	0.9594	1.254	1.188	1.072	0.9594
595	0.0	1.241	0.7772	1.032	0.8913	1.241
596	0.0	0.8879	1.23	1.397	0.8821	0.8879
597	0.0	1.066	1.06	1.334	0.8217	1.066
598	0.0	0.6482	1.034	0.8438	0.7624	0.6482
599	0.0	0.8174	0.3465	1.173	0.3518	0.8174
600	0.0	1.087	0.7897	1.228	0.6044	1.087
601	0.0	1.263	1.087	1.611	1.413	1.263
602	0.0	0.7618	0.9561	0.8538	0.861	0.7618
603	0.0	1.26	1.273	1.59	1.18	1.26
604	0.0	0.7851	0.9823	0.8402	0.8974	0.7851
605	0.0	0.7231	0.8458	0.8368	0.9468	0.7231
606	0.0	0.9652	1.376	0.8809	1.08	0.9652
607	0.0	0.9182	1.338	0.9218	1.173	0.9182
608	0.0	0.7306	1.634	0.7537	1.315	0.7306
609	0.0	0.6684	0.8853	0.7864	0.6448	0.6684
610	0.0	0.8609	1.125	0.9616	1.032	0.8609
611	0.0	0.8229	0.9869	0.9721	0.866	0.8229
612	0.0	1.086	1.169	1.181	1.04	1.086
613	0.0	0.7358	1.224	0.9653	1.059	0.7358
614	0.0	0.9118	1.125	0.992	0.9036	0.9118
615	0.0	0.8621	0.7259	0.9343	0.6296	0.8621
616	0.0	1.171	1.378	1.043	1.14	1.171
617	0.0	0.968	1.128	1.181	0.9796	0.968
618	0.0	1.12	1.329	1.485	1.136	1.12
619	0.0	1.284	0.9254	1.409	0.8014	1.284
620	0.0	0.9318	1.406	1.141	1.237	0.9318
621	0.0	0.8905	0.8947	1.065	0.7584	0.8905
622	0.0	0.8661	1.152	1.03	0.9479	0.8661
623	0.0	0.5756	0.8426	0.5895	0.7048	0.5756
624	0.0	0.8442	1.529	1.129	1.189	0.8442
625	0.0	1.192	1.396	1.386	1.237	1.192
626	0.0	1.15	1.518	1.227	1.23	1.15
627	0.0	0.777	0.736	0.8548	0.6067	0.777
628	0.0	0.5503	0.9178	0.6847	0.8397	0.5503
629	0.0	1.734	1.507	2.068	1.211	1.734
630	0.0	0.7176	0.9057	0.8596	0.7945	0.7176
631	0.0	0.7284	0.8481	0.7256	0.7581	0.7284
632	0.0	0.9194	1.53	1.199	1.252	0.9194
633	0.0	0.8883	0.1853	1.156	0.2386	0.8883
634	0.0	1.133	1.14	1.214	1.06	1.133
635	0.0	0.9918	0.9232	1.298	0.807	0.9918
636	0.0	0.8625	0.9842	0.9771	0.9508	0.8625
637	0.0	1.228	1.231	1.46	1.069	1.228
638	0.0	0.6069	1.243	0.6182	1.07	0.6069
639	0.0	0.8731	0.1528	1.165	0.1326	0.8731
640	0.0	1.001	1.322	1.057	1.065	1.001
641	0.0	0.5426	0.496	0.6019	0.433	0.5426
642	0.0	1.269	0.6652	1.309	0.7694	1.269
643	0.0	0.8049	1.09	0.9542	0.8482	0.8049
644	0.0	1.195	1.603	1.346	1.363	1.195
645	0.0	1.096	0.8104	1.35	0.7444	1.096
646	0.0	0.6218	1.577	0.7244	1.244	0.6218
647	0.0	0.8873	1.184	1.19	0.8675	0.8873
648	0.0	0.6035	0.6094	0.7512	0.5842	0.6035
649	0.0	0.8593	1.053	0.8958	0.9155	0.8593
650	0.0	1.228	0.7864	1.329	0.6581	1.228
651	0.0	0.9932	1.302	1.177	1.032	0.9932
652	0.0	0.9649	1.109	1.114	1.336	0.9649
653	0.0	0.552	0.7371	0.601	0.6743	0.552
654	0.0	0.9916	0.8421	0.9938	0.7045	0.9916
655	0.0	0.5838	1.155	0.6629	1.164	0.5838
656	0.0	0.7348	1.333	0.8199	0.9795	0.7348
657	0.0	1.12	1.259	0.8503	1.039	1.12
658	0.0	0.7939	0.9863	0.9799	0.8117	0.7939
659	0.0	0.6234	1.153	0.6722	1.006	0.6234
660	0.0	0.8444	1.051	1.012	0.9535	0.8444
661	0.0	0.9716	0.7847	1.162	0.6832	0.9716
662	0.0	1.046	1.044	1.255	0.9602	1.046
663	0.0	1.062	1.004	1.146	0.9928	1.062
664	0.0	1.044	0.8803	1.042	0.8007	1.044
665	0.0	0.6077	1.347	0.626	1.094	0.6077
666	0.0	0.8144	0.9025	0.8698	0.8648	0.8144
667	0.0	1.063	1.389	1.145	1.119	1.063
668	0.0	0.8264	0.8631	0.848	0.6344	0.8264
669	0.0	1.045	1.308	1.075	1.111	1.045
670	0.0	0.6673	0.5434	0.7981	0.4989	0.6673
671	0.0	0.6435	0.6501	0.773	0.5534	0.6435
672	0.0	0.6063	0.9905	0.693	1.131	0.6063
673	0.0	0.9302	1.152	1.204	0.8825	0.9302
674	0.0	0.9518	0.8892	1.201	0.7122	0.9518
675	0.0	0.9616	1.101	1.234	1.01	0.9616
676	0.0	0.9425	1.262	1.173	0.9089	0.9425
677	0.0	0.784	1.034	0.8549	0.9521	0.784
678	0.0	0.7673	0.8246	0.8694	0.6847	0.7673
679	0.0	0.8288	0.7953	0.9827	0.7252	0.8288
680	0.0	0.6291	0.9231	0.7579	0.8036	0.6291
681	0.0	0.7683	0.936	0.7871	0.9927	0.7683
682	0.0	0.7866	1.105	0.804	0.9636	0.7866
683	0.0	1.373	1.518	1.396	1.762	1.373
684	0.0	0.7094	0.6912	0.7253	0.4951	0.7094
685	0.0	1.093	0.9331	1.314	0.7787	1.093
686	0.0	1.013	0.8157	1.156	0.7353	1.013
687	0.0	0.7729	1.124	0.8553	0.9055	0.7729
688	0.0	0.8994	1.078	1.017	0.8773	0.8994
689	0.0	0.4915	0.6618	0.636	0.5771	0.4915
690	0.0	0.6973	0.8408	0.8439	0.8203	0.6973
691	0.0	1.305	0.5541	1.455	0.4464	1.305
692	0.0	1.005	1.26	1.176	1.073	1.005
693	0.0	0.847	0.9702	0.9296	0.7853	0.847
694	0.0	0.7982	1.131	0.8924	0.963	0.7982
695	0.0	1.041	0.4008	1.216	0.3691	1.041
696	0.0	0.9591	1.238	1.097	0.9582	0.9591
697	0.0	0.6087	1.328	0.7512	1.32	0.6087
698	0.0	0.7364	0.8205	0.878	0.735	0.7364
699	0.0	0.6501	1.164	0.7427	1.087	0.6501
700	0.0	0.9221	0.3579	1.023	0.3117	0.9221
701	0.0	1.284	1.441	1.677	1.204	1.284
702	0.0	0.6404	1.016	0.7997	0.729	0.6404
703	0.0	0.9538	1.118	1.165	0.9948	0.9538
704	0.0	0.8204	1.031	0.9658	0.8246	0.8204
705	0.0	1.101	0.3524	1.259	0.3151	1.101
706	0.0	1.012	0.7571	1.068	0.706	1.012
707	0.0	0.9082	0.7798	1.029	0.7172	0.9082
708	0.0	0.5044	0.392	0.5644	0.3642	0.5044
709	0.0	1.015	1.114	1.051	1.008	1.015
710	0.0	0.9157	0.7653	1.09	0.5208	0.9157
711	0.0	1.051	1.473	1.237	1.122	1.051
712	0.0	1.892	1.982	2.29	1.78	1.892
713	0.0	0.9361	0.953	1.212	0.6689	0.9361
714	0.0	1.027	0.727	1.267	0.6777	1.027
715	0.0	0.7341	0.9181	0.9135	0.8259	0.7341
716	0.0	0.6838	0.9092	0.7788	0.8089	0.6838
717	0.0	1.388	1.523	1.512	1.322	1.388
718	0.0	0.8537	1.289	0.9885	1.178	0.8537
719	0.0	0.8643	1.21	1.102	1.062	0.8643
720	0.0	0.6791	0.5117	0.749	0.5048	0.6791
721	0.0	1.235	1.199	1.316	1.041	1.235
722	0.0	1.405	1.254	1.239	1.27	1.405
723	0.0	0.8379	1.192	0.8613	1.184	0.8379
724	0.0	0.5823	0.6943	0.7004	0.5994	0.5823
725	0.0	0.9162	0.9297	1.069	0.8213	0.9162
726	0.0	0.7575	0.5682	0.856	0.4563	0.7575
727	0.0	0.5524	0.9095	0.5892	0.7704	0.5524
728	0.0	0.8248	1.424	0.8888	1.163	0.8248
729	0.0	1.058	1.416	1.021	1.065	1.058
730	0.0	1.094	1.097	1.257	1.03	1.094
731	0.0	0.8685	1.076	0.9656	1.05	0.8685
732	0.0	0.7261	1.002	0.7854	0.9585	0.7261
733	0.0	1.367	1.23	1.743	0.9772	1.367
734	0.0	0.9985	0.9457	1.118	0.8021	0.9985
735	0.0	0.8004	0.7434	0.8289	0.8024	0.8004
736	0.0	1.246	1.172	1.412	0.9229	1.246
737	0.0	0.8259	1.038	0.8931	0.8783	0.8259
738	0.0	0.729	0.897	0.7248	0.83	0.729
739	0.0	0.8318	1.314	0.9841	1.12	0.8318
740	0.0	0.9598	0.7513	1.12	0.6377	0.9598
741	0.0	1.353	1.459	1.657	1.233	1.353
742	0.0	0.8883	1.321	0.9606	1.174	0.8883
743	0.0	1.065	1.134	1.345	0.9537	1.065
744	0.0	1.115	1.022	1.33	0.9837	1.115
745	0.0	0.8951	0.9969	1.066	0.8764	0.8951
746	0.0	1.127	0.9138	1.193	0.9491	1.127
747	0.0	0.8205	1.135	0.8866	0.9767	0.8205
748	0.0	0.558	1.187	0.5898	0.9541	0.558
749	0.0	1.268	1.389	1.543	1.043	1.268
750	0.0	1.193	1.186	1.229	0.9783	1.193
751	0.0	0.8055	1.533	0.9038	0.9467	0.8055
752	0.0	1.467	1.115	1.753	0.9577	1.467
753	0.0	0.813	0.7724	0.9747	0.6705	0.813
754	0.0	1.19	1.276	1.293	1.201	1.19
755	0.0	1.118	1.382	1.397	1.173	1.118
756	0.0	1.001	0.7756	1.058	0.7353	1.001
757	0.0	0.7599	0.9163	0.9472	0.7698	0.7599
758	0.0	1.629	1.396	1.87	1.163	1.629
759	0.0	0.9475	0.6949	1.226	0.6424	0.9475
760	0.0	0.7606	0.9546	0.7539	0.8844	0.7606
761	0.0	0.8699	0.7382	1.11	0.5762	0.8699
762	0.0	0.9523	1.051	1.212	0.9071	0.9523
763	0.0	0.7564	1.114	0.8532	0.9566	0.7564
764	0.0	1.203	0.9925	1.245	1.086	1.203
765	0.0	1.046	1.232	1.164	1.089	1.046
766	0.0	0.78	1.709	0.9538	1.483	0.78
767	0.0	0.8872	0.8274	0.9258	0.7021	0.8872
768	0.0	0.8506	0.9511	0.9331	0.6341	0.8506
769	0.0	1.03	1.412	1.266	1.231	1.03
770	0.0	0.6388	0.659	0.6683	0.5841	0.6388
771	0.0	0.915	0.966	0.9374	0.9176	0.915
772	0.0	0.6199	0.7429	0.7596	0.5982	0.6199
773	0.0	0.7443	0.6263	0.8357	0.5413	0.7443
774	0.0	0.6881	1.165	0.8434	0.9958	0.6881
775	0.0	0.7513	1.239	0.869	0.8786	0.7513
776	0.0	1.037	1.547	0.9334	1.223	1.037
777	0.0	1.249	1.597	1.602	1.206	1.249
778	0.0	0.9251	0.9204	1.055	0.7739	0.9251
779	0.0	0.8329	1.343	0.9268	1.129	0.8329
780	0.0	0.7343	1.132	0.9013	0.8905	0.7343
781	0.0	1.045	1.134	1.326	0.8694	1.045
782	0.0	0.8307	0.8197	0.9391	0.75	0.8307
783	0.0	0.6025	1.171	0.6918	1.049	0.6025
784	0.0	0.8535	0.5801	0.9579	0.5135	0.8535
785	0.0	0.8519	1.105	0.8953	1.033	0.8519
786	0.0	0.732	0.8802	0.7886	0.8731	0.732
787	0.0	1.336	1.967	1.495	1.898	1.336
788	0.0	0.944	1.069	0.9825	1.041	0.944
789	0.0	1.094	1.969	1.398	1.484	1.094
790	0.0	1.07	0.9611	1.248	0.852	1.07
791	0.0	0.8929	1.004	0.9881	1.075	0.8929
792	0.0	1.133	0.5303	1.269	0.4625	1.133
793	0.0	0.5531	0.8269	0.8068	0.6862	0.5531
794	0.0	0.6487	0.8493	0.7223	0.6438	0.6487
795	0.0	0.6714	0.7811	0.7985	0.7313	0.6714
796	0.0	1.241	1.183	1.556	0.7873	1.241
797	0.0	0.7029	0.8624	0.78	0.7756	0.7029
798	0.0	0.9737	0.9271	1.165	0.8666	0.9737
799	0.0	1.113	0.7934	1.193	0.7235	1.113
800	0.0	0.9085	1.051	0.9378	0.8615	0.9085
801	0.0	1.035	1.43	1.222	1.087	1.035
802	0.0	0.9621	0.7985	1.13	0.7399	0.9621
803	0.0	0.8548	0.6268	1.007	0.611	0.8548
804	0.0	1.618	0.5095	1.886	0.3591	1.618
805	0.0	0.6097	1.217	0.6858	1.043	0.6097
806	0.0	0.5575	0.7551	0.6107	0.6828	0.5575
807	0.0	1.415	1.677	1.645	1.477	1.415
808	0.0	0.9386	0.7311	1.172	0.6971	0.9386
809	0.0	1.42	0.3184	1.687	0.2481	1.42
810	0.0	0.8131	0.8953	0.9461	0.8721	0.8131
811	0.0	1.003	1.515	1.12	1.312	1.003
812	0.0	0.7339	1.105	0.7945	0.9478	0.7339
813	0.0	0.7764	0.8128	0.8846	0.6796	0.7764
814	0.0	0.9879	0.7079	1.283	0.6259	0.9879
815	0.0	1.05	0.8708	1.026	0.9081	1.05
816	0.0	1.128	2.075	1.29	1.621	1.128
817	0.0	1.218	1.143	1.654	0.9143	1.218
818	0.0	1.476	0.9828	1.731	0.7441	1.476
819	0.0	0.8245	1.356	0.977	1.025	0.8245
820	0.0	1.303	1.227	1.654	0.9936	1.303
821	0.0	0.4995	0.7679	0.576	0.7155	0.4995
822	0.0	0.8719	0.9593	1.017	0.8834	0.8719
823	0.0	0.853	0.8778	0.8732	0.8367	0.853
824	0.0	0.7713	1.075	0.7978	0.9719	0.7713
825	0.0	1.17	1.343	1.117	1.164	1.17
826	0.0	1.278	1.432	1.333	1.249	1.278
827	0.0	1.091	0.9959	1.198	0.982	1.091
828	0.0	0.8779	0.7594	1.117	0.6194	0.8779
829	0.0	0.6633	0.5582	0.6739	0.5191	0.6633
830	0.0	1.118	1.468	0.9311	1.264	1.118
831	0.0	0.5949	0.4974	0.6464	0.431	0.5949
832	0.0	1.387	1.25	1.82	1.122	1.387
833	0.0	1.046	1.081	1.34	1.152	1.046
834	0.0	0.8963	1.132	1.019	0.974	0.8963
835	0.0	0.7667	1.167	0.9351	0.9964	0.7667
836	0.0	0.9541	0.5362	0.9506	0.4161	0.9541
837	0.0	0.9923	1.468	1.122	1.262	0.9923
838	0.0	1.051	0.9807	1.196	0.8292	1.051
839	0.0	0.7481	0.7608	0.7945	0.7783	0.7481
840	0.0	1.153	1.291	1.393	0.9619	1.153
841	0.0	1.457	0.423	1.552	0.4847	1.457
842	0.0	0.7879	0.8337	0.8632	0.7055	0.7879
843	0.0	0.8035	0.8579	0.8592	0.6889	0.8035
844	0.0	1.02	1.24	1.182	0.9181	1.02
845	0.0	1.252	1.278	1.325	1.081	1.252
846	0.0	0.9391	1.136	1.049	1.071	0.9391
847	0.0	0.66	0.8177	0.7089	0.6841	0.66
848	0.0	1.106	0.918	1.22	0.9094	1.106
849	0.0	1.082	1.107	1.34	1.007	1.082
850	0.0	1.189	1.238	1.386	1.02	1.189
851	0.0	0.6141	0.6436	0.6849	0.5706	0.6141
852	0.0	0.9761	1.362	1.041	1.34	0.9761
853	0.0	1.179	1.148	1.377	1.073	1.179
854	0.0	0.9452	0.7062	1.155	0.5488	0.9452
855	0.0	0.7356	1.028	0.8908	0.739	0.7356
856	0.0	1.064	1.425	1.152	1.117	1.064
857	0.0	0.6927	0.9593	0.79	0.7929	0.6927
858	0.0	1.383	1.326	1.305	1.2	1.383
859	0.0	0.5957	1.201	0.6705	1.022	0.5957
860	0.0	1.04	1.048	1.187	0.9955	1.04
861	0.0	0.7453	1.525	0.9528	1.249	0.7453
862	0.0	1.96	1.372	2.126	1.16	1.96
863	0.0	1.195	1.543	1.324	1.405	1.195
864	0.0	0.7423	0.623	0.8758	0.562	0.7423
865	0.0	1.068	1.428	1.239	0.9965	1.068
866	0.0	0.6611	0.8068	0.7047	0.7299	0.6611
867	0.0	0.5794	0.9393	0.6456	0.7518	0.5794
868	0.0	0.7788	0.9231	0.904	0.9062	0.7788
869	0.0	0.9435	1.207	1.083	0.9529	0.9435
870	0.0	1.261	0.9646	1.4	0.8897	1.261
871	0.0	1.052	0.828	1.044	0.8123	1.052
872	0.0	0.9555	1.002	0.945	0.825	0.9555
873	0.0	1.007	0.8907	1.209	0.8597	1.007
874	0.0	0.659	0.6786	0.7085	0.5456	0.659
875	0.0	0.9102	0.8588	1.064	0.6754	0.9102
876	0.0	0.97	0.7552	0.8438	0.6206	0.97
877	0.0	0.4252	0.4193	0.4983	0.3624	0.4252
878	0.0	0.7157	0.7524	0.9386	0.6327	0.7157
879	0.0	0.8018	1.054	0.8323	0.9396	0.8018
880	0.0	0.9431	0.8333	1.113	0.7924	0.9431
881	0.0	0.9567	1.126	1.15	0.9474	0.9567
882	0.0	0.9008	0.8477	1.097	0.7085	0.9008
883	0.0	0.8141	1.061	0.9691	0.9622	0.8141
884	0.0	0.9001	0.6548	1.037	0.543	0.9001
885	0.0	0.8932	1.045	1.099	0.8676	0.8932
886	0.0	0.8397	0.8173	0.899	0.6982	0.8397
887	0.0	0.8173	0.7964	0.9688	0.7462	0.8173
888	0.0	0.9042	1.048	1.011	0.9306	0.9042
889	0.0	0.8653	0.5707	0.8839	0.4029	0.8653
890	0.0	0.9153	0.7469	1.107	0.6889	0.9153
891	0.0	1.115	1.318	1.3	1.26	1.115
892	0.0	0.683	0.7431	0.7467	0.6751	0.683
893	0.0	0.9324	0.76	1.179	0.6347	0.9324
894	0.0	0.6958	0.9096	0.8059	0.7836	0.6958
895	0.0	0.6136	0.6915	0.7258	0.5607	0.6136
896	0.0	0.7125	0.8683	0.805	0.6948	0.7125
897	0.0	1.077	0.8229	1.09	0.7228	1.077
898	0.0	0.8049	1.09	1.077	0.9101	0.8049
899	0.0	0.9189	0.8678	0.954	0.8291	0.9189
900	0.0	1.152	1.152	1.369	0.9429	1.152
901	0.0	0.5856	0.5684	0.6256	0.504	0.5856
902	0.0	0.4075	0.4503	0.4533	0.4227	0.4075
903	0.0	1.31	1.733	1.601	1.449	1.31
904	0.0	0.8763	1.029	1.219	0.7986	0.8763
905	0.0	1.044	1.602	1.199	1.308	1.044
906	0.0	0.3919	0.9777	0.4449	0.8649	0.3919
907	0.0	0.6008	0.9882	0.6836	1.05	0.6008
908	0.0	0.96	1.628	1.093	1.286	0.96
909	0.0	1.112	1.579	1.296	1.321	1.112
910	0.0	0.5487	0.8408	0.6793	0.7908	0.5487
911	0.0	0.9932	1.017	1.2	0.9273	0.9932
912	0.0	0.7819	1.057	0.9866	0.9172	0.7819
913	0.0	1.09	1.065	1.14	0.9055	1.09
914	0.0	0.757	0.8446	0.7949	0.7888	0.757
915	0.0	1.167	1.494	1.524	1.136	1.167
916	0.0	0.6494	1.077	0.7174	0.9594	0.6494
917	0.0	0.7437	0.9566	0.8261	0.8884	0.7437
918	0.0	0.9113	0.9151	0.9537	0.847	0.9113
919	0.0	0.9766	1.299	1.087	1.124	0.9766
920	0.0	1.083	1.644	1.269	1.716	1.083
921	0.0	0.5942	0.5486	0.6928	0.4956	0.5942
922	0.0	1.024	0.8215	1.251	0.6869	1.024
923	0.0	0.9801	1.074	1.194	0.9116	0.9801
924	0.0	0.6606	1.235	0.755	1.084	0.6606
925	0.0	0.9344	0.8711	1.154	0.8552	0.9344
926	0.0	0.8854	1.051	1.108	0.9167	0.8854
927	0.0	0.8891	0.7684	0.9028	0.696	0.8891
928	0.0	0.7044	0.5454	0.8698	0.442	0.7044
929	0.0	0.9672	0.9465	1.017	0.8772	0.9672
930	0.0	1.351	1.502	1.529	1.41	1.351
931	0.0	0.4417	1.129	0.503	0.9318	0.4417
932	0.0	0.8205	0.9125	0.9912	0.703	0.8205
933	0.0	0.6654	0.7582	1.042	0.6036	0.6654
934	0.0	0.7114	1.11	0.7733	0.8498	0.7114
935	0.0	0.8466	0.9651	0.9367	0.8562	0.8466
936	0.0	0.6809	1.405	0.7967	1.138	0.6809
937	0.0	1.07	1.114	1.371	1.11	1.07
938	0.0	0.9681	1.21	1.139	1.032	0.9681
939	0.0	0.5935	1.178	0.6255	1.033	0.5935
940	0.0	0.3305	0.8935	0.3694	0.8329	0.3305
941	0.0	1.24	1.039	1.503	0.8814	1.24
942	0.0	0.797	0.888	0.8767	0.7987	0.797
943	0.0	0.6223	1.195	0.7039	1.042	0.6223
944	0.0	0.9819	1.067	1.212	0.917	0.9819
945	0.0	0.9925	0.4398	1.221	0.3944	0.9925
946	0.0	0.707	1.212	0.7208	1.099	0.707
947	0.0	0.777	0.9888	0.8237	0.8547	0.777
948	0.0	0.954	1.014	1.128	0.8703	0.954
949	0.0	1.087	1.066	1.178	1.005	1.087
950	0.0	0.8696	1.138	0.9182	1.071	0.8696
951	0.0	0.744	0.6809	0.9076	0.5825	0.744
952	0.0	1.09	0.8977	1.249	0.8056	1.09
953	0.0	0.7512	0.6331	0.8824	0.6028	0.7512
954	0.0	1.413	0.8672	1.411	0.7829	1.413
955	0.0	0.86	1.134	0.9977	1.06	0.86
956	0.0	1.149	1.315	1.379	1.08	1.149
957	0.0	1.099	0.7848	1.266	0.6739	1.099
958	0.0	1.265	1.129	1.453	0.914	1.265
959	0.0	0.8894	1.129	1.116	0.9999	0.8894
960	0.0	0.9957	1.354	1.163	1.119	0.9957
961	0.0	0.8337	0.8313	0.959	0.6643	0.8337
962	0.0	0.966	1.118	1.102	1.023	0.966
963	0.0	0.8976	0.7889	0.935	0.6594	0.8976
964	0.0	0.9602	1.039	1.051	0.9411	0.9602
965	0.0	1.322	1.289	1.616	1.067	1.322
966	0.0	1.646	1.467	1.902	1.382	1.646
967	0.0	1.083	0.7249	1.272	0.6883	1.083
968	0.0	0.8583	1.182	0.8996	0.973	0.8583
969	0.0	1.019	0.9279	1.263	0.7905	1.019
970	0.0	1.144	0.9988	1.361	0.8316	1.144
971	0.0	0.6877	0.9269	0.8497	0.7934	0.6877
972	0.0	1.083	1.21	1.218	1.029	1.083
973	0.0	0.9226	0.7509	1.116	0.6408	0.9226
974	0.0	0.6655	0.7272	0.6785	0.6601	0.6655
975	0.0	0.9023	0.9559	0.9185	0.9658	0.9023
976	0.0	0.6906	0.7811	0.888	0.7696	0.6906
977	0.0	0.9057	0.919	1.064	0.9517	0.9057
978	0.0	0.5357	0.7372	0.4842	0.6955	0.5357
979	0.0	1.272	1.081	1.5	0.8605	1.272
980	0.0	0.554	0.7889	0.7235	0.8193	0.554
981	0.0	0.5436	0.5614	0.6364	0.5034	0.5436
982	0.0	0.5659	1.625	0.6624	1.437	0.5659
983	0.0	1.046	1.654	1.263	1.276	1.046
984	0.0	0.699	1.224	0.7481	1.037	0.699
985	0.0	0.6411	0.782	0.8092	0.6486	0.6411
986	0.0	0.7266	0.7152	0.8209	0.7047	0.7266
987	0.0	0.7199	1.043	0.8388	1.006	0.7199
988	0.0	0.7769	0.9197	0.9207	0.7695	0.7769
989	0.0	0.8249	0.9604	0.8849	0.8347	0.8249
990	0.0	0.6035	0.6421	0.6295	0.6044	0.6035
991	0.0	0.9151	1.273	1.007	1.055	0.9151
992	0.0	0.8376	0.9931	0.9212	0.8451	0.8376
993	0.0	0.6167	1.009	0.6818	0.9559	0.6167
994	0.0	0.852	0.6952	0.8126	0.6588	0.852
995	0.0	1.218	1.053	1.45	0.8294	1.218
996	0.0	0.5153	0.8702	0.6256	0.9132	0.5153
997	0.0	1.234	1.264	1.269	1.049	1.234
998	0.0	0.6284	0.8065	0.7371	0.618	0.6284
999	0.0	0.8529	0.7924	0.9612	0.6777	0.8529
1000	0.0	0.6069	1.181	0.6441	0.9508	0.6069
1001	0.0	0.5739	1.019	0.7077	0.8451	0.5739
1002	0.0	0.7201	0.804	0.8343	0.6301	0.7201
1003	0.0	0.7536	1.171	0.8028	0.9402	0.7536
1004	0.0	0.9459	1.115	1.069	0.9433	0.9459
1005	0.0	0.5748	0.9779	0.6251	0.8264	0.5748
1006	0.0	0.8817	0.8778	1.155	0.7986	0.8817
1007	0.0	1.171	0.7744	1.296	0.6662	1.171
1008	0.0	0.912	1.163	1.079	0.9364	0.912
1009	0.0	0.8358	1.255	0.9189	0.9717	0.8358
1010	0.0	0.5411	1.013	0.5935	0.9108	0.5411
1011	0.0	0.6596	0.9515	0.8669	1.048	0.6596
1012	0.0	0.9298	0.5213	1.106	0.4763	0.9298
1013	0.0	1.401	1.238	1.751	1.092	1.401
1014	0.0	0.6994	0.7476	0.8216	0.6023	0.6994
1015	0.0	1.168	0.8597	1.339	0.6836	1.168
1016	0.0	0.7793	0.8502	0.8986	0.6889	0.7793
1017	0.0	1.209	0.2381	1.282	0.1547	1.209
1018	0.0	0.8099	1.157	0.8773	1.069	0.8099
1019	0.0	0.9314	0.814	0.9578	0.7148	0.9314
1020	0.0	0.4377	1.144	0.5739	1.032	0.4377
1021	0.0	0.7281	1.028	0.8666	0.9326	0.7281
1022	0.0	0.6029	0.8291	0.5919	0.8027	0.6029
1023	0.0	1.02	0.9582	1.09	0.9544	1.02
1024	0.0	0.7673	0.7504	0.7571	0.8325	0.7673
1025	0.0	0.6786	0.9816	0.7837	0.7675	0.6786
1026	0.0	0.6663	0.7963	0.6766	0.705	0.6663
1027	0.0	0.7873	0.8729	0.9852	0.7554	0.7873
1028	0.0	0.9206	1.1	1.122	0.9779	0.9206
1029	0.0	0.4662	1.22	0.5927	1.124	0.4662
1030	0.0	0.8168	0.8705	0.9053	0.7647	0.8168
1031	0.0	0.6838	0.6966	0.7662	0.6431	0.6838
1032	0.0	0.7858	0.5497	0.9633	0.4493	0.7858
1033	0.0	0.9641	1.147	1.137	1.051	0.9641
1034	0.0	1.285	1.278	1.242	1.269	1.285
1035	0.0	0.7416	0.6378	0.7857	0.5651	0.7416
1036	0.0	0.7865	0.6277	0.9156	0.6427	0.7865
1037	0.0	0.6847	0.8587	0.7288	0.7525	0.6847
1038	0.0	0.7332	0.6816	0.8618	0.5755	0.7332
1039	0.0	0.5943	0.465	0.7769	0.4297	0.5943
1040	0.0	1.525	1.308	1.849	1.023	1.525
