Step	Loss(S)	Loss(T)	fwd_S	fwd_T	rev_S	rev_T
1	4.848	0.0	4.656	5.947	4.848	4.422
2	5.376	0.0	7.113	5.586	5.376	4.487
3	3.264	0.0	4.111	5.287	3.264	4.658
4	6.312	0.0	7.764	0.9587	6.312	0.959
5	5.315	0.0	6.814	5.43	5.315	4.468
6	3.298	0.0	3.12	3.717	3.298	3.331
7	4.634	0.0	5.918	4.42	4.634	3.959
8	2.898	0.0	3.687	3.436	2.898	3.018
9	3.655	0.0	3.979	1.425	3.655	1.26
10	5.401	0.0	4.622	2.679	5.401	2.91
11	2.215	0.0	2.035	2.873	2.215	2.445
12	2.364	0.0	2.482	1.862	2.364	1.727
13	2.494	0.0	2.067	2.029	2.494	1.947
14	2.801	0.0	2.529	3.193	2.801	3.47
15	1.629	0.0	1.552	1.199	1.629	1.117
16	2.458	0.0	2.142	2.842	2.458	3.65
17	2.546	0.0	2.111	2.694	2.546	2.874
18	2.196	0.0	2.259	1.721	2.196	2.129
19	1.747	0.0	1.647	2.09	1.747	1.719
20	3.338	0.0	3.989	2.441	3.338	1.962
21	1.251	0.0	1.227	3.076	1.251	2.974
22	2.012	0.0	2.113	2.815	2.012	2.567
23	2.351	0.0	2.0	2.332	2.351	1.711
24	2.757	0.0	2.551	2.783	2.757	2.822
25	1.95	0.0	1.945	1.626	1.95	1.737
26	2.858	0.0	2.763	0.954	2.858	0.9404
27	2.196	0.0	2.083	0.6871	2.196	0.7784
28	0.9279	0.0	1.011	1.03	0.9279	1.043
29	1.753	0.0	1.783	1.205	1.753	1.106
30	0.9757	0.0	0.8639	1.101	0.9757	1.345
31	2.153	0.0	3.14	2.086	2.153	2.304
32	0.9138	0.0	0.8293	1.392	0.9138	1.561
33	1.819	0.0	1.832	1.903	1.819	1.636
34	1.315	0.0	1.703	2.008	1.315	1.888
35	1.479	0.0	1.505	1.735	1.479	1.464
36	1.42	0.0	1.211	1.317	1.42	1.281
37	1.164	0.0	1.196	0.689	1.164	0.7223
38	1.273	0.0	1.591	1.112	1.273	0.9339
39	0.7294	0.0	0.887	1.265	0.7294	1.028
40	0.5647	0.0	0.653	0.9332	0.5647	0.8265
41	0.5765	0.0	0.5763	0.9787	0.5765	0.9921
42	0.8549	0.0	1.037	0.7767	0.8549	0.6465
43	0.7348	0.0	0.6931	1.201	0.7348	1.039
44	0.643	0.0	0.6091	0.6504	0.643	0.6045
45	0.769	0.0	0.9021	0.6756	0.769	0.5267
46	2.333	0.0	2.477	0.9347	2.333	1.215
47	0.7306	0.0	0.8782	0.9105	0.7306	0.8831
48	0.6033	0.0	0.746	0.6632	0.6033	0.7404
49	1.695	0.0	2.263	0.6378	1.695	0.6136
50	0.5897	0.0	0.6897	1.69	0.5897	1.537
51	1.022	0.0	1.312	1.876	1.022	1.668
52	0.3603	0.0	0.3469	2.28	0.3603	1.864
53	1.404	0.0	1.722	0.9982	1.404	0.7817
54	1.292	0.0	1.493	1.426	1.292	1.27
55	0.587	0.0	0.6433	0.59	0.587	0.6514
56	1.06	0.0	1.188	1.376	1.06	1.094
57	0.9277	0.0	1.183	0.8033	0.9277	0.6516
58	0.4403	0.0	0.5136	1.646	0.4403	1.393
59	1.244	0.0	1.488	1.813	1.244	1.538
60	0.527	0.0	0.5707	0.7461	0.527	0.5992
61	2.128	0.0	2.789	1.129	2.128	0.8779
62	1.228	0.0	1.336	1.275	1.228	1.219
63	0.501	0.0	0.6383	1.546	0.501	1.303
64	1.577	0.0	1.924	0.9852	1.577	1.066
65	1.102	0.0	1.135	0.6574	1.102	0.5634
66	1.364	0.0	1.4	1.263	1.364	1.151
67	0.6599	0.0	0.8282	0.5295	0.6599	0.4673
68	1.131	0.0	1.101	1.407	1.131	1.343
69	0.8253	0.0	0.8527	0.9582	0.8253	0.7857
70	1.898	0.0	1.894	0.5964	1.898	0.6921
71	1.675	0.0	2.035	1.195	1.675	1.308
72	1.246	0.0	1.722	1.249	1.246	1.084
73	1.218	0.0	1.159	1.318	1.218	0.9615
74	1.084	0.0	1.497	2.175	1.084	1.983
75	0.682	0.0	0.8117	0.7137	0.682	0.5724
76	1.173	0.0	1.418	1.092	1.173	0.8113
77	1.465	0.0	1.319	0.5398	1.465	0.5562
78	0.5203	0.0	0.5025	0.4838	0.5203	0.4231
79	0.7443	0.0	0.8564	1.035	0.7443	1.066
80	1.08	0.0	1.455	1.038	1.08	0.7339
81	1.112	0.0	1.1	1.753	1.112	1.402
82	0.9295	0.0	1.147	0.6509	0.9295	0.5175
83	1.311	0.0	1.747	0.9466	1.311	0.9062
84	0.2266	0.0	0.2802	0.3761	0.2266	0.3511
85	0.5963	0.0	0.6679	0.7814	0.5963	0.8851
86	0.9093	0.0	0.8195	0.7584	0.9093	0.6971
87	0.5542	0.0	0.6298	0.7718	0.5542	0.8711
88	0.5306	0.0	0.5795	0.2769	0.5306	0.2339
89	0.3586	0.0	0.3902	0.4478	0.3586	0.416
90	0.9683	0.0	1.124	0.816	0.9683	0.76
91	0.9361	0.0	1.092	1.171	0.9361	1.072
92	1.341	0.0	1.287	1.398	1.341	1.386
93	1.335	0.0	1.361	1.3	1.335	1.182
94	0.9378	0.0	1.105	0.7621	0.9378	0.6433
95	0.3429	0.0	0.4008	0.4883	0.3429	0.4468
96	0.8769	0.0	1.07	0.6176	0.8769	0.5822
97	0.578	0.0	0.7064	0.922	0.578	0.908
98	1.276	0.0	1.611	1.527	1.276	1.355
99	1.426	0.0	1.495	1.334	1.426	1.05
100	1.31	0.0	1.445	0.9095	1.31	1.036
101	0.7239	0.0	1.05	0.9896	0.7239	0.862
102	0.7941	0.0	0.9446	1.155	0.7941	0.9841
103	1.629	0.0	1.747	1.39	1.629	1.013
104	1.484	0.0	1.715	1.251	1.484	1.228
105	1.39	0.0	1.314	0.7205	1.39	0.6708
106	1.262	0.0	1.338	0.5736	1.262	0.5369
107	0.4632	0.0	0.5601	1.336	0.4632	1.14
108	0.4486	0.0	0.55	0.5102	0.4486	0.5126
109	0.2451	0.0	0.2865	1.662	0.2451	1.566
110	0.8769	0.0	1.076	1.089	0.8769	0.7946
111	0.7913	0.0	0.9716	0.4234	0.7913	0.4112
112	1.548	0.0	1.598	1.656	1.548	1.548
113	0.916	0.0	0.7236	0.6706	0.916	0.6481
114	0.3206	0.0	0.3219	0.4594	0.3206	0.4916
115	1.17	0.0	1.119	1.184	1.17	0.9529
116	0.7871	0.0	1.009	1.351	0.7871	1.107
117	0.9894	0.0	1.043	1.246	0.9894	1.156
118	0.5481	0.0	0.4734	0.4733	0.5481	0.5133
119	1.149	0.0	1.303	1.271	1.149	1.154
120	0.3612	0.0	0.4719	0.6059	0.3612	0.5595
121	0.5444	0.0	0.5961	0.6354	0.5444	0.5887
122	1.033	0.0	1.067	0.6417	1.033	0.7235
123	0.4854	0.0	0.5164	0.9087	0.4854	0.7552
124	0.7737	0.0	0.7174	1.004	0.7737	0.8175
125	0.7838	0.0	1.016	1.116	0.7838	0.8233
126	0.99	0.0	1.359	0.7784	0.99	0.7666
127	0.6914	0.0	0.7577	1.001	0.6914	0.8629
128	0.8544	0.0	0.8536	1.584	0.8544	1.764
129	0.9877	0.0	1.188	1.096	0.9877	1.092
130	0.4918	0.0	0.5507	1.317	0.4918	1.145
131	0.993	0.0	1.191	1.543	0.993	1.268
132	0.4046	0.0	0.4408	0.5555	0.4046	0.5544
133	1.109	0.0	1.345	1.089	1.109	0.8929
134	1.14	0.0	1.384	1.164	1.14	1.301
135	0.8134	0.0	0.972	1.156	0.8134	0.9179
136	0.4223	0.0	0.4517	0.3637	0.4223	0.3517
137	0.9154	0.0	1.067	1.543	0.9154	1.305
138	0.9826	0.0	1.139	1.15	0.9826	0.9674
139	0.9378	0.0	1.052	1.595	0.9378	1.275
140	0.6219	0.0	0.6437	0.4758	0.6219	0.409
141	0.7984	0.0	0.9505	0.4191	0.7984	0.4547
142	1.035	0.0	1.184	0.772	1.035	0.7582
143	0.5923	0.0	0.6266	0.7084	0.5923	0.7112
144	0.6786	0.0	0.9378	0.7163	0.6786	0.6171
145	0.3489	0.0	0.3548	0.3225	0.3489	0.3196
146	0.5339	0.0	0.6273	0.4951	0.5339	0.4488
147	1.228	0.0	1.373	0.4691	1.228	0.3954
148	0.4205	0.0	0.4108	0.6093	0.4205	0.5179
149	0.453	0.0	0.4056	0.4764	0.453	0.3957
150	0.9448	0.0	1.004	0.6594	0.9448	0.5548
151	0.813	0.0	0.7183	0.9998	0.813	0.9051
152	0.8449	0.0	0.8503	0.3545	0.8449	0.3327
153	1.467	0.0	1.464	1.241	1.467	1.217
154	0.388	0.0	0.4438	1.083	0.388	0.9666
155	1.085	0.0	1.164	1.442	1.085	1.229
156	0.8433	0.0	0.8324	0.6321	0.8433	0.5931
157	0.5924	0.0	0.6686	1.225	0.5924	1.083
158	0.4865	0.0	0.5621	0.8368	0.4865	0.6653
159	0.4045	0.0	0.4235	0.4073	0.4045	0.4877
160	0.697	0.0	0.8372	0.6606	0.697	0.568
161	0.2584	0.0	0.301	0.7065	0.2584	0.7067
162	0.605	0.0	0.5797	0.5235	0.605	0.5182
163	1.205	0.0	1.195	2.18	1.205	1.852
164	0.6792	0.0	0.7532	0.3821	0.6792	0.3702
165	1.349	0.0	1.814	1.552	1.349	1.396
166	0.7902	0.0	0.9285	1.121	0.7902	1.106
167	0.7709	0.0	0.8531	0.762	0.7709	0.703
168	0.8183	0.0	0.8361	0.8731	0.8183	0.7953
169	0.305	0.0	0.3629	0.8927	0.305	0.5716
170	0.5529	0.0	0.6108	0.9283	0.5529	0.9133
171	0.9125	0.0	0.8967	0.6059	0.9125	0.5742
172	0.9186	0.0	1.172	1.54	0.9186	1.24
173	1.411	0.0	1.324	1.319	1.411	1.172
174	0.4195	0.0	0.4771	1.257	0.4195	1.274
175	0.5437	0.0	0.5977	1.399	0.5437	1.38
176	0.775	0.0	0.9272	1.06	0.775	0.9748
177	1.283	0.0	1.544	1.313	1.283	1.36
178	1.099	0.0	1.116	0.9647	1.099	0.8859
179	0.4834	0.0	0.5175	0.5417	0.4834	0.4904
180	2.044	0.0	2.347	1.094	2.044	0.9103
181	0.9387	0.0	0.9345	0.8015	0.9387	0.6805
182	0.3869	0.0	0.4213	0.3319	0.3869	0.4179
183	0.4731	0.0	0.4675	0.499	0.4731	0.5092
184	0.5962	0.0	0.749	0.5925	0.5962	0.5531
185	0.7917	0.0	0.8589	1.429	0.7917	1.625
186	0.4404	0.0	0.4626	0.55	0.4404	0.3881
187	1.068	0.0	1.086	1.115	1.068	1.099
188	0.6962	0.0	0.7406	0.9584	0.6962	0.8504
189	0.8808	0.0	0.9737	0.5806	0.8808	0.5038
190	0.4222	0.0	0.4723	0.4629	0.4222	0.4607
191	0.697	0.0	0.6493	0.5064	0.697	0.5284
192	0.3827	0.0	0.463	0.3759	0.3827	0.3361
193	0.7033	0.0	0.7508	0.3265	0.7033	0.2785
194	1.018	0.0	1.269	1.099	1.018	1.038
195	1.095	0.0	1.298	0.5931	1.095	0.5618
196	0.4524	0.0	0.4874	0.9019	0.4524	0.8237
197	0.674	0.0	0.7424	0.8924	0.674	0.9037
198	0.6149	0.0	0.7571	1.446	0.6149	1.38
199	0.4017	0.0	0.4447	0.5702	0.4017	0.5127
200	0.4168	0.0	0.4481	0.5575	0.4168	0.5003
201	0.765	0.0	0.7091	0.4026	0.765	0.3972
202	0.6927	0.0	0.6929	1.279	0.6927	1.084
203	1.192	0.0	1.372	1.365	1.192	1.126
204	0.859	0.0	0.825	0.6632	0.859	0.6626
205	1.062	0.0	1.29	1.089	1.062	0.9646
206	0.9889	0.0	1.066	1.267	0.9889	0.9688
207	0.3913	0.0	0.4624	0.6215	0.3913	0.6595
208	1.364	0.0	1.704	1.048	1.364	1.063
209	0.6157	0.0	0.6551	0.8566	0.6157	0.6439
210	1.024	0.0	0.9772	0.6743	1.024	0.6692
211	0.3567	0.0	0.4223	0.4882	0.3567	0.4119
212	0.3544	0.0	0.4013	0.852	0.3544	0.8591
213	0.4718	0.0	0.5275	1.598	0.4718	1.413
214	1.036	0.0	1.443	0.7921	1.036	0.7344
215	0.5764	0.0	0.5972	0.4764	0.5764	0.5718
216	1.231	0.0	1.465	1.422	1.231	1.178
217	0.8603	0.0	0.9586	0.7786	0.8603	0.7941
218	0.1987	0.0	0.2596	0.3494	0.1987	0.3467
219	0.8832	0.0	1.081	1.159	0.8832	0.9705
220	0.3422	0.0	0.4165	1.201	0.3422	1.086
221	1.148	0.0	1.137	1.231	1.148	1.04
222	0.7765	0.0	0.7767	0.7366	0.7765	0.6689
223	0.8935	0.0	1.015	1.603	0.8935	1.288
224	0.6597	0.0	0.8174	0.4202	0.6597	0.3423
225	0.2569	0.0	0.3992	0.5078	0.2569	0.5212
226	1.335	0.0	1.233	1.248	1.335	1.032
227	0.471	0.0	0.5665	0.8983	0.471	0.731
228	0.6356	0.0	0.7504	0.8049	0.6356	0.7155
229	0.511	0.0	0.4891	0.8713	0.511	0.7971
230	0.8195	0.0	1.138	0.6729	0.8195	0.6329
231	0.8797	0.0	1.205	1.018	0.8797	0.8709
232	0.7992	0.0	0.7817	0.6084	0.7992	0.5889
233	1.06	0.0	1.152	1.164	1.06	0.9518
234	0.9041	0.0	1.125	1.014	0.9041	0.9447
235	0.8954	0.0	1.01	0.4916	0.8954	0.4864
236	0.3586	0.0	0.3123	0.462	0.3586	0.4464
237	0.9165	0.0	1.066	1.099	0.9165	1.016
238	1.179	0.0	1.21	1.796	1.179	1.754
239	0.9234	0.0	1.047	0.9372	0.9234	0.8675
240	0.334	0.0	0.3575	0.6017	0.334	0.6771
241	0.6958	0.0	0.8181	0.8771	0.6958	0.6626
242	0.6505	0.0	0.677	1.194	0.6505	1.069
243	0.702	0.0	0.7593	1.32	0.702	1.125
244	0.4536	0.0	0.5465	0.6147	0.4536	0.5338
245	0.746	0.0	0.8701	0.3417	0.746	0.3225
246	0.8866	0.0	1.058	0.4982	0.8866	0.4841
247	0.4057	0.0	0.3945	0.3502	0.4057	0.362
248	0.5307	0.0	0.6352	0.4975	0.5307	0.4845
249	0.6589	0.0	0.6472	0.1746	0.6589	0.1597
250	0.4678	0.0	0.5322	0.4688	0.4678	0.4272
251	0.6224	0.0	0.6461	0.4063	0.6224	0.3867
252	0.2727	0.0	0.2646	0.3801	0.2727	0.3776
253	0.2856	0.0	0.2861	0.4325	0.2856	0.412
254	0.7912	0.0	1.131	1.105	0.7912	1.021
255	0.729	0.0	0.7745	1.029	0.729	0.8309
256	0.2165	0.0	0.2372	0.2251	0.2165	0.1936
257	0.8324	0.0	1.026	0.8535	0.8324	0.8958
258	0.9796	0.0	1.161	1.282	0.9796	0.9619
259	0.8308	0.0	0.9789	1.706	0.8308	1.365
260	0.4355	0.0	0.4403	0.1524	0.4355	0.1142
261	0.8585	0.0	1.099	1.133	0.8585	0.8698
262	0.6353	0.0	0.6619	0.8417	0.6353	0.7543
263	0.3251	0.0	0.3904	0.3394	0.3251	0.2942
264	0.9662	0.0	1.01	1.249	0.9662	1.002
265	0.9662	0.0	0.9059	0.5117	0.9662	0.4663
266	0.6929	0.0	0.6713	0.5419	0.6929	0.4525
267	0.8196	0.0	0.994	0.876	0.8196	0.7476
268	0.5113	0.0	0.5184	0.5461	0.5113	0.5461
269	1.193	0.0	1.415	1.702	1.193	1.487
270	0.7332	0.0	0.7933	0.582	0.7332	0.5773
271	0.6921	0.0	0.8111	0.6871	0.6921	0.6101
272	0.5652	0.0	0.6503	0.8374	0.5652	0.724
273	0.3144	0.0	0.416	0.4673	0.3144	0.409
274	0.585	0.0	0.6831	0.5202	0.585	0.4769
275	0.4477	0.0	0.4468	0.456	0.4477	0.559
276	0.7882	0.0	0.9382	0.6683	0.7882	0.6198
277	0.9071	0.0	1.116	0.9446	0.9071	0.9479
278	0.8213	0.0	0.8819	1.078	0.8213	1.063
279	1.426	0.0	1.517	1.181	1.426	1.043
280	1.211	0.0	1.502	0.5268	1.211	0.6149
281	0.6629	0.0	0.8794	1.433	0.6629	1.132
282	0.4578	0.0	0.5715	0.6957	0.4578	0.6177
283	0.6019	0.0	0.5762	0.4353	0.6019	0.4258
284	1.287	0.0	1.509	0.6203	1.287	0.5388
285	0.6172	0.0	0.6888	0.8038	0.6172	0.9055
286	0.3763	0.0	0.382	0.3764	0.3763	0.4072
287	0.5556	0.0	0.5697	0.5811	0.5556	0.5898
288	0.5796	0.0	0.6173	1.197	0.5796	0.8371
289	0.6275	0.0	0.6529	1.123	0.6275	1.052
290	0.5116	0.0	0.5247	0.475	0.5116	0.4278
291	0.7517	0.0	0.8871	0.761	0.7517	0.7063
292	0.1111	0.0	0.1177	0.5554	0.1111	0.3738
293	0.7069	0.0	0.7333	0.5478	0.7069	0.5379
294	0.7464	0.0	0.7503	0.5317	0.7464	0.4868
295	0.8252	0.0	0.7962	0.3981	0.8252	0.3942
296	0.2303	0.0	0.234	0.4403	0.2303	0.4042
297	0.4234	0.0	0.4625	0.6766	0.4234	0.6005
298	0.5585	0.0	0.7208	0.6872	0.5585	0.6075
299	0.844	0.0	1.047	1.108	0.844	0.9523
300	0.6677	0.0	0.6645	0.6476	0.6677	0.5654
301	0.217	0.0	0.228	1.216	0.217	1.254
302	0.7102	0.0	0.894	0.7578	0.7102	0.6843
303	0.3871	0.0	0.4493	0.5636	0.3871	0.5881
304	0.7523	0.0	0.7375	1.081	0.7523	1.116
305	0.4849	0.0	0.4692	0.6133	0.4849	0.6354
306	1.051	0.0	1.024	1.184	1.051	1.088
307	1.013	0.0	1.289	1.2	1.013	1.083
308	0.5334	0.0	0.5613	0.6357	0.5334	0.5727
309	0.8941	0.0	1.23	1.028	0.8941	0.9253
310	0.6599	0.0	0.6515	1.008	0.6599	0.967
311	0.3494	0.0	0.3741	0.773	0.3494	0.7569
312	1.352	0.0	1.386	0.6594	1.352	0.6905
313	0.5376	0.0	0.6413	0.5809	0.5376	0.554
314	0.9037	0.0	1.15	0.7898	0.9037	0.6807
315	0.522	0.0	0.5778	0.6769	0.522	0.5476
316	0.4098	0.0	0.4581	0.493	0.4098	0.4582
317	0.8763	0.0	1.064	1.241	0.8763	0.8614
318	0.6617	0.0	0.7801	0.5746	0.6617	0.482
319	0.4303	0.0	0.3319	0.3709	0.4303	0.4483
320	0.6274	0.0	0.7269	1.548	0.6274	1.183
321	0.8372	0.0	1.166	0.3236	0.8372	0.3771
322	0.4686	0.0	0.5592	0.3588	0.4686	0.2804
323	1.0	0.0	1.241	1.179	1.0	1.018
324	0.8289	0.0	0.9743	1.077	0.8289	1.049
325	1.108	0.0	1.296	1.146	1.108	1.109
326	0.5804	0.0	0.7252	0.5975	0.5804	0.5311
327	1.042	0.0	1.288	1.448	1.042	1.126
328	0.2688	0.0	0.3156	0.462	0.2688	0.4132
329	0.2633	0.0	0.391	0.7114	0.2633	0.7189
330	0.4688	0.0	0.5254	0.6691	0.4688	0.7028
331	0.7434	0.0	0.9493	0.9533	0.7434	0.6802
332	0.5114	0.0	0.539	0.6442	0.5114	0.6997
333	0.4804	0.0	0.616	0.5704	0.4804	0.4453
334	0.6962	0.0	0.7595	0.9112	0.6962	0.757
335	0.7195	0.0	1.168	0.8674	0.7195	0.7141
336	0.8677	0.0	0.8932	0.7578	0.8677	0.7102
337	0.68	0.0	0.6711	1.176	0.68	0.8942
338	0.6561	0.0	0.6807	1.12	0.6561	1.246
339	0.8934	0.0	0.93	0.3987	0.8934	0.3724
340	0.3809	0.0	0.3783	0.4216	0.3809	0.4101
341	0.5641	0.0	0.6658	1.488	0.5641	1.286
342	0.3094	0.0	0.3659	1.205	0.3094	1.127
343	1.22	0.0	1.304	0.9182	1.22	0.7363
344	0.3812	0.0	0.3815	0.569	0.3812	0.5402
345	1.034	0.0	1.213	1.511	1.034	1.269
346	0.733	0.0	0.9319	1.045	0.733	0.8717
347	0.9067	0.0	1.093	1.273	0.9067	1.14
348	0.4508	0.0	0.4694	0.6829	0.4508	0.71
349	0.2635	0.0	0.2961	0.3725	0.2635	0.3479
350	0.6274	0.0	0.7041	0.682	0.6274	0.6789
351	0.4243	0.0	0.4299	0.4115	0.4243	0.47
352	0.4299	0.0	0.6123	0.6842	0.4299	0.6266
353	0.4013	0.0	0.3732	0.3101	0.4013	0.3081
354	0.6051	0.0	0.6611	0.4778	0.6051	0.4393
355	0.4575	0.0	0.4886	0.3781	0.4575	0.354
356	0.4425	0.0	0.4287	0.3801	0.4425	0.3853
357	0.3119	0.0	0.3148	0.2569	0.3119	0.245
358	1.162	0.0	1.418	0.7856	1.162	0.6153
359	0.7804	0.0	0.8041	1.026	0.7804	0.8031
360	0.6365	0.0	0.6222	0.8136	0.6365	0.8138
361	1.425	0.0	1.601	1.008	1.425	0.8078
362	0.4934	0.0	0.5114	1.302	0.4934	1.067
363	0.6262	0.0	0.7596	0.959	0.6262	0.8848
364	0.7499	0.0	0.7727	0.8068	0.7499	0.7123
365	0.7549	0.0	1.008	1.253	0.7549	1.14
366	1.038	0.0	1.083	0.7748	1.038	0.6903
367	0.2964	0.0	0.2961	0.4052	0.2964	0.4152
368	0.5659	0.0	0.7217	1.26	0.5659	1.054
369	0.7456	0.0	0.6955	0.5725	0.7456	0.6849
370	0.3167	0.0	0.3074	0.4725	0.3167	0.5143
371	0.3126	0.0	0.3702	1.869	0.3126	1.503
372	0.519	0.0	0.5483	0.6003	0.519	0.6012
373	1.366	0.0	1.683	1.42	1.366	1.19
374	0.6893	0.0	0.8574	0.7685	0.6893	0.7452
375	0.7524	0.0	0.8641	0.4551	0.7524	0.4132
376	0.5376	0.0	0.6178	1.143	0.5376	0.8102
377	0.2708	0.0	0.3291	0.4353	0.2708	0.3498
378	0.4748	0.0	0.5645	1.294	0.4748	1.049
379	0.3022	0.0	0.3667	0.2429	0.3022	0.2475
380	0.7348	0.0	0.9042	0.8424	0.7348	0.6782
381	0.5407	0.0	0.614	1.53	0.5407	1.135
382	0.7587	0.0	1.015	0.4173	0.7587	0.376
383	1.26	0.0	1.17	0.5244	1.26	0.4674
384	0.8437	0.0	0.9906	0.7063	0.8437	0.6607
385	0.8976	0.0	1.194	1.703	0.8976	1.314
386	0.6371	0.0	0.783	0.8795	0.6371	0.8586
387	0.4135	0.0	0.4327	0.5725	0.4135	0.6756
388	0.7865	0.0	0.7216	0.9747	0.7865	0.8309
389	1.45	0.0	1.601	0.8704	1.45	0.7744
390	0.3989	0.0	0.4286	0.524	0.3989	0.3924
391	0.8736	0.0	0.9976	0.5066	0.8736	0.517
392	0.7343	0.0	0.756	0.961	0.7343	0.7065
393	0.6221	0.0	0.6357	0.806	0.6221	0.7621
394	0.5587	0.0	0.4902	0.6557	0.5587	0.687
395	0.4043	0.0	0.4584	0.7868	0.4043	0.7986
396	0.5576	0.0	0.5612	0.4139	0.5576	0.3589
397	0.6226	0.0	0.6207	0.5292	0.6226	0.4462
398	0.464	0.0	0.4591	0.4771	0.464	0.4879
399	0.3278	0.0	0.333	0.538	0.3278	0.5813
400	0.1949	0.0	0.2266	0.4224	0.1949	0.4315
401	0.3409	0.0	0.3912	0.342	0.3409	0.3625
402	0.5023	0.0	0.5233	0.8048	0.5023	0.6943
403	0.7413	0.0	0.7985	1.39	0.7413	1.173
404	0.5575	0.0	0.616	0.6285	0.5575	0.5221
405	0.5102	0.0	0.4689	0.5165	0.5102	0.4717
406	0.4845	0.0	0.4974	0.9655	0.4845	0.8416
407	0.5849	0.0	0.6115	0.5047	0.5849	0.5165
408	0.4404	0.0	0.5212	0.4409	0.4404	0.3777
409	0.803	0.0	0.7912	0.6922	0.803	0.6712
410	0.7321	0.0	0.6539	0.6366	0.7321	0.5653
411	0.6117	0.0	0.675	1.057	0.6117	0.8646
412	0.4582	0.0	0.5987	0.5161	0.4582	0.4889
413	0.7892	0.0	0.9321	1.449	0.7892	1.023
414	0.7756	0.0	0.9708	0.8415	0.7756	0.7117
415	0.9969	0.0	1.308	0.4539	0.9969	0.4373
416	1.262	0.0	1.387	1.236	1.262	0.9573
417	0.4231	0.0	0.4992	0.5433	0.4231	0.5282
418	0.6988	0.0	0.9176	1.267	0.6988	1.151
419	0.5261	0.0	0.5674	0.4031	0.5261	0.3964
420	0.4449	0.0	0.5244	0.382	0.4449	0.3678
421	0.4669	0.0	0.5155	0.4918	0.4669	0.5167
422	0.4541	0.0	0.5077	0.967	0.4541	0.7496
423	0.5181	0.0	0.4717	0.3866	0.5181	0.4136
424	1.273	0.0	1.354	1.021	1.273	0.8702
425	0.8391	0.0	0.9172	1.599	0.8391	1.169
426	0.2141	0.0	0.2354	0.3217	0.2141	0.2792
427	1.347	0.0	1.439	0.914	1.347	0.7681
428	0.7119	0.0	0.9105	0.6494	0.7119	0.5978
429	1.12	0.0	1.303	1.346	1.12	1.141
430	1.069	0.0	1.142	0.8074	1.069	0.6491
431	0.489	0.0	0.5813	0.8152	0.489	0.7107
432	0.586	0.0	0.6033	0.7809	0.586	0.7044
433	0.4793	0.0	0.5477	0.912	0.4793	0.9085
434	0.5976	0.0	0.6346	1.165	0.5976	1.104
435	0.3066	0.0	0.341	0.7444	0.3066	0.565
436	0.7314	0.0	0.7636	0.662	0.7314	0.546
437	0.4198	0.0	0.5311	1.349	0.4198	1.054
438	0.6414	0.0	0.8168	0.8124	0.6414	0.6948
439	0.6416	0.0	0.764	1.195	0.6416	0.8241
440	0.5228	0.0	0.6048	0.6913	0.5228	0.6879
441	0.7484	0.0	0.9047	1.064	0.7484	0.8478
442	0.835	0.0	0.8251	1.532	0.835	1.158
443	0.8407	0.0	0.79	0.2896	0.8407	0.2967
444	0.5254	0.0	0.5448	0.3454	0.5254	0.3709
445	0.9853	0.0	1.138	1.361	0.9853	1.221
446	0.658	0.0	0.7132	1.11	0.658	0.8869
447	0.6886	0.0	0.8426	0.8901	0.6886	0.7893
448	0.4118	0.0	0.4094	0.4649	0.4118	0.4728
449	0.8166	0.0	0.8646	1.016	0.8166	0.8371
450	0.9682	0.0	1.225	1.283	0.9682	1.065
451	0.9149	0.0	1.178	0.7923	0.9149	0.7485
452	0.5542	0.0	0.5706	1.006	0.5542	0.996
453	0.4985	0.0	0.4715	0.5084	0.4985	0.508
454	0.4037	0.0	0.4626	0.7016	0.4037	0.6083
455	0.6696	0.0	0.5711	0.4946	0.6696	0.5612
456	0.6408	0.0	0.6313	0.5006	0.6408	0.444
457	0.4724	0.0	0.4119	0.3597	0.4724	0.3828
458	0.4364	0.0	0.4933	0.3993	0.4364	0.3519
459	0.5036	0.0	0.5756	1.162	0.5036	0.8798
460	0.3618	0.0	0.3557	0.3737	0.3618	0.3387
461	0.2812	0.0	0.2963	0.361	0.2812	0.4245
462	0.6128	0.0	0.7054	0.753	0.6128	0.6122
463	1.04	0.0	1.292	1.026	1.04	0.8876
464	0.5501	0.0	0.6201	0.422	0.5501	0.3251
465	0.8816	0.0	1.088	0.5847	0.8816	0.5391
466	0.6197	0.0	0.7435	1.21	0.6197	0.929
467	0.6724	0.0	0.6662	1.584	0.6724	1.093
468	0.08665	0.0	0.1181	1.365	0.08665	1.244
469	1.184	0.0	1.37	1.07	1.184	0.9288
470	0.7984	0.0	0.8987	0.9928	0.7984	0.8499
471	0.4572	0.0	0.4331	0.6455	0.4572	0.6654
472	0.52	0.0	0.5776	0.9254	0.52	0.7829
473	0.959	0.0	0.8354	0.6757	0.959	0.7589
474	0.3145	0.0	0.3422	0.4173	0.3145	0.3297
475	0.7149	0.0	0.9292	1.394	0.7149	1.356
476	0.4025	0.0	0.4062	0.5193	0.4025	0.5325
477	0.8673	0.0	1.018	1.371	0.8673	0.9797
478	0.5342	0.0	0.6142	0.4826	0.5342	0.4259
479	0.4364	0.0	0.4462	1.292	0.4364	1.034
480	0.6007	0.0	0.6298	0.6998	0.6007	0.5713
481	0.4729	0.0	0.5547	0.415	0.4729	0.3686
482	0.536	0.0	0.693	0.5991	0.536	0.5749
483	0.4641	0.0	0.5537	0.5081	0.4641	0.456
484	0.6922	0.0	0.8105	1.652	0.6922	1.408
485	0.4082	0.0	0.4552	0.56	0.4082	0.5013
486	0.4872	0.0	0.498	0.4939	0.4872	0.4211
487	0.5692	0.0	0.6614	1.014	0.5692	1.034
488	0.6457	0.0	0.8094	1.106	0.6457	0.8166
489	1.38	0.0	1.394	1.298	1.38	1.106
490	0.4974	0.0	0.5846	0.5036	0.4974	0.4183
491	0.3433	0.0	0.3261	0.2661	0.3433	0.2663
492	0.4715	0.0	0.5441	0.7796	0.4715	0.6315
493	0.7073	0.0	0.7764	0.6103	0.7073	0.5463
494	0.3766	0.0	0.4212	0.4162	0.3766	0.381
495	0.2529	0.0	0.2506	0.5131	0.2529	0.5015
496	0.6656	0.0	0.7872	1.27	0.6656	1.102
497	0.8664	0.0	0.9661	0.9434	0.8664	1.03
498	0.7446	0.0	0.6098	0.4946	0.7446	0.427
499	0.4884	0.0	0.5301	1.026	0.4884	1.067
500	0.2382	0.0	0.2328	0.4435	0.2382	0.4004
501	0.3763	0.0	0.4458	0.5306	0.3763	0.6151
502	0.5309	0.0	0.5203	0.4228	0.5309	0.4139
503	0.7085	0.0	0.664	0.4605	0.7085	0.4331
504	0.2785	0.0	0.3027	0.5833	0.2785	0.5027
505	0.3793	0.0	0.4207	0.4313	0.3793	0.4536
506	0.5046	0.0	0.5462	0.5308	0.5046	0.5327
507	0.7334	0.0	0.8446	1.199	0.7334	0.968
508	0.6571	0.0	0.7467	0.7696	0.6571	0.6921
509	0.7384	0.0	0.9684	1.02	0.7384	1.108
510	0.4411	0.0	0.53	1.002	0.4411	0.857
511	0.5397	0.0	0.5333	0.4289	0.5397	0.431
512	0.5271	0.0	0.5789	0.6559	0.5271	0.6543
513	0.4017	0.0	0.4586	1.252	0.4017	1.046
514	0.7795	0.0	0.7864	0.8254	0.7795	0.7605
515	0.774	0.0	0.835	1.196	0.774	0.9572
516	0.6162	0.0	0.7957	0.4135	0.6162	0.3459
517	0.89	0.0	1.069	0.8982	0.89	0.8507
518	0.6747	0.0	0.8127	0.936	0.6747	0.8189
519	1.297	0.0	1.282	1.574	1.297	0.9946
520	1.012	0.0	1.015	1.642	1.012	1.374
521	0.5117	0.0	0.6079	0.5676	0.5117	0.4065
522	0.9154	0.0	1.055	0.3589	0.9154	0.3114
523	0.4465	0.0	0.528	0.4622	0.4465	0.3693
524	0.3143	0.0	0.3514	0.431	0.3143	0.3293
525	0.4379	0.0	0.4504	0.685	0.4379	0.6401
526	0.6717	0.0	0.8234	0.8414	0.6717	0.706
527	0.4008	0.0	0.5167	0.4561	0.4008	0.5494
528	1.257	0.0	1.659	1.251	1.257	1.205
529	0.8758	0.0	1.064	0.7377	0.8758	0.6398
530	0.3715	0.0	0.403	0.368	0.3715	0.2842
531	0.591	0.0	0.7533	0.6811	0.591	0.6319
532	1.054	0.0	1.159	0.5875	1.054	0.5634
533	0.9492	0.0	1.051	1.51	0.9492	1.408
534	0.3142	0.0	0.4491	0.6476	0.3142	0.6152
535	0.3118	0.0	0.3692	0.9651	0.3118	1.01
536	0.9437	0.0	0.8954	0.4988	0.9437	0.4959
537	0.4813	0.0	0.5313	0.6298	0.4813	0.6751
538	0.5369	0.0	0.5017	0.3677	0.5369	0.3952
539	0.5351	0.0	0.538	0.6754	0.5351	0.6027
540	0.9633	0.0	1.088	0.6383	0.9633	0.5008
541	0.4842	0.0	0.6355	0.795	0.4842	0.6644
542	0.4527	0.0	0.4752	0.9284	0.4527	0.7237
543	0.5401	0.0	0.6094	1.452	0.5401	1.09
544	0.8491	0.0	1.02	1.078	0.8491	1.169
545	0.7554	0.0	0.9014	0.9434	0.7554	0.8014
546	1.172	0.0	1.379	0.757	1.172	0.791
547	1.176	0.0	1.086	0.3449	1.176	0.3388
548	0.4125	0.0	0.3875	0.28	0.4125	0.3011
549	0.6936	0.0	0.8696	1.272	0.6936	1.196
550	1.11	0.0	1.347	0.8519	1.11	0.8088
551	0.7548	0.0	0.8033	0.9409	0.7548	0.954
552	0.2677	0.0	0.284	0.349	0.2677	0.3016
553	0.8483	0.0	0.9133	0.7405	0.8483	0.5998
554	0.6099	0.0	0.6411	1.202	0.6099	1.011
555	0.5695	0.0	0.7218	1.468	0.5695	1.079
556	0.3796	0.0	0.4539	0.799	0.3796	0.6888
557	0.7132	0.0	0.6702	0.4659	0.7132	0.5088
558	0.4081	0.0	0.4497	1.616	0.4081	1.733
559	0.4935	0.0	0.4491	0.4004	0.4935	0.4319
560	0.3402	0.0	0.4868	0.3612	0.3402	0.3169
561	0.4418	0.0	0.4111	0.2998	0.4418	0.2821
562	0.4192	0.0	0.4213	0.5035	0.4192	0.433
563	0.5804	0.0	0.7118	0.7052	0.5804	0.6546
564	0.4459	0.0	0.5132	0.2983	0.4459	0.3461
565	0.5954	0.0	0.7142	0.2069	0.5954	0.2059
566	0.6438	0.0	0.754	0.5795	0.6438	0.5632
567	0.6014	0.0	0.6782	0.5751	0.6014	0.575
568	0.4765	0.0	0.5121	0.557	0.4765	0.5294
569	0.6999	0.0	0.9141	0.6372	0.6999	0.6318
570	0.7336	0.0	0.8741	0.6211	0.7336	0.5893
571	0.4911	0.0	0.6184	0.9894	0.4911	0.9241
572	0.6757	0.0	0.7189	0.6916	0.6757	0.6216
573	0.582	0.0	0.7168	1.253	0.582	1.006
574	0.6081	0.0	0.6844	0.7143	0.6081	0.658
575	0.5633	0.0	0.6003	0.3504	0.5633	0.3396
576	0.6158	0.0	0.7563	1.031	0.6158	0.7763
577	0.319	0.0	0.3168	0.2596	0.319	0.2723
578	0.2495	0.0	0.2275	0.2771	0.2495	0.2578
579	0.7124	0.0	0.9242	0.8503	0.7124	0.7051
580	0.3602	0.0	0.4563	0.4738	0.3602	0.4927
581	1.175	0.0	1.339	0.9922	1.175	0.7921
582	0.7194	0.0	0.793	0.9067	0.7194	0.7744
583	0.6318	0.0	0.6401	0.7636	0.6318	0.7052
584	0.5916	0.0	0.5797	0.873	0.5916	0.7337
585	0.5029	0.0	0.488	0.4433	0.5029	0.3894
586	0.6201	0.0	0.674	1.163	0.6201	0.9628
587	0.4822	0.0	0.4614	0.7092	0.4822	0.8934
588	0.5292	0.0	0.6243	0.6752	0.5292	0.5672
589	0.4824	0.0	0.5789	0.6866	0.4824	0.5797
590	0.6448	0.0	0.6554	0.5821	0.6448	0.5904
591	0.573	0.0	0.6235	1.173	0.573	1.011
592	1.057	0.0	1.48	0.4752	1.057	0.4818
593	0.7579	0.0	0.955	0.8698	0.7579	0.6947
594	0.5604	0.0	0.6731	1.044	0.5604	1.032
595	0.3205	0.0	0.3144	0.4014	0.3205	0.4091
596	0.6179	0.0	0.7051	0.8865	0.6179	0.7435
597	0.6293	0.0	0.8058	1.194	0.6293	1.027
598	0.09638	0.0	0.1232	0.363	0.09638	0.3312
599	0.2947	0.0	0.299	0.4535	0.2947	0.3877
600	0.7077	0.0	0.8139	0.746	0.7077	0.5545
601	0.5099	0.0	0.5307	0.8413	0.5099	0.7967
602	0.7253	0.0	0.6554	0.611	0.7253	0.7241
603	0.5102	0.0	0.6752	0.8282	0.5102	0.8321
604	0.2539	0.0	0.2868	0.3859	0.2539	0.3675
605	0.4695	0.0	0.5583	0.3454	0.4695	0.382
606	0.7646	0.0	0.7396	0.5339	0.7646	0.4999
607	0.6124	0.0	0.6079	0.3187	0.6124	0.2822
608	0.462	0.0	0.4932	0.3613	0.462	0.3124
609	0.2182	0.0	0.2412	0.6765	0.2182	0.6176
610	0.871	0.0	0.9853	1.216	0.871	0.8703
611	0.8354	0.0	1.041	1.124	0.8354	0.8491
612	0.6182	0.0	0.6342	1.072	0.6182	0.8584
613	0.5066	0.0	0.5357	0.9018	0.5066	0.8885
614	0.4997	0.0	0.512	0.5039	0.4997	0.4769
615	0.3129	0.0	0.3467	0.4233	0.3129	0.4033
616	0.4107	0.0	0.4814	0.5534	0.4107	0.4925
617	0.6947	0.0	0.7488	0.319	0.6947	0.323
618	0.5011	0.0	0.5648	0.9426	0.5011	1.003
619	0.778	0.0	0.9092	1.035	0.778	0.8544
620	0.6651	0.0	0.6816	0.9608	0.6651	0.8205
621	0.7228	0.0	0.8771	0.8059	0.7228	0.7058
622	0.7764	0.0	0.9696	1.01	0.7764	1.054
623	1.05	0.0	1.194	1.581	1.05	1.204
624	1.08	0.0	1.116	0.951	1.08	0.8966
625	0.5089	0.0	0.5405	0.7345	0.5089	0.6532
626	0.4838	0.0	0.5663	0.6482	0.4838	0.5782
627	0.4705	0.0	0.4848	0.3078	0.4705	0.2838
628	0.2992	0.0	0.3472	0.3895	0.2992	0.3608
629	0.4484	0.0	0.474	0.4292	0.4484	0.386
630	0.9163	0.0	1.083	0.7975	0.9163	0.6061
631	0.4573	0.0	0.3823	0.4276	0.4573	0.4552
632	0.7574	0.0	0.8924	1.33	0.7574	1.229
633	0.6704	0.0	0.5669	0.6373	0.6704	0.4724
634	0.3259	0.0	0.3404	0.5357	0.3259	0.4941
635	0.8758	0.0	1.045	1.037	0.8758	0.9044
636	0.4511	0.0	0.4444	0.9766	0.4511	0.8238
637	1.15	0.0	1.409	1.244	1.15	1.266
638	0.7319	0.0	0.8646	0.4906	0.7319	0.5785
639	0.6835	0.0	0.7307	1.003	0.6835	0.7715
640	0.4036	0.0	0.4782	0.3901	0.4036	0.3552
641	0.2762	0.0	0.3096	0.3584	0.2762	0.3043
642	0.5703	0.0	0.5824	0.4932	0.5703	0.4944
643	0.4542	0.0	0.4748	1.166	0.4542	1.005
644	0.8112	0.0	1.096	0.8954	0.8112	0.7539
645	0.8068	0.0	0.9017	1.165	0.8068	0.9928
646	0.3589	0.0	0.4258	0.5504	0.3589	0.5167
647	0.4578	0.0	0.5063	1.182	0.4578	0.9505
648	0.624	0.0	0.6493	0.8342	0.624	0.8323
649	0.7693	0.0	0.9356	1.002	0.7693	0.8974
650	0.5636	0.0	0.6443	1.068	0.5636	0.9437
651	0.4993	0.0	0.4764	0.3537	0.4993	0.3368
652	0.3198	0.0	0.28	0.2441	0.3198	0.255
653	0.3755	0.0	0.4195	1.121	0.3755	0.9524
654	0.8178	0.0	0.9686	1.127	0.8178	1.2
655	0.851	0.0	0.925	0.7873	0.851	0.7048
656	0.4009	0.0	0.481	0.2571	0.4009	0.2475
657	0.4542	0.0	0.5196	1.04	0.4542	0.7784
658	1.072	0.0	1.383	0.8445	1.072	0.7424
659	0.7372	0.0	0.8424	1.173	0.7372	1.073
660	0.4206	0.0	0.5003	0.6384	0.4206	0.5877
661	0.2441	0.0	0.2315	0.5099	0.2441	0.4507
662	0.4405	0.0	0.4748	0.768	0.4405	0.7356
663	0.4489	0.0	0.3944	0.3786	0.4489	0.3729
664	0.4429	0.0	0.4999	0.8807	0.4429	0.6462
665	0.1936	0.0	0.2133	0.2554	0.1936	0.2283
666	0.5931	0.0	0.6191	0.4821	0.5931	0.4262
667	0.3085	0.0	0.3153	0.4051	0.3085	0.3568
668	0.3544	0.0	0.4346	0.3427	0.3544	0.3481
669	0.2787	0.0	0.3023	0.3152	0.2787	0.3004
670	0.7175	0.0	0.8875	0.5322	0.7175	0.4587
671	0.4116	0.0	0.446	0.5399	0.4116	0.5412
672	0.4737	0.0	0.5009	0.2173	0.4737	0.1778
673	0.7363	0.0	0.8126	0.7639	0.7363	0.6729
674	0.6832	0.0	0.861	0.864	0.6832	0.9125
675	0.3809	0.0	0.4094	1.785	0.3809	1.215
676	0.6884	0.0	0.7008	1.123	0.6884	0.8043
677	0.7888	0.0	0.8763	0.7663	0.7888	0.7269
678	0.4896	0.0	0.5458	0.5182	0.4896	0.4729
679	0.4851	0.0	0.5062	0.7204	0.4851	0.8254
680	0.6867	0.0	0.7706	0.7845	0.6867	0.6212
681	0.489	0.0	0.5045	0.6286	0.489	0.7555
682	0.2524	0.0	0.2832	0.3655	0.2524	0.3906
683	0.3517	0.0	0.6148	0.8912	0.3517	0.748
684	0.4792	0.0	0.467	0.365	0.4792	0.3817
685	1.215	0.0	1.614	1.751	1.215	1.606
686	0.864	0.0	0.9805	1.112	0.864	0.9219
687	0.7352	0.0	0.9543	0.8358	0.7352	0.7732
688	0.602	0.0	0.6457	0.9851	0.602	0.8675
689	0.2862	0.0	0.3443	0.4361	0.2862	0.3313
690	0.9605	0.0	1.161	0.6267	0.9605	0.5942
691	0.3887	0.0	0.4143	0.5952	0.3887	0.6116
692	0.5017	0.0	0.5215	0.5895	0.5017	0.5473
693	1.029	0.0	1.252	0.7977	1.029	0.6968
694	0.3626	0.0	0.4064	0.3644	0.3626	0.3456
695	0.9396	0.0	0.9337	0.8377	0.9396	0.82
696	0.4857	0.0	0.4803	0.7063	0.4857	0.6732
697	0.8916	0.0	1.092	1.485	0.8916	1.344
698	0.556	0.0	0.6479	0.423	0.556	0.3984
699	0.5283	0.0	0.4954	0.5281	0.5283	0.649
700	1.066	0.0	1.135	0.6211	1.066	0.6363
701	0.9024	0.0	1.391	0.5739	0.9024	0.5099
702	0.4067	0.0	0.5089	0.3381	0.4067	0.3046
703	0.6127	0.0	0.607	0.5737	0.6127	0.5881
704	1.012	0.0	1.166	1.323	1.012	1.169
705	1.124	0.0	1.266	0.7392	1.124	0.7071
706	0.5318	0.0	0.5158	0.6502	0.5318	0.7356
707	0.5476	0.0	0.6153	0.4602	0.5476	0.4125
708	0.3134	0.0	0.2745	0.4452	0.3134	0.401
709	0.6311	0.0	0.6277	0.5536	0.6311	0.5235
710	0.2306	0.0	0.3715	0.5307	0.2306	0.4804
711	0.6101	0.0	0.732	0.6117	0.6101	0.5924
712	0.1062	0.0	0.1447	0.5459	0.1062	0.4792
713	0.6064	0.0	0.5302	0.2891	0.6064	0.2555
714	0.5643	0.0	0.6148	0.9313	0.5643	0.7568
715	0.6013	0.0	0.6461	0.5433	0.6013	0.5135
716	0.3768	0.0	0.3807	0.7078	0.3768	0.6537
717	0.4108	0.0	0.3966	1.082	0.4108	1.082
718	0.6322	0.0	0.6642	0.5636	0.6322	0.5262
719	0.3646	0.0	0.3669	0.5479	0.3646	0.5286
720	0.49	0.0	0.459	0.6283	0.49	0.7027
721	0.4298	0.0	0.4234	0.5816	0.4298	0.4607
722	0.6615	0.0	0.6464	1.028	0.6615	0.8309
723	0.8686	0.0	1.084	1.389	0.8686	1.029
724	0.7309	0.0	0.683	0.4079	0.7309	0.3918
725	0.6917	0.0	0.833	0.9665	0.6917	1.091
726	1.205	0.0	1.194	0.5557	1.205	0.4757
727	0.5606	0.0	0.6314	1.166	0.5606	1.117
728	1.283	0.0	1.462	1.196	1.283	1.054
729	0.6205	0.0	0.6886	0.4832	0.6205	0.3894
730	0.5684	0.0	0.6144	0.7776	0.5684	0.7381
731	0.4277	0.0	0.5016	0.5614	0.4277	0.5202
732	0.3535	0.0	0.3924	0.473	0.3535	0.4143
733	0.3947	0.0	0.3415	0.3562	0.3947	0.3775
734	0.5467	0.0	0.5646	0.2238	0.5467	0.2429
735	0.6192	0.0	0.6178	0.3759	0.6192	0.4345
736	0.7267	0.0	0.8266	0.7273	0.7267	0.7259
737	0.6502	0.0	0.7448	0.8979	0.6502	0.721
738	0.1746	0.0	0.1945	0.3158	0.1746	0.2897
739	0.984	0.0	1.158	0.9391	0.984	0.7728
740	0.5185	0.0	0.5998	0.9707	0.5185	0.858
741	0.7297	0.0	0.7617	1.214	0.7297	1.127
742	0.3985	0.0	0.5018	0.752	0.3985	0.6712
743	0.4152	0.0	0.4555	0.5857	0.4152	0.4848
744	0.5879	0.0	0.5526	0.5321	0.5879	0.4487
745	0.5816	0.0	0.6435	0.3475	0.5816	0.3346
746	0.4671	0.0	0.5149	0.6341	0.4671	0.6911
747	0.3421	0.0	0.3751	1.328	0.3421	1.012
748	0.899	0.0	1.111	0.7819	0.899	0.6539
749	0.7573	0.0	0.8056	0.9066	0.7573	0.6645
750	0.616	0.0	0.7051	0.5582	0.616	0.5355
751	1.071	0.0	1.266	1.37	1.071	1.091
752	1.121	0.0	1.43	1.098	1.121	1.208
753	0.7473	0.0	0.908	0.9126	0.7473	0.7509
754	0.6171	0.0	0.6683	0.8657	0.6171	0.875
755	0.9792	0.0	0.9438	0.3397	0.9792	0.3385
756	0.3255	0.0	0.2882	0.3409	0.3255	0.3401
757	0.6021	0.0	0.6955	0.9142	0.6021	0.7699
758	1.127	0.0	1.201	0.8956	1.127	0.8915
759	0.4401	0.0	0.4935	1.039	0.4401	0.8222
760	0.3209	0.0	0.3669	0.4798	0.3209	0.4782
761	0.6338	0.0	0.7185	0.6156	0.6338	0.5763
762	0.5488	0.0	0.6677	0.9636	0.5488	0.7702
763	0.8897	0.0	1.113	0.8217	0.8897	0.7519
764	0.3475	0.0	0.3873	0.4723	0.3475	0.396
765	0.8503	0.0	0.795	0.5454	0.8503	0.4948
766	1.023	0.0	1.113	1.353	1.023	1.082
767	0.4827	0.0	0.4329	0.5958	0.4827	0.7311
768	0.3704	0.0	0.6175	0.4028	0.3704	0.3552
769	0.3823	0.0	0.3973	0.2162	0.3823	0.2916
770	0.5087	0.0	0.553	0.419	0.5087	0.3848
771	0.9035	0.0	0.9935	0.8033	0.9035	0.6609
772	0.4587	0.0	0.3938	0.4049	0.4587	0.5237
773	0.2425	0.0	0.2426	0.3343	0.2425	0.419
774	0.6691	0.0	0.7936	1.204	0.6691	1.002
775	0.6932	0.0	0.7497	1.054	0.6932	0.9094
776	0.5531	0.0	0.6427	0.5309	0.5531	0.4875
777	0.7459	0.0	0.9403	0.7691	0.7459	0.6593
778	0.8956	0.0	1.192	0.9351	0.8956	0.7817
779	0.9113	0.0	1.111	1.285	0.9113	0.9356
780	0.8945	0.0	0.8229	0.3494	0.8945	0.3727
781	0.641	0.0	0.7056	1.092	0.641	0.8462
782	0.7838	0.0	0.9907	1.366	0.7838	1.118
783	0.3435	0.0	0.3566	0.3981	0.3435	0.3815
784	0.7937	0.0	1.008	0.9357	0.7937	0.8825
785	0.4906	0.0	0.4351	0.5565	0.4906	0.6655
786	0.3201	0.0	0.3504	0.2099	0.3201	0.226
787	0.1349	0.0	0.1855	0.696	0.1349	0.6036
788	0.4441	0.0	0.4592	0.382	0.4441	0.373
789	1.119	0.0	1.545	1.325	1.119	1.029
790	0.7104	0.0	0.7343	1.05	0.7104	0.9567
791	0.4632	0.0	0.4679	0.7844	0.4632	0.748
792	1.097	0.0	1.261	0.5832	1.097	0.4382
793	0.4861	0.0	0.5131	0.3806	0.4861	0.3216
794	0.9385	0.0	1.247	0.5079	0.9385	0.4509
795	0.327	0.0	0.5571	0.3591	0.327	0.3871
796	0.5975	0.0	0.6257	1.134	0.5975	0.96
797	0.5722	0.0	0.7343	0.6947	0.5722	0.6237
798	0.7216	0.0	0.7565	1.118	0.7216	1.06
799	0.7712	0.0	0.9419	0.7624	0.7712	0.713
800	0.6971	0.0	0.917	0.6248	0.6971	0.5219
801	0.9803	0.0	1.09	1.126	0.9803	0.995
802	0.8008	0.0	0.9922	0.9924	0.8008	1.032
803	0.5039	0.0	0.4812	0.416	0.5039	0.4647
804	0.6303	0.0	0.7974	0.5346	0.6303	0.4487
805	0.4949	0.0	0.4568	0.4699	0.4949	0.4442
806	0.3094	0.0	0.3569	0.3633	0.3094	0.3275
807	0.4188	0.0	0.3931	0.5494	0.4188	0.5783
808	0.5685	0.0	0.6114	1.052	0.5685	0.8582
809	0.7306	0.0	0.7589	0.7908	0.7306	0.7472
810	0.6482	0.0	0.5356	0.5306	0.6482	0.5609
811	0.4677	0.0	0.5211	0.9621	0.4677	0.9667
812	0.2163	0.0	0.2507	0.4763	0.2163	0.4512
813	0.5259	0.0	0.5183	0.3406	0.5259	0.3518
814	0.4345	0.0	0.4862	0.9096	0.4345	0.9528
815	0.3225	0.0	0.344	0.4235	0.3225	0.3713
816	0.5352	0.0	0.5685	0.4828	0.5352	0.4691
817	0.3695	0.0	0.4291	0.3531	0.3695	0.3177
818	0.6563	0.0	0.8382	0.9327	0.6563	0.7687
819	0.4379	0.0	0.4918	0.9431	0.4379	0.7595
820	0.8222	0.0	0.9488	0.644	0.8222	0.5983
821	0.3726	0.0	0.3716	0.3943	0.3726	0.437
822	0.8051	0.0	1.029	0.942	0.8051	0.8078
823	0.4796	0.0	0.4817	0.5806	0.4796	0.5608
824	0.5719	0.0	0.553	0.5013	0.5719	0.4194
825	1.06	0.0	1.361	0.826	1.06	0.7048
826	0.8267	0.0	0.9357	0.5762	0.8267	0.6051
827	0.7801	0.0	0.8352	1.242	0.7801	1.053
828	0.6491	0.0	0.715	0.7189	0.6491	0.7184
829	0.5552	0.0	0.7659	0.8917	0.5552	0.7958
830	0.5459	0.0	0.6671	0.872	0.5459	0.7664
831	0.6633	0.0	0.8268	0.5699	0.6633	0.583
832	0.7679	0.0	0.7701	0.945	0.7679	0.8968
833	0.6376	0.0	0.6742	0.6983	0.6376	0.5312
834	0.5514	0.0	0.5869	0.6236	0.5514	0.562
835	0.3829	0.0	0.4123	0.6151	0.3829	0.5187
836	0.5219	0.0	0.5701	0.477	0.5219	0.4362
837	0.3977	0.0	0.4424	0.6936	0.3977	0.6716
838	0.4454	0.0	0.4841	0.5298	0.4454	0.4303
839	0.2516	0.0	0.2193	0.2889	0.2516	0.3409
840	0.8352	0.0	1.008	1.023	0.8352	0.9065
841	0.451	0.0	0.4974	0.8728	0.451	0.6826
842	0.2272	0.0	0.257	0.1838	0.2272	0.1903
843	0.6524	0.0	0.6988	1.284	0.6524	0.9622
844	0.4895	0.0	0.5282	0.8549	0.4895	0.7063
845	1.058	0.0	1.263	1.313	1.058	1.311
846	0.4273	0.0	0.4661	0.5432	0.4273	0.4077
847	0.437	0.0	0.5265	0.8466	0.437	0.7409
848	0.2094	0.0	0.1728	0.4733	0.2094	0.4478
849	0.271	0.0	0.3046	0.8042	0.271	0.7225
850	1.134	0.0	1.55	0.7279	1.134	0.6826
851	0.6078	0.0	0.7568	1.068	0.6078	0.8257
852	0.7563	0.0	0.8991	0.9814	0.7563	0.8504
853	0.63	0.0	0.7763	0.6402	0.63	0.5656
854	0.5018	0.0	0.6066	1.025	0.5018	0.6957
855	0.727	0.0	0.8789	0.8023	0.727	0.6459
856	0.9887	0.0	1.05	0.7679	0.9887	0.7666
857	0.381	0.0	0.3705	0.53	0.381	0.5245
858	0.7186	0.0	0.8092	0.6758	0.7186	0.5976
859	0.4222	0.0	0.46	0.7523	0.4222	0.6614
860	0.2193	0.0	0.2053	0.3969	0.2193	0.5189
861	0.6894	0.0	0.7958	1.241	0.6894	1.072
862	1.176	0.0	1.365	0.959	1.176	0.8648
863	0.5495	0.0	0.659	0.7121	0.5495	0.5836
864	0.2266	0.0	0.296	0.4865	0.2266	0.4443
865	0.6649	0.0	0.7735	1.065	0.6649	0.8969
866	0.4482	0.0	0.4943	0.7565	0.4482	0.6204
867	0.6386	0.0	0.8056	0.9211	0.6386	0.8249
868	0.431	0.0	0.5004	0.5962	0.431	0.5592
869	0.273	0.0	0.2629	0.2793	0.273	0.3137
870	0.4406	0.0	0.397	0.8511	0.4406	0.7062
871	0.4449	0.0	0.3993	0.3677	0.4449	0.3937
872	0.3379	0.0	0.4745	0.703	0.3379	0.6405
873	0.172	0.0	0.1932	0.296	0.172	0.2826
874	0.4655	0.0	0.484	0.3982	0.4655	0.3922
875	0.7008	0.0	0.8453	0.3631	0.7008	0.3435
876	0.4267	0.0	0.5321	0.4392	0.4267	0.4232
877	0.3945	0.0	0.3747	0.2987	0.3945	0.3596
878	0.5993	0.0	0.6993	0.9311	0.5993	0.7595
879	0.5273	0.0	0.6078	0.8831	0.5273	0.8198
880	0.4641	0.0	0.52	0.2679	0.4641	0.2453
881	1.15	0.0	1.083	0.7404	1.15	0.6433
882	0.6531	0.0	0.6651	0.8592	0.6531	0.7213
883	0.5823	0.0	0.6571	0.8933	0.5823	0.763
884	0.5705	0.0	0.687	0.6764	0.5705	0.5956
885	0.6319	0.0	0.7114	0.8693	0.6319	0.7705
886	0.6597	0.0	0.7372	0.8095	0.6597	0.687
887	0.4099	0.0	0.4497	1.199	0.4099	1.005
888	0.7347	0.0	0.8645	0.803	0.7347	0.6528
889	0.5053	0.0	0.5083	0.475	0.5053	0.5008
890	0.3229	0.0	0.3509	0.3943	0.3229	0.4011
891	1.64	0.0	1.963	0.7337	1.64	0.6374
892	0.5156	0.0	0.4726	0.3156	0.5156	0.2957
893	1.159	0.0	1.354	0.7354	1.159	0.6717
894	0.7533	0.0	0.8831	1.105	0.7533	0.9475
895	0.7728	0.0	0.8723	0.4557	0.7728	0.4134
896	0.6912	0.0	0.7668	0.5364	0.6912	0.4694
897	0.6274	0.0	0.8304	0.6588	0.6274	0.5069
898	0.6942	0.0	0.8061	0.7758	0.6942	0.6852
899	0.6647	0.0	0.6197	0.3493	0.6647	0.4141
900	0.4704	0.0	0.5738	0.7535	0.4704	0.58
901	0.7889	0.0	0.9283	0.8629	0.7889	0.7183
902	0.2236	0.0	0.2497	0.9501	0.2236	0.848
903	0.7029	0.0	0.7328	0.9596	0.7029	0.9767
904	1.023	0.0	1.174	0.5995	1.023	0.5703
905	0.8548	0.0	1.04	0.7917	0.8548	0.6984
906	0.5747	0.0	0.5568	0.923	0.5747	0.6874
907	0.4031	0.0	0.3891	0.3242	0.4031	0.3053
908	0.5854	0.0	0.6627	0.8032	0.5854	0.6701
909	0.7061	0.0	0.9112	0.9913	0.7061	0.8611
910	0.4385	0.0	0.469	0.3892	0.4385	0.3309
911	0.6398	0.0	0.7552	0.365	0.6398	0.3215
912	0.6174	0.0	0.6987	0.8807	0.6174	0.7985
913	0.5094	0.0	0.5472	0.7592	0.5094	0.9007
914	0.3836	0.0	0.3898	0.5	0.3836	0.4768
915	0.6814	0.0	0.7495	1.09	0.6814	1.007
916	0.1882	0.0	0.203	0.4546	0.1882	0.4813
917	0.6047	0.0	0.7304	0.7266	0.6047	0.6335
918	0.4091	0.0	0.475	0.5065	0.4091	0.4457
919	0.3044	0.0	0.3393	0.3339	0.3044	0.3232
920	0.3736	0.0	0.4142	0.5864	0.3736	0.4924
921	0.3996	0.0	0.4197	0.449	0.3996	0.3118
922	0.3828	0.0	0.4507	0.8006	0.3828	0.6609
923	0.7978	0.0	0.9584	0.6316	0.7978	0.5494
924	0.7092	0.0	0.6751	0.869	0.7092	0.8141
925	0.3356	0.0	0.3826	0.9355	0.3356	0.9078
926	0.8002	0.0	0.925	0.8007	0.8002	0.6633
927	0.5174	0.0	0.5646	0.5545	0.5174	0.6093
928	0.577	0.0	0.7377	0.4489	0.577	0.4352
929	0.5873	0.0	0.5964	0.769	0.5873	0.7315
930	0.7006	0.0	0.7735	1.386	0.7006	1.177
931	0.6603	0.0	0.7902	1.425	0.6603	1.08
932	0.7118	0.0	0.8132	0.7057	0.7118	0.6184
933	0.6033	0.0	0.8959	0.3604	0.6033	0.3661
934	0.6225	0.0	0.6589	0.922	0.6225	0.7845
935	0.686	0.0	0.8602	0.6201	0.686	0.5497
936	0.7813	0.0	1.048	1.277	0.7813	0.9697
937	0.5438	0.0	0.6276	0.4824	0.5438	0.3696
938	0.5492	0.0	0.6808	0.5888	0.5492	0.5368
939	0.5954	0.0	0.633	0.6979	0.5954	0.561
940	0.6597	0.0	0.5979	0.7285	0.6597	0.7811
941	0.1757	0.0	0.2068	0.4661	0.1757	0.5176
942	0.6135	0.0	0.6922	0.7296	0.6135	0.5753
943	0.4402	0.0	0.3926	0.2682	0.4402	0.2819
944	0.4879	0.0	0.5448	1.582	0.4879	1.283
945	0.08818	0.0	0.09579	1.156	0.08818	0.9649
946	0.496	0.0	0.6795	0.1716	0.496	0.1837
947	1.017	0.0	1.154	0.6638	1.017	0.6095
948	0.7533	0.0	0.8528	0.6211	0.7533	0.5675
949	0.9364	0.0	1.252	0.8253	0.9364	0.7048
950	0.3612	0.0	0.4541	0.4416	0.3612	0.39
951	1.226	0.0	1.305	1.571	1.226	1.17
952	0.5848	0.0	0.5881	0.4301	0.5848	0.4166
953	0.3452	0.0	0.3972	0.4602	0.3452	0.4102
954	0.7139	0.0	0.7551	0.5489	0.7139	0.5137
955	1.061	0.0	1.456	0.6987	1.061	0.5607
956	0.5728	0.0	0.6563	0.9504	0.5728	0.8418
957	0.8452	0.0	0.9388	0.5252	0.8452	0.3715
958	0.7375	0.0	0.9468	0.8153	0.7375	0.6278
959	0.6956	0.0	0.6786	1.257	0.6956	1.005
960	0.3784	0.0	0.4104	1.086	0.3784	1.016
961	0.4969	0.0	0.5636	0.7361	0.4969	0.6554
962	0.8052	0.0	0.7452	0.9241	0.8052	0.937
963	0.358	0.0	0.3873	0.2954	0.358	0.3342
964	0.7784	0.0	0.7838	0.2841	0.7784	0.2776
965	0.6126	0.0	0.6888	1.586	0.6126	1.199
966	1.123	0.0	1.477	1.078	1.123	0.8964
967	0.6	0.0	0.657	0.6521	0.6	0.5416
968	0.6205	0.0	0.7908	0.369	0.6205	0.2688
969	0.7629	0.0	0.7247	0.7265	0.7629	0.6095
970	0.6538	0.0	0.7836	1.266	0.6538	1.089
971	0.5413	0.0	0.64	1.224	0.5413	1.019
972	0.3985	0.0	0.4974	0.5426	0.3985	0.4834
973	0.265	0.0	0.2852	0.3197	0.265	0.2902
974	0.5737	0.0	0.6742	0.5786	0.5737	0.4884
975	0.5009	0.0	0.5322	0.394	0.5009	0.4709
976	0.4025	0.0	0.6866	0.5478	0.4025	0.3857
977	0.6393	0.0	0.8667	0.3571	0.6393	0.3174
978	0.5725	0.0	0.6211	0.5297	0.5725	0.5322
979	0.5873	0.0	0.5835	0.3033	0.5873	0.2793
980	0.365	0.0	0.4043	0.4188	0.365	0.4041
981	0.5406	0.0	0.6076	0.3696	0.5406	0.3477
982	0.4743	0.0	0.5485	0.9754	0.4743	0.8867
983	0.9562	0.0	0.9046	0.9951	0.9562	0.8085
984	0.335	0.0	0.3433	0.1753	0.335	0.1644
985	0.3997	0.0	0.4523	0.5348	0.3997	0.4969
986	0.8036	0.0	0.9082	1.01	0.8036	0.8157
987	0.8986	0.0	1.103	1.509	0.8986	1.264
988	0.293	0.0	0.35	0.7495	0.293	0.6893
989	0.9133	0.0	1.069	0.9309	0.9133	0.7531
990	0.6719	0.0	0.7286	0.8187	0.6719	0.7412
991	0.1767	0.0	0.1814	0.441	0.1767	0.4806
992	0.6169	0.0	0.6513	1.079	0.6169	0.9273
993	0.522	0.0	0.4419	0.5258	0.522	0.6526
994	0.4958	0.0	0.531	0.4013	0.4958	0.4013
995	0.1512	0.0	0.2781	0.9229	0.1512	0.8907
996	0.4472	0.0	0.4678	0.4101	0.4472	0.4492
997	0.8618	0.0	1.037	1.115	0.8618	0.9392
998	0.7429	0.0	0.8555	0.3961	0.7429	0.3588
999	0.6979	0.0	0.8389	0.5212	0.6979	0.4864
1000	0.4562	0.0	0.509	0.5443	0.4562	0.4083
1001	0.2748	0.0	0.3799	0.2984	0.2748	0.2578
1002	0.5831	0.0	0.6913	0.5786	0.5831	0.6527
1003	0.3699	0.0	0.3924	0.2282	0.3699	0.2503
1004	0.7462	0.0	0.7527	0.5715	0.7462	0.4703
1005	0.8014	0.0	0.955	0.9459	0.8014	0.8155
1006	0.423	0.0	0.4417	0.7848	0.423	0.7795
1007	0.856	0.0	0.9663	1.127	0.856	0.9586
1008	0.7506	0.0	0.947	0.6973	0.7506	0.684
1009	0.7577	0.0	0.8175	1.426	0.7577	1.299
1010	0.4506	0.0	0.5066	0.2218	0.4506	0.2506
1011	0.3177	0.0	0.2775	0.4923	0.3177	0.4756
1012	0.4749	0.0	0.5685	0.6371	0.4749	0.515
1013	0.5969	0.0	0.6932	0.9463	0.5969	0.7441
1014	0.3732	0.0	0.4104	0.2569	0.3732	0.2345
1015	0.4417	0.0	0.5439	0.8276	0.4417	0.6984
1016	0.6793	0.0	0.8374	1.182	0.6793	0.8314
1017	0.6645	0.0	0.676	0.9418	0.6645	0.9171
1018	0.5058	0.0	0.4874	0.566	0.5058	0.4569
1019	0.992	0.0	1.279	0.8633	0.992	0.7624
1020	0.2574	0.0	0.2795	0.4827	0.2574	0.5155
1021	0.4524	0.0	0.5165	0.4189	0.4524	0.5307
1022	0.3338	0.0	0.4266	0.8664	0.3338	0.8327
1023	0.322	0.0	0.3318	0.3429	0.322	0.3457
1024	0.2993	0.0	0.3285	0.3663	0.2993	0.309
1025	0.5685	0.0	0.6259	0.3288	0.5685	0.3203
1026	0.5315	0.0	0.6065	0.8285	0.5315	0.75
1027	1.135	0.0	1.159	1.016	1.135	0.7736
1028	0.8103	0.0	0.938	0.8609	0.8103	0.7544
1029	0.6142	0.0	0.7068	0.5796	0.6142	0.4669
1030	0.6776	0.0	0.8703	0.64	0.6776	0.5743
1031	0.4392	0.0	0.4907	0.4173	0.4392	0.417
1032	0.3926	0.0	0.4496	0.6931	0.3926	0.6971
1033	0.5169	0.0	0.6657	0.6272	0.5169	0.603
1034	0.4859	0.0	0.5665	0.6465	0.4859	0.6457
1035	0.8264	0.0	1.043	1.015	0.8264	0.8354
1036	0.3201	0.0	0.3539	0.3762	0.3201	0.3724
1037	1.117	0.0	0.9244	0.6817	1.117	0.7429
1038	0.7575	0.0	0.9487	0.9512	0.7575	0.8154
1039	0.3518	0.0	0.4146	1.377	0.3518	1.386
1040	0.8186	0.0	0.8419	1.016	0.8186	0.9114
