Step	Loss(S)	Loss(T)	fwd_S	fwd_T	rev_S	rev_T
1	0.06284	0.07477	2.639	3.549	2.593	3.717
2	0.07544	0.05874	2.701	2.143	2.616	1.949
3	0.1164	0.09074	5.712	3.792	4.613	3.438
4	0.09983	0.08872	4.635	3.752	3.897	3.232
5	0.09637	0.09557	4.284	4.407	3.893	3.389
6	0.06285	0.05197	2.132	1.758	2.164	1.716
7	0.05706	0.04261	2.06	1.412	1.997	1.672
8	0.07217	0.06829	2.55	2.674	2.462	2.508
9	0.06922	0.05895	2.395	2.505	2.229	1.718
10	0.05878	0.06928	1.893	2.487	2.012	2.507
11	0.06714	0.09494	2.325	3.425	2.397	4.134
12	0.06738	0.0581	2.121	2.331	2.288	1.923
13	0.08041	0.07789	2.877	2.806	3.323	3.342
14	0.08093	0.07132	3.021	2.051	3.082	2.676
15	0.04676	0.05556	1.635	1.955	1.445	1.833
16	0.06057	0.07315	2.242	2.854	1.802	2.14
17	0.03992	0.05002	1.404	1.797	1.131	1.547
18	0.03437	0.06427	1.071	2.462	0.8911	1.932
19	0.07645	0.06309	2.632	3.163	2.349	1.79
20	0.07693	0.07662	2.753	3.224	2.545	2.384
21	0.06001	0.04559	2.254	1.392	1.914	1.417
22	0.05764	0.04314	2.039	1.218	1.701	1.327
23	0.06166	0.06661	1.911	2.246	1.902	2.254
24	0.06169	0.04043	2.049	1.264	1.859	1.165
25	0.06324	0.06441	2.063	2.166	1.962	2.03
26	0.05007	0.06213	1.639	1.823	1.398	2.024
27	0.05379	0.05696	1.686	2.034	1.607	1.852
28	0.06411	0.05622	2.54	2.159	1.839	1.678
29	0.05938	0.07065	2.287	2.606	1.704	2.064
30	0.04358	0.02392	1.603	0.8586	1.247	0.8106
31	0.05507	0.06535	1.813	2.011	1.66	2.088
32	0.02954	0.05989	0.9394	1.82	0.7583	1.873
33	0.03642	0.06916	1.121	2.942	0.9799	2.063
34	0.03683	0.07197	1.232	2.099	0.9786	2.621
35	0.05313	0.05446	1.727	1.94	1.66	1.614
36	0.06241	0.06171	1.94	2.544	1.795	1.685
37	0.0659	0.05311	2.172	2.236	1.911	1.516
38	0.06403	0.08644	2.108	3.3	2.174	2.976
39	0.06289	0.06242	2.216	2.053	1.748	1.85
40	0.03547	0.04411	1.09	1.464	1.021	1.353
41	0.04442	0.04494	1.408	1.495	1.226	1.256
42	0.03638	0.0559	1.278	2.0	1.022	1.568
43	0.04701	0.06732	1.584	2.196	1.386	2.138
44	0.05336	0.03732	1.903	1.326	1.467	1.015
45	0.05871	0.05691	2.383	2.291	1.724	1.657
46	0.05373	0.066	1.523	2.103	1.67	2.324
47	0.05841	0.04919	1.858	1.47	1.714	1.437
48	0.02735	0.06811	0.8556	2.258	0.6872	2.077
49	0.05875	0.06636	2.029	2.458	1.691	2.049
50	0.04878	0.05395	1.459	1.556	1.418	1.681
51	0.05611	0.0638	1.721	2.159	1.707	1.984
52	0.03727	0.0703	1.448	2.475	1.089	2.123
53	0.06673	0.06257	2.156	1.964	2.288	2.106
54	0.02891	0.04758	0.9087	1.434	0.7701	1.437
55	0.04725	0.04242	1.599	1.279	1.263	1.19
56	0.07074	0.04352	2.388	1.292	2.35	1.422
57	0.05596	0.05433	2.235	2.11	1.485	1.444
58	0.06204	0.06127	2.453	2.429	1.769	1.848
59	0.05213	0.04847	1.641	1.622	1.549	1.596
60	0.04876	0.05288	1.629	1.912	1.592	1.435
61	0.05807	0.05068	1.856	1.713	1.764	1.699
62	0.03865	0.04326	1.174	1.416	1.026	1.17
63	0.04776	0.06357	1.488	2.069	1.333	1.969
64	0.06683	0.05973	2.021	2.001	2.043	1.841
65	0.05018	0.04275	1.704	1.808	1.348	1.267
66	0.06249	0.05633	2.081	1.515	1.955	1.947
67	0.05636	0.0597	1.817	1.902	1.627	1.69
68	0.06399	0.0599	2.121	2.06	1.79	1.83
69	0.06627	0.05895	1.988	2.018	1.961	1.657
70	0.02863	0.05759	1.086	2.135	0.9359	1.748
71	0.04165	0.04809	1.451	2.1	1.128	1.428
72	0.07093	0.05168	1.966	1.619	2.173	1.5
73	0.04875	0.06227	1.62	2.636	1.371	1.79
74	0.04909	0.0663	1.639	2.078	1.593	2.314
75	0.07424	0.03821	2.679	1.254	2.312	1.103
76	0.05374	0.06201	1.727	1.973	1.525	1.88
77	0.05338	0.04812	1.824	1.607	1.476	1.312
78	0.05053	0.05825	1.579	1.748	1.496	1.896
79	0.03794	0.05489	1.242	2.145	0.995	1.59
80	0.0403	0.05448	1.368	1.759	1.149	1.593
81	0.05079	0.06058	1.852	1.905	1.44	1.841
82	0.04776	0.04515	1.527	1.726	1.291	1.216
83	0.05993	0.06064	1.93	2.03	1.685	1.688
84	0.05793	0.03243	1.902	1.06	1.6	0.8474
85	0.06458	0.06655	2.076	2.023	2.033	2.595
86	0.04223	0.01933	1.431	0.6099	1.178	0.6313
87	0.06822	0.05205	2.197	1.738	1.989	1.429
88	0.0437	0.04591	1.366	1.316	1.249	1.872
89	0.04298	0.054	1.495	1.82	1.255	1.585
90	0.05029	0.05393	1.551	1.701	1.553	1.576
91	0.04318	0.05564	1.304	1.685	1.324	1.756
92	0.05899	0.05709	1.946	2.337	1.685	1.703
93	0.05168	0.05428	1.832	1.88	1.42	1.571
94	0.0499	0.04674	1.511	1.434	1.451	1.294
95	0.0414	0.04572	1.341	1.61	1.116	1.214
96	0.0512	0.05081	1.791	1.7	1.333	1.417
97	0.06035	0.05449	2.244	1.948	1.725	1.536
98	0.04253	0.03543	1.51	1.367	1.14	0.9431
99	0.05612	0.06017	1.767	2.298	1.532	1.748
100	0.05407	0.05748	1.645	1.882	1.472	1.583
101	0.05045	0.02925	1.677	0.8995	1.529	0.7449
102	0.0521	0.03322	1.806	1.115	1.506	1.014
103	0.04536	0.04906	1.565	1.962	1.302	1.425
104	0.05872	0.06058	2.079	2.33	1.827	1.778
105	0.03747	0.0518	1.269	1.542	1.088	1.407
106	0.05117	0.04735	1.624	1.392	1.476	1.357
107	0.03613	0.04548	1.272	1.439	1.049	1.25
108	0.03301	0.05237	1.201	1.633	0.8881	1.419
109	0.04881	0.048	1.566	1.394	1.392	1.327
110	0.05288	0.0554	1.544	1.737	1.629	1.725
111	0.05194	0.0642	1.518	1.912	1.783	2.228
112	0.03287	0.06086	0.9776	2.004	0.8937	1.831
113	0.02384	0.03937	0.7945	1.342	0.6486	1.07
114	0.05605	0.04877	1.819	1.445	1.8	1.52
115	0.05136	0.05762	1.612	1.995	1.787	1.945
116	0.0353	0.0485	1.166	1.452	0.9319	1.443
117	0.03655	0.05535	1.209	1.796	0.9924	2.166
118	0.03311	0.03499	1.028	1.118	1.044	1.338
119	0.04147	0.04469	1.268	1.422	1.202	1.29
120	0.0225	0.05099	0.6779	1.662	0.6789	1.405
121	0.05162	0.04424	1.634	1.397	1.558	1.302
122	0.04787	0.05598	1.531	1.797	1.316	1.522
123	0.05036	0.05992	1.87	2.222	1.523	1.915
124	0.05047	0.05146	1.616	1.504	1.411	1.491
125	0.032	0.04349	1.131	1.583	0.8376	1.318
126	0.03113	0.05898	0.9158	1.815	0.806	1.804
127	0.0335	0.0564	1.019	1.644	0.8971	1.966
128	0.05579	0.03795	1.682	1.288	1.582	1.033
129	0.05864	0.04694	1.817	1.527	1.866	1.335
130	0.0387	0.0397	1.171	1.374	1.004	1.196
131	0.04965	0.05096	1.56	1.697	1.471	1.532
132	0.05093	0.04351	1.834	1.494	1.363	1.188
133	0.0424	0.05488	1.318	2.046	1.151	1.565
134	0.03471	0.01771	1.187	0.5305	0.9404	0.5901
135	0.03663	0.05486	1.258	1.651	0.9684	1.742
136	0.04513	0.04458	1.365	1.514	1.374	1.452
137	0.0491	0.05423	1.596	1.742	1.331	1.574
138	0.04602	0.05466	1.463	1.787	1.339	1.712
139	0.04365	0.05795	1.363	2.133	1.182	1.837
140	0.03964	0.05068	1.189	1.772	1.079	1.353
141	0.04392	0.03988	1.545	1.279	1.278	1.104
142	0.05381	0.06638	2.001	2.751	1.827	2.251
143	0.05281	0.04125	1.665	1.314	1.404	1.139
144	0.03934	0.05316	1.386	1.711	1.049	1.531
145	0.03963	0.05175	1.201	1.645	1.065	1.513
146	0.05058	0.04156	1.6	1.34	1.414	1.159
147	0.0255	0.05472	0.9332	1.77	0.695	1.678
148	0.04913	0.03918	1.676	1.416	1.329	1.082
149	0.04145	0.0466	1.342	1.729	1.122	1.371
150	0.04754	0.04609	1.402	1.504	1.443	1.466
151	0.03936	0.03924	1.224	1.099	1.034	1.095
152	0.03794	0.03262	1.177	1.106	0.9916	0.9266
153	0.05699	0.05814	1.946	1.906	1.625	1.692
154	0.03222	0.03998	1.005	1.198	0.8258	1.109
155	0.05099	0.04704	1.764	1.604	1.53	1.375
156	0.02968	0.03934	1.038	1.427	0.8953	1.136
157	0.06237	0.05163	2.122	1.621	1.961	1.566
158	0.04092	0.04373	1.31	1.299	1.092	1.309
159	0.04689	0.04917	1.521	1.564	1.342	1.459
160	0.06086	0.05673	1.962	1.807	1.916	1.755
161	0.0403	0.04754	1.289	1.687	1.103	1.266
162	0.05197	0.04807	2.055	1.654	1.677	1.437
163	0.0294	0.03514	0.9067	1.212	0.7567	1.017
164	0.04045	0.06427	1.345	2.587	1.14	2.002
165	0.05097	0.05918	1.595	1.948	1.6	1.963
166	0.03479	0.04578	1.032	1.465	0.903	1.262
167	0.03938	0.03893	1.243	1.363	1.048	1.016
168	0.03909	0.05853	1.353	1.787	1.15	1.76
169	0.03464	0.04306	1.197	1.516	0.934	1.165
170	0.04957	0.04818	1.77	1.32	1.449	1.599
171	0.0559	0.0585	1.821	1.765	1.628	1.777
172	0.05925	0.04378	2.149	1.451	1.626	1.23
173	0.03723	0.04382	1.061	1.202	1.053	1.242
174	0.04836	0.05038	1.476	1.714	1.325	1.384
175	0.04616	0.04924	1.444	1.542	1.325	1.341
176	0.03658	0.03095	1.275	0.991	0.9406	0.8539
177	0.03467	0.02148	1.09	0.6696	0.9558	0.5885
178	0.0459	0.07141	1.53	2.483	1.369	2.827
179	0.04894	0.04523	1.551	1.369	1.415	1.239
180	0.03799	0.0599	1.256	2.107	1.079	1.751
181	0.04006	0.04812	1.267	1.66	1.083	1.313
182	0.03973	0.04292	1.388	1.391	1.096	1.251
183	0.03172	0.0411	1.004	1.305	0.9127	1.25
184	0.04115	0.05208	1.393	1.869	1.204	1.644
185	0.04014	0.05521	1.312	1.551	1.086	1.602
186	0.04852	0.03499	1.439	1.164	1.313	0.9226
187	0.05325	0.05106	1.657	1.702	1.477	1.43
188	0.05034	0.05067	1.547	1.669	1.481	1.491
189	0.04721	0.0417	1.475	1.548	1.383	1.307
190	0.03567	0.03008	1.119	0.9136	0.99	0.8
191	0.02551	0.04298	0.7643	1.439	0.7001	1.197
192	0.02032	0.05793	0.8233	1.875	0.577	1.962
193	0.0371	0.02885	1.236	0.8708	0.9719	0.8686
194	0.05316	0.04373	1.789	1.396	1.602	1.205
195	0.03912	0.04786	1.26	1.494	1.048	1.393
196	0.0519	0.05336	1.758	1.869	1.732	1.668
197	0.01793	0.032	0.6752	0.9596	0.479	0.8824
198	0.04144	0.04278	1.222	1.261	1.164	1.191
199	0.03547	0.03638	1.092	0.9954	0.9307	0.9793
200	0.03975	0.04222	1.2	1.365	1.022	1.134
201	0.04778	0.05412	1.733	1.966	1.34	1.548
202	0.03796	0.0467	1.224	1.543	1.002	1.257
203	0.0483	0.04684	1.423	1.629	1.381	1.262
204	0.04936	0.05293	1.577	1.624	1.359	1.457
205	0.02976	0.0437	0.9068	1.491	0.7639	1.323
206	0.03388	0.03956	1.156	1.214	0.8589	1.073
207	0.05039	0.04446	1.873	1.562	1.454	1.283
208	0.03212	0.07582	0.9648	2.689	0.9315	2.517
209	0.02556	0.01525	0.7125	0.4977	0.7464	0.5964
210	0.04598	0.03884	1.444	1.169	1.315	1.032
211	0.04848	0.04788	1.348	1.525	1.314	1.293
212	0.02678	0.03662	0.8438	1.155	0.721	0.9625
213	0.04729	0.04507	1.394	1.323	1.262	1.214
214	0.04546	0.0468	1.448	1.426	1.311	1.375
215	0.04278	0.0579	1.363	1.903	1.468	2.002
216	0.04507	0.05289	1.521	1.778	1.201	1.476
217	0.04134	0.03342	1.402	0.9544	1.104	0.9869
218	0.02825	0.03559	0.8495	1.072	0.7053	0.9694
219	0.04718	0.03896	1.443	1.264	1.387	1.132
220	0.04402	0.03749	1.27	1.132	1.236	1.038
221	0.01217	0.06917	0.3979	2.423	0.4084	2.671
222	0.02516	0.04444	0.783	1.442	0.7571	1.43
223	0.04353	0.05424	1.42	1.844	1.197	1.839
224	0.04442	0.03583	1.298	1.24	1.15	0.9553
225	0.04412	0.03917	1.414	1.441	1.264	1.111
226	0.04531	0.05327	1.407	1.65	1.234	1.442
227	0.01817	0.07249	0.6638	2.495	0.5374	2.046
228	0.04431	0.04497	1.268	1.323	1.368	1.26
229	0.03643	0.06015	1.098	2.055	0.9822	2.589
230	0.04307	0.03939	1.566	1.165	1.085	1.071
231	0.03223	0.04033	1.024	1.417	0.8467	1.198
232	0.05475	0.0534	1.54	1.613	1.556	1.564
233	0.03096	0.04484	0.9552	1.437	0.7995	1.241
234	0.04152	0.04099	1.315	1.288	1.121	1.079
235	0.04332	0.03531	1.371	1.047	1.247	0.973
236	0.0399	0.0385	1.388	1.211	1.013	1.048
237	0.04225	0.05059	1.272	1.668	1.112	1.444
238	0.05042	0.0459	1.802	1.526	1.338	1.217
239	0.03684	0.04743	1.169	1.461	0.9789	1.533
240	0.03383	0.04435	0.9154	1.313	0.95	1.325
241	0.04284	0.03646	1.389	1.13	1.136	1.094
242	0.05316	0.05143	1.733	1.596	1.672	1.735
243	0.04694	0.04876	1.549	1.708	1.518	1.867
244	0.04886	0.05068	1.404	1.623	1.328	1.402
245	0.02471	0.04356	0.7455	1.435	0.6693	1.152
246	0.04092	0.04843	1.495	1.847	1.192	1.551
247	0.04348	0.03842	1.202	1.11	1.111	0.9946
248	0.04643	0.05045	1.647	1.844	1.365	1.436
249	0.02877	0.04433	0.8555	1.56	0.7325	1.298
250	0.03781	0.0408	1.15	1.218	1.001	1.069
251	0.04266	0.04086	1.356	1.413	1.192	1.132
252	0.03856	0.03564	1.341	1.139	1.01	1.188
253	0.04241	0.04343	1.368	1.361	1.14	1.305
254	0.03948	0.04759	1.241	1.588	1.067	1.358
255	0.03574	0.03839	1.17	1.256	0.9524	1.077
256	0.03475	0.04371	0.9826	1.361	1.001	1.152
257	0.03636	0.05783	1.263	1.789	0.9998	1.827
258	0.03798	0.03814	1.16	1.161	1.046	1.098
259	0.0478	0.0466	1.444	1.598	1.391	1.371
260	0.03983	0.04742	1.103	1.468	1.122	1.404
261	0.0345	0.04945	1.029	1.503	0.9566	1.546
262	0.03568	0.04921	1.093	1.528	0.9265	1.433
263	0.0395	0.04244	1.083	1.251	1.087	1.234
264	0.04776	0.0472	1.599	1.585	1.417	1.413
265	0.04361	0.03823	1.481	1.147	1.124	1.003
266	0.04965	0.04351	1.583	1.404	1.288	1.394
267	0.03634	0.03247	1.22	0.9943	1.004	1.003
268	0.03874	0.04967	1.241	1.688	1.114	1.393
269	0.0511	0.04556	1.587	1.565	1.577	1.552
270	0.03855	0.03889	1.222	1.184	1.027	1.074
271	0.04112	0.04328	1.335	1.464	1.125	1.179
272	0.06174	0.04065	2.172	1.311	1.82	1.196
273	0.04532	0.04151	1.464	1.386	1.241	1.096
274	0.04093	0.04707	1.326	1.417	1.236	1.735
275	0.04852	0.03004	1.5	0.8808	1.369	0.7916
276	0.03159	0.04687	0.9862	1.433	0.908	1.27
277	0.03943	0.05142	1.08	1.277	1.211	1.403
278	0.03139	0.03251	0.9099	0.8742	0.8577	0.8711
279	0.04215	0.06133	1.327	2.135	1.154	1.781
280	0.02824	0.03213	0.8038	0.8517	0.7825	0.9261
281	0.006299	0.03318	0.1866	0.8685	0.1668	0.8907
282	0.04332	0.04127	1.522	1.33	1.34	1.245
283	0.03457	0.0327	1.052	0.9822	0.8965	0.8998
284	0.02912	0.05808	0.8504	1.938	0.7748	1.744
285	0.04039	0.03697	1.239	1.157	1.071	1.041
286	0.03718	0.03588	1.204	1.136	1.052	1.001
287	0.04068	0.04028	1.195	1.323	1.147	1.16
288	0.03148	0.03641	1.137	1.375	0.8411	1.033
289	0.04227	0.04931	1.193	1.609	1.133	1.308
290	0.03045	0.0405	1.113	1.283	0.8591	1.043
291	0.04176	0.03083	1.282	0.9098	1.083	0.8665
292	0.04541	0.0336	1.583	1.105	1.166	0.9118
293	0.02852	0.04542	0.8786	1.572	0.7262	1.365
294	0.01489	0.03516	0.4363	1.02	0.4294	0.9338
295	0.03502	0.0421	1.071	1.222	0.9099	1.125
296	0.0165	0.0373	0.5311	1.105	0.4381	1.383
297	0.04766	0.03861	1.555	1.254	1.288	1.056
298	0.03747	0.04012	1.143	1.256	1.036	1.101
299	0.02938	0.0313	0.8259	0.8781	0.7628	0.8348
300	0.02003	0.04871	0.6592	1.906	0.5609	1.549
301	0.04271	0.03797	1.124	1.253	1.508	0.9936
302	0.02753	0.03688	0.8058	1.171	0.6955	0.9534
303	0.03248	0.0447	0.906	1.275	0.8133	1.212
304	0.02379	0.04642	0.7799	1.491	0.6719	1.24
305	0.05258	0.03814	1.962	1.089	1.466	1.018
306	0.03636	0.04206	1.177	1.295	0.9196	1.148
307	0.04801	0.04548	1.538	1.447	1.265	1.227
308	0.05663	0.05464	2.004	1.663	1.499	1.541
309	0.04441	0.04045	1.349	1.156	1.269	1.36
310	0.03563	0.04461	1.175	1.497	0.9604	1.306
311	0.04223	0.04375	1.626	1.452	1.255	1.22
312	0.03405	0.06212	1.069	2.349	1.014	1.957
313	0.02274	0.04436	0.6892	1.385	0.6388	1.167
314	0.02923	0.03911	0.817	1.161	0.7464	1.045
315	0.01424	0.01295	0.4254	0.379	0.3646	0.3162
316	0.04952	0.0374	1.408	1.116	1.342	0.9583
317	0.03257	0.03018	1.001	0.8903	0.8247	0.7581
318	0.03519	0.04687	1.066	1.399	0.9298	1.428
319	0.03815	0.06559	1.3	2.148	1.084	2.174
320	0.04833	0.04442	1.671	1.432	1.332	1.188
321	0.03454	0.02826	1.091	0.8344	0.8869	0.7504
322	0.04761	0.03411	1.351	1.116	1.522	0.9186
323	0.05122	0.04562	1.78	1.387	1.515	1.457
324	0.02515	0.04783	0.7106	1.767	0.6297	1.296
325	0.05165	0.05986	2.134	2.095	1.754	2.413
326	0.03567	0.03203	1.097	1.026	1.141	0.881
327	0.0467	0.05672	1.584	2.242	1.322	1.854
328	0.01195	0.03163	0.3735	0.914	0.4171	0.8369
329	0.04943	0.03555	1.662	1.121	1.518	0.9536
330	0.0155	0.04842	0.4871	1.543	0.3841	1.265
331	0.03941	0.04834	1.185	1.618	1.032	1.377
332	0.03671	0.04258	1.113	1.339	0.9806	1.322
333	0.0353	0.05097	1.131	1.798	1.022	1.71
334	0.03999	0.0623	1.204	2.17	1.119	1.933
335	0.0345	0.04173	0.9813	1.34	0.9597	1.143
336	0.04372	0.04957	1.349	1.544	1.154	1.323
337	0.04651	0.04038	1.479	1.231	1.316	1.133
338	0.04939	0.03792	1.623	1.196	1.429	1.162
339	0.03006	0.044	0.8604	1.337	0.79	1.402
340	0.01215	0.03458	0.4851	1.15	0.3732	0.8693
341	0.04271	0.04319	1.276	1.334	1.123	1.161
342	0.05059	0.05215	1.514	1.734	1.388	1.469
343	0.03474	0.04647	1.004	1.39	0.9135	1.374
344	0.04073	0.0464	1.26	1.444	1.241	1.295
345	0.05049	0.04779	1.746	1.563	1.38	1.445
346	0.04209	0.03487	1.308	1.034	1.183	0.9678
347	0.04396	0.037	1.419	1.137	1.242	1.042
348	0.03946	0.05018	1.283	1.728	1.005	1.402
349	0.04846	0.03051	1.845	0.8308	1.304	0.8286
350	0.0463	0.05906	1.701	1.962	1.363	1.981
351	0.04413	0.03365	1.229	0.9662	1.174	0.8333
352	0.03273	0.02744	1.023	0.7439	0.8721	0.6967
353	0.03565	0.0348	1.084	1.095	1.036	0.9251
354	0.04433	0.03988	1.249	1.212	1.167	1.082
355	0.0459	0.033	1.483	1.053	1.378	0.917
356	0.03796	0.02713	1.253	0.9107	0.9825	0.7203
357	0.04235	0.02772	1.413	0.8872	1.13	0.7428
358	0.04264	0.04543	1.282	1.53	1.226	1.285
359	0.04336	0.04157	1.377	1.316	1.268	1.133
360	0.03274	0.04606	0.9836	1.508	0.8461	1.205
361	0.05508	0.05837	1.744	1.719	1.673	1.705
362	0.03319	0.04323	1.034	1.357	0.8767	1.26
363	0.03459	0.04537	1.109	1.426	0.971	1.306
364	0.04729	0.02606	1.589	0.7947	1.314	0.7249
365	0.04656	0.04011	1.514	1.295	1.311	1.076
366	0.03336	0.03569	0.9615	1.003	0.8914	1.001
367	0.03832	0.04264	1.263	1.479	1.103	1.264
368	0.05255	0.0362	1.77	1.119	1.543	1.074
369	0.03748	0.02626	1.182	0.773	0.9716	0.6612
370	0.03764	0.04163	1.144	1.409	0.9865	1.179
371	0.03517	0.04204	1.247	1.489	0.982	1.182
372	0.0363	0.02894	1.235	1.119	1.132	0.892
373	0.04263	0.03015	1.375	0.9318	1.281	0.8074
374	0.04143	0.03285	1.194	0.9902	1.162	0.8968
375	0.03502	0.04463	1.104	1.344	0.8981	1.273
376	0.06004	0.05724	2.306	1.774	1.851	1.651
377	0.04103	0.02937	1.197	1.021	1.088	0.7462
378	0.03018	0.04499	1.073	1.365	0.8228	1.651
379	0.04499	0.04361	1.255	1.351	1.238	1.165
380	0.03026	0.04689	0.91	1.376	0.8268	1.28
381	0.02647	0.04337	0.864	1.107	0.8167	1.28
382	0.04316	0.04215	1.339	1.326	1.178	1.169
383	0.02409	0.05664	0.6835	1.808	0.6113	1.617
384	0.03443	0.02676	1.026	0.8913	0.846	0.7569
385	0.05013	0.04715	1.572	1.551	1.341	1.279
386	0.0438	0.05267	1.486	1.743	1.295	1.677
387	0.04701	0.03855	1.289	1.382	1.377	1.083
388	0.04536	0.02963	1.478	0.9751	1.228	0.8257
389	0.03715	0.04677	1.053	1.441	1.002	1.275
390	0.04285	0.04027	1.42	1.293	1.257	1.108
391	0.0503	0.04016	1.536	1.15	1.407	1.093
392	0.03525	0.03935	1.325	1.273	1.029	1.142
393	0.04823	0.05972	1.406	1.859	1.33	1.7
394	0.0299	0.04587	0.8741	1.306	0.839	1.282
395	0.04132	0.04016	1.35	1.209	1.04	1.112
396	0.02661	0.05194	0.7637	1.601	0.6546	1.459
397	0.03194	0.04653	0.9136	1.69	0.8537	1.68
398	0.03607	0.0283	1.039	0.7597	0.9361	0.7566
399	0.03935	0.03906	1.195	1.125	1.031	1.03
400	0.02546	0.06208	0.7877	2.082	0.69	2.132
401	0.04181	0.03958	1.152	1.312	1.128	1.094
402	0.03496	0.03481	1.117	1.133	0.9368	0.9158
403	0.03913	0.0359	1.267	1.058	1.022	0.9974
404	0.04688	0.04917	1.4	1.708	1.366	1.51
405	0.03621	0.02651	1.079	0.8029	0.9628	0.7423
406	0.03643	0.03812	1.156	1.144	0.9735	1.041
407	0.04239	0.03224	1.284	0.838	1.173	0.8513
408	0.04229	0.03552	1.308	1.001	1.089	0.9373
409	0.04134	0.03999	1.367	1.155	1.072	1.136
410	0.04572	0.03674	1.396	1.169	1.222	0.9476
411	0.03662	0.03995	1.013	1.396	1.017	1.091
412	0.0443	0.04412	1.431	1.41	1.157	1.168
413	0.04382	0.03091	1.248	0.904	1.301	0.8619
414	0.0354	0.02571	1.189	0.7919	0.9315	0.6845
415	0.04943	0.04903	1.662	1.412	1.425	1.532
416	0.04301	0.05234	1.271	1.991	1.304	1.662
417	0.03098	0.04859	0.9851	1.417	0.8779	1.272
418	0.03597	0.02919	1.075	0.8306	0.9324	0.7656
419	0.0354	0.04071	1.074	1.241	0.943	1.061
420	0.04283	0.02786	1.227	0.8068	1.128	0.7181
421	0.04035	0.03869	1.187	1.117	1.052	0.9896
422	0.03623	0.03306	1.049	0.9944	1.051	0.8615
423	0.04372	0.04937	1.489	1.415	1.233	1.624
424	0.04933	0.04189	1.663	1.369	1.386	1.139
425	0.01831	0.03633	0.623	1.036	0.5045	0.9822
426	0.03487	0.04203	1.011	1.377	0.9406	1.197
427	0.02975	0.03854	0.9371	1.198	0.8158	1.101
428	0.03864	0.0518	1.189	1.576	1.059	1.551
429	0.04994	0.05306	1.83	2.049	1.71	1.609
430	0.02693	0.05116	1.023	1.584	0.7407	1.977
431	0.05009	0.03915	2.01	1.212	1.501	1.235
432	0.03412	0.03819	1.147	1.211	0.9098	1.068
433	0.04996	0.05355	1.723	1.863	1.533	1.561
434	0.05084	0.04497	1.586	1.423	1.336	1.244
435	0.05753	0.04173	2.299	1.372	1.864	1.174
436	0.03584	0.04322	0.9793	1.213	0.9334	1.158
437	0.03713	0.05913	1.21	1.924	1.015	2.452
438	0.04808	0.02549	1.518	0.6881	1.379	0.6784
439	0.03586	0.03826	1.217	1.415	0.9752	1.022
440	0.04605	0.04637	1.397	1.487	1.217	1.243
441	0.03657	0.03509	1.145	1.039	0.9998	0.9361
442	0.04005	0.03659	1.254	1.044	1.111	0.9986
443	0.04267	0.04364	1.361	1.283	1.167	1.216
444	0.04005	0.03585	1.093	1.05	1.035	0.908
445	0.02509	0.02964	0.7195	0.9337	0.6801	0.7806
446	0.02657	0.05139	0.7382	1.712	0.7328	1.489
447	0.04492	0.04084	1.432	1.236	1.289	1.22
448	0.03169	0.03554	0.8782	1.017	0.8435	0.9576
449	0.04592	0.04399	1.377	1.33	1.214	1.276
450	0.05412	0.03808	1.727	1.302	1.594	1.033
451	0.0429	0.03598	1.461	1.221	1.342	0.9748
452	0.04771	0.04393	1.465	1.448	1.264	1.152
453	0.04217	0.04604	1.407	1.407	1.145	1.327
454	0.04063	0.04484	1.369	1.738	1.152	1.393
455	0.03142	0.04998	0.8975	1.411	0.7728	1.333
456	0.05698	0.03354	1.936	1.006	1.682	0.9223
457	0.03284	0.04506	0.8999	1.456	0.8431	1.256
458	0.04599	0.03058	1.448	0.8635	1.183	0.7903
459	0.03299	0.0394	1.026	1.197	0.8957	1.174
460	0.04198	0.04707	1.397	1.266	1.082	1.336
461	0.03614	0.04044	1.065	1.242	0.9733	1.091
462	0.04092	0.03673	1.243	1.142	1.189	1.064
463	0.0359	0.03918	1.097	1.134	0.9582	1.266
464	0.03896	0.03577	1.199	1.044	1.132	0.8996
465	0.04346	0.04951	1.397	1.826	1.194	1.351
466	0.03544	0.0415	1.026	1.227	0.9953	1.157
467	0.04327	0.03426	1.526	1.005	1.242	0.9273
468	0.04169	0.01915	1.325	0.5223	1.098	0.5862
469	0.04524	0.03837	1.601	1.272	1.349	1.08
470	0.03764	0.03755	1.181	1.089	1.043	1.033
471	0.04131	0.04017	1.381	1.304	1.121	1.167
472	0.04039	0.03617	1.197	1.228	1.213	1.042
473	0.03229	0.03333	0.9536	0.9654	0.82	0.831
474	0.04639	0.03753	1.605	1.072	1.448	1.099
475	0.0317	0.03846	1.127	1.434	0.8218	1.226
476	0.04481	0.04486	1.49	1.28	1.202	1.281
477	0.04964	0.04042	1.588	1.241	1.621	1.185
478	0.03456	0.03817	1.034	1.179	0.9211	1.019
479	0.02909	0.04795	0.8984	1.635	0.7383	1.356
480	0.05102	0.04632	1.768	1.537	1.689	1.251
481	0.04119	0.03916	1.264	1.313	1.065	1.012
482	0.04405	0.03544	1.311	1.025	1.369	0.9471
483	0.0329	0.03588	0.9622	1.038	0.8943	1.014
484	0.03986	0.02637	1.357	0.7109	1.117	0.6675
485	0.03987	0.04098	0.9097	1.043	1.136	1.129
486	0.0441	0.02849	1.408	0.8141	1.222	0.7707
487	0.04672	0.05921	1.373	2.034	1.396	1.694
488	0.02875	0.03571	0.8238	0.8914	0.8314	0.9588
489	0.04132	0.04426	1.417	1.27	1.087	1.174
490	0.05863	0.05099	2.015	1.848	1.774	1.644
491	0.02946	0.03222	0.9462	0.9483	0.7265	0.8748
492	0.03838	0.04617	1.088	1.462	1.037	1.258
493	0.03757	0.04025	1.036	1.067	1.013	1.056
494	0.03444	0.04033	1.124	1.298	1.074	1.118
495	0.04104	0.04648	1.257	1.337	1.05	1.315
496	0.04798	0.03575	1.641	1.219	1.514	1.076
497	0.04025	0.03792	1.026	1.011	1.092	0.9934
498	0.03981	0.03634	1.158	0.9458	1.019	0.9874
499	0.0429	0.03876	1.263	1.124	1.119	1.011
500	0.0514	0.04567	1.654	1.501	1.429	1.308
501	0.03379	0.04246	1.004	1.629	0.9068	1.38
502	0.04646	0.03197	1.468	0.9335	1.229	0.8289
503	0.04396	0.04027	1.322	1.184	1.171	1.148
504	0.0478	0.05908	1.931	1.904	1.467	2.103
505	0.0184	0.02278	0.5641	0.6108	0.4503	0.5638
506	0.03401	0.04162	1.091	1.343	0.9125	1.136
507	0.03591	0.03194	1.092	0.9309	0.9641	0.8469
508	0.04923	0.04413	1.482	1.611	1.5	1.333
509	0.03456	0.03809	0.9665	1.133	1.041	1.121
510	0.03502	0.03493	1.083	1.005	0.9631	0.8997
511	0.03405	0.01899	0.9411	0.5958	0.867	0.5093
512	0.04137	0.03906	1.226	1.232	1.04	1.004
513	0.03649	0.05472	1.209	1.872	1.043	1.543
514	0.03936	0.03788	1.119	0.9649	1.051	1.02
515	0.03809	0.04125	1.129	1.178	1.028	1.104
516	0.04653	0.04971	1.528	1.664	1.219	1.33
517	0.04565	0.02531	1.655	0.6551	1.332	0.6321
518	0.03249	0.04074	0.993	1.384	1.01	1.228
519	0.03276	0.05639	1.191	1.888	0.8695	1.852
520	0.03278	0.04582	1.135	1.358	0.8887	1.327
521	0.02648	0.02707	0.8223	0.8507	0.6855	0.733
522	0.03615	0.04039	1.115	1.177	0.9521	1.099
523	0.0166	0.03783	0.5338	1.076	0.4151	1.001
524	0.01833	0.0422	0.5049	1.199	0.4455	1.113
525	0.02926	0.0438	0.7727	1.223	0.7198	1.144
526	0.03803	0.04342	1.122	1.283	1.108	1.219
527	0.04214	0.03872	1.387	1.083	1.266	1.265
528	0.04252	0.04089	1.274	1.261	1.107	1.066
529	0.03615	0.03478	1.317	1.04	1.122	0.8821
530	0.03596	0.04261	1.174	1.329	1.003	1.27
531	0.0394	0.05267	1.198	1.599	1.056	1.828
532	0.04304	0.03559	1.35	0.9629	1.281	0.9607
533	0.007446	0.04406	0.3325	1.519	0.2645	1.447
534	0.04767	0.04463	1.51	1.424	1.494	1.537
535	0.04789	0.04111	1.599	1.329	1.489	1.171
536	0.03665	0.02187	0.9281	0.5728	0.9603	0.7067
537	0.01705	0.04048	0.5288	1.241	0.4803	1.191
538	0.03	0.04912	0.9454	1.619	0.775	1.34
539	0.04327	0.06062	1.261	2.012	1.184	1.775
540	0.03586	0.03531	1.022	0.9924	0.9625	0.9999
541	0.04133	0.05444	1.365	1.517	1.219	2.216
542	0.05086	0.03724	1.585	1.1	1.341	0.9788
543	0.02746	0.03402	0.7642	1.12	0.7378	0.9129
544	0.04476	0.04879	1.395	1.507	1.195	1.292
545	0.03628	0.03674	1.064	1.008	0.9628	0.9837
546	0.04168	0.0444	1.295	1.38	1.108	1.338
547	0.03916	0.02964	1.181	0.8248	1.067	0.7824
548	0.04694	0.03307	1.565	0.9607	1.222	0.8631
549	0.04064	0.04815	1.243	1.582	1.058	1.325
550	0.04803	0.02516	1.571	0.6793	1.263	0.7463
551	0.03544	0.04407	1.1	1.408	0.9212	1.318
552	0.03831	0.03499	1.2	1.252	1.039	1.012
553	0.04175	0.03736	1.273	1.111	1.103	1.001
554	0.03608	0.03166	1.167	0.8895	0.9739	0.8506
555	0.02953	0.03394	0.8646	1.201	0.853	0.9395
556	0.03808	0.03552	1.094	1.287	0.9875	0.9325
557	0.0384	0.04267	1.168	1.348	1.043	1.256
558	0.03978	0.0475	1.486	1.957	1.19	1.425
559	0.04153	0.0336	1.027	0.8598	1.113	0.8526
560	0.04048	0.04291	1.24	1.469	1.105	1.212
561	0.04251	0.03734	1.423	1.176	1.14	1.06
562	0.03072	0.0325	0.8609	0.9914	0.8181	0.8554
563	0.03669	0.03906	1.12	1.277	0.997	1.092
564	0.0352	0.03132	1.133	0.9718	0.9323	0.8016
565	0.03527	0.03913	1.015	1.097	0.9566	1.069
566	0.03873	0.04972	1.212	1.74	1.117	1.597
567	0.03139	0.03331	0.9782	1.066	0.8359	0.9367
568	0.03752	0.0362	1.055	1.119	1.019	0.9781
569	0.04926	0.0445	1.712	1.415	1.411	1.24
570	0.03284	0.03971	1.02	1.231	0.874	1.081
571	0.04139	0.04244	1.228	1.221	1.208	1.23
572	0.03936	0.02366	1.246	0.6738	1.075	0.6535
573	0.03898	0.04302	1.181	1.429	1.055	1.232
574	0.03409	0.03398	1.035	1.018	0.8901	0.9003
575	0.0394	0.03839	1.258	1.181	1.056	1.021
576	0.03337	0.03904	1.007	1.242	0.9695	1.093
577	0.0436	0.02293	1.228	0.6421	1.143	0.5845
578	0.06595	0.0345	2.067	0.9498	1.969	1.039
579	0.04541	0.03314	1.45	1.046	1.312	0.9562
580	0.02435	0.04426	0.7113	1.367	0.6114	1.233
581	0.03335	0.03613	1.2	1.191	0.8539	0.9994
582	0.04175	0.03517	1.285	1.108	1.22	0.9328
583	0.03545	0.03503	1.097	0.9629	1.009	0.9323
584	0.03383	0.03346	1.067	0.9807	0.9822	0.9044
585	0.03251	0.03734	0.9811	1.096	0.9232	0.977
586	0.03673	0.04523	1.15	1.183	1.018	1.474
587	0.03477	0.04473	1.078	1.501	0.9858	1.248
588	0.04151	0.04845	1.24	1.553	1.092	1.342
589	0.04381	0.0373	0.9859	0.9125	1.231	1.013
590	0.02384	0.04932	0.737	1.529	0.6131	1.453
591	0.04075	0.04872	1.339	1.686	1.095	1.303
592	0.03435	0.02665	1.171	0.8131	1.354	0.7249
593	0.04375	0.03791	1.611	1.533	1.171	0.985
594	0.02704	0.05704	0.8556	2.172	0.7254	1.864
595	0.04346	0.0365	1.129	0.9091	1.287	1.021
596	0.04238	0.04133	1.294	1.315	1.207	1.14
597	0.03912	0.03715	1.093	1.003	1.015	0.9993
598	0.0357	0.04889	1.326	1.596	1.039	1.37
599	0.04287	0.04526	1.277	1.444	1.155	1.209
600	0.03066	0.03552	0.8713	1.185	0.8006	0.9692
601	0.04395	0.04596	1.322	1.391	1.171	1.205
602	0.04217	0.03208	1.244	0.8667	1.077	0.8367
603	0.02356	0.03432	0.6616	1.018	0.5832	0.9356
604	0.06127	0.04509	1.899	1.528	2.049	1.237
605	0.03905	0.0252	1.278	0.6945	1.161	0.6872
606	0.03031	0.03812	0.8019	1.036	0.7858	1.027
607	0.03987	0.036	1.231	1.033	1.086	0.9363
608	0.04953	0.04067	2.112	1.296	1.67	1.691
609	0.03874	0.03004	1.341	0.8093	0.9738	0.7839
610	0.04093	0.04225	1.433	1.304	1.125	1.284
611	0.03486	0.03525	1.034	1.093	0.9107	0.9123
612	0.04677	0.04506	1.548	1.435	1.4	1.386
613	0.02979	0.03063	0.7759	0.7419	0.8331	0.9059
614	0.02428	0.03484	0.6954	1.044	0.6042	0.9284
615	0.03506	0.029	0.9027	0.8468	0.9261	0.7325
616	0.03129	0.04094	0.8984	1.218	0.8131	1.062
617	0.04589	0.02571	1.476	0.7212	1.354	0.7121
618	0.04237	0.03291	1.128	1.02	1.206	0.8623
619	0.04302	0.03817	1.28	1.078	1.124	1.061
620	0.03253	0.04234	0.8912	1.365	0.8438	1.117
621	0.04352	0.02981	1.299	0.8526	1.305	0.7531
622	0.02179	0.04476	0.6665	1.328	0.5979	1.259
623	0.05069	0.06328	1.377	1.755	1.754	1.863
624	0.04589	0.04641	1.344	1.699	1.309	1.524
625	0.02284	0.04404	0.676	1.43	0.6004	1.201
626	0.02968	0.0346	0.7992	0.9845	0.7466	0.8795
627	0.03408	0.03597	1.003	1.037	0.8691	0.991
628	0.03955	0.03371	1.165	1.027	1.006	0.8545
629	0.02974	0.0343	0.7197	0.9318	0.8107	0.8672
630	0.03439	0.03909	0.9464	1.19	0.8935	1.056
631	0.04025	0.03687	1.2	1.145	1.124	1.178
632	0.03877	0.03951	1.139	1.224	1.099	1.059
633	0.008903	0.03567	0.2603	1.132	0.2373	0.9911
634	0.03283	0.04224	0.9811	1.295	0.9085	1.192
635	0.03608	0.04233	1.102	1.254	1.031	1.192
636	0.04231	0.0399	1.202	1.179	1.167	1.055
637	0.04685	0.05306	1.959	1.75	1.552	2.159
638	0.01904	0.01521	0.4826	0.4195	0.6101	0.4721
639	0.03962	0.03876	1.29	1.415	1.231	1.081
640	0.03054	0.03783	0.87	0.9603	0.9085	1.032
641	0.03303	0.03351	0.9514	0.9854	0.8561	0.9392
642	0.03097	0.02597	0.8801	0.7419	0.7946	0.6663
643	0.04805	0.05904	1.45	1.948	1.359	1.705
644	0.0345	0.04773	0.9387	1.201	0.9333	1.335
645	0.04317	0.05072	1.472	1.509	1.245	1.951
646	0.03962	0.02862	1.28	0.8802	1.067	0.8057
647	0.03043	0.03845	0.8724	1.319	0.8413	1.033
648	0.04597	0.0342	1.421	1.015	1.212	0.8937
649	0.03459	0.04378	0.9477	1.322	0.8895	1.269
650	0.03931	0.03835	1.325	1.311	1.07	1.074
651	0.0454	0.04125	1.496	1.252	1.214	1.181
652	0.0339	0.03319	0.9521	1.022	0.8437	0.8907
653	0.03637	0.04655	0.979	1.393	0.9244	1.259
654	0.04509	0.03312	1.427	0.909	1.248	0.8955
655	0.03911	0.0303	1.26	0.8622	1.192	0.8246
656	0.02786	0.03519	0.7639	1.022	0.7093	1.123
657	0.04044	0.04979	1.177	1.539	1.077	1.34
658	0.03926	0.03658	1.258	1.198	1.128	1.013
659	0.03379	0.02569	1.095	0.7276	0.9666	0.6692
660	0.04289	0.04305	1.319	1.413	1.083	1.154
661	0.05031	0.0463	1.526	1.469	1.434	1.289
662	0.03233	0.05181	1.006	1.682	0.9372	1.632
663	0.02514	0.04287	0.6862	1.258	0.6001	1.131
664	0.02964	0.04274	0.8831	1.39	0.7651	1.227
665	0.03754	0.03538	1.163	1.004	1.034	0.9486
666	0.03177	0.0336	0.8464	0.9049	0.8096	0.9157
667	0.03402	0.04669	1.288	1.435	0.9332	1.408
668	0.03369	0.03429	1.046	1.038	0.8544	0.9371
669	0.03772	0.04236	1.106	1.194	0.9471	1.203
670	0.03469	0.03997	1.316	1.164	0.9157	1.117
671	0.02849	0.02792	0.7936	0.8741	0.7099	0.7103
672	0.04306	0.02735	1.287	0.8142	1.131	0.7014
673	0.04691	0.05192	1.293	1.628	1.465	1.515
674	0.04344	0.03228	1.385	0.9082	1.235	0.8439
675	0.04609	0.04301	1.468	1.327	1.292	1.156
676	0.03444	0.03105	1.177	0.966	0.9478	0.9213
677	0.04692	0.04059	1.505	1.201	1.485	1.196
678	0.03043	0.0371	0.867	1.055	0.7927	0.981
679	0.03413	0.03985	1.081	1.16	0.9821	1.096
680	0.03048	0.03985	0.9377	1.23	0.8183	1.169
681	0.01796	0.0337	0.6616	0.9025	0.4649	0.8462
682	0.03005	0.0342	0.8449	1.08	0.7829	1.05
683	0.03434	0.04548	1.09	1.473	1.112	1.292
684	0.02966	0.02574	0.9421	0.8697	0.7685	0.7843
685	0.01642	0.04004	0.5788	1.347	0.541	1.285
686	0.03172	0.03787	0.949	1.153	0.804	1.055
687	0.04309	0.03785	1.261	1.081	1.156	1.008
688	0.03613	0.0322	1.112	0.927	1.0	0.9069
689	0.03763	0.0253	1.142	0.7826	1.012	0.6495
690	0.03902	0.0347	1.517	1.012	1.159	0.9827
691	0.04081	0.0384	1.209	1.14	1.092	1.036
692	0.04551	0.05412	1.352	1.658	1.227	1.489
693	0.04029	0.03377	1.011	0.8252	1.123	0.8872
694	0.01059	0.04271	0.3202	1.324	0.3011	1.118
695	0.03554	0.04982	1.149	1.574	0.9418	1.362
696	0.02787	0.02475	0.7975	0.5746	0.7297	0.6823
697	0.05207	0.04402	1.675	1.381	1.414	1.231
698	0.03964	0.02767	1.247	0.7996	1.125	0.7508
699	0.03792	0.03615	1.363	1.202	1.114	0.9457
700	0.04672	0.0405	1.488	1.175	1.347	1.095
701	0.04253	0.03731	1.025	1.068	1.155	0.9884
702	0.04071	0.03776	1.391	1.228	1.221	1.065
703	0.03272	0.03548	0.9612	1.077	0.8637	0.9273
704	0.02598	0.03193	0.8439	1.161	0.6898	0.9068
705	0.04494	0.05766	1.31	1.94	1.173	1.655
706	0.02254	0.03723	0.6488	1.07	0.6242	0.9673
707	0.04235	0.03938	1.33	1.265	1.206	1.015
708	0.04768	0.04638	1.691	1.639	1.323	1.256
709	0.03488	0.04852	1.126	1.655	0.8848	1.589
710	0.03923	0.04343	1.252	1.37	1.121	1.167
711	0.03621	0.03765	1.12	1.089	0.9452	1.029
712	0.04469	0.02687	1.626	0.9829	1.493	0.8409
713	0.01375	0.04032	0.4091	1.078	0.3405	1.065
714	0.04585	0.04405	1.517	1.502	1.308	1.24
715	0.03419	0.04297	1.0	1.324	0.8827	1.25
716	0.008525	0.05048	0.2797	1.895	0.2158	1.559
717	0.02938	0.03406	0.7316	0.9246	0.7609	1.001
718	0.03036	0.03673	0.9428	1.082	0.7753	0.9895
719	0.03602	0.03257	0.9966	0.9284	0.9215	0.8357
720	0.03975	0.04224	1.137	1.33	1.048	1.104
721	0.02572	0.02703	0.7012	0.7824	0.6704	0.6749
722	0.03249	0.03739	0.8861	1.153	0.8304	0.9946
723	0.03221	0.04076	0.9041	1.084	0.8316	1.091
724	0.03964	0.05233	1.321	1.815	1.003	1.404
725	0.03559	0.03492	1.151	1.076	1.065	0.9653
726	0.0235	0.02265	0.7224	0.7085	0.5879	0.6118
727	0.04042	0.03183	1.074	1.028	1.214	0.841
728	0.03939	0.03615	1.271	1.09	1.099	1.08
729	0.0397	0.017	1.107	0.3956	1.028	0.4947
730	0.03318	0.03829	0.878	1.155	0.846	1.009
731	0.03825	0.03794	1.121	1.076	0.9771	0.9782
732	0.04361	0.03561	1.307	0.9314	1.139	0.9194
733	0.01908	0.0373	0.4812	1.127	0.4784	0.9765
734	0.02273	0.03482	0.6313	1.013	0.5518	0.9358
735	0.02632	0.05774	0.8128	2.098	0.7701	1.797
736	0.04784	0.0549	1.59	1.686	1.227	1.588
737	0.02066	0.0369	0.6516	1.149	0.602	1.113
738	0.04794	0.04732	1.509	1.488	1.448	1.361
739	0.0423	0.04328	1.371	1.258	1.154	1.514
740	0.03229	0.02982	0.9378	0.9358	0.8479	0.777
741	0.03633	0.04846	1.139	1.605	1.173	1.809
742	0.04838	0.03655	1.527	1.158	1.752	1.07
743	0.04101	0.049	1.338	1.608	1.204	1.544
744	0.03545	0.04036	1.052	1.268	0.9513	1.029
745	0.03021	0.03767	0.9429	1.206	0.7706	0.9637
746	0.03941	0.05084	1.07	1.492	1.061	1.452
747	0.04177	0.05035	1.49	1.6	1.13	1.56
748	0.03474	0.03651	0.9297	1.199	1.079	1.078
749	0.03341	0.04124	0.9843	1.2	0.9662	1.175
750	0.0412	0.04259	1.295	1.327	1.087	1.104
751	0.03723	0.05342	1.169	1.75	0.9901	1.615
752	0.04126	0.04676	1.216	1.444	1.099	1.306
753	0.03571	0.0413	1.03	1.28	1.014	1.202
754	0.03567	0.04245	1.117	1.353	1.001	1.178
755	0.03563	0.0362	1.087	1.082	0.9438	1.041
756	0.03565	0.03077	1.004	1.014	0.9124	0.9322
757	0.04188	0.0484	1.177	1.474	1.102	1.307
758	0.04441	0.04364	1.354	1.554	1.197	1.131
759	0.02944	0.03626	0.831	1.126	0.7948	0.9905
760	0.03738	0.04835	1.239	1.512	1.031	1.359
761	0.04541	0.03578	1.328	1.05	1.24	0.9405
762	0.03277	0.03688	0.955	1.193	0.9152	0.9745
763	0.03794	0.03456	1.229	1.045	1.124	0.9148
764	0.0341	0.04411	1.024	1.341	0.9321	1.179
765	0.04883	0.04131	1.409	1.179	1.354	1.101
766	0.03919	0.0406	1.272	1.587	1.179	1.25
767	0.02874	0.02811	0.8864	0.7215	0.7844	0.7148
768	0.03093	0.04345	1.014	1.332	0.8086	1.259
769	0.03606	0.03597	1.13	1.024	1.006	0.9888
770	0.0278	0.02402	0.7622	0.666	0.698	0.6694
771	0.03799	0.02911	1.365	0.9313	1.005	0.8275
772	0.03801	0.03536	0.9971	1.086	1.056	0.924
773	0.0334	0.02248	0.9472	0.5963	0.8721	0.6154
774	0.02485	0.03967	0.733	1.241	0.6118	1.115
775	0.03574	0.03441	1.162	0.9444	1.023	0.9591
776	0.02881	0.03674	0.8248	0.9506	0.7314	1.026
777	0.03922	0.04428	1.112	1.32	1.078	1.248
778	0.03858	0.03501	1.213	1.022	1.052	0.9747
779	0.04239	0.04197	1.382	1.387	1.208	1.288
780	0.03149	0.03845	1.078	1.237	0.8181	1.046
781	0.04301	0.0306	1.328	0.8015	1.364	0.8846
782	0.03088	0.03905	0.9395	1.201	0.8157	1.152
783	0.03077	0.0398	0.9079	1.239	0.7959	1.051
784	0.03164	0.02908	1.002	0.8625	0.8129	0.8381
785	0.03336	0.03261	0.8201	0.8691	0.8399	0.8084
786	0.04433	0.03917	1.441	1.301	1.223	1.075
787	0.03304	0.04117	1.018	1.304	0.9097	1.153
788	0.05472	0.04195	1.939	1.332	1.677	1.213
789	0.03733	0.04213	1.305	1.347	1.034	1.217
790	0.02485	0.04448	0.6557	1.358	0.6333	1.289
791	0.03363	0.04227	1.027	1.394	0.9028	1.202
792	0.03994	0.04931	1.411	1.573	1.098	1.388
793	0.03153	0.02841	0.977	0.9015	0.7958	0.7452
794	0.0411	0.02943	1.345	0.7506	1.13	0.8247
795	0.03256	0.03942	0.9897	1.257	0.8707	1.222
796	0.04326	0.04436	1.278	1.248	1.157	1.247
797	0.03198	0.04044	0.6687	0.8192	0.9051	1.145
798	0.04607	0.03543	1.441	1.054	1.259	1.034
799	0.02768	0.04058	0.6828	1.226	0.7317	1.173
800	0.02802	0.02304	0.7489	0.5971	0.7001	0.6164
801	0.03867	0.03343	1.249	0.8668	0.9925	0.8562
802	0.04169	0.04854	1.677	1.752	1.242	1.5
803	0.03441	0.04265	0.932	1.136	0.922	1.307
804	0.03867	0.05045	1.123	1.546	1.075	1.42
805	0.04092	0.04024	1.123	1.191	1.07	1.08
806	0.03737	0.04265	1.242	1.311	1.028	1.23
807	0.03183	0.0486	0.8225	1.455	0.7957	1.369
808	0.03483	0.03339	1.153	1.236	1.119	0.9006
809	0.04444	0.03942	1.274	1.173	1.187	1.091
810	0.03745	0.03558	0.9547	1.093	0.9806	0.9295
811	0.03028	0.04033	0.8989	1.208	0.8707	1.08
812	0.02801	0.04488	0.8848	1.454	0.7699	1.212
813	0.03605	0.03372	1.108	0.9836	0.964	0.933
814	0.02954	0.0377	0.785	1.073	0.77	1.028
815	0.03049	0.04229	1.01	1.168	0.7945	1.12
816	0.01986	0.02985	0.6531	0.8144	0.5317	0.8148
817	0.03915	0.04848	1.044	1.544	1.035	1.301
818	0.02968	0.03574	0.8945	1.146	0.7663	0.9982
819	0.03687	0.03975	1.044	1.203	1.014	1.115
820	0.04713	0.04345	1.433	1.312	1.378	1.354
821	0.03183	0.03187	0.6506	0.8058	1.121	0.9379
822	0.03742	0.03471	1.057	0.9386	1.049	0.9437
823	0.0345	0.03786	0.9148	1.004	0.9035	1.016
824	0.03385	0.03061	0.9497	0.922	0.8544	0.7792
825	0.04263	0.0454	1.227	1.469	1.214	1.271
826	0.01067	0.03634	0.3667	0.9769	0.2707	0.9702
827	0.04074	0.03927	1.641	1.101	1.219	1.047
828	0.03592	0.05049	1.08	1.67	0.9481	1.347
829	0.04378	0.03541	1.459	1.083	1.201	0.9312
830	0.0328	0.03524	1.024	1.092	0.8733	0.9079
831	0.05043	0.04323	1.336	1.326	1.539	1.196
832	0.01529	0.0347	0.5241	1.241	0.448	1.009
833	0.03494	0.0373	1.091	1.139	0.8953	0.9237
834	0.03967	0.03658	1.176	1.071	1.078	0.9669
835	0.04578	0.03591	1.398	1.069	1.268	0.9497
836	0.04498	0.04175	1.289	1.134	1.169	1.098
837	0.03122	0.033	0.8194	0.8711	0.7827	0.8462
838	0.04083	0.03956	1.246	1.238	1.099	1.109
839	0.05507	0.04844	1.905	1.694	1.682	1.342
840	0.04137	0.04056	1.425	1.273	1.058	1.05
841	0.0113	0.04411	0.2994	1.26	0.2816	1.209
842	0.03976	0.04897	1.232	1.643	1.127	1.437
843	0.03721	0.04393	1.172	1.406	1.107	1.354
844	0.02902	0.03497	0.9287	0.98	0.7247	0.9874
845	0.04727	0.05102	1.578	1.848	1.429	1.802
846	0.04023	0.05814	1.296	1.887	1.117	1.975
847	0.04132	0.03277	1.301	0.9628	1.156	0.9093
848	0.03119	0.03817	0.8635	1.071	0.8209	1.001
849	0.03039	0.03435	0.8769	1.007	0.7791	0.9137
850	0.04179	0.0411	1.322	1.208	1.125	1.04
851	0.04456	0.03739	1.462	1.16	1.201	1.039
852	0.02462	0.04058	0.7913	1.249	0.6847	1.167
853	0.03668	0.04678	1.076	1.492	0.979	1.567
854	0.03513	0.02975	1.053	0.8172	0.9133	0.7739
855	0.05424	0.05076	1.811	1.466	1.716	1.861
856	0.03808	0.05092	1.004	1.499	1.04	1.411
857	0.03884	0.02907	1.225	0.812	1.104	0.7374
858	0.02799	0.03009	0.7486	0.8378	0.6966	0.7811
859	0.03932	0.03821	1.223	1.105	1.083	1.052
860	0.02908	0.02084	0.7894	0.677	0.7269	0.5166
861	0.03278	0.05225	0.9239	1.431	0.8653	1.445
862	0.0487	0.0279	1.676	0.827	1.353	0.7541
863	0.03314	0.04136	0.9716	1.278	0.8662	1.177
864	0.03322	0.03869	0.861	1.396	0.8698	1.124
865	0.02032	0.04031	0.6768	1.168	0.5067	1.058
866	0.0324	0.05117	0.9183	1.617	0.8873	1.704
867	0.03327	0.02978	1.148	0.8836	0.9366	0.8407
868	0.03928	0.03368	1.167	1.026	0.9911	0.8599
869	0.04041	0.03661	1.215	1.074	1.052	0.9443
870	0.02481	0.04518	0.8441	1.509	0.7337	1.399
871	0.03739	0.03414	0.9864	0.7948	0.9543	0.873
872	0.04441	0.04526	1.468	1.417	1.272	1.372
873	0.03499	0.03845	1.096	1.243	0.9785	1.069
874	0.03319	0.03306	0.8726	0.8455	0.8617	0.884
875	0.02811	0.03012	0.9372	1.075	0.7632	0.8157
876	0.03832	0.03921	0.9799	0.9588	1.063	1.071
877	0.03905	0.03725	1.119	1.074	1.009	0.9652
878	0.03985	0.03989	1.407	1.273	1.144	1.161
879	0.03294	0.03249	1.011	0.8889	0.898	0.8769
880	0.02002	0.02374	0.5904	0.6539	0.5456	0.6362
881	0.04789	0.04266	1.418	1.356	1.321	1.164
882	0.03566	0.03458	1.073	1.073	0.9321	0.9477
883	0.03164	0.04153	0.9461	1.242	0.8248	1.129
884	0.03868	0.02761	1.243	0.7995	1.064	0.7461
885	0.04455	0.04022	1.441	1.272	1.271	1.141
886	0.03143	0.03505	0.9109	1.082	0.8251	0.9358
887	0.02837	0.03689	0.8687	1.05	0.7217	0.9849
888	0.03465	0.04028	1.112	1.354	0.9565	1.172
889	0.03416	0.02969	0.8972	0.8193	0.8794	0.7448
890	0.03588	0.03885	0.9785	1.17	0.9809	1.033
891	0.03868	0.03034	1.163	0.9767	1.056	0.7943
892	0.02717	0.03807	0.8691	1.363	0.7361	0.9944
893	0.03857	0.04143	1.341	1.142	1.178	1.186
894	0.03853	0.03565	1.102	1.048	1.068	0.948
895	0.03665	0.04142	1.216	1.304	0.9947	1.134
896	0.04377	0.03646	1.392	1.211	1.231	1.011
897	0.03813	0.04187	1.083	1.189	1.001	1.115
898	0.03958	0.03399	1.257	1.035	1.085	1.008
899	0.03749	0.03302	1.165	1.054	1.022	0.9669
900	0.03925	0.0404	1.285	1.313	1.034	1.108
901	0.03075	0.02812	0.7606	0.692	0.9427	0.7869
902	0.03958	0.02167	1.203	0.6461	1.046	0.6117
903	0.0509	0.04835	1.562	1.538	1.424	1.303
904	0.03905	0.0242	1.03	0.7746	1.074	0.6161
905	0.04353	0.03267	1.152	0.909	1.183	0.8511
906	0.03485	0.04343	1.154	1.608	0.9706	1.245
907	0.03093	0.03511	1.003	1.142	0.791	0.9551
908	0.04191	0.04008	1.261	1.309	1.126	1.067
909	0.04092	0.03312	1.149	0.8528	1.081	0.8939
910	0.03612	0.04631	1.17	1.402	1.049	1.324
911	0.03429	0.03705	0.9725	1.025	0.868	0.9742
912	0.02781	0.03517	0.8462	1.117	0.721	0.9674
913	0.03198	0.0328	0.795	0.8643	0.8438	1.06
914	0.03212	0.03334	0.9108	1.158	0.8445	0.9384
915	0.04209	0.04148	1.289	1.324	1.139	1.105
916	0.03695	0.04011	1.129	1.3	0.9587	1.065
917	0.03287	0.03941	0.9902	1.436	0.8368	1.208
918	0.02688	0.04338	0.7364	1.195	0.6782	1.195
919	0.03897	0.04289	1.122	1.221	1.045	1.168
920	0.03972	0.02374	1.434	0.9276	1.192	0.6782
921	0.03268	0.03819	0.802	1.08	0.8643	1.031
922	0.0387	0.04278	1.161	1.385	1.043	1.226
923	0.02021	0.03905	0.5683	1.308	0.4959	1.118
924	0.04052	0.04536	1.379	1.465	1.113	1.384
925	0.02812	0.02874	0.6657	0.7117	0.7188	0.732
926	0.0365	0.03783	0.9796	1.222	0.9856	1.002
927	0.03334	0.04071	0.8959	1.139	0.8335	1.061
928	0.04012	0.04257	1.146	1.233	1.023	1.122
929	0.04935	0.05061	1.4	1.752	1.366	1.45
930	0.02326	0.03514	0.637	1.024	0.5746	0.9365
931	0.02531	0.03206	0.6798	0.9471	0.6307	0.9148
932	0.03201	0.05448	0.9932	1.824	0.8415	1.523
933	0.0301	0.02984	0.9365	0.8958	0.9092	0.7538
934	0.03124	0.03926	0.9591	1.205	0.8121	1.064
935	0.04271	0.0416	1.197	1.073	1.258	1.323
936	0.0377	0.03846	1.289	1.17	1.118	1.103
937	0.02458	0.03986	0.7823	1.309	0.6264	1.04
938	0.03267	0.03499	0.8972	1.027	0.8286	0.9078
939	0.03395	0.03077	0.9227	0.8025	0.8578	0.8504
940	0.03847	0.02332	1.24	0.6094	0.9747	0.5819
941	0.04132	0.03794	1.163	1.077	1.066	0.9584
942	0.03299	0.03465	0.9804	1.002	0.8511	0.9506
943	0.06237	0.05963	1.975	1.742	1.926	2.244
944	0.04549	0.03788	1.311	1.15	1.225	0.9879
945	0.006913	0.04185	0.2477	1.329	0.1791	1.142
946	0.03883	0.04287	1.264	1.295	1.121	1.416
947	0.03744	0.03799	1.153	1.189	1.061	1.022
948	0.03501	0.0403	1.089	1.155	0.999	1.119
949	0.01357	0.0443	0.4196	1.449	0.4035	1.812
950	0.04874	0.04028	1.742	1.215	1.438	1.131
951	0.03711	0.04798	1.199	1.579	1.05	1.56
952	0.03711	0.0374	1.012	0.9933	0.9705	0.9907
953	0.02994	0.0396	0.8722	1.443	0.7775	1.148
954	0.03782	0.05011	1.145	1.526	0.9712	1.354
955	0.0481	0.05408	1.88	1.987	1.523	1.454
956	0.03567	0.03518	0.9159	1.032	0.9174	1.019
957	0.03235	0.0488	0.9366	1.54	0.8462	1.54
958	0.03128	0.02737	0.978	0.7527	0.8358	0.6849
959	0.03605	0.04347	1.098	1.415	0.9789	1.235
960	0.03248	0.03915	0.9425	1.103	0.8441	1.073
961	0.04	0.03494	1.255	1.095	1.125	0.9191
962	0.03172	0.02901	1.033	0.7437	0.8536	0.7602
963	0.03976	0.0411	1.27	1.295	1.128	1.145
964	0.03163	0.02827	0.8345	0.7649	0.8251	0.7594
965	0.03477	0.03733	1.036	1.016	0.8456	1.004
966	0.04179	0.04941	1.309	1.662	1.101	1.307
967	0.03483	0.03499	1.119	1.141	0.9883	0.9793
968	0.03633	0.03604	1.07	1.088	0.961	1.05
969	0.03189	0.04351	0.9573	1.32	0.8089	1.131
970	0.02694	0.04287	0.7327	1.376	0.6797	1.158
971	0.02938	0.03759	0.8583	1.167	0.7646	1.09
972	0.02678	0.04247	0.856	1.451	0.7465	1.147
973	0.04729	0.04045	1.613	1.203	1.224	1.13
974	0.03219	0.03889	1.057	1.351	0.9064	1.138
975	0.03474	0.03191	0.8789	0.7194	0.9031	0.8265
976	0.04079	0.04809	1.23	1.415	1.173	1.398
977	0.04237	0.03394	1.248	0.9551	1.155	0.9089
978	0.02815	0.02448	0.7849	0.5909	0.7892	0.6559
979	0.007798	0.04716	0.3224	1.491	0.2094	1.404
980	0.03624	0.02937	0.9466	0.9728	0.9552	0.7922
981	0.04252	0.02683	1.278	0.698	1.113	0.7627
982	0.03127	0.03148	0.9401	0.9908	0.8402	0.8464
983	0.01235	0.04987	0.4561	1.647	0.3176	1.445
984	0.02096	0.02418	0.5329	0.7267	0.5592	0.6319
985	0.04062	0.03373	1.278	1.076	1.095	0.9888
986	0.03064	0.03476	0.9233	1.021	0.7937	0.9394
987	0.0361	0.03392	1.136	1.085	1.081	0.9074
988	0.02021	0.03145	0.4941	1.016	0.6177	0.8873
989	0.03388	0.03671	1.017	1.127	0.8952	1.008
990	0.0303	0.02739	0.8651	0.7627	0.8014	0.7269
991	0.03517	0.03339	1.04	1.043	0.9473	0.9027
992	0.0357	0.03776	1.182	1.162	0.9291	1.069
993	0.0312	0.03122	0.8638	0.817	0.7757	0.7841
994	0.03605	0.03602	0.9713	1.009	0.9067	1.001
995	0.03135	0.03868	1.181	1.234	0.9031	1.09
996	0.03654	0.04027	1.32	1.294	0.9654	1.087
997	0.03754	0.02727	1.195	0.7317	1.02	0.7461
998	0.0319	0.03099	0.8719	0.9174	0.857	0.8025
999	0.03835	0.03705	1.12	1.054	1.052	1.016
1000	0.04447	0.04014	1.701	1.287	1.215	1.093
1001	0.04502	0.03346	1.314	0.9163	1.185	0.8949
1002	0.02415	0.03477	0.6706	1.022	0.634	1.027
1003	0.03707	0.0414	1.153	1.208	1.013	1.108
1004	0.04206	0.04171	1.182	1.208	1.258	1.145
1005	0.03892	0.0318	0.7922	0.8464	1.086	0.9372
1006	0.02374	0.0385	0.641	1.172	0.6144	1.016
1007	0.04828	0.04106	1.58	1.283	1.315	1.125
1008	0.02838	0.02288	0.8389	0.7183	0.7417	0.6024
1009	0.04165	0.03131	1.435	0.8407	1.097	0.7912
1010	0.04558	0.04818	1.514	1.605	1.308	1.397
1011	0.0293	0.03282	0.7795	1.022	0.81	0.8758
1012	0.03314	0.04058	1.043	1.162	0.9107	1.084
1013	0.03337	0.03916	0.918	1.132	0.8717	1.002
1014	0.04234	0.04254	1.468	1.387	1.236	1.161
1015	0.0307	0.04587	0.8	1.374	0.7878	1.202
1016	0.02414	0.03896	0.6975	1.164	0.5912	1.219
1017	0.03892	0.04136	1.106	1.123	1.106	1.119
1018	0.03783	0.03656	1.08	1.209	1.016	1.073
1019	0.03889	0.03525	1.172	1.02	1.031	1.081
1020	0.03152	0.04149	0.863	1.44	0.897	1.075
1021	0.04187	0.04242	1.517	1.792	1.253	1.264
1022	0.02357	0.02567	0.5865	0.6446	0.6682	0.6618
1023	0.02774	0.04079	0.7849	1.302	0.6956	1.094
1024	0.03245	0.04952	1.24	1.73	1.012	1.554
1025	0.0392	0.03272	1.108	0.8794	1.03	0.836
1026	0.03553	0.03565	1.068	1.079	0.9553	1.006
1027	0.03336	0.03851	0.9669	1.069	0.8615	1.067
1028	0.0421	0.02885	1.371	0.8611	1.328	0.8583
1029	0.03551	0.02753	0.8328	0.6297	1.102	0.8095
1030	0.03104	0.03681	0.957	1.044	0.8151	1.019
1031	0.02778	0.03822	0.7518	1.024	0.7013	1.037
1032	0.03266	0.03446	0.8385	0.9365	0.8751	0.9031
1033	0.04338	0.03951	1.289	1.218	1.223	1.028
1034	0.03165	0.02822	0.9029	0.7863	0.8117	0.7155
1035	0.02439	0.04072	0.6775	1.188	0.6127	1.111
1036	0.04482	0.04614	1.392	1.469	1.215	1.224
1037	0.03863	0.03283	1.305	0.9667	1.15	0.904
1038	0.02854	0.03148	0.8871	1.059	0.7155	0.861
1039	0.03737	0.04042	0.9256	1.067	1.081	1.297
1040	0.04201	0.04467	1.528	1.383	1.261	1.302
