Step	Loss(S)	Loss(T)	fwd_S	fwd_T	rev_S	rev_T
1	0.0	1.118	2.496	3.489	2.363	2.765
2	0.0	0.9661	2.448	2.544	2.464	2.188
3	0.0	1.413	5.047	3.905	3.871	3.64
4	0.0	1.564	5.185	4.395	3.723	5.113
5	0.0	1.439	4.756	3.814	4.11	3.291
6	0.0	0.8358	2.443	2.025	2.719	1.806
7	0.0	0.6484	1.677	1.482	1.591	1.471
8	0.0	1.226	2.883	3.864	2.853	3.08
9	0.0	1.066	2.361	2.943	2.152	2.171
10	0.0	1.018	1.683	2.352	1.693	2.369
11	0.0	1.451	2.157	3.337	2.455	4.326
12	0.0	0.9148	1.965	2.482	2.135	1.89
13	0.0	1.091	2.718	2.491	2.681	3.133
14	0.0	1.11	3.039	2.331	3.054	2.888
15	0.0	0.8452	1.55	1.908	1.551	1.878
16	0.0	1.17	2.341	2.615	1.869	2.346
17	0.0	0.798	1.326	1.676	1.095	1.647
18	0.0	1.094	1.008	2.478	1.009	2.097
19	0.0	1.09	2.692	3.364	2.457	1.982
20	0.0	1.287	2.691	3.361	2.48	2.921
21	0.0	0.7296	2.063	1.383	1.856	1.394
22	0.0	0.6857	1.878	1.219	1.574	1.37
23	0.0	1.105	1.95	2.428	1.914	2.527
24	0.0	0.6482	2.019	1.195	1.806	1.18
25	0.0	1.033	2.168	2.093	2.097	2.154
26	0.0	0.9718	1.697	1.807	1.457	2.027
27	0.0	0.8873	1.669	1.878	1.653	1.777
28	0.0	0.8856	2.613	2.403	1.876	1.565
29	0.0	1.088	2.275	2.51	1.888	2.014
30	0.0	0.3673	1.571	0.8556	1.208	0.7974
31	0.0	1.082	1.815	2.169	1.676	2.362
32	0.0	0.9459	0.9107	1.878	0.7913	1.924
33	0.0	1.094	1.102	2.808	0.9453	2.056
34	0.0	1.038	1.132	1.884	0.9659	2.473
35	0.0	0.8924	1.689	1.987	1.607	1.767
36	0.0	1.104	1.953	2.69	1.851	1.983
37	0.0	0.9052	2.222	2.27	1.945	1.632
38	0.0	1.292	2.219	3.298	2.462	2.926
39	0.0	0.896	2.254	1.938	1.858	1.567
40	0.0	0.6935	1.088	1.513	1.012	1.327
41	0.0	0.7008	1.454	1.413	1.208	1.198
42	0.0	0.9008	1.255	2.022	1.036	1.568
43	0.0	1.091	1.547	2.256	1.456	2.292
44	0.0	0.6413	1.892	1.338	1.399	1.096
45	0.0	0.9176	2.33	2.297	1.712	1.736
46	0.0	0.9496	1.491	1.957	1.49	2.154
47	0.0	0.7528	1.866	1.394	1.659	1.429
48	0.0	1.067	0.8653	2.215	0.7205	2.138
49	0.0	1.07	2.001	2.48	1.711	2.155
50	0.0	0.8362	1.482	1.553	1.449	1.676
51	0.0	0.9579	1.757	1.908	1.901	2.091
52	0.0	1.046	1.35	2.466	1.177	2.039
53	0.0	0.9957	2.052	2.0	2.162	2.162
54	0.0	0.768	0.9336	1.429	0.8256	1.468
55	0.0	0.6882	1.683	1.286	1.33	1.214
56	0.0	0.6607	2.157	1.22	2.168	1.391
57	0.0	0.8447	2.179	1.967	1.532	1.384
58	0.0	0.9568	2.472	2.295	1.833	1.88
59	0.0	0.7713	1.661	1.656	1.542	1.6
60	0.0	0.8959	1.563	1.976	1.564	1.573
61	0.0	0.8007	1.876	1.481	1.872	1.685
62	0.0	0.6755	1.137	1.318	1.018	1.124
63	0.0	1.034	1.48	2.139	1.354	2.137
64	0.0	0.9543	2.069	2.035	1.876	1.886
65	0.0	0.6528	1.696	1.602	1.384	1.202
66	0.0	0.8855	2.119	1.552	1.907	2.045
67	0.0	0.9678	1.842	1.886	1.69	1.748
68	0.0	0.9134	2.2	1.982	1.846	1.791
69	0.0	0.8799	1.788	1.812	1.84	1.597
70	0.0	0.9025	1.018	2.154	0.8281	1.734
71	0.0	0.8141	1.424	1.99	1.108	1.598
72	0.0	0.7768	2.062	1.534	2.351	1.486
73	0.0	1.049	1.638	2.653	1.478	1.913
74	0.0	1.023	1.627	2.159	1.613	2.252
75	0.0	0.6211	2.485	1.292	2.088	1.098
76	0.0	0.9437	1.741	1.894	1.572	1.818
77	0.0	0.7891	1.796	1.604	1.504	1.35
78	0.0	0.9042	1.629	1.697	1.601	1.869
79	0.0	0.8994	1.219	2.039	0.987	1.795
80	0.0	0.8753	1.361	1.78	1.176	1.669
81	0.0	1.006	1.784	2.036	1.466	1.898
82	0.0	0.7341	1.475	1.614	1.277	1.26
83	0.0	0.9883	1.894	2.041	1.675	1.757
84	0.0	0.5286	2.043	1.057	1.726	0.8287
85	0.0	1.052	2.155	2.081	2.084	2.536
86	0.0	0.2752	1.391	0.5702	1.18	0.5816
87	0.0	0.8344	2.233	1.746	2.061	1.409
88	0.0	0.6601	1.417	1.215	1.27	2.025
89	0.0	0.881	1.505	1.88	1.526	1.685
90	0.0	0.8816	1.549	1.784	1.451	1.636
91	0.0	0.8806	1.413	1.64	1.366	1.818
92	0.0	0.9681	1.838	2.242	1.633	1.928
93	0.0	0.831	1.708	1.719	1.473	1.528
94	0.0	0.7759	1.533	1.472	1.518	1.342
95	0.0	0.7414	1.331	1.574	1.216	1.244
96	0.0	0.7862	1.754	1.607	1.344	1.403
97	0.0	0.8787	2.157	1.906	1.733	1.572
98	0.0	0.5607	1.51	1.306	1.287	0.9339
99	0.0	0.9385	1.75	2.158	1.549	1.74
100	0.0	0.9274	1.65	1.857	1.532	1.728
101	0.0	0.4778	1.505	0.8572	1.361	0.7325
102	0.0	0.5673	1.8	1.09	1.679	1.002
103	0.0	0.8059	1.532	1.852	1.365	1.587
104	0.0	0.9976	2.043	2.356	1.821	1.927
105	0.0	0.8319	0.7691	1.507	0.6826	1.405
106	0.0	0.7941	1.406	1.434	1.231	1.456
107	0.0	0.7623	1.208	1.442	1.183	1.317
108	0.0	0.8579	1.405	1.649	1.256	1.458
109	0.0	0.8064	1.938	1.487	1.571	1.419
110	0.0	0.8426	1.542	1.567	1.477	1.645
111	0.0	0.9652	1.283	2.035	1.649	2.175
112	0.0	0.9487	0.9339	2.036	0.8126	1.852
113	0.0	0.6087	1.992	1.388	1.8	1.036
114	0.0	0.7692	1.766	1.485	1.689	1.545
115	0.0	0.8733	1.416	1.937	1.498	1.832
116	0.0	0.7672	0.8974	1.458	0.8587	1.474
117	0.0	0.8032	1.653	1.987	1.523	2.084
118	0.0	0.5213	0.9829	1.021	0.9423	1.27
119	0.0	0.7523	1.636	1.568	1.443	1.437
120	0.0	0.8417	1.062	1.609	0.913	1.509
121	0.0	0.7431	0.9412	1.425	0.776	1.416
122	0.0	0.9338	1.779	1.822	1.678	1.632
123	0.0	0.9927	1.881	2.259	1.741	2.118
124	0.0	0.8911	1.555	1.661	1.546	1.663
125	0.0	0.7295	0.8711	1.646	0.7266	1.437
126	0.0	0.9203	1.412	1.777	1.167	1.809
127	0.0	0.8666	1.401	1.655	1.258	2.145
128	0.0	0.611	1.723	1.339	1.602	1.036
129	0.0	0.7207	0.9121	1.529	0.7681	1.264
130	0.0	0.6534	1.717	1.315	1.609	1.223
131	0.0	0.833	1.772	1.731	1.602	1.567
132	0.0	0.7345	2.02	1.507	1.564	1.321
133	0.0	0.8715	1.591	1.957	1.382	1.614
134	0.0	0.2673	1.594	0.5068	1.45	0.559
135	0.0	0.8501	0.9872	1.643	0.8831	1.704
136	0.0	0.6368	1.372	1.359	1.33	1.188
137	0.0	0.8911	1.613	1.778	1.356	1.651
138	0.0	0.9177	1.646	1.833	1.457	1.843
139	0.0	0.9298	1.81	2.123	1.721	1.871
140	0.0	0.836	1.448	1.843	1.743	1.415
141	0.0	0.6563	2.075	1.304	1.561	1.189
142	0.0	1.035	1.8	2.684	1.666	2.369
143	0.0	0.6988	1.303	1.344	1.211	1.275
144	0.0	0.839	1.589	1.67	1.36	1.517
145	0.0	0.8649	1.189	1.761	1.125	1.631
146	0.0	0.66	1.398	1.298	1.218	1.108
147	0.0	0.87	1.255	1.721	0.8696	1.733
148	0.0	0.6063	1.63	1.308	1.34	0.9947
149	0.0	0.7338	1.561	1.685	1.335	1.339
150	0.0	0.7159	1.141	1.447	1.323	1.508
151	0.0	0.6666	1.145	1.137	1.013	1.166
152	0.0	0.5179	1.572	1.102	1.468	0.9561
153	0.0	0.9343	1.162	1.968	0.9791	1.731
154	0.0	0.6198	1.835	1.18	1.72	1.044
155	0.0	0.7946	2.043	1.737	1.895	1.5
156	0.0	0.6166	1.6	1.346	1.554	1.137
157	0.0	0.7834	1.646	1.449	1.666	1.482
158	0.0	0.7205	0.8901	1.405	0.8125	1.37
159	0.0	0.7774	1.45	1.491	1.311	1.475
160	0.0	0.8712	1.839	1.697	1.736	1.696
161	0.0	0.7853	1.78	1.665	1.433	1.322
162	0.0	0.7831	2.237	1.663	2.161	1.524
163	0.0	0.5555	1.259	1.172	1.057	1.056
164	0.0	0.993	1.826	2.509	1.591	1.941
165	0.0	0.8724	0.9419	1.634	0.8594	1.86
166	0.0	0.7378	1.029	1.438	0.906	1.268
167	0.0	0.6737	1.493	1.333	1.277	1.121
168	0.0	0.99	0.9912	1.894	0.7875	1.894
169	0.0	0.7355	1.233	1.56	0.9636	1.336
170	0.0	0.749	0.982	1.264	0.9785	1.635
171	0.0	0.9368	1.137	1.824	1.056	1.837
172	0.0	0.729	1.42	1.486	1.205	1.314
173	0.0	0.7155	1.566	1.245	1.427	1.35
174	0.0	0.8348	1.568	1.726	1.262	1.485
175	0.0	0.8137	1.129	1.6	0.9156	1.375
176	0.0	0.6104	1.322	1.043	1.115	1.084
177	0.0	0.3772	1.48	0.7121	1.312	0.7107
178	0.0	1.011	1.809	2.311	1.686	2.522
179	0.0	0.6696	1.776	1.278	1.772	1.139
180	0.0	0.9059	1.169	1.859	1.118	1.703
181	0.0	0.7801	1.611	1.627	1.306	1.381
182	0.0	0.744	1.672	1.487	1.413	1.421
183	0.0	0.6442	1.69	1.27	1.422	1.173
184	0.0	0.7564	1.936	1.717	1.549	1.506
185	0.0	0.8531	1.343	1.493	1.231	1.475
186	0.0	0.5832	1.252	1.131	1.046	0.9939
187	0.0	0.7963	1.59	1.751	1.38	1.395
188	0.0	0.823	1.501	1.572	1.368	1.486
189	0.0	0.6892	1.365	1.478	1.264	1.505
190	0.0	0.5177	1.359	0.9301	1.132	0.8625
191	0.0	0.6937	0.9289	1.416	0.7631	1.212
192	0.0	0.9274	0.6984	1.818	0.5042	2.042
193	0.0	0.4789	1.482	0.9736	1.148	0.9581
194	0.0	0.7381	0.9076	1.425	0.7699	1.367
195	0.0	0.7721	1.051	1.487	0.9366	1.46
196	0.0	0.8191	1.89	1.75	1.997	1.539
197	0.0	0.5796	1.472	1.078	1.395	1.099
198	0.0	0.6925	1.576	1.306	1.6	1.209
199	0.0	0.6008	1.564	0.9857	1.361	1.012
200	0.0	0.6859	1.344	1.35	1.079	1.147
201	0.0	0.8692	1.733	1.94	1.426	1.643
202	0.0	0.8025	1.286	1.651	0.9622	1.438
203	0.0	0.7891	1.276	1.619	1.093	1.352
204	0.0	0.8094	1.48	1.522	1.221	1.366
205	0.0	0.7011	1.389	1.323	1.147	1.266
206	0.0	0.6537	1.024	1.22	0.904	1.097
207	0.0	0.6983	1.564	1.532	1.626	1.282
208	0.0	1.109	0.8491	2.547	0.7949	2.369
209	0.0	0.2334	1.083	0.4479	0.9536	0.56
210	0.0	0.6203	1.07	1.124	1.006	1.028
211	0.0	0.78	1.044	1.536	0.9274	1.303
212	0.0	0.6008	0.995	1.116	0.946	0.9791
213	0.0	0.7541	1.762	1.37	1.475	1.299
214	0.0	0.7589	1.587	1.5	1.495	1.462
215	0.0	0.9375	1.663	1.901	2.213	2.011
216	0.0	0.8641	1.603	1.891	1.388	1.479
217	0.0	0.5493	1.237	0.9641	1.055	0.9814
218	0.0	0.5578	1.647	1.076	1.724	0.9079
219	0.0	0.6226	1.303	1.263	1.306	1.148
220	0.0	0.6323	1.353	1.206	1.338	1.076
221	0.0	1.013	1.815	2.41	1.902	2.595
222	0.0	0.7135	0.7574	1.507	0.6795	1.436
223	0.0	0.8218	1.437	1.624	1.461	1.83
224	0.0	0.5912	1.489	1.276	1.278	1.069
225	0.0	0.6039	1.262	1.419	1.267	1.077
226	0.0	0.8641	0.6631	1.7	0.5524	1.496
227	0.0	1.137	1.132	2.52	0.8701	2.005
228	0.0	0.7232	1.505	1.253	1.386	1.393
229	0.0	0.8906	1.14	1.896	1.214	2.518
230	0.0	0.6439	1.136	1.19	1.297	1.095
231	0.0	0.6516	1.042	1.38	0.9165	1.175
232	0.0	0.8873	1.758	1.66	1.542	1.628
233	0.0	0.6961	0.8527	1.348	0.7499	1.188
234	0.0	0.7086	1.098	1.341	1.004	1.167
235	0.0	0.5818	1.358	1.04	1.171	0.9746
236	0.0	0.655	1.348	1.246	1.144	1.13
237	0.0	0.8166	0.8961	1.669	0.7968	1.44
238	0.0	0.7781	1.758	1.58	1.472	1.288
239	0.0	0.7851	1.034	1.531	0.8953	1.579
240	0.0	0.708	0.9882	1.304	0.9544	1.442
241	0.0	0.6259	1.194	1.196	1.069	1.314
242	0.0	0.8098	1.352	1.624	1.188	1.659
243	0.0	0.7625	1.232	1.78	1.19	1.845
244	0.0	0.818	1.174	1.672	1.085	1.401
245	0.0	0.7536	1.366	1.413	1.281	1.301
246	0.0	0.8125	1.498	1.826	1.21	1.556
247	0.0	0.6435	1.342	1.176	1.206	1.063
248	0.0	0.8365	1.685	1.819	1.388	1.477
249	0.0	0.7137	1.108	1.454	0.9481	1.292
250	0.0	0.6944	1.25	1.246	1.091	1.148
251	0.0	0.6473	1.031	1.336	0.9268	1.016
252	0.0	0.5753	1.029	1.176	0.8707	1.186
253	0.0	0.661	1.182	1.242	0.9828	1.139
254	0.0	0.7377	1.317	1.476	1.122	1.348
255	0.0	0.6713	1.139	1.317	1.055	1.21
256	0.0	0.7778	0.7642	1.463	0.6873	1.321
257	0.0	0.8851	0.6546	1.82	0.6433	1.82
258	0.0	0.6198	1.231	1.212	1.068	1.121
259	0.0	0.7305	1.004	1.399	0.9004	1.344
260	0.0	0.7596	0.799	1.405	0.7542	1.364
261	0.0	0.8079	1.468	1.502	1.498	1.596
262	0.0	0.771	1.114	1.56	0.9109	1.397
263	0.0	0.642	0.8952	1.266	0.796	1.139
264	0.0	0.841	1.741	1.665	1.626	1.678
265	0.0	0.6409	1.309	1.15	0.979	1.05
266	0.0	0.7063	1.556	1.382	1.375	1.365
267	0.0	0.5247	1.144	0.996	0.9928	1.035
268	0.0	0.8002	1.382	1.709	1.375	1.434
269	0.0	0.6522	1.463	1.34	1.411	1.369
270	0.0	0.6554	1.507	1.225	1.325	1.145
271	0.0	0.7158	1.62	1.494	1.694	1.24
272	0.0	0.6724	1.613	1.33	1.65	1.24
273	0.0	0.68	1.443	1.393	1.265	1.152
274	0.0	0.7276	1.117	1.405	0.9297	1.66
275	0.0	0.4903	1.393	0.8615	1.31	0.7855
276	0.0	0.755	1.033	1.43	0.8627	1.292
277	0.0	0.7576	0.8259	1.157	0.9205	1.301
278	0.0	0.541	0.8039	0.9033	0.6921	0.9123
279	0.0	1.0	1.627	2.133	1.458	1.865
280	0.0	0.5112	1.051	0.8306	1.22	0.9096
281	0.0	0.5402	0.8277	0.9	0.7603	0.8996
282	0.0	0.6522	2.351	1.287	1.953	1.174
283	0.0	0.5014	0.9016	0.9066	0.7531	0.7904
284	0.0	0.8877	1.588	1.953	1.402	1.598
285	0.0	0.5898	1.371	1.149	1.223	1.083
286	0.0	0.6187	1.126	1.227	1.015	1.097
287	0.0	0.6438	1.125	1.242	1.127	1.167
288	0.0	0.6366	0.9485	1.35	0.7798	1.16
289	0.0	0.8217	0.8426	1.649	0.712	1.467
290	0.0	0.6834	1.17	1.259	0.9921	1.125
291	0.0	0.5169	1.054	0.9356	1.107	0.8802
292	0.0	0.5237	1.62	1.068	1.461	0.8867
293	0.0	0.7563	0.9944	1.596	0.8754	1.546
294	0.0	0.5974	1.173	1.033	0.9927	1.047
295	0.0	0.6981	1.231	1.234	1.043	1.195
296	0.0	0.5932	0.7022	1.096	0.6297	1.517
297	0.0	0.6128	1.793	1.192	1.44	1.064
298	0.0	0.636	1.783	1.171	1.696	1.088
299	0.0	0.5253	0.8968	0.8556	0.8687	0.8621
300	0.0	0.7295	0.7457	1.652	0.6747	1.574
301	0.0	0.6731	1.231	1.349	1.113	1.216
302	0.0	0.6179	1.446	1.161	1.216	1.015
303	0.0	0.7121	1.023	1.249	0.892	1.199
304	0.0	0.7761	1.661	1.546	1.487	1.276
305	0.0	0.6127	0.9727	1.055	0.8646	1.034
306	0.0	0.691	0.8652	1.318	0.7438	1.202
307	0.0	0.7638	1.767	1.478	1.517	1.295
308	0.0	0.8312	2.283	1.583	1.796	1.469
309	0.0	0.6352	1.004	1.127	0.9631	1.286
310	0.0	0.7053	1.245	1.384	1.151	1.328
311	0.0	0.7926	0.6252	1.541	0.6173	1.566
312	0.0	0.985	0.7322	2.258	0.6005	2.035
313	0.0	0.7392	1.065	1.417	0.9936	1.2
314	0.0	0.6389	1.513	1.089	1.371	1.059
315	0.0	0.2395	0.6357	0.4178	0.5697	0.4064
316	0.0	0.6284	1.403	1.123	1.292	1.004
317	0.0	0.5248	1.401	0.9428	1.156	0.9353
318	0.0	0.741	0.9379	1.343	0.8226	1.41
319	0.0	0.9407	1.383	1.984	1.3	1.88
320	0.0	0.7521	1.007	1.533	0.893	1.248
321	0.0	0.472	1.341	0.8559	1.111	0.7978
322	0.0	0.5595	1.384	1.109	1.468	0.9325
323	0.0	0.7692	0.975	1.516	0.8848	1.571
324	0.0	0.7877	1.294	1.686	1.219	1.368
325	0.0	0.8428	1.665	1.928	1.273	2.13
326	0.0	0.5588	0.7635	1.044	0.6227	0.955
327	0.0	0.9135	1.669	2.127	1.379	1.959
328	0.0	0.5244	0.6209	0.9372	0.8942	0.8807
329	0.0	0.5481	0.6888	1.133	0.601	0.8828
330	0.0	0.8036	0.9229	1.579	0.7548	1.322
331	0.0	0.8011	1.065	1.65	1.01	1.463
332	0.0	0.6598	0.8616	1.374	0.8369	1.249
333	0.0	0.857	1.466	1.697	1.439	1.928
334	0.0	1.062	1.636	2.267	1.443	2.288
335	0.0	0.6422	1.133	1.31	1.035	1.046
336	0.0	0.7963	1.593	1.53	1.308	1.328
337	0.0	0.6924	1.305	1.245	1.132	1.228
338	0.0	0.6269	1.663	1.224	1.471	1.199
339	0.0	0.7297	1.216	1.306	1.021	1.411
340	0.0	0.5929	1.079	1.172	1.049	0.9495
341	0.0	0.6976	1.371	1.294	1.191	1.231
342	0.0	0.8091	0.9143	1.683	0.8498	1.431
343	0.0	0.7515	1.112	1.382	1.214	1.395
344	0.0	0.7919	1.035	1.531	0.9778	1.429
345	0.0	0.7544	1.295	1.472	1.573	1.367
346	0.0	0.5714	1.2	1.051	1.064	0.9981
347	0.0	0.6056	1.283	1.13	1.139	1.062
348	0.0	0.8079	1.278	1.666	0.997	1.405
349	0.0	0.4754	1.839	0.7796	1.31	0.7825
350	0.0	0.988	2.062	2.07	1.82	2.292
351	0.0	0.5983	1.149	0.9653	1.078	0.9939
352	0.0	0.4582	1.946	0.7405	1.832	0.7107
353	0.0	0.5686	1.123	1.05	1.031	0.9364
354	0.0	0.6653	1.285	1.246	1.209	1.134
355	0.0	0.5637	1.565	1.057	1.624	1.014
356	0.0	0.4555	1.061	0.893	0.845	0.8977
357	0.0	0.4462	1.341	0.8604	1.192	0.748
358	0.0	0.7463	1.167	1.622	0.9313	1.294
359	0.0	0.6575	0.7626	1.284	0.684	1.101
360	0.0	0.7195	1.21	1.456	1.11	1.178
361	0.0	0.9076	1.632	1.733	1.536	1.627
362	0.0	0.6973	1.192	1.399	1.068	1.303
363	0.0	0.7331	1.406	1.427	1.099	1.322
364	0.0	0.4308	0.6237	0.7711	0.7533	0.7956
365	0.0	0.6661	1.341	1.299	1.262	1.12
366	0.0	0.542	1.002	0.9216	0.8684	0.9078
367	0.0	0.7109	1.546	1.506	1.436	1.332
368	0.0	0.6032	0.4779	1.157	0.423	1.13
369	0.0	0.4791	1.515	0.8275	1.213	0.8199
370	0.0	0.69	1.476	1.365	1.4	1.329
371	0.0	0.678	1.339	1.434	1.25	1.121
372	0.0	0.4327	1.172	1.008	1.059	0.7851
373	0.0	0.5175	1.488	0.962	1.251	0.8563
374	0.0	0.5348	0.9137	0.9789	0.8044	0.879
375	0.0	0.7199	1.036	1.397	0.9034	1.283
376	0.0	0.8883	1.672	1.785	1.426	1.594
377	0.0	0.5026	1.167	1.007	0.9487	0.7964
378	0.0	0.7362	0.7199	1.372	0.6402	1.674
379	0.0	0.7142	1.139	1.336	1.036	1.198
380	0.0	0.7496	1.352	1.368	1.164	1.31
381	0.0	0.7304	1.322	1.167	1.273	1.383
382	0.0	0.6878	1.555	1.266	1.4	1.233
383	0.0	0.838	1.585	1.625	1.508	1.481
384	0.0	0.4375	1.069	0.8235	0.9307	0.7709
385	0.0	0.7831	1.165	1.584	1.122	1.37
386	0.0	0.8165	1.263	1.831	1.183	1.877
387	0.0	0.6264	1.282	1.434	1.376	1.078
388	0.0	0.4914	1.223	0.9248	1.169	0.8532
389	0.0	0.7555	0.9808	1.421	0.9057	1.298
390	0.0	0.6721	1.3	1.262	1.323	1.151
391	0.0	0.6806	1.447	1.181	1.215	1.162
392	0.0	0.6115	1.378	1.218	1.139	1.109
393	0.0	0.9694	1.494	1.935	1.477	1.859
394	0.0	0.7188	0.7762	1.211	0.6991	1.276
395	0.0	0.6284	1.103	1.131	1.158	1.008
396	0.0	0.8036	1.174	1.577	0.9619	1.429
397	0.0	0.7463	1.231	1.802	1.47	1.812
398	0.0	0.4661	1.034	0.7551	0.9169	0.7575
399	0.0	0.6297	0.9106	1.108	0.7895	1.024
400	0.0	0.9781	0.7851	2.162	0.6919	2.304
401	0.0	0.6706	1.744	1.33	1.447	1.21
402	0.0	0.5676	1.316	1.124	1.213	0.9031
403	0.0	0.6262	1.233	1.153	1.094	1.092
404	0.0	0.8046	0.2877	1.666	0.297	1.579
405	0.0	0.4993	1.095	0.9355	1.174	0.9839
406	0.0	0.6518	1.124	1.262	1.013	1.118
407	0.0	0.5101	1.433	0.8461	1.329	0.8434
408	0.0	0.5979	1.302	1.07	1.167	0.9613
409	0.0	0.6213	0.9902	1.137	0.8709	1.145
410	0.0	0.6079	1.25	1.176	1.112	0.9852
411	0.0	0.6465	1.209	1.302	1.278	1.138
412	0.0	0.7146	1.572	1.334	1.374	1.166
413	0.0	0.4615	1.059	0.7985	1.053	0.7452
414	0.0	0.4427	1.249	0.7956	1.131	0.7832
415	0.0	0.8974	1.478	1.536	1.165	1.767
416	0.0	0.8847	1.616	1.925	1.377	1.86
417	0.0	0.7814	0.5495	1.482	0.7808	1.268
418	0.0	0.5107	1.263	0.8688	1.204	0.8125
419	0.0	0.6368	1.021	1.218	0.9448	1.0
420	0.0	0.4747	1.304	0.8103	1.262	0.7581
421	0.0	0.6588	1.158	1.162	1.08	1.049
422	0.0	0.5675	0.7895	1.017	0.6747	0.9386
423	0.0	0.7701	1.217	1.394	1.24	1.751
424	0.0	0.7116	1.452	1.449	1.319	1.214
425	0.0	0.5896	0.3514	1.019	0.3298	0.9904
426	0.0	0.6664	1.29	1.338	1.182	1.188
427	0.0	0.649	1.584	1.189	1.39	1.183
428	0.0	0.8776	0.9746	1.73	0.8371	1.708
429	0.0	0.8926	1.981	2.144	1.927	1.912
430	0.0	0.8189	1.304	1.739	1.44	2.119
431	0.0	0.6043	1.326	1.171	1.179	1.152
432	0.0	0.618	1.117	1.194	0.9926	1.04
433	0.0	0.8072	2.036	1.728	2.15	1.474
434	0.0	0.7562	1.65	1.458	1.439	1.329
435	0.0	0.6767	1.536	1.346	1.284	1.148
436	0.0	0.7259	1.036	1.262	1.078	1.282
437	0.0	0.8579	1.221	1.821	1.146	2.2
438	0.0	0.4591	1.034	0.7562	0.9482	0.7836
439	0.0	0.6175	1.344	1.365	1.127	0.9769
440	0.0	0.7753	0.8867	1.512	0.8059	1.326
441	0.0	0.5852	1.331	1.041	1.094	0.9506
442	0.0	0.5956	1.319	1.06	1.179	1.02
443	0.0	0.7101	1.326	1.276	1.293	1.258
444	0.0	0.6047	1.583	1.109	1.419	0.9381
445	0.0	0.5014	0.8152	0.9912	0.727	0.811
446	0.0	0.8464	1.504	1.701	1.206	1.515
447	0.0	0.6626	0.7869	1.241	0.7789	1.254
448	0.0	0.5877	1.165	1.027	1.215	0.9795
449	0.0	0.6985	1.033	1.267	1.016	1.202
450	0.0	0.6098	1.236	1.225	1.055	1.017
451	0.0	0.6316	1.282	1.25	1.345	1.107
452	0.0	0.6954	1.475	1.406	1.28	1.169
453	0.0	0.7397	1.64	1.424	1.373	1.349
454	0.0	0.7882	1.195	1.985	1.124	1.463
455	0.0	0.8236	0.8487	1.461	0.7512	1.392
456	0.0	0.5629	1.692	1.02	1.504	0.9328
457	0.0	0.7618	1.081	1.48	0.946	1.376
458	0.0	0.4975	1.026	0.8572	0.9066	0.7924
459	0.0	0.6686	0.9941	1.317	0.8646	1.274
460	0.0	0.7832	1.312	1.333	1.089	1.455
461	0.0	0.687	1.347	1.29	1.189	1.248
462	0.0	0.6026	0.5449	1.171	0.5216	1.136
463	0.0	0.602	1.08	1.108	0.9657	1.19
464	0.0	0.5903	1.068	1.021	1.13	0.9279
465	0.0	0.861	1.562	1.908	1.341	1.53
466	0.0	0.6297	1.092	1.137	0.943	1.102
467	0.0	0.5526	0.5443	0.9664	0.442	0.9421
468	0.0	0.294	1.867	0.4852	1.487	0.495
469	0.0	0.6816	1.257	1.408	1.195	1.269
470	0.0	0.6008	1.11	1.059	1.086	1.011
471	0.0	0.6515	1.078	1.294	1.031	1.129
472	0.0	0.6198	2.085	1.294	2.019	1.116
473	0.0	0.553	0.96	0.9649	0.8858	0.8437
474	0.0	0.5871	1.139	1.067	0.9316	1.106
475	0.0	0.5775	0.3008	1.209	0.3036	1.054
476	0.0	0.7446	1.933	1.514	1.515	1.363
477	0.0	0.6585	1.924	1.262	1.759	1.204
478	0.0	0.6769	1.14	1.289	0.9893	1.14
479	0.0	0.7726	1.057	1.505	0.8711	1.387
480	0.0	0.8274	1.247	1.674	1.04	1.432
481	0.0	0.6309	1.307	1.286	1.098	1.039
482	0.0	0.599	1.444	1.047	1.242	1.017
483	0.0	0.5936	1.008	1.097	0.985	1.018
484	0.0	0.4436	1.173	0.7331	1.068	0.6899
485	0.0	0.6594	0.8428	1.042	0.995	1.201
486	0.0	0.4666	1.689	0.8351	1.579	0.822
487	0.0	0.9344	0.9815	2.05	1.143	1.676
488	0.0	0.6011	1.002	0.9249	1.037	1.026
489	0.0	0.779	1.464	1.343	1.158	1.318
490	0.0	0.7952	1.13	1.822	1.044	1.615
491	0.0	0.5058	1.129	0.8955	0.9888	0.8305
492	0.0	0.7769	1.292	1.523	1.12	1.342
493	0.0	0.6677	1.215	1.099	1.21	1.101
494	0.0	0.6341	1.157	1.231	0.9106	1.078
495	0.0	0.707	0.9112	1.26	0.9781	1.237
496	0.0	0.5703	1.262	1.249	0.9938	1.028
497	0.0	0.6485	1.221	1.043	1.202	1.105
498	0.0	0.529	1.118	0.8782	1.042	0.8749
499	0.0	0.6476	1.211	1.131	1.004	1.098
500	0.0	0.7783	0.748	1.56	0.7259	1.446
501	0.0	0.6393	1.283	1.573	1.186	1.347
502	0.0	0.5349	1.906	0.9061	1.257	0.872
503	0.0	0.6818	1.431	1.226	1.308	1.202
504	0.0	0.9695	1.35	1.91	1.238	2.518
505	0.0	0.3462	1.156	0.5766	1.031	0.537
506	0.0	0.7088	1.455	1.352	1.304	1.264
507	0.0	0.5495	1.157	0.9468	1.067	0.9257
508	0.0	0.766	1.713	1.652	1.684	1.571
509	0.0	0.6401	1.101	1.106	0.9985	1.201
510	0.0	0.5821	1.219	1.015	1.13	0.9327
511	0.0	0.3124	0.827	0.6386	0.8383	0.5182
512	0.0	0.6442	0.9993	1.195	0.9653	1.012
513	0.0	0.8762	1.819	1.866	1.567	1.537
514	0.0	0.6204	1.009	0.9867	1.01	1.044
515	0.0	0.6483	0.9609	1.159	0.894	1.08
516	0.0	0.8161	1.691	1.61	1.602	1.378
517	0.0	0.4505	1.895	0.6942	1.525	0.6756
518	0.0	0.6799	0.5336	1.38	0.5494	1.374
519	0.0	0.9178	1.645	1.921	1.368	2.024
520	0.0	0.7302	1.96	1.38	1.646	1.357
521	0.0	0.4611	0.8795	0.9241	0.7772	0.7874
522	0.0	0.6713	1.253	1.201	1.214	1.125
523	0.0	0.6319	0.8824	1.095	0.8362	1.053
524	0.0	0.7013	1.378	1.246	1.263	1.173
525	0.0	0.7187	0.9579	1.242	0.9589	1.189
526	0.0	0.7174	0.9771	1.301	0.8654	1.29
527	0.0	0.5845	1.293	1.07	1.323	1.229
528	0.0	0.6962	1.215	1.359	1.042	1.121
529	0.0	0.5695	1.29	1.015	1.157	0.8765
530	0.0	0.7366	1.014	1.432	0.8955	1.412
531	0.0	0.8356	1.663	1.695	1.544	1.878
532	0.0	0.5403	1.378	0.9271	1.429	0.8935
533	0.0	0.7624	1.082	1.635	1.492	1.606
534	0.0	0.7392	1.166	1.498	1.037	1.562
535	0.0	0.6579	1.131	1.277	0.9482	1.218
536	0.0	0.3435	1.138	0.5477	1.099	0.6392
537	0.0	0.6243	1.136	1.175	0.9499	1.148
538	0.0	0.8381	0.9534	1.647	0.7778	1.453
539	0.0	0.9635	1.584	1.948	1.553	1.85
540	0.0	0.6064	1.224	1.075	1.213	1.146
541	0.0	0.8293	1.155	1.749	1.051	2.079
542	0.0	0.6033	1.32	1.087	1.382	0.9998
543	0.0	0.5609	1.291	1.097	1.163	0.9157
544	0.0	0.7898	1.368	1.497	1.153	1.345
545	0.0	0.6254	1.084	1.059	0.9658	1.04
546	0.0	0.7326	1.416	1.459	1.355	1.421
547	0.0	0.4855	0.9456	0.8382	0.8895	0.7968
548	0.0	0.55	0.9917	0.9313	0.9932	0.9155
549	0.0	0.79	1.429	1.665	1.357	1.347
550	0.0	0.3982	1.26	0.688	1.06	0.7598
551	0.0	0.6827	0.7546	1.365	0.7166	1.243
552	0.0	0.5809	0.9951	1.277	0.9577	1.039
553	0.0	0.6295	0.9715	1.12	0.94	1.088
554	0.0	0.514	0.9899	0.8798	0.9475	0.8429
555	0.0	0.6065	1.05	1.197	0.9456	1.094
556	0.0	0.6184	1.399	1.361	1.326	1.121
557	0.0	0.7029	1.507	1.299	1.361	1.339
558	0.0	0.8445	0.9308	2.306	0.8772	1.674
559	0.0	0.5554	1.086	0.8489	1.14	0.8841
560	0.0	0.7294	1.02	1.483	0.8626	1.278
561	0.0	0.6042	1.598	1.123	1.577	1.07
562	0.0	0.5416	0.9213	0.9931	0.8507	0.8747
563	0.0	0.6341	1.453	1.244	1.141	1.151
564	0.0	0.5358	1.206	0.986	0.987	0.8496
565	0.0	0.6349	1.131	1.099	1.11	1.096
566	0.0	0.8092	0.7294	1.84	0.6437	1.646
567	0.0	0.5604	0.9075	1.039	0.9749	1.017
568	0.0	0.6077	1.053	1.171	0.9727	1.043
569	0.0	0.7634	1.478	1.441	1.287	1.336
570	0.0	0.6433	0.9128	1.181	0.7796	1.072
571	0.0	0.5851	0.9044	1.091	0.837	1.04
572	0.0	0.4109	0.8896	0.7314	0.8618	0.7786
573	0.0	0.7194	1.293	1.377	1.168	1.374
574	0.0	0.5494	0.8677	0.99	0.8325	0.8982
575	0.0	0.6601	1.168	1.198	1.081	1.138
576	0.0	0.663	1.659	1.304	1.547	1.169
577	0.0	0.3757	0.9506	0.6132	0.9223	0.6278
578	0.0	0.5495	1.051	0.9122	1.113	1.051
579	0.0	0.5524	0.9077	1.083	0.8401	1.034
580	0.0	0.7499	0.9272	1.457	0.7812	1.289
581	0.0	0.5733	1.217	1.157	1.123	0.9344
582	0.0	0.5905	1.021	1.101	0.951	0.9664
583	0.0	0.5949	1.007	1.001	0.8774	0.9885
584	0.0	0.5314	1.402	0.9413	1.139	0.8842
585	0.0	0.6116	0.7684	1.069	0.5878	1.001
586	0.0	0.7146	1.377	1.211	1.2	1.476
587	0.0	0.7099	1.267	1.386	1.254	1.23
588	0.0	0.7778	1.553	1.518	1.189	1.323
589	0.0	0.627	1.058	0.9427	1.054	1.078
590	0.0	0.7947	0.9041	1.505	0.8124	1.456
591	0.0	0.845	1.374	1.781	1.128	1.427
592	0.0	0.4456	0.7758	0.8145	1.052	0.6827
593	0.0	0.6817	0.3126	1.466	0.3599	1.18
594	0.0	1.041	1.456	2.354	1.343	2.647
595	0.0	0.6818	1.062	1.062	1.111	1.176
596	0.0	0.6993	1.51	1.377	1.447	1.238
597	0.0	0.6215	0.9512	1.031	0.9012	1.083
598	0.0	0.7926	1.486	1.787	1.26	1.4
599	0.0	0.7158	0.9482	1.416	0.9147	1.18
600	0.0	0.563	0.8121	1.2	0.7249	0.9626
601	0.0	0.7368	1.348	1.364	1.245	1.214
602	0.0	0.4832	1.209	0.8057	1.1	0.7579
603	0.0	0.5926	1.161	1.088	1.049	1.02
604	0.0	0.7248	1.223	1.503	1.064	1.252
605	0.0	0.4305	1.745	0.705	1.544	0.6949
606	0.0	0.6456	2.081	1.152	1.814	1.121
607	0.0	0.5951	1.176	1.065	1.12	0.9478
608	0.0	0.5125	0.8774	1.122	0.8199	1.499
609	0.0	0.484	0.802	0.7882	0.7815	0.8015
610	0.0	0.6714	1.41	1.259	1.183	1.288
611	0.0	0.5744	1.147	1.086	1.111	0.9264
612	0.0	0.7047	1.741	1.345	1.615	1.393
613	0.0	0.5096	0.871	0.782	1.094	0.8501
614	0.0	0.5847	0.938	1.047	0.8824	0.9818
615	0.0	0.4989	1.003	0.8632	0.9774	0.801
616	0.0	0.6813	1.263	1.214	1.193	1.105
617	0.0	0.43	1.56	0.7021	1.414	0.7787
618	0.0	0.573	1.215	1.065	1.03	0.923
619	0.0	0.6358	1.459	1.089	1.306	1.12
620	0.0	0.742	1.253	1.474	0.9731	1.275
621	0.0	0.5031	1.494	0.8718	1.452	0.776
622	0.0	0.7053	0.2003	1.337	0.1622	1.266
623	0.0	1.003	1.552	1.856	1.587	1.928
624	0.0	0.7145	1.449	1.565	1.423	1.42
625	0.0	0.7146	0.8996	1.409	0.894	1.218
626	0.0	0.5785	0.8656	0.9906	0.7741	0.8994
627	0.0	0.597	0.8774	1.036	0.7799	1.057
628	0.0	0.5581	1.43	0.9853	1.391	0.8744
629	0.0	0.5735	0.3488	0.9099	0.2858	0.9271
630	0.0	0.622	1.084	1.131	0.8712	1.035
631	0.0	0.591	1.145	1.138	1.175	1.154
632	0.0	0.6638	0.3544	1.206	0.2873	1.128
633	0.0	0.5968	0.2599	1.223	0.2467	0.9754
634	0.0	0.6955	1.034	1.299	1.102	1.23
635	0.0	0.6478	1.529	1.18	1.503	1.126
636	0.0	0.6949	1.182	1.246	1.098	1.16
637	0.0	0.7121	1.835	1.655	1.514	1.707
638	0.0	0.2446	0.4665	0.4006	0.5122	0.4581
639	0.0	0.7086	1.362	1.421	1.14	1.269
640	0.0	0.5943	0.7086	0.9349	0.8481	1.018
641	0.0	0.57	1.132	1.002	1.08	0.969
642	0.0	0.439	1.292	0.7457	1.156	0.6778
643	0.0	0.8728	1.641	1.714	1.482	1.532
644	0.0	0.7717	1.007	1.271	1.12	1.398
645	0.0	0.7806	1.312	1.431	1.102	1.961
646	0.0	0.4821	1.081	0.8688	0.9846	0.821
647	0.0	0.6146	1.301	1.228	1.156	1.042
648	0.0	0.588	0.8839	1.076	0.7829	0.9406
649	0.0	0.7331	1.185	1.45	1.005	1.365
650	0.0	0.5798	1.045	1.184	0.9256	1.004
651	0.0	0.7097	1.126	1.343	0.9378	1.298
652	0.0	0.526	1.048	0.965	0.9918	0.8396
653	0.0	0.7428	1.209	1.37	1.074	1.234
654	0.0	0.5478	1.462	0.9166	1.318	0.8738
655	0.0	0.4916	1.158	0.8612	0.9758	0.8226
656	0.0	0.5748	0.9805	1.078	0.9629	1.156
657	0.0	0.792	1.08	1.472	1.005	1.313
658	0.0	0.6386	1.256	1.317	1.008	1.096
659	0.0	0.4204	1.058	0.7172	1.019	0.6737
660	0.0	0.692	1.18	1.376	1.015	1.15
661	0.0	0.7494	1.181	1.395	1.169	1.352
662	0.0	0.8386	1.683	1.705	1.659	1.75
663	0.0	0.6489	0.9287	1.2	0.9355	1.078
664	0.0	0.6808	0.9505	1.309	0.9612	1.199
665	0.0	0.6042	1.327	1.055	1.173	0.9977
666	0.0	0.5347	1.383	0.8733	1.216	0.8951
667	0.0	0.7724	1.442	1.655	1.239	1.447
668	0.0	0.5424	1.218	0.9606	1.073	0.8584
669	0.0	0.6564	1.0	1.147	0.9566	1.194
670	0.0	0.6645	1.207	1.206	1.127	1.168
671	0.0	0.4855	0.6655	0.836	0.5111	0.7775
672	0.0	0.4488	1.404	0.8304	1.257	0.7149
673	0.0	0.7817	1.5	1.474	1.361	1.399
674	0.0	0.5128	1.032	0.9033	0.9592	0.8229
675	0.0	0.7203	1.365	1.41	1.379	1.223
676	0.0	0.4942	0.5498	0.9501	0.5788	0.9148
677	0.0	0.6606	1.298	1.234	1.103	1.21
678	0.0	0.6495	0.9495	1.13	0.8316	1.093
679	0.0	0.6821	1.081	1.272	1.03	1.193
680	0.0	0.6615	0.9683	1.28	0.9209	1.221
681	0.0	0.5707	0.8751	0.9121	0.8535	0.8988
682	0.0	0.5619	0.8449	0.9858	0.7559	1.037
683	0.0	0.6999	1.492	1.362	1.464	1.245
684	0.0	0.4752	1.396	0.975	1.148	1.012
685	0.0	0.6687	1.381	1.352	1.448	1.434
686	0.0	0.6339	1.027	1.221	0.8857	1.102
687	0.0	0.6264	0.8579	1.101	0.7654	1.036
688	0.0	0.5232	1.512	0.9413	1.41	0.9199
689	0.0	0.4053	0.9039	0.7254	0.8763	0.6523
690	0.0	0.5463	0.9367	0.9276	0.8268	0.9777
691	0.0	0.6414	1.3	1.226	1.174	1.072
692	0.0	0.8254	1.591	1.516	1.575	1.445
693	0.0	0.5894	1.049	0.9225	1.237	0.9745
694	0.0	0.6982	0.5069	1.306	0.4935	1.137
695	0.0	0.8199	1.414	1.605	1.326	1.379
696	0.0	0.4416	0.8596	0.6214	0.8987	0.7521
697	0.0	0.8075	1.334	1.59	1.215	1.494
698	0.0	0.4679	1.397	0.8194	1.273	0.775
699	0.0	0.6169	0.8745	1.248	1.068	1.015
700	0.0	0.6939	0.9181	1.226	0.7929	1.224
701	0.0	0.6188	0.9487	1.098	0.8987	1.009
702	0.0	0.5959	1.376	1.086	1.147	1.077
703	0.0	0.6161	0.5589	1.074	0.5174	1.073
704	0.0	0.5203	0.6578	1.102	0.5688	0.9254
705	0.0	0.9249	1.331	1.929	1.185	1.673
706	0.0	0.5956	0.8354	1.043	0.8446	0.969
707	0.0	0.6799	1.442	1.276	1.378	1.18
708	0.0	0.7864	1.631	1.663	1.336	1.339
709	0.0	0.7796	0.713	1.645	0.5139	1.641
710	0.0	0.7362	1.491	1.403	1.434	1.269
711	0.0	0.6193	0.6521	1.112	0.6845	1.036
712	0.0	0.4481	1.096	0.9412	0.8884	0.962
713	0.0	0.6637	0.6903	1.114	0.6334	1.094
714	0.0	0.7565	1.246	1.52	1.099	1.339
715	0.0	0.6812	1.038	1.306	0.9154	1.232
716	0.0	0.7319	1.344	1.67	1.092	1.352
717	0.0	0.4996	0.7944	0.7841	1.073	0.7715
718	0.0	0.6301	1.276	1.125	1.122	1.079
719	0.0	0.532	0.8742	0.9091	0.8493	0.8352
720	0.0	0.6981	1.326	1.344	1.282	1.134
721	0.0	0.461	0.7129	0.803	0.5967	0.7012
722	0.0	0.6552	0.4349	1.215	0.5228	1.133
723	0.0	0.6721	1.155	1.11	1.006	1.137
724	0.0	0.833	1.36	1.752	1.106	1.359
725	0.0	0.5666	1.317	1.059	1.235	1.044
726	0.0	0.3895	0.9858	0.7814	0.9447	0.7573
727	0.0	0.5794	1.282	1.061	1.249	1.062
728	0.0	0.5709	1.348	0.9962	1.244	1.068
729	0.0	0.2809	1.481	0.4126	1.413	0.5157
730	0.0	0.6425	1.03	1.159	0.9165	1.042
731	0.0	0.6175	0.6825	1.085	0.681	0.9666
732	0.0	0.5863	0.586	0.9355	0.5151	0.942
733	0.0	0.6094	0.661	1.097	0.689	0.9957
734	0.0	0.5954	0.7037	1.054	0.7106	1.024
735	0.0	0.8988	0.9716	1.83	0.8382	1.819
736	0.0	0.8094	1.877	1.563	1.541	1.423
737	0.0	0.587	1.167	1.102	1.184	1.154
738	0.0	0.7949	1.25	1.563	1.272	1.487
739	0.0	0.7293	1.392	1.424	1.229	1.728
740	0.0	0.5106	1.032	0.9397	0.9012	0.8177
741	0.0	0.8068	1.554	1.728	1.878	1.956
742	0.0	0.5835	1.21	1.093	1.229	1.066
743	0.0	0.7959	1.459	1.636	1.086	1.53
744	0.0	0.6708	1.42	1.294	1.239	1.064
745	0.0	0.6318	1.013	1.233	0.8938	0.9886
746	0.0	0.7653	1.41	1.435	1.152	1.297
747	0.0	0.7964	1.756	1.592	1.647	1.604
748	0.0	0.6102	0.9057	1.082	1.133	1.183
749	0.0	0.6867	1.231	1.239	1.102	1.302
750	0.0	0.7452	1.387	1.54	1.202	1.189
751	0.0	0.8062	1.068	1.616	1.023	1.491
752	0.0	0.8023	1.18	1.513	1.095	1.464
753	0.0	0.6744	1.36	1.263	1.179	1.267
754	0.0	0.6844	1.139	1.341	0.9928	1.172
755	0.0	0.59	1.214	1.101	1.049	1.042
756	0.0	0.474	1.01	0.9923	0.9952	0.9389
757	0.0	0.7416	1.048	1.386	0.9412	1.227
758	0.0	0.7249	1.331	1.508	1.178	1.174
759	0.0	0.5918	0.8148	1.149	0.8022	0.981
760	0.0	0.7572	1.033	1.51	0.9718	1.313
761	0.0	0.5837	1.234	1.041	1.183	0.9296
762	0.0	0.5982	1.253	1.212	1.227	0.9589
763	0.0	0.5463	1.274	1.019	1.205	0.8789
764	0.0	0.7025	1.501	1.331	1.349	1.196
765	0.0	0.6868	1.336	1.15	1.32	1.288
766	0.0	0.7048	1.368	1.572	1.396	1.422
767	0.0	0.4742	0.9007	0.7422	0.8392	0.7577
768	0.0	0.7707	1.147	1.427	1.086	1.508
769	0.0	0.5597	1.093	0.9995	1.098	0.9312
770	0.0	0.3727	1.009	0.5814	0.9847	0.6373
771	0.0	0.6135	0.9236	1.154	0.6798	1.243
772	0.0	0.6004	1.19	1.111	0.9965	0.9914
773	0.0	0.3267	0.6273	0.5351	0.6675	0.5349
774	0.0	0.666	1.044	1.286	0.9275	1.171
775	0.0	0.612	1.276	1.012	1.064	1.124
776	0.0	0.6134	0.76	0.9183	0.745	1.086
777	0.0	0.6748	1.306	1.262	1.168	1.12
778	0.0	0.5358	1.174	0.9649	0.9949	0.9004
779	0.0	0.6553	0.9784	1.31	0.8996	1.198
780	0.0	0.6133	0.9514	1.167	0.8055	1.046
781	0.0	0.5181	0.9861	0.8386	0.9528	0.9502
782	0.0	0.6206	0.8631	1.103	0.8062	1.16
783	0.0	0.6396	1.137	1.213	1.031	1.038
784	0.0	0.4993	1.27	0.883	1.208	0.946
785	0.0	0.5274	0.8619	0.8498	0.848	0.8111
786	0.0	0.6305	1.111	1.203	1.22	1.059
787	0.0	0.6501	0.9888	1.361	0.8391	1.133
788	0.0	0.6839	1.322	1.417	1.164	1.302
789	0.0	0.7143	1.204	1.469	1.075	1.326
790	0.0	0.7253	1.034	1.406	1.034	1.251
791	0.0	0.6899	1.302	1.399	1.06	1.214
792	0.0	0.7945	1.477	1.537	1.196	1.49
793	0.0	0.4462	1.168	0.823	1.069	0.6993
794	0.0	0.4525	1.015	0.7247	0.9097	0.7721
795	0.0	0.6708	1.03	1.207	0.9195	1.259
796	0.0	0.7138	1.425	1.259	1.285	1.237
797	0.0	0.595	0.699	0.7791	1.075	1.053
798	0.0	0.5587	0.972	0.9943	0.9713	1.016
799	0.0	0.6451	1.068	1.184	0.9348	1.149
800	0.0	0.4233	0.9551	0.6136	1.102	0.7862
801	0.0	0.5835	1.108	0.91	0.9619	0.9449
802	0.0	0.7544	1.232	1.856	1.016	1.551
803	0.0	0.6729	0.7708	1.131	0.6111	1.288
804	0.0	0.8284	1.345	1.618	1.326	1.484
805	0.0	0.687	1.394	1.206	1.294	1.224
806	0.0	0.6958	1.248	1.28	1.078	1.298
807	0.0	0.7745	0.8751	1.401	0.9203	1.349
808	0.0	0.5646	1.03	1.275	0.8858	0.9684
809	0.0	0.6813	1.429	1.269	1.3	1.222
810	0.0	0.5969	1.038	1.109	1.034	0.9969
811	0.0	0.6526	1.507	1.182	1.338	1.076
812	0.0	0.7563	2.105	1.472	2.101	1.291
813	0.0	0.5588	0.4376	1.026	0.6363	0.9587
814	0.0	0.6126	0.7733	1.043	0.8512	1.069
815	0.0	0.6499	1.243	1.124	1.115	1.051
816	0.0	0.5102	0.7901	0.8413	0.6578	0.8451
817	0.0	0.77	0.329	1.556	0.2458	1.299
818	0.0	0.5897	1.27	1.111	1.154	0.9953
819	0.0	0.651	0.7205	1.211	0.66	1.17
820	0.0	0.6676	1.471	1.249	1.445	1.375
821	0.0	0.5141	0.8133	0.859	1.127	0.9212
822	0.0	0.5802	0.9752	0.9889	0.9104	0.9765
823	0.0	0.613	0.8787	0.9981	0.7482	1.049
824	0.0	0.5112	1.242	0.9227	1.163	0.7963
825	0.0	0.7363	1.369	1.44	1.002	1.308
826	0.0	0.5781	0.3199	0.9607	0.2875	0.9505
827	0.0	0.6457	0.8775	1.096	0.7856	1.109
828	0.0	0.872	1.212	1.741	1.135	1.471
829	0.0	0.5683	1.415	1.008	1.362	0.8917
830	0.0	0.5779	1.194	1.123	1.241	0.9185
831	0.0	0.694	1.736	1.337	1.659	1.186
832	0.0	0.5776	0.379	1.27	0.3773	1.065
833	0.0	0.602	1.036	1.149	0.9044	0.9272
834	0.0	0.5993	1.208	1.048	1.076	0.9815
835	0.0	0.5641	1.431	1.019	1.347	0.9162
836	0.0	0.6846	1.251	1.11	1.172	1.155
837	0.0	0.5086	0.786	0.8221	0.7837	0.7921
838	0.0	0.6555	1.167	1.19	1.104	1.166
839	0.0	0.8041	0.8627	1.74	0.7448	1.424
840	0.0	0.7044	1.136	1.395	1.042	1.143
841	0.0	0.7332	0.4657	1.307	0.4564	1.266
842	0.0	0.8041	1.032	1.65	0.9838	1.553
843	0.0	0.7617	0.8432	1.603	0.7723	1.515
844	0.0	0.5436	0.8622	0.9615	0.8313	0.9217
845	0.0	0.8042	1.548	1.785	1.43	2.032
846	0.0	0.8855	0.5131	1.975	0.574	1.843
847	0.0	0.5269	1.278	0.9609	1.046	0.8717
848	0.0	0.6213	0.9692	1.031	0.9966	1.021
849	0.0	0.5815	1.027	1.068	0.8758	1.019
850	0.0	0.7118	1.373	1.273	1.197	1.144
851	0.0	0.5944	1.67	1.152	1.486	0.9863
852	0.0	0.6323	0.8529	1.121	0.9103	1.092
853	0.0	0.7698	1.147	1.587	1.018	1.597
854	0.0	0.479	1.365	0.7982	1.199	0.7657
855	0.0	0.842	1.108	1.526	1.089	2.147
856	0.0	0.812	0.9218	1.482	0.805	1.378
857	0.0	0.4781	1.133	0.8141	1.01	0.7358
858	0.0	0.4937	1.045	0.8403	1.085	0.7812
859	0.0	0.6147	1.178	1.086	1.006	1.045
860	0.0	0.3668	0.8841	0.7556	0.9685	0.5746
861	0.0	0.7741	1.567	1.331	1.386	1.32
862	0.0	0.4802	1.242	0.8584	1.148	0.8057
863	0.0	0.6681	1.283	1.299	1.158	1.163
864	0.0	0.6261	1.097	1.335	0.9389	1.116
865	0.0	0.6903	1.162	1.201	1.153	1.161
866	0.0	0.8263	0.9197	1.606	0.8128	1.703
867	0.0	0.5052	1.095	0.929	0.9346	0.878
868	0.0	0.5676	1.112	1.091	0.9115	0.9201
869	0.0	0.6262	1.142	1.118	1.057	1.012
870	0.0	0.7529	1.071	1.634	1.006	1.402
871	0.0	0.5379	1.071	0.7712	0.9617	0.8682
872	0.0	0.7666	1.147	1.458	1.051	1.489
873	0.0	0.6305	1.374	1.227	1.281	1.065
874	0.0	0.5236	0.8466	0.8057	0.8134	0.8546
875	0.0	0.5183	0.8919	1.102	0.6975	0.8892
876	0.0	0.6165	0.7631	0.9326	0.7077	1.05
877	0.0	0.5852	0.9236	1.052	0.9487	0.9876
878	0.0	0.6693	1.033	1.329	0.8872	1.251
879	0.0	0.5387	1.006	0.9203	0.9029	0.8982
880	0.0	0.3838	0.5485	0.6282	0.6176	0.6715
881	0.0	0.7243	1.544	1.328	1.25	1.23
882	0.0	0.5681	0.9709	1.068	0.8964	0.9493
883	0.0	0.7069	1.135	1.29	1.031	1.261
884	0.0	0.4912	1.38	0.8904	1.218	0.8454
885	0.0	0.7075	1.059	1.422	1.002	1.341
886	0.0	0.5616	0.8326	1.063	0.7466	0.9476
887	0.0	0.6247	1.035	1.074	0.9895	1.055
888	0.0	0.6434	1.2	1.249	1.122	1.228
889	0.0	0.4808	0.8594	0.7947	0.8082	0.734
890	0.0	0.6229	1.174	1.144	1.14	1.036
891	0.0	0.5353	1.065	0.9805	0.9143	0.9145
892	0.0	0.626	0.8849	1.255	0.7825	1.032
893	0.0	0.6851	1.303	1.196	1.093	1.272
894	0.0	0.5927	0.821	1.046	0.7608	0.9598
895	0.0	0.6716	1.253	1.303	1.19	1.134
896	0.0	0.5883	1.507	1.201	1.35	1.037
897	0.0	0.6871	1.074	1.182	0.9938	1.199
898	0.0	0.5743	0.6904	1.096	0.5751	1.124
899	0.0	0.5352	0.9749	1.008	0.8674	0.9341
900	0.0	0.6787	1.252	1.334	1.122	1.17
901	0.0	0.5643	0.6925	0.868	0.7864	1.073
902	0.0	0.3306	1.258	0.5852	1.363	0.5712
903	0.0	0.7989	1.336	1.609	1.263	1.353
904	0.0	0.4125	1.051	0.7201	1.0	0.7977
905	0.0	0.559	1.084	0.9024	1.012	0.9323
906	0.0	0.7001	1.29	1.663	1.211	1.204
907	0.0	0.5823	1.113	1.188	0.9931	0.9802
908	0.0	0.6989	0.6556	1.372	0.6183	1.182
909	0.0	0.5483	1.071	0.8872	1.083	0.9181
910	0.0	0.6964	0.9453	1.258	0.9091	1.23
911	0.0	0.6384	0.8541	1.045	0.7966	1.062
912	0.0	0.5514	0.8046	1.035	0.6675	0.9596
913	0.0	0.5239	0.7501	0.8354	0.6788	0.9057
914	0.0	0.5426	0.934	1.04	0.9809	1.009
915	0.0	0.7037	0.9036	1.351	0.8642	1.239
916	0.0	0.7013	1.284	1.331	1.114	1.207
917	0.0	0.6391	0.5521	1.365	0.3745	1.358
918	0.0	0.6395	1.143	1.096	1.051	1.07
919	0.0	0.6988	0.8649	1.253	0.7644	1.167
920	0.0	0.3706	0.7218	0.8337	0.5089	0.664
921	0.0	0.6251	1.229	1.089	1.086	1.14
922	0.0	0.7037	1.206	1.395	1.038	1.278
923	0.0	0.6469	0.924	1.305	0.8766	1.163
924	0.0	0.6676	0.5563	1.363	0.6284	1.372
925	0.0	0.4498	0.9506	0.6607	0.9632	0.6888
926	0.0	0.6037	0.5224	1.19	0.5682	0.9877
927	0.0	0.6836	0.9422	1.174	0.8655	1.122
928	0.0	0.7098	1.501	1.271	1.478	1.21
929	0.0	0.8052	1.207	1.658	1.308	1.475
930	0.0	0.5604	1.048	1.007	0.9817	0.9437
931	0.0	0.5134	0.4466	0.8909	0.4446	0.9027
932	0.0	0.8985	1.264	1.779	1.218	1.596
933	0.0	0.5253	0.973	0.9291	0.9273	0.8274
934	0.0	0.6947	1.011	1.32	0.943	1.177
935	0.0	0.6991	0.9302	1.198	1.046	1.488
936	0.0	0.6676	0.5496	1.287	0.6311	1.296
937	0.0	0.6435	0.8113	1.29	0.6661	1.042
938	0.0	0.602	1.029	1.072	0.9093	0.9761
939	0.0	0.4841	1.114	0.7761	0.9589	0.8209
940	0.0	0.4042	1.071	0.6304	1.12	0.613
941	0.0	0.612	1.007	1.03	1.001	0.9695
942	0.0	0.5668	0.9711	0.9862	0.9191	0.9343
943	0.0	0.8787	1.96	1.757	1.913	1.936
944	0.0	0.6295	1.247	1.206	1.186	1.052
945	0.0	0.663	0.1974	1.293	0.2086	1.098
946	0.0	0.6871	1.678	1.275	1.395	1.429
947	0.0	0.6252	0.3452	1.183	0.2707	1.047
948	0.0	0.6558	0.7599	1.171	0.7118	1.104
949	0.0	0.6682	0.5663	1.481	0.62	1.605
950	0.0	0.693	1.015	1.268	0.7674	1.266
951	0.0	0.8073	1.137	1.699	0.9195	1.746
952	0.0	0.6134	0.852	0.9806	0.8286	0.9994
953	0.0	0.6631	0.9611	1.434	0.8611	1.204
954	0.0	0.8236	0.7206	1.492	0.7177	1.414
955	0.0	0.8153	0.7516	1.883	0.688	1.398
956	0.0	0.5609	0.8266	1.005	0.9676	0.9768
957	0.0	0.7794	1.143	1.495	0.8969	1.561
958	0.0	0.4565	1.018	0.7361	0.9555	0.7039
959	0.0	0.7199	0.9599	1.447	0.7833	1.281
960	0.0	0.6698	1.63	1.148	1.46	1.155
961	0.0	0.6066	1.2	1.179	1.045	1.023
962	0.0	0.4827	1.02	0.7705	0.9272	0.7659
963	0.0	0.678	1.049	1.275	0.9708	1.18
964	0.0	0.459	0.8654	0.7555	0.8591	0.7753
965	0.0	0.6002	1.056	1.021	0.9909	1.024
966	0.0	0.8592	1.177	1.812	1.095	1.466
967	0.0	0.578	1.351	1.107	1.255	1.068
968	0.0	0.589	0.8643	1.054	0.801	1.086
969	0.0	0.7241	1.032	1.336	0.9955	1.208
970	0.0	0.6859	1.142	1.299	1.059	1.145
971	0.0	0.6124	1.065	1.114	0.9001	1.11
972	0.0	0.7067	0.8986	1.479	0.6057	1.177
973	0.0	0.6253	1.709	1.117	1.353	1.064
974	0.0	0.6533	1.109	1.43	0.994	1.196
975	0.0	0.5908	0.7879	0.8485	0.7968	0.9321
976	0.0	0.7178	1.379	1.263	1.362	1.315
977	0.0	0.5795	0.8353	0.9827	0.7621	0.9837
978	0.0	0.3756	0.9347	0.5587	0.888	0.6328
979	0.0	0.8157	1.188	1.537	1.044	1.64
980	0.0	0.4791	1.193	0.9597	1.477	0.8069
981	0.0	0.4096	0.9452	0.6867	1.01	0.7092
982	0.0	0.5241	1.149	0.9916	1.044	0.8398
983	0.0	0.8436	1.512	1.772	1.265	1.59
984	0.0	0.3897	0.656	0.6651	0.6776	0.6027
985	0.0	0.5363	1.341	1.02	1.222	0.9693
986	0.0	0.5803	0.515	1.038	0.32	0.9662
987	0.0	0.6361	1.317	1.227	1.148	1.092
988	0.0	0.5206	0.4832	1.045	0.5117	0.9738
989	0.0	0.6198	1.215	1.143	1.167	1.057
990	0.0	0.4647	0.9444	0.7478	0.9168	0.7428
991	0.0	0.5699	0.842	1.071	0.7814	0.9594
992	0.0	0.5586	0.5509	1.111	0.588	0.9244
993	0.0	0.5265	0.8969	0.8252	0.8894	0.808
994	0.0	0.5663	0.9276	0.9221	0.8372	1.052
995	0.0	0.6019	1.164	1.159	1.103	1.074
996	0.0	0.7065	0.9667	1.369	0.8154	1.206
997	0.0	0.428	0.9808	0.715	0.8286	0.6955
998	0.0	0.5401	0.9981	0.9599	0.859	0.8771
999	0.0	0.615	1.121	1.072	1.097	1.058
1000	0.0	0.6885	0.9367	1.385	0.8869	1.251
1001	0.0	0.5537	1.135	0.972	1.1	0.9114
1002	0.0	0.5658	0.6071	1.046	0.639	1.067
1003	0.0	0.7069	0.7905	1.29	0.7936	1.198
1004	0.0	0.7137	1.284	1.241	1.242	1.215
1005	0.0	0.5	0.7836	0.8132	0.7761	0.9325
1006	0.0	0.6387	0.4921	1.171	0.4571	1.053
1007	0.0	0.6928	1.104	1.335	0.9431	1.193
1008	0.0	0.3877	0.7522	0.6921	0.8362	0.6144
1009	0.0	0.4839	1.396	0.7727	1.211	0.7629
1010	0.0	0.7432	1.435	1.653	1.292	1.445
1011	0.0	0.5371	0.9303	0.9852	1.112	0.8599
1012	0.0	0.6682	1.232	1.151	1.153	1.125
1013	0.0	0.6519	1.002	1.105	1.072	1.048
1014	0.0	0.6643	1.063	1.384	0.8661	1.068
1015	0.0	0.7326	1.121	1.338	0.985	1.203
1016	0.0	0.5752	1.395	1.111	1.397	1.13
1017	0.0	0.7049	0.8461	1.164	0.7488	1.185
1018	0.0	0.5872	0.9848	1.202	0.9424	1.036
1019	0.0	0.5595	0.9807	1.014	1.146	1.006
1020	0.0	0.7001	1.113	1.434	1.104	1.124
1021	0.0	0.6958	1.2	1.673	1.031	1.326
1022	0.0	0.4125	0.7011	0.6383	0.6789	0.6344
1023	0.0	0.6915	1.271	1.332	1.104	1.145
1024	0.0	0.6876	0.6383	1.516	0.6383	1.328
1025	0.0	0.5445	1.246	0.8946	1.134	0.8779
1026	0.0	0.6185	1.196	1.155	1.098	1.071
1027	0.0	0.6404	0.553	1.12	0.5007	1.117
1028	0.0	0.4719	1.043	0.9091	0.9653	0.907
1029	0.0	0.4277	0.9788	0.6199	1.18	0.7293
1030	0.0	0.5911	1.053	1.024	0.9223	0.9947
1031	0.0	0.6163	0.9275	1.001	0.8429	1.046
1032	0.0	0.5691	0.5614	0.9358	0.4412	0.9258
1033	0.0	0.6432	1.376	1.222	1.236	1.051
1034	0.0	0.4544	0.8153	0.7702	0.7259	0.7309
1035	0.0	0.6804	0.8486	1.235	0.8632	1.18
1036	0.0	0.7611	0.9783	1.465	0.8371	1.23
1037	0.0	0.522	0.999	0.9813	1.035	0.9019
1038	0.0	0.5349	0.9281	1.067	0.8796	0.914
1039	0.0	0.6205	0.9873	1.047	1.175	1.238
1040	0.0	0.7105	1.43	1.318	1.353	1.293
