Step	Loss(S)	Loss(T)	fwd_S	fwd_T	rev_S	rev_T
1	3.004	0.0	3.004	4.178	3.636	4.906
2	1.758	0.0	1.758	3.818	1.793	4.006
3	1.601	0.0	1.601	2.953	1.462	2.729
4	3.264	0.0	3.264	3.153	3.434	3.441
5	3.005	0.0	3.005	2.889	3.094	2.482
6	2.303	0.0	2.303	2.6	2.224	2.913
7	4.302	0.0	4.302	2.497	3.954	1.943
8	2.704	0.0	2.704	1.707	2.548	1.951
9	2.588	0.0	2.588	1.968	2.682	2.024
10	3.074	0.0	3.074	3.067	2.712	3.157
11	2.222	0.0	2.222	1.805	2.768	2.111
12	2.701	0.0	2.701	2.401	2.935	2.652
13	1.558	0.0	1.558	1.703	1.925	2.057
14	2.308	0.0	2.308	1.813	2.531	1.815
15	1.867	0.0	1.867	1.584	1.998	1.694
16	2.62	0.0	2.62	2.177	3.03	2.339
17	1.967	0.0	1.967	1.667	2.05	1.791
18	1.332	0.0	1.332	0.89	1.105	0.8373
19	2.193	0.0	2.193	1.864	2.512	2.005
20	1.5	0.0	1.5	2.115	1.4	1.549
21	0.7548	0.0	0.7548	1.299	0.8631	1.55
22	1.259	0.0	1.259	1.82	1.387	2.086
23	1.977	0.0	1.977	1.837	1.98	2.275
24	0.9653	0.0	0.9653	1.976	1.118	2.327
25	1.519	0.0	1.519	1.555	1.767	1.767
26	1.558	0.0	1.558	1.893	1.699	2.29
27	1.716	0.0	1.716	1.818	1.897	2.156
28	1.183	0.0	1.183	1.288	1.325	1.227
29	1.562	0.0	1.562	1.602	1.791	1.701
30	1.034	0.0	1.034	1.461	1.1	1.856
31	1.614	0.0	1.614	1.593	1.939	2.154
32	1.286	0.0	1.286	1.77	1.469	2.053
33	1.495	0.0	1.495	1.726	1.797	2.13
34	1.199	0.0	1.199	1.009	1.471	1.13
35	1.488	0.0	1.488	1.381	1.8	1.689
36	1.269	0.0	1.269	1.412	1.61	1.602
37	1.379	0.0	1.379	1.556	1.768	2.013
38	1.106	0.0	1.106	1.099	1.26	1.263
39	1.956	0.0	1.956	2.212	1.505	1.778
40	1.025	0.0	1.025	1.1	1.114	1.274
41	1.441	0.0	1.441	1.091	1.693	1.291
42	1.173	0.0	1.173	0.8671	1.301	1.082
43	0.9104	0.0	0.9104	0.9676	1.174	1.198
44	0.7125	0.0	0.7125	1.445	0.7368	1.292
45	1.231	0.0	1.231	1.102	1.645	1.32
46	1.535	0.0	1.535	1.495	2.146	2.081
47	0.7559	0.0	0.7559	0.8895	0.8905	1.156
48	1.175	0.0	1.175	0.9709	1.417	1.096
49	1.152	0.0	1.152	1.561	1.512	1.832
50	1.122	0.0	1.122	0.6749	1.418	0.8303
51	1.264	0.0	1.264	1.26	1.606	1.493
52	1.21	0.0	1.21	0.7203	1.61	0.9154
53	1.174	0.0	1.174	1.095	1.527	1.353
54	1.04	0.0	1.04	0.7981	1.272	1.031
55	1.109	0.0	1.109	1.174	1.388	1.439
56	0.9874	0.0	0.9874	1.26	1.296	1.641
57	0.9466	0.0	0.9466	0.9619	1.07	1.045
58	1.067	0.0	1.067	1.015	1.304	1.328
59	1.317	0.0	1.317	0.8135	1.688	0.8145
60	0.9004	0.0	0.9004	0.5182	1.007	0.5504
61	1.028	0.0	1.028	1.347	1.248	1.746
62	0.912	0.0	0.912	0.9778	1.165	1.13
63	1.261	0.0	1.261	0.6611	1.662	0.7713
64	0.954	0.0	0.954	1.228	1.084	1.499
65	0.7767	0.0	0.7767	1.195	1.071	1.446
66	0.9393	0.0	0.9393	0.8996	1.249	1.072
67	1.144	0.0	1.144	0.6367	1.212	0.6766
68	1.296	0.0	1.296	1.082	1.481	1.455
69	0.8927	0.0	0.8927	0.9679	1.012	1.063
70	1.01	0.0	1.01	1.004	1.283	1.263
71	1.08	0.0	1.08	1.113	1.261	1.328
72	0.701	0.0	0.701	1.084	0.762	0.9885
73	1.138	0.0	1.138	1.146	1.219	1.219
74	1.225	0.0	1.225	0.5672	1.519	0.6071
75	0.5145	0.0	0.5145	1.09	0.5821	1.12
76	0.9947	0.0	0.9947	0.9998	1.232	1.205
77	1.088	0.0	1.088	1.194	1.344	1.501
78	0.9111	0.0	0.9111	0.62	0.9	0.565
79	1.104	0.0	1.104	1.191	1.431	1.545
80	0.8081	0.0	0.8081	0.7186	0.967	0.8704
81	1.102	0.0	1.102	1.076	1.328	1.434
82	0.8669	0.0	0.8669	1.053	0.8867	1.144
83	1.26	0.0	1.26	1.197	1.602	1.458
84	0.7422	0.0	0.7422	0.5469	0.8741	0.6472
85	0.8591	0.0	0.8591	1.018	1.03	1.179
86	0.6014	0.0	0.6014	1.145	0.8068	1.479
87	1.16	0.0	1.16	1.161	1.361	1.527
88	0.7366	0.0	0.7366	0.9317	0.6944	1.117
89	1.098	0.0	1.098	1.24	1.453	1.549
90	0.7668	0.0	0.7668	0.9192	0.939	1.112
91	0.7838	0.0	0.7838	1.045	0.9343	1.316
92	1.046	0.0	1.046	1.218	1.465	1.489
93	0.7015	0.0	0.7015	0.713	0.7747	0.8269
94	0.9026	0.0	0.9026	1.026	1.124	1.224
95	0.6964	0.0	0.6964	0.8451	0.8052	1.033
96	0.9206	0.0	0.9206	0.8499	1.204	1.024
97	1.041	0.0	1.041	0.8124	1.336	0.998
98	0.8602	0.0	0.8602	1.057	1.178	1.387
99	1.155	0.0	1.155	1.077	1.554	1.478
100	0.9431	0.0	0.9431	0.8599	1.309	1.116
101	0.6648	0.0	0.6648	0.8489	0.8175	1.201
102	0.4375	0.0	0.4375	0.6014	0.428	0.7371
103	1.07	0.0	1.07	0.9178	1.399	1.165
104	1.14	0.0	1.14	1.039	1.449	1.16
105	1.077	0.0	1.077	0.9231	1.167	1.134
106	1.134	0.0	1.134	1.1	1.438	1.383
107	0.754	0.0	0.754	0.8312	0.7847	0.8416
108	0.963	0.0	0.963	1.004	1.16	1.269
109	0.8164	0.0	0.8164	0.8172	1.119	1.019
110	0.6809	0.0	0.6809	0.7671	0.8843	0.9037
111	0.9877	0.0	0.9877	0.9075	1.127	1.056
112	1.174	0.0	1.174	1.075	1.248	1.24
113	0.7131	0.0	0.7131	0.6986	1.098	0.9554
114	1.298	0.0	1.298	1.205	1.479	1.45
115	0.9805	0.0	0.9805	0.9855	1.241	1.316
116	1.049	0.0	1.049	0.4443	1.34	0.5046
117	0.6164	0.0	0.6164	0.7919	0.7507	1.093
118	1.324	0.0	1.324	0.6498	1.585	0.7142
119	1.133	0.0	1.133	0.8202	1.33	0.9464
120	1.065	0.0	1.065	1.135	1.33	1.347
121	0.9573	0.0	0.9573	0.9556	1.234	1.264
122	1.01	0.0	1.01	0.6237	1.208	0.7256
123	0.8351	0.0	0.8351	0.8088	1.156	1.05
124	0.6658	0.0	0.6658	1.014	0.7737	1.071
125	0.5773	0.0	0.5773	1.034	0.6885	1.187
126	0.8023	0.0	0.8023	0.9277	0.9635	1.111
127	1.044	0.0	1.044	0.885	1.221	1.052
128	1.132	0.0	1.132	1.103	1.392	1.52
129	0.967	0.0	0.967	0.5157	1.201	0.5788
130	0.9017	0.0	0.9017	0.7363	1.129	0.8926
131	1.045	0.0	1.045	0.9793	1.328	1.132
132	0.6978	0.0	0.6978	0.9568	0.9237	1.112
133	0.8776	0.0	0.8776	0.9467	1.212	1.12
134	1.041	0.0	1.041	0.9821	1.271	1.286
135	0.9684	0.0	0.9684	0.6096	1.227	0.7602
136	0.9909	0.0	0.9909	0.9119	1.173	1.189
137	0.7396	0.0	0.7396	0.8939	0.8525	1.077
138	0.7904	0.0	0.7904	0.852	0.9156	1.059
139	0.9111	0.0	0.9111	0.9072	1.16	1.098
140	0.7547	0.0	0.7547	0.8663	0.989	1.185
141	0.8909	0.0	0.8909	0.9976	1.174	1.24
142	0.6217	0.0	0.6217	0.4023	0.7601	0.4594
143	0.8845	0.0	0.8845	0.9001	1.008	0.9554
144	0.734	0.0	0.734	0.6416	0.8871	0.8043
145	1.005	0.0	1.005	1.094	1.24	1.397
146	0.7339	0.0	0.7339	0.5924	0.8439	0.6577
147	0.9687	0.0	0.9687	0.7793	1.163	1.024
148	0.6552	0.0	0.6552	0.9106	0.739	0.9982
149	0.8695	0.0	0.8695	0.7468	1.08	0.8952
150	1.161	0.0	1.161	1.031	1.455	1.438
151	0.6647	0.0	0.6647	0.8628	0.7882	0.9789
152	0.8361	0.0	0.8361	0.7976	0.9876	0.949
153	1.046	0.0	1.046	0.9938	1.335	1.182
154	0.8222	0.0	0.8222	0.7643	1.035	0.9803
155	0.8922	0.0	0.8922	0.8574	1.149	1.037
156	1.071	0.0	1.071	0.5777	1.276	0.7331
157	0.8939	0.0	0.8939	0.882	1.152	1.069
158	0.7432	0.0	0.7432	0.7684	0.9052	0.9036
159	0.9888	0.0	0.9888	1.036	1.223	1.269
160	0.8725	0.0	0.8725	0.6711	1.073	0.8142
161	0.7463	0.0	0.7463	0.6868	0.7754	0.7712
162	0.8549	0.0	0.8549	0.7481	1.07	0.9469
163	0.5938	0.0	0.5938	0.9091	0.7117	1.166
164	0.6519	0.0	0.6519	0.6602	0.7936	0.78
165	0.8053	0.0	0.8053	1.274	0.9991	1.663
166	0.889	0.0	0.889	0.9422	1.149	1.067
167	0.6057	0.0	0.6057	0.8555	0.7006	1.087
168	0.8196	0.0	0.8196	0.879	0.9506	1.089
169	1.004	0.0	1.004	0.8867	1.171	1.077
170	0.8154	0.0	0.8154	0.9746	1.051	1.328
171	0.3924	0.0	0.3924	0.5232	0.4282	0.5579
172	0.9875	0.0	0.9875	1.015	1.178	1.289
173	0.5979	0.0	0.5979	0.7823	0.6484	0.9031
174	0.8621	0.0	0.8621	0.9419	1.037	1.187
175	0.6515	0.0	0.6515	0.9531	0.7741	1.131
176	0.7488	0.0	0.7488	0.816	0.8774	0.952
177	1.075	0.0	1.075	0.8232	1.262	1.118
178	0.9952	0.0	0.9952	1.08	1.224	1.261
179	0.8415	0.0	0.8415	1.125	0.924	1.058
180	0.6576	0.0	0.6576	0.6113	0.7585	0.8248
181	0.8382	0.0	0.8382	0.4178	0.6645	0.4391
182	0.3792	0.0	0.3792	0.7818	0.4188	0.8585
183	1.004	0.0	1.004	0.9593	1.259	1.14
184	0.657	0.0	0.657	1.009	0.836	1.31
185	0.9884	0.0	0.9884	0.5345	1.11	0.6191
186	0.6636	0.0	0.6636	0.9406	0.7275	1.157
187	1.064	0.0	1.064	0.957	1.306	1.201
188	0.709	0.0	0.709	0.557	0.9026	0.6742
189	0.7978	0.0	0.7978	0.7107	0.9612	0.7728
190	0.8727	0.0	0.8727	0.8445	1.113	1.105
191	1.042	0.0	1.042	0.9402	1.316	1.2
192	0.5618	0.0	0.5618	0.5385	0.7166	0.5837
193	0.9495	0.0	0.9495	0.9268	1.231	1.337
194	0.6663	0.0	0.6663	0.9698	0.8342	1.146
195	0.6331	0.0	0.6331	0.7238	0.7346	0.8555
196	0.959	0.0	0.959	0.6157	1.285	0.7807
197	0.8024	0.0	0.8024	0.6412	0.9663	0.7446
198	0.7969	0.0	0.7969	0.8867	0.9377	1.027
199	0.6097	0.0	0.6097	0.8237	0.6932	1.045
200	0.547	0.0	0.547	0.592	0.6176	0.6732
201	0.9161	0.0	0.9161	0.8904	1.052	1.167
202	0.8623	0.0	0.8623	0.8121	1.153	1.006
203	1.073	0.0	1.073	0.9465	1.428	1.188
204	0.9571	0.0	0.9571	0.8628	1.254	1.121
205	0.7608	0.0	0.7608	0.6835	0.9954	0.8539
206	0.823	0.0	0.823	0.541	0.8841	0.6593
207	0.903	0.0	0.903	0.7942	1.018	0.9032
208	0.8833	0.0	0.8833	0.7918	1.119	0.9369
209	0.8323	0.0	0.8323	0.7777	1.018	0.9007
210	0.9083	0.0	0.9083	0.9743	1.055	1.147
211	0.6546	0.0	0.6546	0.7239	0.8774	0.7929
212	0.7288	0.0	0.7288	0.7997	0.8978	0.9909
213	0.6773	0.0	0.6773	0.6999	0.8971	1.02
214	0.7243	0.0	0.7243	0.6966	0.9008	0.8155
215	0.7738	0.0	0.7738	0.5153	0.8264	0.5884
216	0.9794	0.0	0.9794	0.9207	1.179	1.098
217	0.642	0.0	0.642	0.692	0.802	0.8741
218	0.9572	0.0	0.9572	1.137	1.24	1.357
219	0.7584	0.0	0.7584	0.6793	0.9499	0.9022
220	0.7468	0.0	0.7468	0.7992	0.8629	1.073
221	0.4846	0.0	0.4846	0.809	0.5548	1.171
222	0.7616	0.0	0.7616	0.7479	1.002	0.9904
223	0.7736	0.0	0.7736	0.6512	0.8884	0.7166
224	0.5845	0.0	0.5845	0.8136	0.7299	0.9963
225	0.9473	0.0	0.9473	1.094	1.174	1.261
226	0.7735	0.0	0.7735	0.4026	0.843	0.5157
227	0.6732	0.0	0.6732	0.4472	0.8282	0.5293
228	0.616	0.0	0.616	0.6683	0.7603	0.7825
229	0.8435	0.0	0.8435	0.7533	1.05	0.9499
230	0.9492	0.0	0.9492	0.8455	1.106	1.024
231	0.8125	0.0	0.8125	0.8967	0.9671	1.047
232	1.081	0.0	1.081	0.8363	1.358	1.007
233	0.7238	0.0	0.7238	0.681	0.8482	0.8271
234	0.8376	0.0	0.8376	0.8421	1.06	1.044
235	0.8781	0.0	0.8781	0.9041	1.038	1.218
236	0.7406	0.0	0.7406	0.7017	0.9516	0.8072
237	0.912	0.0	0.912	0.8578	1.176	0.9954
238	0.9476	0.0	0.9476	0.9113	1.19	1.175
239	0.7323	0.0	0.7323	0.9115	0.8358	1.276
240	0.8311	0.0	0.8311	0.8942	1.018	1.086
241	0.7162	0.0	0.7162	0.8552	0.9128	1.076
242	0.6475	0.0	0.6475	0.7148	0.783	0.8456
243	0.939	0.0	0.939	0.5885	1.087	0.7118
244	0.6659	0.0	0.6659	0.6742	0.8074	0.7833
245	0.8109	0.0	0.8109	0.8629	1.101	1.133
246	0.7594	0.0	0.7594	0.5223	0.9393	0.6155
247	0.8517	0.0	0.8517	0.7215	0.9834	0.8605
248	0.6293	0.0	0.6293	0.4171	0.7805	0.5025
249	1.009	0.0	1.009	0.9608	1.182	1.203
250	0.7854	0.0	0.7854	0.522	0.9263	0.598
251	0.5279	0.0	0.5279	0.5486	0.6245	0.6608
252	0.7625	0.0	0.7625	0.6979	0.9812	0.9408
253	0.6212	0.0	0.6212	0.764	0.7201	0.9496
254	0.8161	0.0	0.8161	0.8346	1.031	1.365
255	0.6402	0.0	0.6402	0.5585	0.8011	0.6641
256	0.5281	0.0	0.5281	0.9359	0.5806	1.184
257	1.035	0.0	1.035	1.061	1.259	1.222
258	0.6642	0.0	0.6642	0.7405	0.7624	0.8825
259	0.7041	0.0	0.7041	0.7859	0.7947	1.042
260	0.7258	0.0	0.7258	0.8322	0.9321	1.053
261	0.8241	0.0	0.8241	0.7722	1.014	0.9103
262	0.7318	0.0	0.7318	0.8287	0.8283	0.9978
263	0.8697	0.0	0.8697	0.7545	1.053	0.9843
264	0.825	0.0	0.825	1.018	1.025	1.289
265	0.5044	0.0	0.5044	0.5401	0.585	0.6441
266	0.8637	0.0	0.8637	0.8273	1.049	0.9961
267	0.8355	0.0	0.8355	0.5619	1.077	0.6262
268	0.5482	0.0	0.5482	0.5124	0.7114	0.6304
269	0.6617	0.0	0.6617	0.9674	0.748	1.312
270	0.7999	0.0	0.7999	0.6971	0.9808	0.8764
271	0.7071	0.0	0.7071	0.8989	0.8312	1.138
272	0.8672	0.0	0.8672	0.8043	1.054	0.9426
273	0.7273	0.0	0.7273	0.7094	0.9045	0.8703
274	0.7945	0.0	0.7945	0.6943	1.006	0.8716
275	0.8316	0.0	0.8316	0.7747	0.9258	0.9108
276	0.8493	0.0	0.8493	0.8483	1.061	1.026
277	0.6888	0.0	0.6888	0.7267	0.8895	0.8257
278	0.7185	0.0	0.7185	0.7259	0.8625	0.912
279	0.8058	0.0	0.8058	0.7506	0.9698	0.9847
280	0.6248	0.0	0.6248	0.632	0.7508	0.7483
281	0.8515	0.0	0.8515	0.8102	1.123	1.043
282	0.7816	0.0	0.7816	0.7159	1.019	0.8922
283	0.8954	0.0	0.8954	0.7928	1.018	0.9021
284	0.7157	0.0	0.7157	0.6479	0.8477	0.7701
285	0.8192	0.0	0.8192	0.739	0.93	0.8796
286	0.5326	0.0	0.5326	0.6453	0.5934	0.7204
287	0.7748	0.0	0.7748	0.9849	0.9591	1.089
288	0.7558	0.0	0.7558	0.8355	0.9525	1.034
289	0.5598	0.0	0.5598	0.8433	0.6342	1.016
290	0.752	0.0	0.752	0.6172	0.9713	0.7572
291	1.039	0.0	1.039	0.7832	1.193	1.015
292	0.8099	0.0	0.8099	0.3453	0.9771	0.4095
293	0.5417	0.0	0.5417	0.623	0.6345	0.7225
294	0.5899	0.0	0.5899	0.8923	0.7185	1.178
295	0.8928	0.0	0.8928	0.8405	1.128	1.124
296	0.7909	0.0	0.7909	0.7171	0.9169	0.9116
297	0.6993	0.0	0.6993	0.837	0.9233	1.028
298	0.8155	0.0	0.8155	0.5446	1.063	0.682
299	0.7214	0.0	0.7214	0.6895	0.959	0.849
300	0.8338	0.0	0.8338	0.9938	1.111	1.27
301	0.7692	0.0	0.7692	0.5511	0.8775	0.649
302	0.8158	0.0	0.8158	0.8512	0.9872	1.092
303	0.4523	0.0	0.4523	0.7335	0.5011	0.9454
304	0.662	0.0	0.662	0.5316	0.8214	0.6071
305	0.7007	0.0	0.7007	0.7895	0.8608	0.9871
306	0.9412	0.0	0.9412	0.9125	1.257	1.189
307	0.9747	0.0	0.9747	0.8191	1.219	1.089
308	0.781	0.0	0.781	0.3035	0.9821	0.408
309	0.5167	0.0	0.5167	0.587	0.6162	0.6922
310	0.7723	0.0	0.7723	0.6253	0.9478	0.7565
311	0.7745	0.0	0.7745	0.8717	0.997	1.087
312	0.8061	0.0	0.8061	0.6464	0.9623	0.8282
313	0.5251	0.0	0.5251	0.7229	0.5528	0.8238
314	0.9685	0.0	0.9685	0.9573	1.123	1.103
315	0.5316	0.0	0.5316	0.6126	0.6687	0.6264
316	0.8964	0.0	0.8964	0.8649	1.006	0.9525
317	0.5549	0.0	0.5549	0.8657	0.6412	1.235
318	0.7355	0.0	0.7355	0.628	0.8784	0.729
319	0.5848	0.0	0.5848	0.6001	0.6807	0.658
320	0.8006	0.0	0.8006	0.8631	0.9332	1.0
321	0.6342	0.0	0.6342	0.6922	0.6762	0.7968
322	0.8683	0.0	0.8683	0.9997	0.9684	1.149
323	0.8615	0.0	0.8615	0.747	1.009	0.9454
324	0.8739	0.0	0.8739	0.8894	1.133	1.107
325	0.7102	0.0	0.7102	0.4735	0.8939	0.6039
326	0.5475	0.0	0.5475	0.576	0.6419	0.6251
327	0.5434	0.0	0.5434	0.8852	0.6575	1.096
328	0.5768	0.0	0.5768	0.8366	0.6832	1.114
329	0.7304	0.0	0.7304	0.9183	0.7926	1.143
330	0.3627	0.0	0.3627	0.6162	0.3941	0.7132
331	0.6522	0.0	0.6522	0.6259	0.7928	0.783
332	0.5021	0.0	0.5021	0.5107	0.5803	0.638
333	0.5211	0.0	0.5211	0.7186	0.6246	0.7787
334	0.6683	0.0	0.6683	0.7832	0.8821	0.8635
335	0.9516	0.0	0.9516	0.9019	1.074	0.9743
336	0.9715	0.0	0.9715	1.128	1.186	1.337
337	0.6282	0.0	0.6282	0.6	0.7482	0.7098
338	0.8018	0.0	0.8018	0.8824	1.05	1.055
339	0.8438	0.0	0.8438	0.9627	1.098	1.192
340	0.4624	0.0	0.4624	0.4554	0.5295	0.5147
341	0.8576	0.0	0.8576	0.9428	1.004	1.123
342	0.8794	0.0	0.8794	0.9003	1.077	1.134
343	0.7815	0.0	0.7815	0.8308	1.021	1.019
344	0.7495	0.0	0.7495	0.7685	0.9296	0.9564
345	0.9761	0.0	0.9761	0.822	1.178	0.9661
346	0.708	0.0	0.708	0.8575	0.8435	1.014
347	0.6536	0.0	0.6536	0.7678	0.7721	0.9671
348	0.7733	0.0	0.7733	0.6018	0.9283	0.7313
349	0.8057	0.0	0.8057	0.896	0.9533	1.165
350	0.6291	0.0	0.6291	0.9172	0.785	1.17
351	0.7505	0.0	0.7505	0.8362	1.015	0.8978
352	0.624	0.0	0.624	0.668	0.7707	0.7851
353	0.7627	0.0	0.7627	0.8532	0.9386	1.054
354	0.6417	0.0	0.6417	0.6128	0.7263	0.6938
355	0.5274	0.0	0.5274	0.8635	0.6454	1.107
356	0.7366	0.0	0.7366	0.5343	0.7996	0.6515
357	0.8455	0.0	0.8455	0.6513	1.112	0.7795
358	0.7521	0.0	0.7521	0.9095	0.8889	1.266
359	0.5017	0.0	0.5017	0.7983	0.5792	0.9395
360	0.6088	0.0	0.6088	1.001	0.6767	1.193
361	1.032	0.0	1.032	0.8667	1.149	1.026
362	0.6528	0.0	0.6528	0.5674	0.7865	0.6957
363	0.8338	0.0	0.8338	0.8123	0.9789	1.08
364	0.7741	0.0	0.7741	0.8621	0.8434	1.029
365	0.8424	0.0	0.8424	0.7583	1.033	0.9357
366	0.6413	0.0	0.6413	0.6563	0.8224	0.7854
367	1.057	0.0	1.057	1.164	1.231	1.271
368	0.8706	0.0	0.8706	0.8868	1.12	1.144
369	0.4798	0.0	0.4798	0.6641	0.5803	0.7195
370	0.5657	0.0	0.5657	0.7683	0.7141	0.8919
371	0.9763	0.0	0.9763	0.9251	1.139	1.168
372	0.701	0.0	0.701	0.4449	0.8072	0.5358
373	0.8007	0.0	0.8007	0.8101	0.9948	0.9052
374	0.6964	0.0	0.6964	0.7001	0.8807	0.8205
375	0.765	0.0	0.765	0.7453	1.022	0.9085
376	0.7225	0.0	0.7225	0.9157	0.8606	1.098
377	0.7958	0.0	0.7958	0.6765	0.9033	0.7722
378	0.5757	0.0	0.5757	0.8944	0.6634	1.12
379	0.5831	0.0	0.5831	0.6363	0.6713	0.7353
380	0.7214	0.0	0.7214	0.8594	0.8823	1.051
381	0.6226	0.0	0.6226	0.6211	0.7802	0.7127
382	0.6942	0.0	0.6942	0.7593	0.863	0.9184
383	0.7821	0.0	0.7821	0.7544	0.9281	0.9508
384	0.6104	0.0	0.6104	0.5012	0.6852	0.5422
385	0.7328	0.0	0.7328	0.5996	0.8246	0.7363
386	0.9251	0.0	0.9251	0.7103	1.196	0.8522
387	0.7482	0.0	0.7482	0.6076	0.8814	0.6548
388	0.8185	0.0	0.8185	0.8062	1.102	0.9156
389	0.5631	0.0	0.5631	0.4974	0.6423	0.5745
390	0.517	0.0	0.517	0.5387	0.5906	0.6613
391	0.6247	0.0	0.6247	0.772	0.8488	0.9206
392	0.7133	0.0	0.7133	0.6865	0.8638	0.7669
393	0.7462	0.0	0.7462	0.8469	1.031	1.075
394	0.8066	0.0	0.8066	0.6873	0.9439	0.8224
395	0.5849	0.0	0.5849	0.7772	0.8055	1.122
396	0.3714	0.0	0.3714	0.8325	0.4153	1.047
397	0.6635	0.0	0.6635	0.7141	0.7881	0.8534
398	0.8042	0.0	0.8042	0.791	1.005	1.104
399	0.9023	0.0	0.9023	0.858	1.111	1.068
400	0.7792	0.0	0.7792	0.5862	0.9242	0.7103
401	0.454	0.0	0.454	0.7823	0.5092	1.041
402	0.6099	0.0	0.6099	0.7041	0.7929	0.8476
403	0.5243	0.0	0.5243	0.8242	0.5667	0.9576
404	0.8005	0.0	0.8005	0.8898	1.013	1.129
405	0.6522	0.0	0.6522	0.5874	0.7163	0.6603
406	0.8568	0.0	0.8568	0.8533	1.104	1.05
407	0.4428	0.0	0.4428	0.7158	0.4845	0.9148
408	0.6854	0.0	0.6854	0.4385	0.8027	0.5373
409	0.7854	0.0	0.7854	0.8561	0.9864	1.126
410	0.6856	0.0	0.6856	0.807	0.9174	1.053
411	0.8891	0.0	0.8891	0.9241	1.101	1.151
412	0.8326	0.0	0.8326	0.6528	0.9931	0.7838
413	0.7564	0.0	0.7564	0.8793	0.9397	1.065
414	0.6068	0.0	0.6068	0.4735	0.7089	0.5804
415	0.8145	0.0	0.8145	0.688	0.9252	0.7758
416	0.8146	0.0	0.8146	0.7563	0.9466	0.8762
417	0.6007	0.0	0.6007	0.5835	0.6878	0.6947
418	0.5855	0.0	0.5855	0.8637	0.6746	1.053
419	0.674	0.0	0.674	0.6516	0.792	0.7294
420	0.4989	0.0	0.4989	0.701	0.562	0.8116
421	0.6538	0.0	0.6538	0.5906	0.8865	0.741
422	0.7308	0.0	0.7308	0.8027	0.9392	0.9217
423	0.5462	0.0	0.5462	0.6438	0.6669	0.7488
424	0.5494	0.0	0.5494	0.8	0.5983	0.9567
425	0.9206	0.0	0.9206	0.5637	1.14	0.6509
426	0.8856	0.0	0.8856	0.7035	1.034	0.9311
427	0.8837	0.0	0.8837	0.8564	1.114	1.076
428	0.4849	0.0	0.4849	0.7342	0.5134	0.9418
429	0.7993	0.0	0.7993	0.5632	1.148	0.6601
430	0.6548	0.0	0.6548	0.9485	0.7938	1.345
431	0.9046	0.0	0.9046	0.6991	1.063	0.7986
432	0.9411	0.0	0.9411	0.8381	1.129	1.062
433	0.8251	0.0	0.8251	0.8685	1.041	1.097
434	0.3132	0.0	0.3132	0.2743	0.3307	0.3093
435	0.9044	0.0	0.9044	0.8425	1.044	1.123
436	0.6186	0.0	0.6186	0.5584	0.7369	0.691
437	0.6749	0.0	0.6749	0.7435	0.9201	1.065
438	0.9267	0.0	0.9267	0.6391	1.085	0.9022
439	0.9656	0.0	0.9656	0.889	1.151	1.046
440	0.7225	0.0	0.7225	1.144	0.7737	1.431
441	0.702	0.0	0.702	0.6641	0.935	0.7511
442	0.8517	0.0	0.8517	0.8888	1.08	1.01
443	0.8999	0.0	0.8999	0.9718	1.028	1.223
444	0.5444	0.0	0.5444	0.5349	0.6566	0.5986
445	0.764	0.0	0.764	0.7532	0.9508	0.9989
446	0.829	0.0	0.829	0.9118	1.06	1.121
447	0.675	0.0	0.675	0.7138	0.8275	0.8903
448	0.7746	0.0	0.7746	0.6338	0.9237	0.7658
449	0.7769	0.0	0.7769	0.8978	1.017	1.033
450	0.5158	0.0	0.5158	0.5468	0.5904	0.614
451	0.7614	0.0	0.7614	0.8369	0.8896	1.002
452	0.6151	0.0	0.6151	0.6018	0.7797	0.7258
453	0.7416	0.0	0.7416	0.8854	0.9598	1.11
454	0.4096	0.0	0.4096	0.7125	0.4863	0.9268
455	0.7714	0.0	0.7714	0.6749	0.8673	0.8427
456	0.4844	0.0	0.4844	0.7005	0.5747	0.8193
457	0.4519	0.0	0.4519	0.8196	0.5353	1.041
458	0.476	0.0	0.476	0.8601	0.564	0.9997
459	0.5717	0.0	0.5717	0.6418	0.7025	0.7372
460	0.5628	0.0	0.5628	0.6178	0.5813	0.7796
461	0.5792	0.0	0.5792	0.749	0.7334	0.8789
462	0.6134	0.0	0.6134	0.7993	0.7482	1.017
463	0.4404	0.0	0.4404	0.58	0.4931	0.6769
464	0.7437	0.0	0.7437	0.8535	0.9167	1.066
465	0.6595	0.0	0.6595	0.7071	0.815	0.928
466	0.6692	0.0	0.6692	0.6283	0.7781	0.8138
467	0.7191	0.0	0.7191	0.789	0.8751	0.9539
468	0.7959	0.0	0.7959	0.633	0.9959	0.744
469	0.7244	0.0	0.7244	0.6759	0.9246	0.8292
470	0.79	0.0	0.79	0.5384	0.9392	0.6061
471	0.8129	0.0	0.8129	0.8936	1.015	1.127
472	0.8634	0.0	0.8634	0.7253	1.117	0.9262
473	0.5619	0.0	0.5619	0.6697	0.6988	0.8023
474	0.6735	0.0	0.6735	0.5559	0.7954	0.6356
475	0.8321	0.0	0.8321	0.9201	1.059	1.1
476	0.5396	0.0	0.5396	0.5242	0.6865	0.6067
477	1.015	0.0	1.015	0.7936	1.241	0.8853
478	0.637	0.0	0.637	0.6802	0.781	0.846
479	0.6501	0.0	0.6501	0.6349	0.7911	0.7973
480	0.6388	0.0	0.6388	0.8923	0.7914	1.161
481	0.68	0.0	0.68	0.48	0.814	0.5496
482	0.7017	0.0	0.7017	0.7302	0.8045	0.8982
483	0.722	0.0	0.722	0.4453	0.887	0.4512
484	0.8124	0.0	0.8124	0.4122	1.014	0.465
485	0.5404	0.0	0.5404	0.72	0.6782	0.8763
486	0.7709	0.0	0.7709	0.8032	0.8977	0.9705
487	0.8103	0.0	0.8103	0.7179	0.9911	0.9219
488	0.6173	0.0	0.6173	0.5799	0.7101	0.7956
489	0.6576	0.0	0.6576	0.7365	0.7865	0.919
490	0.6539	0.0	0.6539	0.7515	0.8469	0.9711
491	0.7943	0.0	0.7943	0.7396	1.0	0.8554
492	0.7524	0.0	0.7524	0.8744	0.8677	1.181
493	0.6303	0.0	0.6303	0.5619	0.7641	0.7005
494	0.5603	0.0	0.5603	0.6475	0.6527	0.7087
495	0.9578	0.0	0.9578	0.6118	1.213	0.7112
496	0.5608	0.0	0.5608	0.5451	0.6332	0.6141
497	0.8269	0.0	0.8269	0.7657	1.059	1.001
498	0.4741	0.0	0.4741	0.7047	0.5337	0.8152
499	0.7503	0.0	0.7503	0.8717	0.8853	1.11
500	0.4889	0.0	0.4889	0.3995	0.5791	0.4691
501	0.4563	0.0	0.4563	0.6156	0.5338	0.7814
502	0.6859	0.0	0.6859	0.6998	0.8628	0.8765
503	0.4293	0.0	0.4293	0.771	0.4927	1.006
504	0.5854	0.0	0.5854	0.6024	0.638	0.6437
505	0.8942	0.0	0.8942	0.6477	1.236	0.8394
506	0.7433	0.0	0.7433	0.6105	0.8716	0.7656
507	0.6518	0.0	0.6518	0.6886	0.7749	0.8196
508	0.8078	0.0	0.8078	0.9654	1.067	1.188
509	0.3752	0.0	0.3752	0.6173	0.477	0.6599
510	0.6776	0.0	0.6776	0.8101	0.7552	1.048
511	0.5918	0.0	0.5918	0.7269	0.6925	0.8801
512	0.8327	0.0	0.8327	0.5883	1.07	0.7211
513	0.8605	0.0	0.8605	1.023	1.027	1.159
514	0.6043	0.0	0.6043	0.3949	0.7519	0.5228
515	0.8405	0.0	0.8405	0.9328	1.062	1.23
516	0.9232	0.0	0.9232	0.6752	1.265	0.8774
517	0.5501	0.0	0.5501	0.3483	0.6542	0.4144
518	0.636	0.0	0.636	0.5791	0.7803	0.7217
519	0.6318	0.0	0.6318	0.6699	0.7477	0.8267
520	0.7475	0.0	0.7475	0.8285	0.8726	0.9551
521	0.6679	0.0	0.6679	0.792	0.7603	0.9557
522	0.9677	0.0	0.9677	1.046	1.186	1.152
523	0.5248	0.0	0.5248	0.6737	0.6189	0.7262
524	0.7557	0.0	0.7557	0.772	0.9588	0.9647
525	0.6538	0.0	0.6538	0.5314	0.8074	0.5819
526	0.7661	0.0	0.7661	0.6767	0.9121	0.8579
527	0.5029	0.0	0.5029	0.646	0.6427	0.7399
528	0.7017	0.0	0.7017	0.755	0.837	0.9342
529	0.4988	0.0	0.4988	0.8625	0.627	1.037
530	0.7211	0.0	0.7211	0.6933	0.9208	0.8041
531	0.7561	0.0	0.7561	0.7641	0.8961	0.9008
532	0.8066	0.0	0.8066	0.8535	1.022	1.095
533	0.5117	0.0	0.5117	0.626	0.5576	0.7466
534	0.9438	0.0	0.9438	0.8123	1.127	1.06
535	0.6415	0.0	0.6415	0.5616	0.7912	0.6594
536	0.8383	0.0	0.8383	0.8396	1.007	1.026
537	0.7695	0.0	0.7695	0.9026	0.932	1.217
538	0.4548	0.0	0.4548	0.3924	0.5175	0.5181
539	0.7752	0.0	0.7752	0.8553	0.9101	1.101
540	0.5711	0.0	0.5711	0.5817	0.6035	0.6123
541	0.4567	0.0	0.4567	0.7463	0.5419	0.8896
542	0.8455	0.0	0.8455	0.6194	1.036	0.7961
543	0.602	0.0	0.602	0.9747	0.6631	1.297
544	0.9026	0.0	0.9026	0.975	1.264	1.188
545	0.7485	0.0	0.7485	0.639	0.8584	0.7237
546	0.6469	0.0	0.6469	0.7594	0.7503	0.9617
547	0.8382	0.0	0.8382	0.8281	1.074	1.043
548	0.6953	0.0	0.6953	0.5212	0.8668	0.5902
549	0.9014	0.0	0.9014	0.6758	1.093	0.8221
550	0.8452	0.0	0.8452	0.7016	1.023	0.8323
551	0.7835	0.0	0.7835	0.639	0.9757	0.7531
552	0.6995	0.0	0.6995	0.6014	0.8226	0.7352
553	0.9591	0.0	0.9591	0.8524	1.088	1.014
554	0.5348	0.0	0.5348	0.6494	0.6762	0.8303
555	0.713	0.0	0.713	0.5738	0.9189	0.6683
556	0.5796	0.0	0.5796	0.4869	0.728	0.5799
557	0.7432	0.0	0.7432	0.8197	0.8823	0.9357
558	0.6231	0.0	0.6231	0.6187	0.7572	0.7371
559	0.6564	0.0	0.6564	0.6042	0.7913	0.724
560	0.5021	0.0	0.5021	0.6565	0.5931	0.7377
561	0.8049	0.0	0.8049	0.688	0.968	0.8239
562	0.3746	0.0	0.3746	0.6179	0.4232	0.6033
563	0.8032	0.0	0.8032	0.6951	0.9805	0.8431
564	0.6912	0.0	0.6912	0.6064	0.7657	0.6576
565	0.8127	0.0	0.8127	0.842	0.9805	1.102
566	0.8834	0.0	0.8834	0.8004	1.183	1.057
567	0.5008	0.0	0.5008	0.4615	0.6211	0.5477
568	0.4619	0.0	0.4619	0.5763	0.511	0.6187
569	0.718	0.0	0.718	0.8244	0.9569	1.008
570	0.5792	0.0	0.5792	0.7963	0.7015	0.9257
571	0.6841	0.0	0.6841	0.6659	0.8478	0.7832
572	0.6215	0.0	0.6215	0.8601	0.7012	1.121
573	0.7163	0.0	0.7163	0.6366	0.8794	0.774
574	0.5445	0.0	0.5445	0.7907	0.6104	1.008
575	0.8119	0.0	0.8119	0.9447	1.001	1.133
576	0.7949	0.0	0.7949	0.6557	1.04	0.825
577	0.4819	0.0	0.4819	0.4031	0.605	0.4953
578	0.7468	0.0	0.7468	0.719	0.9088	0.8546
579	0.5854	0.0	0.5854	0.4648	0.7687	0.5489
580	0.5943	0.0	0.5943	0.7623	0.7059	0.9635
581	0.788	0.0	0.788	0.4543	0.9251	0.4982
582	0.5344	0.0	0.5344	0.7031	0.669	0.8479
583	0.717	0.0	0.717	0.7727	0.8332	0.969
584	0.4153	0.0	0.4153	0.8009	0.504	1.101
585	0.6201	0.0	0.6201	0.4731	0.7619	0.5539
586	0.6442	0.0	0.6442	0.7241	0.7483	0.9631
587	0.6707	0.0	0.6707	0.5168	0.7514	0.5442
588	0.783	0.0	0.783	0.7312	0.9703	0.8815
589	0.5438	0.0	0.5438	0.5242	0.6519	0.5662
590	0.6795	0.0	0.6795	0.7718	0.8248	0.8988
591	0.8137	0.0	0.8137	0.8983	0.9712	1.085
592	0.4627	0.0	0.4627	0.6541	0.5464	0.7352
593	0.6311	0.0	0.6311	0.7479	0.8395	0.8974
594	0.7341	0.0	0.7341	0.7593	0.9297	0.9548
595	0.7708	0.0	0.7708	0.7173	0.8425	0.8391
596	0.7324	0.0	0.7324	0.2181	0.8599	0.4692
597	0.5875	0.0	0.5875	0.78	0.6769	0.8894
598	0.4604	0.0	0.4604	0.4475	0.522	0.48
599	0.7361	0.0	0.7361	0.5443	0.9139	0.6546
600	0.6442	0.0	0.6442	0.3935	0.7721	0.4826
601	0.7563	0.0	0.7563	0.6054	0.9445	0.8259
602	0.8195	0.0	0.8195	0.6847	0.9951	0.7896
603	0.6567	0.0	0.6567	0.8377	0.8134	1.163
604	0.8296	0.0	0.8296	0.5257	1.014	0.6747
605	0.4971	0.0	0.4971	0.4821	0.5511	0.5944
606	0.6504	0.0	0.6504	0.6514	0.7807	0.8568
607	0.8537	0.0	0.8537	0.8426	1.088	0.9691
608	0.2997	0.0	0.2997	0.467	0.3655	0.5408
609	0.6917	0.0	0.6917	0.7209	0.898	0.8877
610	0.6536	0.0	0.6536	0.6058	0.8329	0.7222
611	0.5222	0.0	0.5222	0.7442	0.5888	0.9275
612	0.7063	0.0	0.7063	0.7472	0.8831	0.8809
613	0.4191	0.0	0.4191	0.3891	0.4818	0.4447
614	0.8039	0.0	0.8039	0.6802	1.006	0.85
615	0.5084	0.0	0.5084	0.6629	0.5882	0.8294
616	0.4922	0.0	0.4922	0.4219	0.6259	0.5179
617	0.7706	0.0	0.7706	0.7126	0.9798	0.8436
618	0.6745	0.0	0.6745	0.5914	0.831	0.703
619	0.819	0.0	0.819	0.836	1.004	1.022
620	0.81	0.0	0.81	0.669	1.077	0.7628
621	0.574	0.0	0.574	0.5444	0.6813	0.6759
622	0.5517	0.0	0.5517	0.8796	0.6616	0.9463
623	0.8717	0.0	0.8717	0.7116	1.028	0.8438
624	0.5628	0.0	0.5628	0.7402	0.6899	0.8842
625	0.7535	0.0	0.7535	0.543	0.9223	0.6751
626	0.9291	0.0	0.9291	0.3919	1.142	0.4605
627	0.3935	0.0	0.3935	0.4227	0.4448	0.4372
628	0.6217	0.0	0.6217	0.7546	0.6918	0.8738
629	0.5138	0.0	0.5138	0.5451	0.6328	0.6316
630	0.6523	0.0	0.6523	0.7167	0.7537	0.8839
631	0.9225	0.0	0.9225	0.6181	0.8632	0.5781
632	0.6938	0.0	0.6938	0.7442	0.7558	0.8648
633	0.6268	0.0	0.6268	0.412	0.7419	0.5382
634	0.7876	0.0	0.7876	0.5101	0.9519	0.6078
635	0.6995	0.0	0.6995	0.6943	0.8875	0.8732
636	0.9487	0.0	0.9487	0.699	1.258	0.9281
637	0.7224	0.0	0.7224	0.8416	0.9617	1.045
638	0.5259	0.0	0.5259	0.8407	0.6126	1.059
639	0.7489	0.0	0.7489	0.3824	1.078	0.4038
640	0.5105	0.0	0.5105	0.6507	0.5428	0.7926
641	0.7344	0.0	0.7344	0.7946	0.879	0.9107
642	0.4568	0.0	0.4568	0.2924	0.5221	0.3268
643	0.8644	0.0	0.8644	0.5487	0.9886	0.6384
644	0.7077	0.0	0.7077	0.5368	0.8435	0.5494
645	0.4974	0.0	0.4974	0.7788	0.6219	0.9286
646	0.516	0.0	0.516	0.4004	0.5597	0.4595
647	0.7478	0.0	0.7478	0.9226	0.9471	1.081
648	1.021	0.0	1.021	0.9226	1.361	1.124
649	0.6384	0.0	0.6384	0.564	0.7546	0.6607
650	0.8707	0.0	0.8707	0.6295	1.085	0.7357
651	0.8301	0.0	0.8301	0.8786	1.058	1.146
652	0.7104	0.0	0.7104	0.4552	0.8969	0.4662
653	0.7551	0.0	0.7551	0.7596	0.953	0.8566
654	0.8468	0.0	0.8468	0.8873	1.02	1.065
655	0.7934	0.0	0.7934	0.7309	0.9842	0.9732
656	0.7571	0.0	0.7571	0.5582	0.9431	0.7189
657	0.9008	0.0	0.9008	0.9717	1.085	1.123
658	0.5262	0.0	0.5262	0.513	0.6137	0.5621
659	0.6449	0.0	0.6449	0.3697	0.7782	0.4184
660	0.6599	0.0	0.6599	0.7262	0.7951	0.8933
661	0.6846	0.0	0.6846	0.7365	0.9176	1.005
662	0.5617	0.0	0.5617	0.4082	0.6681	0.4624
663	0.5106	0.0	0.5106	0.7649	0.6544	0.9276
664	0.4001	0.0	0.4001	0.5025	0.49	0.6542
665	0.7757	0.0	0.7757	0.8301	0.8931	1.006
666	0.4415	0.0	0.4415	0.6752	0.4981	0.8154
667	0.7652	0.0	0.7652	0.6434	0.889	0.7424
668	0.3579	0.0	0.3579	0.8801	0.4369	1.021
669	0.8036	0.0	0.8036	0.9096	1.021	1.156
670	0.7371	0.0	0.7371	0.6284	0.8561	0.7353
671	0.6333	0.0	0.6333	0.3542	0.9033	0.4006
672	0.6735	0.0	0.6735	0.8513	0.744	0.9988
673	0.7852	0.0	0.7852	0.6828	1.065	0.824
674	0.6619	0.0	0.6619	0.7033	0.7951	0.9942
675	0.7131	0.0	0.7131	0.7195	0.8353	0.8646
676	0.3123	0.0	0.3123	0.5198	0.3462	0.6094
677	0.8635	0.0	0.8635	0.7917	1.009	0.9435
678	0.7268	0.0	0.7268	0.6776	0.9265	0.7943
679	0.6592	0.0	0.6592	0.6465	0.7693	0.7685
680	0.8058	0.0	0.8058	0.6925	0.9966	0.9664
681	0.5491	0.0	0.5491	0.8928	0.6089	0.9083
682	0.8514	0.0	0.8514	0.5864	1.017	0.7183
683	0.6111	0.0	0.6111	0.7229	0.8222	0.8733
684	0.7042	0.0	0.7042	0.7561	0.87	0.9996
685	0.6016	0.0	0.6016	0.6522	0.7747	0.7772
686	0.5226	0.0	0.5226	0.5638	0.6173	0.7037
687	0.6864	0.0	0.6864	0.6608	0.8316	0.7989
688	0.5141	0.0	0.5141	0.5007	0.6201	0.6086
689	0.5362	0.0	0.5362	0.6695	0.6617	0.848
690	0.726	0.0	0.726	0.7501	0.9298	0.9753
691	0.4872	0.0	0.4872	0.3102	0.6092	0.3585
692	0.7484	0.0	0.7484	0.5722	0.8937	0.7143
693	0.619	0.0	0.619	0.4462	0.7796	0.5546
694	0.7557	0.0	0.7557	0.6089	0.959	0.7388
695	0.825	0.0	0.825	0.9868	0.9531	1.025
696	0.4563	0.0	0.4563	0.5803	0.494	0.6951
697	0.5474	0.0	0.5474	0.948	0.6889	1.072
698	0.712	0.0	0.712	0.6049	0.8598	0.7437
699	0.5367	0.0	0.5367	0.6785	0.6179	0.7803
700	0.7242	0.0	0.7242	0.764	0.849	0.9559
701	0.8302	0.0	0.8302	0.8762	0.9961	1.066
702	0.7488	0.0	0.7488	0.5323	0.8379	0.5682
703	0.7383	0.0	0.7383	0.8432	0.9203	1.14
704	0.4894	0.0	0.4894	0.7236	0.6337	0.9081
705	0.675	0.0	0.675	0.7336	0.8125	0.9724
706	0.8388	0.0	0.8388	0.7296	0.8783	0.8765
707	0.7806	0.0	0.7806	0.7521	0.9727	0.8898
708	0.451	0.0	0.451	0.5004	0.5076	0.5571
709	0.4875	0.0	0.4875	0.5925	0.5434	0.7092
710	0.824	0.0	0.824	0.6764	1.025	0.8752
711	0.6893	0.0	0.6893	0.8352	0.8624	1.13
712	0.6875	0.0	0.6875	0.4368	0.8595	0.4786
713	0.664	0.0	0.664	0.8794	0.9128	1.114
714	0.7447	0.0	0.7447	0.799	0.9301	0.9329
715	0.6401	0.0	0.6401	0.6168	0.7326	0.6706
716	0.8512	0.0	0.8512	0.7711	1.072	0.9567
717	0.4876	0.0	0.4876	0.4618	0.5018	0.5463
718	0.7023	0.0	0.7023	0.8131	0.8287	0.9562
719	0.4234	0.0	0.4234	0.5854	0.5733	0.7457
720	0.3672	0.0	0.3672	0.6669	0.3999	0.7248
721	0.8557	0.0	0.8557	0.5898	1.049	0.7136
722	0.527	0.0	0.527	0.2793	0.6078	0.3563
723	0.804	0.0	0.804	0.8252	1.011	1.003
724	0.6409	0.0	0.6409	0.5436	0.8347	0.6633
725	0.467	0.0	0.467	0.5758	0.5181	0.6741
726	0.6416	0.0	0.6416	0.5762	0.7398	0.587
727	0.6641	0.0	0.6641	0.8642	0.7842	1.109
728	0.7862	0.0	0.7862	0.8005	1.017	1.118
729	0.5047	0.0	0.5047	0.5319	0.5797	0.5809
730	0.5733	0.0	0.5733	0.979	0.6741	1.078
731	0.6058	0.0	0.6058	0.3936	0.6864	0.4731
732	0.7717	0.0	0.7717	0.4902	0.9386	0.5831
733	0.4477	0.0	0.4477	0.4233	0.5375	0.5056
734	0.6662	0.0	0.6662	0.5688	0.8015	0.7347
735	0.6741	0.0	0.6741	0.4388	0.7953	0.5684
736	0.8713	0.0	0.8713	0.7679	1.028	0.9243
737	0.7289	0.0	0.7289	0.6218	0.8532	0.7786
738	1.031	0.0	1.031	0.8145	1.216	1.007
739	0.7898	0.0	0.7898	0.748	0.9158	0.9327
740	0.6951	0.0	0.6951	0.7972	0.841	1.021
741	0.5258	0.0	0.5258	0.6825	0.6411	0.9112
742	0.7183	0.0	0.7183	0.8098	0.9005	1.077
743	0.5896	0.0	0.5896	0.4548	0.6938	0.5284
744	0.8454	0.0	0.8454	0.7198	1.039	0.8567
745	0.7098	0.0	0.7098	0.4153	0.8438	0.4959
746	0.5398	0.0	0.5398	0.3557	0.6085	0.4874
747	0.791	0.0	0.791	0.8403	0.9299	1.016
748	0.5253	0.0	0.5253	0.4821	0.6403	0.5538
749	0.6377	0.0	0.6377	0.6559	0.7826	0.7965
750	0.7232	0.0	0.7232	0.8505	0.85	1.064
751	0.7506	0.0	0.7506	0.7914	0.9159	0.9388
752	0.666	0.0	0.666	0.8995	0.7749	1.136
753	0.6097	0.0	0.6097	0.6387	0.7555	0.7274
754	0.7824	0.0	0.7824	0.6949	0.9231	0.8567
755	0.8788	0.0	0.8788	0.7791	1.128	0.9952
756	0.7737	0.0	0.7737	0.5696	0.7771	0.6309
757	0.7999	0.0	0.7999	0.9298	0.9901	1.084
758	0.8863	0.0	0.8863	0.7345	1.028	0.96
759	0.795	0.0	0.795	0.6761	0.9848	0.8577
760	0.7955	0.0	0.7955	0.6973	1.001	0.878
761	0.7208	0.0	0.7208	0.6996	0.8729	0.8564
762	0.6309	0.0	0.6309	0.5141	0.7358	0.6535
763	0.6746	0.0	0.6746	0.6351	0.7957	0.7532
764	0.5376	0.0	0.5376	0.5553	0.6415	0.6268
765	0.4528	0.0	0.4528	0.7074	0.5202	0.9285
766	0.5681	0.0	0.5681	0.8196	0.7217	0.8472
767	0.7045	0.0	0.7045	0.648	0.9089	0.8508
768	0.5656	0.0	0.5656	0.4993	0.6907	0.5669
769	0.8662	0.0	0.8662	0.6159	0.9803	0.7199
770	0.4615	0.0	0.4615	0.5147	0.5557	0.5655
771	0.4099	0.0	0.4099	0.6441	0.4668	0.8258
772	0.5238	0.0	0.5238	0.4547	0.6096	0.5214
773	0.8149	0.0	0.8149	0.5621	0.9752	0.6467
774	0.7858	0.0	0.7858	0.7812	0.9844	0.9207
775	0.6192	0.0	0.6192	0.5979	0.7272	0.7385
776	0.6745	0.0	0.6745	0.6768	0.8393	0.8544
777	0.7503	0.0	0.7503	0.6019	0.9162	0.758
778	0.6881	0.0	0.6881	0.6594	0.9181	0.7761
779	0.6146	0.0	0.6146	0.8505	0.7189	0.9933
780	0.5039	0.0	0.5039	0.5955	0.6351	0.7537
781	0.7565	0.0	0.7565	0.7598	0.9254	0.9041
782	0.6159	0.0	0.6159	0.6483	0.773	0.7971
783	0.7819	0.0	0.7819	0.5001	0.9085	0.603
784	0.7014	0.0	0.7014	0.6978	0.8543	0.9785
785	0.4739	0.0	0.4739	0.4441	0.5384	0.4497
786	0.6561	0.0	0.6561	0.7068	0.7548	0.8575
787	0.8545	0.0	0.8545	0.7781	1.107	0.9836
788	0.5204	0.0	0.5204	0.5011	0.6309	0.5841
789	0.8535	0.0	0.8535	0.8399	1.045	1.049
790	0.6152	0.0	0.6152	0.6315	0.7415	0.7581
791	0.6695	0.0	0.6695	0.6571	0.8091	0.7639
792	0.6302	0.0	0.6302	0.7737	0.7481	0.9417
793	0.5259	0.0	0.5259	0.655	0.6086	0.7926
794	0.6164	0.0	0.6164	0.704	0.762	0.8662
795	0.4116	0.0	0.4116	0.3707	0.4531	0.3937
796	0.8046	0.0	0.8046	0.6866	0.9653	0.9185
797	0.4856	0.0	0.4856	0.7393	0.5914	0.875
798	0.7593	0.0	0.7593	0.6693	0.9185	0.8142
799	0.7824	0.0	0.7824	0.735	0.9662	0.8684
800	0.4752	0.0	0.4752	0.5052	0.5519	0.5526
801	0.6635	0.0	0.6635	0.7343	0.8166	0.7873
802	0.7983	0.0	0.7983	0.7421	0.9496	0.8943
803	0.87	0.0	0.87	0.5384	0.9946	0.6664
804	0.8074	0.0	0.8074	0.6543	0.9918	0.8326
805	0.4602	0.0	0.4602	0.5721	0.5602	0.7202
806	0.5391	0.0	0.5391	0.574	0.6156	0.739
807	0.7541	0.0	0.7541	0.7551	0.9402	0.9654
808	0.5387	0.0	0.5387	0.5256	0.6468	0.5991
809	0.7567	0.0	0.7567	0.7892	0.9453	0.9922
810	0.5249	0.0	0.5249	0.6348	0.6034	0.7197
811	0.7777	0.0	0.7777	0.7957	0.963	0.9477
812	0.6376	0.0	0.6376	0.409	0.757	0.5252
813	0.4305	0.0	0.4305	0.4729	0.5118	0.5063
814	0.7721	0.0	0.7721	0.826	0.9242	1.034
815	0.563	0.0	0.563	0.486	0.6973	0.582
816	0.5507	0.0	0.5507	0.4362	0.6305	0.4836
817	0.7254	0.0	0.7254	0.4829	0.8946	0.7377
818	0.6774	0.0	0.6774	0.5478	0.7805	0.6391
819	0.6138	0.0	0.6138	0.6006	0.7049	0.7012
820	0.7255	0.0	0.7255	0.6767	0.9428	0.8555
821	0.4532	0.0	0.4532	0.4444	0.5439	0.5146
822	0.7857	0.0	0.7857	0.5781	0.9825	0.7121
823	0.5682	0.0	0.5682	0.5909	0.6656	0.8185
824	0.4688	0.0	0.4688	0.4914	0.548	0.5734
825	0.8776	0.0	0.8776	0.7501	1.108	0.9641
826	0.7172	0.0	0.7172	0.3516	0.9066	0.4427
827	0.7038	0.0	0.7038	0.8676	0.9503	1.047
828	0.6713	0.0	0.6713	0.5863	0.7894	0.7364
829	0.7313	0.0	0.7313	0.4717	0.9625	0.5342
830	0.4355	0.0	0.4355	0.5319	0.5074	0.6388
831	0.747	0.0	0.747	0.7782	0.8641	0.868
832	0.714	0.0	0.714	0.6693	0.8058	0.8738
833	0.6477	0.0	0.6477	0.6936	0.7572	0.8704
834	0.8284	0.0	0.8284	0.7878	1.048	0.9485
835	0.4192	0.0	0.4192	0.4438	0.4741	0.5105
836	0.7843	0.0	0.7843	0.3603	0.9412	0.41
837	0.422	0.0	0.422	0.437	0.4951	0.5066
838	0.666	0.0	0.666	0.7398	0.733	0.9165
839	0.7113	0.0	0.7113	0.4568	0.7889	0.5088
840	0.7707	0.0	0.7707	0.7866	0.8954	0.965
841	0.596	0.0	0.596	0.4258	0.6656	0.4579
842	0.9346	0.0	0.9346	0.3796	1.176	0.4664
843	0.7333	0.0	0.7333	0.7465	0.9174	0.8847
844	0.856	0.0	0.856	0.801	1.067	0.9791
845	0.4895	0.0	0.4895	0.3799	0.5952	0.4352
846	0.7641	0.0	0.7641	0.7319	0.9829	0.9303
847	0.4106	0.0	0.4106	0.4407	0.464	0.4922
848	0.4679	0.0	0.4679	0.7586	0.5387	0.9639
849	0.6879	0.0	0.6879	0.7869	0.8201	0.8837
850	0.6338	0.0	0.6338	0.4376	0.7247	0.5241
851	0.5581	0.0	0.5581	0.7199	0.6909	0.8953
852	0.4438	0.0	0.4438	0.5205	0.6011	0.6401
853	0.6289	0.0	0.6289	0.4172	0.7718	0.4897
854	0.6032	0.0	0.6032	0.6494	0.7831	0.8151
855	0.6662	0.0	0.6662	0.818	0.806	0.9644
856	0.8727	0.0	0.8727	0.8131	1.058	1.05
857	0.5699	0.0	0.5699	0.6341	0.6833	0.7309
858	0.4877	0.0	0.4877	0.7865	0.5533	0.9171
859	0.6971	0.0	0.6971	0.8373	0.8809	1.017
860	0.5457	0.0	0.5457	0.4901	0.6757	0.5122
861	0.7384	0.0	0.7384	0.6443	0.8941	0.7441
862	0.8009	0.0	0.8009	0.7345	0.9985	0.9005
863	0.7265	0.0	0.7265	0.8438	1.04	1.091
864	0.7136	0.0	0.7136	0.6978	0.8434	0.8278
865	0.6856	0.0	0.6856	0.8395	0.8152	1.019
866	0.7315	0.0	0.7315	0.6516	0.8347	0.7343
867	0.6443	0.0	0.6443	0.6495	0.8249	0.7587
868	0.6361	0.0	0.6361	0.5871	0.766	0.6988
869	0.6325	0.0	0.6325	0.5714	0.7713	0.7155
870	0.8924	0.0	0.8924	0.5753	1.121	0.7601
871	0.6122	0.0	0.6122	0.3591	0.7544	0.3912
872	0.5716	0.0	0.5716	0.5118	0.6277	0.5983
873	0.7591	0.0	0.7591	0.7968	0.9629	0.9454
874	0.4309	0.0	0.4309	0.4452	0.4563	0.5062
875	0.5814	0.0	0.5814	0.635	0.7483	0.7431
876	0.6002	0.0	0.6002	0.5728	0.6424	0.6846
877	0.5899	0.0	0.5899	0.7243	0.7072	0.8504
878	0.8616	0.0	0.8616	0.8326	1.213	1.012
879	0.5347	0.0	0.5347	0.4902	0.5924	0.6048
880	0.593	0.0	0.593	0.7456	0.6752	0.8926
881	0.7463	0.0	0.7463	0.732	0.864	0.876
882	0.7494	0.0	0.7494	0.6054	0.9052	0.7079
883	0.711	0.0	0.711	0.7232	0.8059	0.8216
884	0.5474	0.0	0.5474	0.6829	0.6449	0.8698
885	0.7219	0.0	0.7219	0.6812	0.843	0.8484
886	0.6667	0.0	0.6667	0.5021	0.834	0.5438
887	0.5932	0.0	0.5932	0.7961	0.6835	0.9446
888	0.6498	0.0	0.6498	0.712	0.8152	0.9079
889	0.5196	0.0	0.5196	0.4622	0.581	0.5022
890	0.5443	0.0	0.5443	0.5907	0.6272	0.748
891	0.9796	0.0	0.9796	0.7464	1.241	0.9663
892	0.7033	0.0	0.7033	0.3856	0.8404	0.4821
893	0.7031	0.0	0.7031	0.8476	0.8881	1.125
894	0.6193	0.0	0.6193	0.6365	0.7283	0.8162
895	0.7714	0.0	0.7714	0.6603	0.9155	0.8057
896	0.4208	0.0	0.4208	0.5413	0.4814	0.5997
897	0.6686	0.0	0.6686	0.6119	0.8041	0.7117
898	0.844	0.0	0.844	0.6303	1.016	0.8077
899	0.5517	0.0	0.5517	0.5657	0.5743	0.6394
900	0.7666	0.0	0.7666	0.7845	0.999	0.9132
901	0.6794	0.0	0.6794	0.546	0.7826	0.6135
902	0.7094	0.0	0.7094	0.7677	0.8874	0.9109
903	0.6398	0.0	0.6398	0.655	0.8281	0.8022
904	0.4681	0.0	0.4681	0.6216	0.5774	0.6668
905	0.6258	0.0	0.6258	0.4643	0.7161	0.5981
906	0.6943	0.0	0.6943	0.5542	0.8863	0.6769
907	0.5245	0.0	0.5245	0.5012	0.7516	0.5361
908	0.729	0.0	0.729	0.5499	0.8294	0.6431
909	0.5374	0.0	0.5374	0.5608	0.5596	0.6586
910	0.4185	0.0	0.4185	0.299	0.5389	0.3242
911	0.6707	0.0	0.6707	0.7504	0.8624	0.9318
912	0.449	0.0	0.449	0.5832	0.5134	0.6556
913	0.8034	0.0	0.8034	0.8229	0.9658	0.995
914	0.7171	0.0	0.7171	0.5715	0.8044	0.7567
915	0.7929	0.0	0.7929	0.5436	0.97	0.6909
916	0.5065	0.0	0.5065	0.4429	0.6095	0.5078
917	0.5529	0.0	0.5529	0.4035	0.6188	0.4473
918	0.3463	0.0	0.3463	0.7013	0.38	0.8912
919	0.7825	0.0	0.7825	0.7139	0.9244	0.8739
920	0.4963	0.0	0.4963	0.4767	0.6006	0.535
921	0.7098	0.0	0.7098	0.6179	0.9036	0.7934
922	0.5988	0.0	0.5988	0.6112	0.724	0.8345
923	0.6317	0.0	0.6317	0.6184	0.7525	0.7514
924	0.6781	0.0	0.6781	0.7454	0.8627	0.8908
925	0.4572	0.0	0.4572	0.3848	0.5217	0.427
926	0.5232	0.0	0.5232	0.5927	0.609	0.7297
927	0.5483	0.0	0.5483	0.5607	0.6508	0.7031
928	0.4958	0.0	0.4958	0.6603	0.5715	0.8221
929	0.6612	0.0	0.6612	0.6704	0.8862	0.8339
930	0.6785	0.0	0.6785	0.5747	0.8359	0.7369
931	0.8086	0.0	0.8086	0.7686	1.042	0.9554
932	0.8088	0.0	0.8088	0.7084	1.055	0.9265
933	0.691	0.0	0.691	0.5187	1.003	0.6063
934	0.3206	0.0	0.3206	0.4661	0.3469	0.4963
935	0.7937	0.0	0.7937	0.6155	0.9638	0.7125
936	0.7167	0.0	0.7167	0.6925	0.8391	0.739
937	0.4748	0.0	0.4748	0.6177	0.5267	0.8132
938	0.8278	0.0	0.8278	0.8036	0.9675	0.9434
939	0.4669	0.0	0.4669	0.6331	0.5517	0.7143
940	0.6173	0.0	0.6173	0.4859	0.7563	0.576
941	0.5905	0.0	0.5905	0.462	0.7484	0.5263
942	0.7753	0.0	0.7753	0.6321	0.9429	0.8146
943	0.4314	0.0	0.4314	0.4149	0.5289	0.4736
944	0.7621	0.0	0.7621	0.6768	0.897	0.7707
945	0.5041	0.0	0.5041	0.3844	0.57	0.4534
946	0.8452	0.0	0.8452	0.7275	1.029	0.9524
947	0.6653	0.0	0.6653	0.7105	0.8559	0.8548
948	0.7522	0.0	0.7522	0.702	0.8939	0.8758
949	0.7059	0.0	0.7059	0.7726	0.8578	0.9705
950	0.7558	0.0	0.7558	0.7532	0.9797	0.9613
951	0.5325	0.0	0.5325	0.4389	0.6481	0.5032
952	0.754	0.0	0.754	0.7619	0.8802	0.8752
953	0.4277	0.0	0.4277	0.5078	0.4806	0.5832
954	0.4401	0.0	0.4401	0.4903	0.4836	0.578
955	0.6732	0.0	0.6732	0.5362	0.8461	0.6527
956	0.4801	0.0	0.4801	0.5914	0.5551	0.6921
957	0.5633	0.0	0.5633	0.385	0.6768	0.4537
958	0.8074	0.0	0.8074	0.6704	1.026	0.7794
959	0.6595	0.0	0.6595	0.6596	0.7878	0.7892
960	0.5766	0.0	0.5766	0.6389	0.6833	0.7656
961	0.5865	0.0	0.5865	0.5831	0.686	0.6619
962	0.6186	0.0	0.6186	0.6327	0.7294	0.731
963	0.7369	0.0	0.7369	0.8211	0.9216	1.034
964	0.599	0.0	0.599	0.5587	0.6686	0.5765
965	0.6495	0.0	0.6495	0.5159	0.8041	0.6081
966	0.707	0.0	0.707	0.8256	0.9021	1.07
967	0.625	0.0	0.625	0.9041	0.7774	1.183
968	0.6526	0.0	0.6526	0.4489	0.8257	0.5373
969	0.8592	0.0	0.8592	0.5621	1.101	0.6641
970	0.4551	0.0	0.4551	0.5797	0.5191	0.666
971	0.5971	0.0	0.5971	0.664	0.7547	0.7901
972	0.434	0.0	0.434	0.6629	0.4931	0.7624
973	0.6232	0.0	0.6232	0.644	0.724	0.8226
974	0.6287	0.0	0.6287	0.7177	0.7356	0.9642
975	0.5556	0.0	0.5556	0.6109	0.6385	0.6777
976	0.3775	0.0	0.3775	0.639	0.4714	0.8058
977	0.7446	0.0	0.7446	0.7818	0.9288	0.9955
978	0.3702	0.0	0.3702	0.4041	0.4253	0.4458
979	0.5068	0.0	0.5068	0.6276	0.5866	0.8169
980	0.5222	0.0	0.5222	0.4522	0.5962	0.5523
981	0.6707	0.0	0.6707	0.6312	0.8103	0.7892
982	0.7618	0.0	0.7618	0.9724	0.9717	1.102
983	0.5093	0.0	0.5093	0.8093	0.5427	0.9462
984	0.5712	0.0	0.5712	0.5643	0.7062	0.6775
985	0.7579	0.0	0.7579	0.7378	0.9876	0.9303
986	0.6369	0.0	0.6369	0.5338	0.7952	0.6268
987	0.7572	0.0	0.7572	0.7022	0.8978	0.8934
988	0.4976	0.0	0.4976	0.5316	0.5707	0.6252
989	0.7017	0.0	0.7017	0.6768	0.8281	0.7864
990	0.7197	0.0	0.7197	0.6305	0.9124	0.7895
991	0.7544	0.0	0.7544	0.7504	0.888	0.8754
992	0.6463	0.0	0.6463	0.627	0.7244	0.7944
993	0.5244	0.0	0.5244	0.595	0.5552	0.6248
994	0.5951	0.0	0.5951	0.6531	0.7155	0.754
995	0.4501	0.0	0.4501	0.7997	0.5421	0.9485
996	0.5736	0.0	0.5736	0.6601	0.6158	0.7529
997	0.5692	0.0	0.5692	0.6025	0.6253	0.7356
998	0.5401	0.0	0.5401	0.5549	0.6561	0.6153
999	0.6576	0.0	0.6576	0.614	0.8032	0.7181
1000	0.6226	0.0	0.6226	0.721	0.7733	0.8174
1001	0.6584	0.0	0.6584	0.5598	0.7837	0.6801
1002	0.3351	0.0	0.3351	0.5687	0.3738	0.7201
1003	0.3072	0.0	0.3072	0.4853	0.3531	0.4925
1004	0.6448	0.0	0.6448	0.8262	0.8267	0.9446
1005	0.5808	0.0	0.5808	0.5787	0.736	0.7532
1006	0.6023	0.0	0.6023	0.6626	0.6826	0.7619
1007	0.5786	0.0	0.5786	0.6647	0.7554	0.8375
1008	0.4278	0.0	0.4278	0.4438	0.5095	0.5386
1009	0.3907	0.0	0.3907	0.3887	0.4431	0.4573
1010	0.671	0.0	0.671	0.6482	0.7738	0.7708
1011	0.5888	0.0	0.5888	0.5561	0.6299	0.606
1012	0.5918	0.0	0.5918	0.7324	0.7735	0.8996
1013	0.5002	0.0	0.5002	0.7112	0.617	0.8807
1014	0.5517	0.0	0.5517	0.4449	0.6599	0.4711
1015	0.7611	0.0	0.7611	0.5439	0.9222	0.6562
1016	0.5675	0.0	0.5675	0.6432	0.7243	0.7608
1017	0.7497	0.0	0.7497	0.7801	0.8899	0.8567
1018	0.5956	0.0	0.5956	0.454	0.6756	0.5738
1019	0.6187	0.0	0.6187	0.8342	0.7487	1.069
1020	0.5321	0.0	0.5321	0.2571	0.5841	0.3212
1021	0.4353	0.0	0.4353	0.7204	0.4694	0.8821
1022	0.608	0.0	0.608	0.6119	0.8095	0.7891
1023	0.7297	0.0	0.7297	0.7576	0.8898	0.9314
1024	0.4185	0.0	0.4185	0.2576	0.4792	0.3099
1025	0.7295	0.0	0.7295	0.5905	0.9787	0.7168
1026	0.5238	0.0	0.5238	0.6037	0.6318	0.7166
1027	0.7817	0.0	0.7817	0.6265	0.9425	0.7805
1028	0.7179	0.0	0.7179	0.7416	0.912	0.9234
1029	0.4966	0.0	0.4966	0.5187	0.5931	0.6607
1030	0.7054	0.0	0.7054	0.7318	0.8415	0.8662
1031	0.3848	0.0	0.3848	0.4417	0.3966	0.4656
1032	0.4344	0.0	0.4344	0.4191	0.483	0.4465
1033	0.7721	0.0	0.7721	0.7467	0.9328	0.9771
1034	0.6904	0.0	0.6904	0.3373	0.862	0.363
1035	0.8435	0.0	0.8435	0.7345	1.059	0.8526
1036	0.5282	0.0	0.5282	0.5647	0.7148	0.7762
1037	0.7109	0.0	0.7109	0.4585	0.9339	0.5463
1038	0.4984	0.0	0.4984	0.533	0.5807	0.65
1039	0.6058	0.0	0.6058	0.7148	0.7274	0.8598
1040	0.814	0.0	0.814	0.6501	0.9047	0.7476
