Step	Loss
1	2.6882
2	4.2871
3	4.4148
4	4.6221
5	4.1435
6	5.0373
7	1.071
8	2.1337
9	4.0531
10	10.6275
11	3.9695
12	1.9657
13	4.3034
14	2.8809
15	4.3599
16	6.4314
17	5.282
18	4.1364
19	4.1071
20	3.491
21	3.8794
22	2.2826
23	4.0234
24	4.1211
25	4.618
26	3.9052
27	3.9434
28	3.5939
29	1.7313
30	4.4745
31	4.3005
32	4.4895
33	2.7386
34	3.1204
35	3.1927
36	1.2417
37	0.9224
38	1.9474
39	5.0897
40	4.2583
41	3.4269
42	3.8743
43	4.4551
44	1.0347
45	3.5205
46	1.0529
47	4.2346
48	4.5737
49	2.7771
50	1.953
51	0.4542
52	4.123
53	4.6735
54	2.6334
55	4.5128
56	4.8611
57	2.5707
58	3.0794
59	1.6485
60	3.5282
61	4.2762
62	2.8947
63	4.9563
64	3.1426
65	1.4302
66	4.1389
67	2.6706
68	1.0858
69	4.0639
70	3.9566
71	0.8082
72	2.3357
73	1.7474
74	2.3577
75	4.4433
76	2.7723
77	4.063
78	2.1327
79	8.3283
80	3.4566
81	5.7567
82	4.7735
83	3.4218
84	2.8953
85	4.0636
86	2.1679
87	3.8282
88	1.63
89	1.7183
90	3.5763
91	2.627
92	2.2123
93	2.651
94	3.6522
95	3.0522
96	1.9644
97	4.1755
98	2.1247
99	4.1569
100	3.5858
101	2.1305
102	3.8491
103	1.6471
104	3.3357
105	1.2079
106	3.8454
107	4.1982
108	1.899
109	3.6305
110	4.6694
111	0.6086
112	1.0108
113	3.6486
114	5.6923
115	3.6566
116	1.4434
117	4.0669
118	1.6807
119	3.978
120	4.5652
121	4.6446
122	3.7662
123	3.85
124	3.0051
125	3.6596
126	2.1597
127	3.4814
128	3.9327
129	4.1917
130	3.7743
131	3.7888
132	3.2923
133	1.36
134	4.3127
135	4.1344
136	4.2945
137	1.9946
138	3.068
139	2.7756
140	1.4719
141	0.6564
142	2.115
143	4.667
144	4.0852
145	3.153
146	3.6966
147	4.2907
148	0.8488
149	2.6571
150	0.7677
151	3.9343
152	4.609
153	2.5993
154	1.6793
155	0.5923
156	4.0117
157	4.4398
158	2.3503
159	4.3299
160	4.3787
161	2.3962
162	2.9207
163	1.3819
164	3.4124
165	4.0021
166	2.2406
167	3.4711
168	3.0141
169	1.4496
170	3.9355
171	2.5284
172	0.9956
173	3.2887
174	3.7495
175	1.0643
176	2.2657
177	1.7194
178	2.2918
179	4.3028
180	2.8024
181	3.9603
182	1.6467
183	6.5406
184	3.4408
185	5.3916
186	4.6895
187	3.3847
188	2.8044
189	3.8546
190	2.547
191	3.6465
192	1.7427
193	1.5885
194	3.5083
195	2.4442
196	2.126
197	2.6602
198	3.4541
199	2.767
200	1.3664
201	3.9774
202	2.1414
203	4.1006
204	3.0171
205	2.1454
206	3.7093
207	1.2496
208	3.1441
209	0.9741
210	3.7371
211	3.9709
212	1.4822
213	3.4671
214	4.4118
215	0.568
216	1.0466
217	3.5721
218	5.4698
219	3.5108
220	1.4295
221	4.0128
222	1.0726
223	3.4962
224	5.4167
225	4.2391
226	3.7206
227	3.7097
228	2.6254
229	3.5902
230	1.8503
231	3.3694
232	3.7678
233	4.0847
234	3.5478
235	3.6184
236	3.2212
237	1.1649
238	4.1642
239	3.947
240	4.0552
241	2.0349
242	1.9947
243	2.5475
244	0.9095
245	0.5572
246	2.0815
247	4.4416
248	3.981
249	3.3024
250	3.6409
251	4.1828
252	0.5596
253	2.8365
254	0.7127
255	3.8324
256	4.0034
257	2.4556
258	1.6536
259	0.3615
260	3.8625
261	4.1577
262	2.1902
263	4.0555
264	4.3692
265	2.279
266	2.7263
267	1.3675
268	3.4514
269	3.8932
270	1.9608
271	4.0865
272	2.9748
273	1.3257
274	3.8183
275	2.531
276	0.863
277	3.2492
278	3.6334
279	1.1079
280	2.3369
281	1.5924
282	2.2775
283	4.2888
284	2.7093
285	3.968
286	1.1692
287	7.3473
288	3.3316
289	4.9184
290	4.5652
291	2.8607
292	2.6944
293	3.8972
294	2.506
295	3.5786
296	1.3379
297	1.4621
298	3.3092
299	2.2306
300	2.1393
301	2.432
302	3.4223
303	2.6211
304	0.7114
305	3.6853
306	2.0407
307	3.8315
308	2.8336
309	1.5961
310	3.7286
311	0.9513
312	3.1471
313	1.0403
314	3.6642
315	3.9224
316	1.175
317	3.5052
318	4.4009
319	0.5018
320	0.895
321	3.6322
322	4.9226
323	3.3424
324	1.1314
325	3.9749
326	0.8838
327	3.7644
328	4.0649
329	4.2778
330	3.5996
331	3.593
332	2.5534
333	3.4065
334	1.8103
335	3.0818
336	3.6769
337	4.0612
338	3.4907
339	3.498
340	3.1339
341	1.0093
342	4.0282
343	3.7994
344	4.0807
345	1.8857
346	2.3781
347	2.3969
348	1.1866
349	0.5882
350	1.9058
351	4.3122
352	3.8762
353	3.0359
354	3.4915
355	4.1015
356	0.5383
357	2.7462
358	0.8708
359	3.5774
360	4.0639
361	2.2958
362	1.5099
363	0.4103
364	3.8541
365	4.2625
366	2.056
367	3.8617
368	3.3729
369	2.1805
370	2.7748
371	1.5142
372	3.2612
373	3.908
374	1.7074
375	3.3977
376	2.8553
377	1.3044
378	3.6885
379	2.6683
380	0.8447
381	2.8485
382	3.6336
383	0.7461
384	2.1851
385	1.6115
386	2.0958
387	4.1662
388	2.5393
389	3.8388
390	1.3967
391	6.9597
392	3.3538
393	4.4094
394	4.3029
395	2.7275
396	2.8442
397	3.5438
398	2.3054
399	3.5387
400	1.3968
401	1.704
402	3.1185
403	2.3597
404	1.985
405	2.3859
406	3.4086
407	2.5707
408	0.5631
409	3.5031
410	2.0773
411	3.6904
412	2.3727
413	1.8012
414	3.6286
415	0.6374
416	3.0652
417	1.0458
418	3.5088
419	3.8656
420	1.1022
421	3.339
422	4.1482
423	0.5459
424	1.0012
425	3.4641
426	5.8718
427	3.2311
428	1.1526
429	3.8993
430	0.9806
431	3.5599
432	4.2118
433	4.066
434	3.5644
435	3.5743
436	2.5876
437	3.4539
438	1.6694
439	3.2344
440	3.6608
441	4.0502
442	3.4013
443	3.5396
444	2.9612
445	1.0655
446	3.9738
447	3.7039
448	3.3826
449	1.7259
450	2.2797
451	2.4727
452	0.923
453	0.5664
454	1.8585
455	4.2643
456	3.7875
457	3.0961
458	3.3356
459	4.0537
460	0.6358
461	2.4335
462	0.727
463	3.7596
464	3.8284
465	2.5239
466	1.6574
467	0.3762
468	3.7823
469	4.0936
470	2.1054
471	3.8079
472	3.3039
473	2.1243
474	2.7047
475	1.3652
476	3.3054
477	3.8128
478	1.7666
479	2.8587
480	2.7611
481	1.2348
482	3.6404
483	2.6364
484	0.833
485	2.7298
486	3.4565
487	0.8487
488	2.1988
489	1.4256
490	1.9405
491	4.0326
492	2.6251
493	3.8347
494	1.5388
495	6.713
496	3.1743
497	4.3471
498	4.1567
499	2.7539
500	2.5761
501	3.4345
502	2.1856
503	3.5152
504	1.5864
505	1.6445
506	3.1802
507	2.4304
508	1.8389
509	2.5453
510	3.212
511	2.3831
512	0.455
513	3.3801
514	1.8905
515	3.5383
516	2.4823
517	1.6457
518	3.551
519	0.5621
520	3.0267
521	0.9587
522	3.5184
523	3.7794
524	0.8371
525	3.1304
526	4.1739
527	0.4927
528	0.7936
529	3.5449
530	4.4676
531	3.2753
532	1.2699
533	3.8326
534	0.5131
535	3.3525
536	3.6109
537	4.1465
538	3.5838
539	3.5026
540	2.6125
541	3.3826
542	1.6456
543	3.1412
544	3.5889
545	3.9357
546	3.3606
547	3.435
548	3.0366
549	1.1341
550	4.0228
551	3.6806
552	3.6472
553	1.685
554	1.6364
555	2.4449
556	0.7352
557	0.5265
558	1.827
559	3.9617
560	3.8115
561	3.0063
562	3.3758
563	4.0432
564	0.4462
565	2.7327
566	0.5223
567	3.47
568	4.0361
569	2.3454
570	1.5162
571	0.3894
572	3.8192
573	4.1217
574	2.0761
575	3.8084
576	3.6914
577	2.1403
578	2.479
579	1.4762
580	3.0469
581	3.821
582	1.3191
583	3.2104
584	2.6917
585	1.2778
586	3.5492
587	2.7311
588	0.8332
589	2.2537
590	3.3334
591	0.5279
592	2.0729
593	1.4354
594	1.9873
595	3.9372
596	2.6686
597	3.7997
598	1.1996
599	6.7289
600	3.1619
601	4.0254
602	4.3237
603	2.6473
604	2.6762
605	3.3772
606	2.4021
607	3.4523
608	1.1921
609	1.3498
610	2.9844
611	2.2269
612	1.7764
613	2.5253
614	3.2535
615	2.4929
616	0.343
617	3.1829
618	2.0347
619	3.5606
620	2.0337
621	1.6824
622	3.4994
623	0.4753
624	3.0387
625	0.8206
626	3.374
627	3.795
628	0.7261
629	3.2583
630	4.1649
631	0.5062
632	0.8806
633	3.45
634	4.7769
635	3.3379
636	1.1038
637	3.8898
638	0.5624
639	3.2643
640	2.9454
641	4.148
642	3.3896
643	3.4191
644	2.4938
645	3.3427
646	1.8386
647	3.1154
648	3.3029
649	3.8802
650	3.3729
651	3.4704
652	2.8478
653	1.1452
654	3.8889
655	3.5498
656	3.8227
657	1.5181
658	1.5981
659	2.2386
660	0.5937
661	0.381
662	1.5627
663	3.9817
664	3.7918
665	3.0798
666	3.3273
667	3.9554
668	0.7128
669	2.5485
670	0.5309
671	3.511
672	3.5261
673	2.2245
674	1.5428
675	0.3384
676	3.942
677	3.9812
678	2.0793
679	3.7009
680	3.02
681	1.9321
682	2.6378
683	1.2971
684	3.0727
685	3.6458
686	1.2506
687	4.6136
688	2.8187
689	1.1993
690	3.5157
691	2.8505
692	0.8242
693	1.6438
694	3.4026
695	0.6022
696	2.11
697	1.4048
698	1.7678
699	3.9493
700	2.4421
701	3.7554
702	1.1283
703	6.7219
704	3.1706
705	4.2494
706	4.2027
707	2.6455
708	2.5772
709	3.5231
710	2.3095
711	3.3829
712	1.1597
713	1.6046
714	3.231
715	2.068
716	1.8296
717	2.4706
718	3.2427
719	2.2957
720	0.4173
721	3.1583
722	1.8436
723	3.6371
724	2.2188
725	1.7859
726	3.5269
727	0.5915
728	2.8749
729	0.8311
730	3.4611
731	3.7273
732	0.8817
733	3.2431
734	4.1688
735	0.4468
736	0.6691
737	3.3246
738	4.005
739	3.24
740	1.2184
741	3.7923
742	0.4045
743	3.1468
744	3.3934
745	3.97
746	3.3966
747	3.4466
748	2.4977
749	3.3193
750	1.6198
751	3.1664
752	3.2621
753	3.7624
754	3.2918
755	3.3678
756	2.8502
757	1.1849
758	3.8773
759	3.5411
760	3.797
761	1.4678
762	0.9907
763	2.0893
764	0.4535
765	0.4039
766	1.6136
767	3.8217
768	3.6688
769	3.0488
770	3.301
771	3.9741
772	0.5365
773	2.344
774	0.5045
775	3.3023
776	3.9286
777	2.1403
778	1.5811
779	0.282
780	3.6306
781	3.7777
782	2.066
783	3.7125
784	2.5588
785	2.0239
786	2.449
787	1.4241
788	3.0321
789	3.6749
790	1.3198
791	3.4427
792	2.7292
793	1.2349
794	3.5902
795	2.7203
796	0.7823
797	1.8807
798	3.3465
799	0.4495
800	2.1463
801	1.2803
802	1.9089
803	3.9525
804	2.3768
805	3.7848
806	1.172
807	6.3473
808	3.0035
809	3.6917
810	4.2262
811	2.4547
812	2.4888
813	3.4529
814	2.1305
815	3.3409
816	1.0354
817	1.5512
818	2.8695
819	2.2303
820	1.7971
821	2.5284
822	3.2049
823	2.2953
824	0.492
825	3.1684
826	1.6714
827	3.4273
828	1.8201
829	1.5047
830	3.3851
831	0.5664
832	2.858
833	0.9505
834	3.3411
835	3.6359
836	0.8283
837	3.2007
838	4.0442
839	0.4944
840	0.8097
841	3.3936
842	4.6191
843	3.135
844	1.0062
845	3.8146
846	0.8454
847	3.1094
848	3.2609
849	3.9077
850	3.5193
851	3.3741
852	2.4769
853	3.2671
854	1.6332
855	3.2148
856	3.3751
857	3.8252
858	3.3191
859	3.3625
860	2.9556
861	1.0583
862	3.8553
863	3.5622
864	3.3525
865	1.5267
866	1.0142
867	2.0506
868	0.8119
869	0.4033
870	1.6831
871	4.0003
872	3.6494
873	3.0047
874	3.2922
875	3.8676
876	0.3792
877	2.6716
878	0.5645
879	3.3495
880	3.498
881	2.1915
882	1.4778
883	0.2733
884	3.6465
885	3.8769
886	2.0494
887	3.6531
888	2.5917
889	1.7587
890	2.53
891	1.2019
892	2.8941
893	3.5665
894	1.3506
895	3.7232
896	2.7064
897	1.218
898	3.4017
899	2.7111
900	0.8476
901	1.8676
902	3.2145
903	0.6344
904	2.0821
905	1.3817
906	1.9017
907	3.8218
908	2.3152
909	3.7014
910	1.2703
911	6.7819
912	3.0125
913	3.8717
914	4.3388
915	2.4114
916	2.5559
917	3.3907
918	2.0971
919	3.2924
920	1.2146
921	1.5402
922	2.8254
923	1.9535
924	1.8061
925	2.3495
926	3.166
927	2.2962
928	0.3734
929	3.0253
930	1.6034
931	3.3869
932	1.8587
933	1.4574
934	3.4398
935	0.7976
936	2.8583
937	0.8242
938	3.3048
939	3.5757
940	0.5188
941	3.1339
942	4.0008
943	0.4458
944	0.7821
945	3.4547
946	4.3327
947	3.1521
948	1.0637
949	3.7845
950	0.6118
951	3.0009
952	2.7949
953	3.99
954	3.302
955	3.3854
956	2.5531
957	3.2176
958	1.5923
959	3.1046
960	3.2019
961	3.7276
962	3.2036
963	3.3305
964	2.9733
965	0.9565
966	3.7536
967	3.4898
968	3.8127
969	1.4419
970	0.819
971	2.1421
972	0.5445
973	0.4314
974	1.6344
975	3.8369
976	3.5988
977	3.0279
978	3.2565
979	3.8481
980	0.4979
981	2.527
982	0.5399
983	3.1522
984	3.6337
985	2.1462
986	1.533
987	0.2807
988	3.7385
989	3.9278
990	1.8638
991	4.3046
992	2.1012
993	1.8584
994	2.5396
995	1.29
996	2.9444
997	3.6731
998	1.2631
999	3.8767
1000	2.6595
1001	1.3251
1002	3.4377
1003	2.7146
1004	0.8485
1005	1.8156
1006	3.2167
1007	0.4359
1008	2.0756
1009	1.2336
1010	1.8589
1011	3.7216
1012	2.368
1013	3.7696
1014	1.5342
1015	5.9413
1016	2.9448
1017	3.2074
1018	4.2549
1019	2.4493
1020	2.4377
1021	3.2016
1022	1.9213
1023	3.2569
1024	1.1438
1025	1.5228
1026	2.4893
1027	2.2326
1028	1.7051
1029	2.4581
1030	3.192
1031	2.133
1032	0.3781
1033	3.151
1034	1.6843
1035	3.4957
1036	1.6481
1037	1.5107
1038	3.3312
1039	0.2608
1040	2.8015
