Step	Loss(S)	Loss(T)	fwd_S	fwd_T	rev_S	rev_T
1	0.0	1.696	1.996	4.673	2.195	4.884
2	0.0	1.015	2.237	2.068	2.431	2.322
3	0.0	0.7568	4.018	1.758	4.939	2.173
4	0.0	1.609	3.918	4.292	4.523	4.953
5	0.0	1.452	2.82	3.41	2.814	3.33
6	0.0	0.9737	2.01	2.13	1.964	2.232
7	0.0	1.005	2.186	2.297	2.163	2.315
8	0.0	1.097	2.604	2.706	2.629	2.227
9	0.0	1.014	1.903	2.473	2.12	2.701
10	0.0	0.6468	1.557	1.124	1.663	1.26
11	0.0	0.85	1.403	2.211	1.411	1.817
12	0.0	0.7137	2.058	1.417	2.12	1.667
13	0.0	0.7757	1.931	1.645	2.731	1.688
14	0.0	0.5266	2.39	1.013	2.635	1.147
15	0.0	0.758	1.419	1.439	1.106	1.469
16	0.0	0.6028	1.593	1.325	1.489	1.095
17	0.0	0.7062	1.31	1.424	1.081	1.384
18	0.0	1.435	0.9747	3.508	0.8957	3.209
19	0.0	0.5798	2.713	1.09	2.613	1.1
20	0.0	1.05	3.36	2.589	2.28	1.817
21	0.0	0.7234	1.817	1.646	1.768	1.414
22	0.0	0.9407	1.588	1.814	1.511	1.937
23	0.0	0.757	1.602	1.676	1.491	1.61
24	0.0	1.313	2.157	2.881	2.09	2.993
25	0.0	0.854	1.736	1.806	1.857	1.601
26	0.0	0.7575	2.089	1.894	1.796	1.425
27	0.0	0.8226	1.797	1.657	1.587	1.457
28	0.0	0.8853	2.278	1.954	1.682	1.61
29	0.0	1.018	1.764	2.163	1.488	1.866
30	0.0	0.9601	1.342	1.886	1.188	1.915
31	0.0	0.8478	1.572	1.588	1.56	1.791
32	0.0	0.7878	0.7028	1.437	0.6438	1.643
33	0.0	1.253	0.9392	2.774	0.8266	2.455
34	0.0	0.5575	1.546	1.136	1.283	0.9285
35	0.0	0.7517	1.533	1.579	1.416	1.409
36	0.0	0.7972	1.687	1.54	1.45	1.45
37	0.0	0.9055	1.942	1.827	1.85	1.815
38	0.0	0.5353	1.823	0.9497	1.736	0.9713
39	0.0	1.121	2.66	3.29	1.449	2.031
40	0.0	1.174	0.8725	2.437	0.7465	2.302
41	0.0	0.5342	1.464	1.172	1.175	0.8774
42	0.0	0.6586	1.134	1.367	1.045	1.062
43	0.0	0.939	1.107	2.447	0.9674	1.883
44	0.0	0.9302	1.892	2.352	1.204	1.56
45	0.0	0.8003	2.097	1.835	1.753	1.409
46	0.0	0.866	1.311	1.931	1.262	1.751
47	0.0	0.7323	1.604	1.513	1.627	1.348
48	0.0	0.5226	0.623	1.046	0.6229	0.8852
49	0.0	1.084	2.153	2.077	1.882	2.085
50	0.0	0.6682	1.225	1.148	1.105	1.137
51	0.0	0.705	1.489	1.257	1.543	1.324
52	0.0	0.5844	1.565	1.177	1.231	1.135
53	0.0	0.6861	1.815	1.213	1.951	1.164
54	0.0	0.7153	0.7374	1.423	0.6792	1.234
55	0.0	0.9411	1.948	2.039	1.621	1.691
56	0.0	0.6071	1.782	1.158	1.571	1.081
57	0.0	0.7336	1.514	1.568	1.383	1.18
58	0.0	0.7788	2.402	1.496	1.942	1.386
59	0.0	0.7912	2.027	1.635	2.07	1.431
60	0.0	0.9625	1.295	2.294	1.085	1.764
61	0.0	0.7713	1.659	1.423	1.737	1.579
62	0.0	0.7904	1.286	1.4	1.029	1.437
63	0.0	0.4431	1.457	0.8621	1.44	0.6689
64	0.0	0.9031	1.828	1.755	1.709	1.738
65	0.0	0.9594	1.562	2.191	1.199	1.71
66	0.0	0.7336	1.486	1.28	1.45	1.277
67	0.0	0.9555	1.783	2.074	1.613	1.649
68	0.0	1.073	2.266	2.402	1.716	2.09
69	0.0	0.678	1.622	1.448	1.067	0.9961
70	0.0	0.9098	1.019	1.964	0.8548	1.623
71	0.0	0.8799	1.33	2.041	1.169	1.519
72	0.0	0.8275	1.749	2.229	1.238	1.301
73	0.0	0.5113	1.874	1.035	1.313	0.7962
74	0.0	0.4396	1.054	0.7582	1.081	0.6945
75	0.0	0.8771	2.412	2.209	2.093	1.624
76	0.0	0.866	1.906	2.062	1.716	1.496
77	0.0	1.045	1.896	2.496	1.466	1.961
78	0.0	1.079	1.485	1.826	1.427	2.053
79	0.0	0.9012	1.025	1.92	0.8584	1.618
80	0.0	0.7092	0.9905	1.337	0.8632	1.281
81	0.0	0.9293	1.897	2.117	1.597	1.763
82	0.0	0.9774	1.533	2.419	1.119	1.649
83	0.0	0.941	1.851	1.842	1.733	1.762
84	0.0	0.9601	1.768	1.998	1.531	1.709
85	0.0	0.5613	1.528	1.028	1.553	0.9303
86	0.0	0.739	1.012	1.523	0.9335	1.449
87	0.0	0.8583	1.995	1.64	1.734	1.57
88	0.0	0.6119	1.062	1.123	1.066	1.094
89	0.0	0.9834	1.01	2.15	0.8876	1.802
90	0.0	0.7579	1.131	1.43	1.27	1.506
91	0.0	0.6643	1.024	1.143	1.064	1.166
92	0.0	1.026	1.983	2.051	1.778	2.002
93	0.0	0.6709	2.257	1.524	1.376	1.011
94	0.0	0.6267	1.213	1.029	1.115	1.082
95	0.0	0.7944	1.222	1.76	0.9375	1.342
96	0.0	0.864	1.794	1.929	1.536	1.562
97	0.0	0.7412	1.991	1.625	1.497	1.353
98	0.0	0.8477	1.483	1.528	1.338	1.517
99	0.0	0.9415	2.089	2.323	1.895	1.795
100	0.0	0.7595	1.777	1.468	1.733	1.273
101	0.0	0.6379	1.224	1.134	1.245	1.167
102	0.0	0.7283	1.614	1.32	1.407	1.291
103	0.0	0.662	1.526	1.155	1.393	1.148
104	0.0	0.6715	1.76	1.404	1.684	1.109
105	0.0	0.9251	0.877	1.768	0.6587	1.67
106	0.0	0.5994	0.7669	0.9238	0.6016	1.046
107	0.0	0.8789	1.752	1.761	1.493	1.623
108	0.0	0.9007	1.324	2.012	1.005	1.629
109	0.0	0.5924	1.581	1.286	1.13	0.8818
110	0.0	0.6107	1.338	1.109	1.343	1.051
111	0.0	0.8378	1.193	1.56	1.756	1.933
112	0.0	0.6956	1.933	1.387	1.599	1.132
113	0.0	0.5017	1.204	0.9035	0.9476	0.8197
114	0.0	0.6747	1.124	1.395	1.073	1.198
115	0.0	0.7789	1.405	1.456	1.244	1.485
116	0.0	0.4067	1.128	0.7109	1.116	0.5956
117	0.0	0.7861	1.833	1.431	2.116	1.608
118	0.0	0.7049	0.9696	1.308	0.9223	1.363
119	0.0	0.586	1.116	1.167	0.9742	0.954
120	0.0	0.8162	1.832	1.679	1.504	1.422
121	0.0	0.599	1.183	1.11	1.095	0.9703
122	0.0	0.9245	2.011	1.964	1.742	1.617
123	0.0	0.73	1.467	1.452	1.263	1.262
124	0.0	0.7653	2.133	1.931	1.937	1.239
125	0.0	0.5412	1.382	1.048	1.245	0.992
126	0.0	0.8097	1.446	1.442	1.32	1.343
127	0.0	0.7929	1.298	1.404	1.246	1.649
128	0.0	0.9297	1.864	1.713	1.661	1.69
129	0.0	0.6849	1.319	1.156	1.238	1.431
130	0.0	0.5517	1.114	1.029	0.75	0.8883
131	0.0	0.809	1.236	1.636	1.005	1.483
132	0.0	0.8	0.9444	1.731	0.7419	1.325
133	0.0	0.7609	2.057	1.588	1.638	1.242
134	0.0	1.025	2.175	2.437	1.881	2.134
135	0.0	0.4897	1.475	0.8578	1.516	0.7998
136	0.0	0.7375	1.507	1.318	1.49	1.264
137	0.0	0.7535	1.735	1.384	1.567	1.29
138	0.0	0.7779	1.085	1.511	1.04	1.643
139	0.0	0.6333	1.257	1.176	1.231	1.109
140	0.0	0.8429	1.106	1.469	1.093	1.637
141	0.0	0.6906	1.135	1.218	1.146	1.243
142	0.0	0.3953	1.64	0.6264	1.854	0.6008
143	0.0	0.8019	2.28	2.125	1.22	1.192
144	0.0	0.8212	1.34	1.563	1.19	1.545
145	0.0	0.7005	1.095	1.19	0.9119	1.223
146	0.0	0.5444	1.603	1.037	1.166	0.8385
147	0.0	0.5347	1.5	0.935	1.524	0.8553
148	0.0	0.7176	1.369	1.659	0.9709	1.204
149	0.0	0.6608	1.642	1.469	1.39	1.174
150	0.0	0.7896	1.143	1.49	1.066	1.587
151	0.0	0.6395	1.299	1.103	1.241	1.135
152	0.0	0.8	1.945	1.558	1.714	1.376
153	0.0	0.8832	1.774	1.742	1.718	1.516
154	0.0	0.5018	1.139	0.8207	1.074	0.7985
155	0.0	0.815	1.255	1.334	1.133	1.563
156	0.0	0.7127	1.648	1.538	1.625	1.219
157	0.0	0.548	1.307	1.038	1.1	0.9213
158	0.0	0.5779	1.026	1.062	0.9754	0.9837
159	0.0	0.7412	1.182	1.3	1.154	1.228
160	0.0	0.7353	1.32	1.27	1.137	1.287
161	0.0	0.5072	1.376	1.262	0.9871	0.8014
162	0.0	0.5918	1.564	1.145	1.149	0.9214
163	0.0	0.6974	1.384	1.292	1.341	1.145
164	0.0	0.4705	0.7757	0.885	0.7206	0.7327
165	0.0	0.7922	1.363	1.513	1.413	1.582
166	0.0	0.7355	0.8964	1.322	0.8353	1.268
167	0.0	0.6351	1.266	1.165	1.293	1.063
168	0.0	0.8552	1.273	1.58	1.309	1.532
169	0.0	0.7821	1.335	1.693	1.182	1.342
170	0.0	0.6497	1.134	1.078	1.122	1.226
171	0.0	0.8506	1.689	1.685	1.437	1.541
172	0.0	0.7347	1.406	1.404	1.038	1.225
173	0.0	0.6218	1.152	1.573	0.8662	0.9768
174	0.0	0.5789	1.252	1.046	1.048	0.9196
175	0.0	0.8915	0.6504	1.783	0.5749	1.623
176	0.0	0.7275	1.657	1.852	0.958	1.163
177	0.0	0.4859	1.372	0.9665	1.005	0.733
178	0.0	0.6609	1.539	1.132	1.488	1.307
179	0.0	0.871	2.044	3.065	1.137	1.384
180	0.0	0.5896	0.5926	0.9997	0.3896	1.219
181	0.0	0.7904	1.548	1.531	1.356	1.325
182	0.0	0.8039	1.269	1.529	1.261	1.51
183	0.0	0.8533	1.707	1.772	1.655	1.437
184	0.0	0.8374	0.7626	1.652	0.6734	1.714
185	0.0	0.7429	1.805	1.49	1.485	1.275
186	0.0	0.7888	1.644	2.14	1.114	1.367
187	0.0	0.847	1.726	1.728	1.435	1.565
188	0.0	0.7401	1.114	1.288	0.9533	1.276
189	0.0	0.7335	1.505	1.341	1.633	1.269
190	0.0	0.7496	1.25	1.575	0.8393	1.422
191	0.0	0.7585	1.704	1.429	1.462	1.281
192	0.0	1.069	1.714	2.434	1.753	1.772
193	0.0	0.8115	1.441	1.955	1.041	1.599
194	0.0	0.7939	1.405	1.536	1.316	1.5
195	0.0	0.8377	1.028	1.539	1.103	1.462
196	0.0	0.7513	1.279	1.347	1.324	1.425
197	0.0	0.7412	1.792	2.383	1.338	1.293
198	0.0	0.5056	0.9505	0.8552	0.9426	0.7949
199	0.0	0.8844	1.447	2.035	1.163	1.542
200	0.0	0.5383	1.351	0.9909	1.127	0.8759
201	0.0	0.7884	1.915	1.403	1.448	1.412
202	0.0	0.618	0.9634	1.149	0.8154	1.007
203	0.0	0.8732	0.4814	1.722	0.2881	1.538
204	0.0	0.5628	0.9448	1.193	0.7482	0.9029
205	0.0	0.4427	0.9964	0.7016	0.9454	0.714
206	0.0	0.5517	0.9409	1.189	0.6952	0.9405
207	0.0	0.5995	1.163	1.184	1.089	0.935
208	0.0	0.4902	0.4442	0.8895	0.448	0.7904
209	0.0	0.5809	0.7598	1.177	0.5493	0.9405
210	0.0	0.5246	1.237	0.8435	1.266	0.8222
211	0.0	0.8046	1.977	1.853	1.696	1.466
212	0.0	0.7732	1.12	1.492	0.7885	1.291
213	0.0	0.6393	1.062	1.409	0.796	0.9935
214	0.0	0.6359	0.6232	1.141	0.5806	1.036
215	0.0	0.8251	1.461	1.384	1.397	1.644
216	0.0	0.8164	1.504	1.533	1.414	1.377
217	0.0	0.5451	0.8083	0.8119	0.6988	0.9021
218	0.0	0.6113	1.361	0.9797	1.269	1.069
219	0.0	0.7288	1.083	1.312	1.144	1.287
220	0.0	0.628	0.988	1.081	0.9673	0.968
221	0.0	0.884	1.65	1.761	1.621	1.872
222	0.0	0.8831	1.692	1.914	1.781	1.736
223	0.0	0.6636	1.126	1.051	1.095	1.47
224	0.0	0.8214	1.432	1.703	1.113	1.404
225	0.0	0.6326	1.567	1.145	1.542	1.131
226	0.0	0.7882	1.376	1.499	1.154	1.439
227	0.0	0.4505	1.389	0.71	1.324	0.7281
228	0.0	0.6001	1.514	1.8	1.071	0.9687
229	0.0	0.7796	0.9531	1.523	0.815	1.478
230	0.0	0.642	1.366	1.246	1.151	1.054
231	0.0	0.4421	1.064	0.7459	0.977	0.7034
232	0.0	0.8608	1.723	1.598	1.477	1.435
233	0.0	0.4292	0.9126	0.6798	0.8891	0.675
234	0.0	0.5812	1.031	1.019	1.088	0.9759
235	0.0	0.5179	0.6192	0.9436	0.546	0.8204
236	0.0	0.4835	1.381	1.021	1.179	0.7296
237	0.0	0.7122	1.368	1.31	1.176	1.178
238	0.0	0.8696	1.625	1.935	1.368	1.514
239	0.0	0.6946	1.093	1.211	0.9723	1.247
240	0.0	0.7817	1.376	1.473	1.297	1.415
241	0.0	0.7415	1.815	1.325	1.596	1.295
242	0.0	0.4857	1.081	0.7919	1.056	0.7258
243	0.0	0.8881	1.266	1.725	1.158	1.484
244	0.0	0.6817	0.7784	1.323	0.6963	1.124
245	0.0	0.6088	0.9947	1.172	0.8716	0.9637
246	0.0	0.6379	0.8696	1.189	0.7067	1.017
247	0.0	0.5979	2.311	1.497	1.256	0.9634
248	0.0	0.6967	1.515	1.279	1.252	1.121
249	0.0	0.5574	0.6902	0.999	0.5883	0.9013
250	0.0	0.5355	1.671	1.045	1.511	0.7988
251	0.0	0.4369	1.278	0.7468	1.168	0.6616
252	0.0	0.5153	1.598	1.106	0.9593	0.7337
253	0.0	0.6596	1.608	1.572	1.029	1.092
254	0.0	0.459	1.186	0.8074	0.93	0.7879
255	0.0	0.5428	0.5986	0.9381	0.5559	0.8589
256	0.0	0.7614	1.265	1.442	1.092	1.397
257	0.0	0.7947	1.48	1.615	1.379	1.395
258	0.0	0.6227	0.8071	1.073	0.7885	1.061
259	0.0	0.7198	0.7575	1.346	0.6739	1.207
260	0.0	0.5576	0.982	1.024	0.8581	1.005
261	0.0	0.6064	0.9686	1.08	0.9639	0.9677
262	0.0	0.5456	1.081	0.897	1.131	0.8881
263	0.0	0.3924	0.978	0.6107	0.9492	0.6071
264	0.0	0.7523	0.775	1.442	0.7139	1.639
265	0.0	0.4407	1.119	0.7338	0.6565	0.6234
266	0.0	0.743	0.9989	1.481	0.8235	1.246
267	0.0	0.716	1.198	1.217	1.142	1.286
268	0.0	0.7238	1.064	1.285	0.8699	1.256
269	0.0	0.6388	1.172	1.178	1.443	1.09
270	0.0	0.5973	0.9611	0.9965	0.9366	0.9915
271	0.0	0.705	1.376	1.302	1.278	1.285
272	0.0	0.742	1.411	1.188	1.433	1.285
273	0.0	0.6596	0.9628	1.316	0.7244	1.089
274	0.0	0.6413	1.17	1.211	1.111	1.115
275	0.0	0.6983	1.323	1.174	1.214	1.177
276	0.0	0.7497	1.43	1.317	1.197	1.283
277	0.0	0.5905	0.8025	1.552	0.6717	0.9616
278	0.0	0.6416	0.8538	1.195	0.8476	1.105
279	0.0	0.693	0.6702	1.223	0.6235	1.238
280	0.0	0.642	1.828	1.522	1.092	1.261
281	0.0	0.5011	0.7889	1.021	0.6878	0.7733
282	0.0	0.6342	1.227	1.285	1.122	1.056
283	0.0	0.571	1.566	0.8173	1.008	0.9945
284	0.0	0.8436	1.058	1.492	0.9493	1.484
285	0.0	0.7254	1.393	1.408	1.16	1.303
286	0.0	0.6786	0.8737	1.184	0.7895	1.09
287	0.0	0.8042	2.152	1.525	1.72	1.387
288	0.0	0.6032	1.133	1.046	1.057	1.212
289	0.0	0.6736	0.7536	1.372	0.6812	1.162
290	0.0	0.7812	1.481	1.936	0.8492	1.2
291	0.0	0.7247	1.797	1.377	1.378	1.238
292	0.0	0.5928	1.233	0.9394	0.9904	0.9835
293	0.0	0.4774	0.996	0.8038	0.936	0.7135
294	0.0	0.6537	0.9464	1.249	0.9096	1.128
295	0.0	0.777	1.256	1.525	1.193	1.338
296	0.0	0.4173	1.188	0.7149	1.14	0.601
297	0.0	0.3691	1.961	1.066	1.659	0.6056
298	0.0	0.499	1.132	0.8354	1.117	0.8089
299	0.0	0.463	0.7404	0.7562	0.6623	0.7175
300	0.0	0.7243	1.0	1.096	1.042	1.396
301	0.0	0.5612	1.016	1.991	0.7329	0.8637
302	0.0	0.5783	0.9368	0.9678	0.9206	0.9229
303	0.0	0.6126	0.9344	1.21	0.6468	0.9613
304	0.0	0.5804	1.066	1.023	0.8916	0.9113
305	0.0	0.6466	1.281	1.352	1.25	1.097
306	0.0	0.7211	1.276	1.141	1.141	1.196
307	0.0	0.7718	1.214	1.486	1.137	1.346
308	0.0	0.6405	1.58	1.213	1.252	1.013
309	0.0	0.4643	1.007	0.752	0.9921	0.7343
310	0.0	0.6998	1.28	1.327	1.145	1.267
311	0.0	0.5298	1.066	0.9557	0.9992	0.801
312	0.0	0.4616	1.063	0.8068	1.071	0.7314
313	0.0	0.5403	0.8858	0.9541	0.7306	0.9038
314	0.0	0.5675	0.8869	1.069	0.9252	0.907
315	0.0	0.472	0.7555	1.196	0.5615	0.8135
316	0.0	0.7697	1.465	1.447	1.408	1.285
317	0.0	0.6827	1.165	2.186	0.7859	1.224
318	0.0	0.704	0.9678	1.175	0.8755	1.302
319	0.0	0.6523	0.7845	1.248	0.8657	1.19
320	0.0	0.6288	1.372	1.206	1.195	1.031
321	0.0	0.496	1.005	0.9472	0.7317	0.795
322	0.0	0.9864	1.165	1.826	1.046	1.908
323	0.0	0.6776	1.296	1.257	1.269	1.356
324	0.0	0.5501	1.028	0.9251	0.9399	0.9458
325	0.0	0.576	1.325	0.9511	2.14	1.276
326	0.0	0.7301	0.7615	1.479	0.6436	1.437
327	0.0	0.5965	1.307	1.1	1.206	1.087
328	0.0	0.5596	0.7261	0.9352	0.5404	0.9254
329	0.0	0.627	0.8337	1.353	0.727	1.231
330	0.0	0.6642	1.646	1.222	1.59	1.022
331	0.0	0.6578	1.206	1.324	1.137	1.123
332	0.0	0.5444	0.9354	1.225	0.6628	0.8561
333	0.0	0.4997	1.22	0.778	1.185	0.8607
334	0.0	0.4897	1.072	0.8686	1.063	0.786
335	0.0	0.878	0.8146	1.798	0.7057	1.677
336	0.0	0.8716	1.32	2.018	1.257	1.49
337	0.0	0.4749	0.9972	0.8176	0.9878	0.7919
338	0.0	0.5147	0.9841	0.8186	0.9316	0.902
339	0.0	0.471	1.037	0.8534	0.9052	0.731
340	0.0	0.3716	0.9405	0.7466	0.7295	0.5353
341	0.0	0.8583	1.653	1.879	1.458	1.52
342	0.0	0.8306	0.6571	1.991	0.5745	1.506
343	0.0	0.5706	0.7376	0.981	0.7771	0.9953
344	0.0	0.327	1.136	0.6206	1.084	0.5236
345	0.0	0.7148	1.484	1.42	1.297	1.212
346	0.0	0.5288	0.9222	0.8641	0.9058	0.9014
347	0.0	0.5487	0.9381	0.961	0.8924	1.038
348	0.0	0.6129	0.9595	1.117	1.101	0.9463
349	0.0	0.6181	0.6382	1.083	0.5923	1.105
350	0.0	0.6968	1.007	1.294	1.128	1.179
351	0.0	0.7066	1.764	1.969	1.013	1.06
352	0.0	0.8031	1.179	1.655	1.163	1.412
353	0.0	0.4579	1.056	0.7135	0.9565	0.7155
354	0.0	0.4655	1.352	0.8427	1.134	0.6763
355	0.0	0.7351	1.166	1.395	0.9838	1.4
356	0.0	0.4901	0.9266	0.9688	0.6903	0.7327
357	0.0	0.4669	1.79	0.883	1.442	0.7502
358	0.0	0.5428	0.9575	0.9481	0.9386	1.014
359	0.0	0.5595	0.7208	0.9037	0.7411	0.9779
360	0.0	0.7945	1.373	1.441	1.479	1.342
361	0.0	0.7472	1.81	1.336	1.504	1.233
362	0.0	0.6112	1.001	1.015	1.011	1.029
363	0.0	0.8384	1.161	1.53	1.074	1.645
364	0.0	0.585	1.058	1.016	0.9127	0.9691
365	0.0	0.6051	1.014	0.9347	0.8819	0.9955
366	0.0	0.5207	0.7533	0.8897	0.6534	0.8302
367	0.0	0.5966	1.092	0.9923	0.9446	0.9479
368	0.0	0.7319	1.115	1.44	1.134	1.223
369	0.0	0.4874	1.0	0.9081	0.7453	0.6939
370	0.0	0.4993	1.413	0.89	1.184	0.7871
371	0.0	0.6973	0.9869	1.242	0.9894	1.308
372	0.0	0.5556	0.8148	1.148	0.7419	0.9077
373	0.0	0.5981	0.7249	1.253	0.7339	1.259
374	0.0	0.5791	0.7089	0.9645	0.6318	0.9433
375	0.0	0.6328	1.298	1.051	1.322	1.092
376	0.0	0.8114	1.286	1.478	1.26	1.411
377	0.0	0.6807	1.223	1.332	0.9113	1.041
378	0.0	0.4532	0.934	0.7103	0.9469	0.767
379	0.0	0.6735	0.941	1.117	0.8701	1.149
380	0.0	0.7059	1.176	1.342	1.124	1.161
381	0.0	0.4696	0.795	0.8085	0.6247	0.7594
382	0.0	0.6172	1.181	1.082	1.053	1.009
383	0.0	0.699	0.8986	1.155	0.679	1.196
384	0.0	0.5277	1.647	0.9664	0.9159	0.8392
385	0.0	0.4213	1.204	0.8102	0.8389	0.6119
386	0.0	0.7051	1.387	1.664	1.398	1.484
387	0.0	0.7573	1.451	2.432	1.215	1.306
388	0.0	0.7537	0.8816	1.414	0.9488	1.273
389	0.0	0.7593	1.604	1.504	1.312	1.257
390	0.0	0.6941	0.9796	1.21	0.8385	1.206
391	0.0	0.7311	1.475	1.441	1.36	1.274
392	0.0	0.4616	1.208	0.8374	1.28	0.7617
393	0.0	0.8153	1.447	1.535	1.357	1.462
394	0.0	0.7983	1.537	1.802	1.17	1.29
395	0.0	0.7739	0.7469	1.344	0.6391	1.479
396	0.0	0.4729	1.203	0.9872	1.097	0.7431
397	0.0	0.4617	1.01	0.7857	0.9964	0.7459
398	0.0	0.6152	0.6255	0.9886	0.525	1.136
399	0.0	0.63	0.9655	1.121	0.8937	1.053
400	0.0	0.706	1.601	1.199	1.734	1.513
401	0.0	0.7541	1.571	1.772	1.354	1.366
402	0.0	0.5972	1.337	1.041	1.186	0.9806
403	0.0	0.492	0.8004	0.8092	0.753	0.7594
404	0.0	0.5437	1.049	0.9392	0.9995	0.9566
405	0.0	0.3949	1.57	0.9049	0.831	0.6144
406	0.0	0.4984	1.037	0.8393	0.9836	0.8186
407	0.0	0.6653	1.384	1.273	1.278	1.04
408	0.0	0.4214	1.171	0.8093	1.045	0.6261
409	0.0	0.7539	1.092	1.401	1.164	1.283
410	0.0	0.7542	0.8792	1.44	0.8395	1.331
411	0.0	0.7348	1.806	1.78	1.455	1.178
412	0.0	0.5611	1.114	1.076	1.144	0.9291
413	0.0	0.6245	1.186	1.142	1.285	1.539
414	0.0	0.5949	1.11	0.9811	1.105	0.948
415	0.0	0.5494	1.171	0.9625	0.9429	0.9383
416	0.0	0.66	1.441	1.253	1.461	1.128
417	0.0	0.4851	0.7572	0.8058	0.6109	0.8007
418	0.0	0.5541	0.952	0.9283	0.8359	0.8955
419	0.0	0.6035	0.9746	1.489	0.8183	1.08
420	0.0	0.6612	1.312	1.331	1.079	1.042
421	0.0	0.3868	1.059	0.7901	0.7642	0.5545
422	0.0	0.6172	0.6989	1.051	0.6503	1.083
423	0.0	0.4097	1.567	0.6761	1.377	0.6236
424	0.0	0.7197	1.616	1.27	1.111	1.184
425	0.0	0.3258	1.031	0.5816	0.9537	0.4693
426	0.0	0.5939	0.9068	1.162	1.037	1.159
427	0.0	0.6958	0.8512	1.148	0.8172	1.206
428	0.0	0.5247	1.037	0.8654	1.052	0.8126
429	0.0	0.8465	1.351	1.449	1.23	2.133
430	0.0	0.7846	1.304	1.482	1.53	1.633
431	0.0	0.5106	0.6575	0.8796	0.5867	0.852
432	0.0	0.6965	0.8217	1.4	0.7102	1.187
433	0.0	0.5955	0.9957	1.1	1.024	1.145
434	0.0	0.7139	1.285	1.202	1.235	1.175
435	0.0	0.6202	1.349	1.16	1.182	1.07
436	0.0	0.5766	0.9093	1.367	0.6349	0.8916
437	0.0	0.5443	1.515	0.9521	1.381	0.9681
438	0.0	0.501	1.377	0.7842	1.311	0.7855
439	0.0	0.6927	1.595	1.219	1.485	1.591
440	0.0	0.7982	1.644	1.564	1.284	1.414
441	0.0	0.4035	0.9257	0.6279	0.9122	0.6117
442	0.0	0.5234	0.8033	0.8275	0.8089	0.8467
443	0.0	0.5864	1.065	0.9915	1.007	0.9712
444	0.0	0.5824	1.067	1.744	0.7989	0.9229
445	0.0	0.7611	1.235	1.352	1.087	1.327
446	0.0	0.8409	1.597	1.622	1.643	1.521
447	0.0	0.5349	0.9284	0.8245	0.8662	0.8921
448	0.0	0.6386	0.6115	1.066	0.5559	1.049
449	0.0	0.8021	1.306	1.703	1.144	1.435
450	0.0	0.5063	0.7361	0.8256	0.7073	0.7985
451	0.0	0.7102	0.9398	1.204	0.9087	1.253
452	0.0	0.5172	1.13	0.7616	0.9399	0.8566
453	0.0	0.6038	0.2577	0.9662	0.228	1.008
454	0.0	0.5691	1.281	0.8932	1.288	1.031
455	0.0	0.6746	1.012	2.128	0.6841	1.068
456	0.0	0.4166	1.302	0.6446	1.245	0.6621
457	0.0	0.5828	0.6017	0.9521	0.5345	0.9659
458	0.0	0.7488	0.9941	1.391	0.9991	1.224
459	0.0	0.6551	1.302	1.113	1.265	1.131
460	0.0	0.5541	1.342	1.354	0.9541	0.9342
461	0.0	0.2894	1.707	0.6087	1.35	0.4423
462	0.0	0.5159	0.6802	0.8771	0.6044	0.8153
463	0.0	0.5324	0.8008	0.8831	0.7742	0.8292
464	0.0	0.6986	1.369	1.567	1.119	1.218
465	0.0	0.7117	0.6826	1.339	0.6184	1.197
466	0.0	0.4976	0.9606	0.7849	0.9238	0.7779
467	0.0	0.6175	0.9882	1.029	0.8595	1.078
468	0.0	0.6985	0.9972	1.195	0.8973	1.189
469	0.0	0.4897	1.039	0.8184	1.054	0.8263
470	0.0	0.4154	0.7843	0.7717	0.7315	0.6548
471	0.0	0.6375	1.14	1.004	1.028	1.004
472	0.0	0.5104	0.9778	0.7986	1.083	0.9752
473	0.0	0.6818	1.179	1.381	0.9305	1.115
474	0.0	0.4452	1.536	0.8138	1.218	0.6952
475	0.0	0.4468	0.4517	0.7622	0.4376	0.7896
476	0.0	0.6022	1.195	1.11	1.086	0.9415
477	0.0	0.6804	1.067	1.196	1.102	1.218
478	0.0	0.4308	0.7659	0.7227	0.6592	0.6526
479	0.0	0.6357	0.6618	1.121	0.6111	1.104
480	0.0	0.7389	1.051	1.264	0.998	1.31
481	0.0	0.5988	1.124	1.411	0.8086	1.054
482	0.0	0.5414	0.8797	0.8856	0.978	0.9826
483	0.0	0.6681	1.006	1.124	1.027	1.048
484	0.0	0.8035	1.301	3.031	1.039	1.66
485	0.0	0.7139	1.685	2.29	1.156	1.232
486	0.0	0.6708	1.253	1.274	1.168	1.148
487	0.0	0.7369	1.349	1.262	1.396	1.302
488	0.0	0.501	1.345	0.994	0.755	0.8062
489	0.0	0.5018	0.5784	1.446	0.4499	0.7747
490	0.0	0.7578	1.24	1.419	1.232	1.632
491	0.0	0.5826	1.121	1.392	0.7442	0.9177
492	0.0	0.8346	0.7984	1.475	0.4697	1.548
493	0.0	0.7323	1.664	1.399	1.37	1.168
494	0.0	0.4409	0.4141	0.8342	0.2529	0.7104
495	0.0	0.5934	1.413	1.167	1.105	0.9692
496	0.0	0.5275	0.8194	1.006	0.7424	0.8319
497	0.0	0.6941	1.309	1.511	1.107	1.259
498	0.0	0.8384	1.991	1.957	1.144	1.375
499	0.0	0.7006	0.7096	1.228	0.6572	1.22
500	0.0	0.6718	1.088	1.086	1.141	1.09
501	0.0	0.5738	0.8768	0.9153	0.8133	1.011
502	0.0	0.5144	1.523	0.8929	1.206	0.9616
503	0.0	0.6339	0.981	1.103	0.9269	1.041
504	0.0	0.8684	1.392	1.551	1.393	1.504
505	0.0	0.3884	1.489	0.864	1.143	0.5671
506	0.0	0.6188	0.9698	1.116	0.9473	0.9905
507	0.0	0.6856	0.712	1.148	0.6453	1.344
508	0.0	0.5917	0.8965	0.9833	0.8585	1.043
509	0.0	0.5178	1.874	1.239	1.07	0.774
510	0.0	0.4578	0.9727	0.7164	0.9105	0.7221
511	0.0	0.7546	1.596	1.491	1.327	1.253
512	0.0	0.742	1.261	1.475	1.154	1.268
513	0.0	0.8152	1.049	1.547	0.8817	1.345
514	0.0	0.3198	1.065	0.5183	1.108	0.5086
515	0.0	0.8296	1.111	1.584	0.9449	1.406
516	0.0	0.6086	1.21	1.063	1.164	1.119
517	0.0	0.78	0.9249	1.375	0.9256	1.552
518	0.0	0.4624	0.6191	0.8048	0.6061	0.8151
519	0.0	0.4684	0.6684	0.7669	0.6448	0.7756
520	0.0	0.6882	1.355	1.232	1.333	1.128
521	0.0	0.5363	0.7613	1.028	0.6662	0.8505
522	0.0	0.5496	0.8035	0.8949	0.7824	0.87
523	0.0	0.3302	1.308	0.6326	1.187	0.4974
524	0.0	0.7856	1.484	1.471	1.395	1.325
525	0.0	0.5032	1.272	1.066	1.04	0.7536
526	0.0	0.5126	0.8963	0.8381	0.8437	0.8355
527	0.0	0.4756	0.8987	0.6959	1.229	1.008
528	0.0	0.6675	1.142	1.09	0.9751	1.169
529	0.0	0.2692	0.8712	0.462	0.7607	0.4408
530	0.0	0.6196	1.519	1.163	1.449	1.075
531	0.0	0.604	1.281	1.126	1.315	1.005
532	0.0	0.4236	0.5724	0.7057	0.5424	0.6435
533	0.0	0.5673	0.9307	1.356	0.8648	1.169
534	0.0	0.659	1.325	1.263	1.072	1.137
535	0.0	0.4877	1.231	0.8258	1.28	0.8731
536	0.0	0.7469	0.9311	1.605	0.8921	1.254
537	0.0	0.6522	1.127	1.091	1.281	1.112
538	0.0	0.6536	1.604	1.137	1.43	1.135
539	0.0	0.5136	1.286	0.9127	1.274	0.8262
540	0.0	0.4473	1.707	0.8679	0.9143	0.6932
541	0.0	0.5552	0.7455	1.006	0.7402	0.9408
542	0.0	0.431	1.151	0.6741	1.097	0.6818
543	0.0	0.5728	0.3398	1.088	0.2841	1.118
544	0.0	0.8201	1.355	1.588	1.407	1.476
545	0.0	0.5402	1.016	0.904	0.9615	0.8954
546	0.0	0.56	0.9116	0.947	0.8847	0.9403
547	0.0	0.5669	1.081	0.9551	1.015	0.9295
548	0.0	0.4404	0.6671	1.022	0.5195	0.6731
549	0.0	0.5874	1.313	1.019	1.213	0.9654
550	0.0	0.7932	0.6689	1.52	0.6078	1.334
551	0.0	0.5036	0.9574	0.8361	1.054	0.8375
552	0.0	0.7363	0.7857	1.271	0.7773	1.376
553	0.0	0.8075	0.8662	1.58	0.8909	1.414
554	0.0	0.548	0.7751	0.9158	0.7584	0.9186
555	0.0	0.4116	0.5503	0.6657	0.5382	0.6901
556	0.0	0.4507	0.6289	0.9121	0.6513	0.7345
557	0.0	0.6565	1.105	1.138	1.118	1.066
558	0.0	0.634	1.171	1.05	1.223	1.19
559	0.0	0.5625	2.798	1.424	1.451	0.7984
560	0.0	0.417	0.9671	0.6455	0.9642	0.6474
561	0.0	0.5172	1.025	0.8992	0.9881	0.8262
562	0.0	0.4938	1.002	0.9147	0.7015	0.7268
563	0.0	0.3091	0.6751	0.5061	0.7289	0.4916
564	0.0	0.4278	0.7228	0.7726	0.6599	0.6684
565	0.0	0.7755	1.482	1.328	1.353	1.379
566	0.0	0.4647	0.9371	0.7338	0.887	0.7973
567	0.0	0.4834	0.7062	0.775	0.6779	0.7408
568	0.0	0.4234	0.9454	0.7542	0.8421	0.6426
569	0.0	0.7094	1.146	1.375	1.243	1.2
570	0.0	0.4861	0.8494	0.8294	0.8618	0.7592
571	0.0	0.7412	0.9346	1.272	0.9148	1.639
572	0.0	0.7371	1.239	1.311	1.172	1.311
573	0.0	0.5132	0.7543	0.8931	0.9487	0.8417
574	0.0	0.5108	0.6772	0.778	0.672	0.8428
575	0.0	0.5926	1.01	1.095	0.9433	0.8951
576	0.0	0.3659	0.4714	0.6134	0.4839	0.5287
577	0.0	0.45	0.8195	0.9183	0.6235	0.6421
578	0.0	0.673	1.233	1.281	0.9671	1.094
579	0.0	0.5232	0.7835	0.9853	0.7046	0.898
580	0.0	0.6179	1.075	1.014	0.9994	1.014
581	0.0	0.3738	0.8576	0.6014	0.7368	0.5574
582	0.0	0.5834	0.8009	0.9386	0.7662	0.9522
583	0.0	0.6065	0.7368	1.029	0.7137	0.9914
584	0.0	0.7184	1.117	1.259	1.074	1.342
585	0.0	0.5636	0.9195	1.134	0.7124	0.9011
586	0.0	0.5879	0.74	0.9731	0.6776	0.9543
587	0.0	0.4725	0.9947	0.7528	0.8787	0.6809
588	0.0	0.6867	1.229	1.172	1.116	1.176
589	0.0	0.5088	0.8891	1.087	0.7027	0.7525
590	0.0	0.7398	0.6718	1.361	0.6072	1.292
591	0.0	0.7928	0.9169	1.506	0.8645	1.359
592	0.0	0.7352	1.333	1.96	1.017	1.274
593	0.0	0.3807	0.5703	0.7962	0.3428	0.5556
594	0.0	0.3996	1.176	0.8291	1.001	0.7144
595	0.0	0.5439	1.026	1.159	0.7851	0.9047
596	0.0	0.1958	1.2	0.3274	1.16	0.3098
597	0.0	0.6703	1.52	1.194	1.411	1.038
598	0.0	0.7352	1.21	1.106	1.269	1.268
599	0.0	0.626	1.452	1.232	1.401	1.032
600	0.0	0.3437	0.9025	0.6334	0.8223	0.5377
601	0.0	0.7759	1.111	1.42	1.063	1.217
602	0.0	0.9379	1.159	2.642	0.8835	1.458
603	0.0	0.8005	1.297	1.332	1.374	1.534
604	0.0	0.4619	1.245	0.7737	1.165	0.7016
605	0.0	0.8169	0.8497	1.538	0.8099	1.786
606	0.0	0.673	0.9608	1.173	0.9002	1.147
607	0.0	0.5609	0.8398	0.9051	0.7889	0.8582
608	0.0	0.8955	0.6665	1.468	0.5558	1.791
609	0.0	0.7032	0.9732	1.685	0.9326	1.201
610	0.0	0.7224	0.9989	1.279	0.9256	1.274
611	0.0	0.6045	0.8617	1.071	0.8147	1.126
612	0.0	0.5739	0.9269	1.078	0.881	1.104
613	0.0	0.5734	1.469	1.482	1.081	0.8942
614	0.0	0.4878	0.8436	0.7551	0.8528	0.7689
615	0.0	0.7171	0.6315	1.271	0.5299	1.16
616	0.0	0.4076	0.7021	0.6926	0.6556	0.6174
617	0.0	0.5622	1.531	1.17	1.32	0.9197
618	0.0	0.4292	0.9408	0.7731	0.739	0.6447
619	0.0	0.5171	1.124	1.056	1.227	0.8526
620	0.0	0.5773	0.509	0.9824	0.4688	0.9601
621	0.0	0.532	0.7303	0.8972	0.6571	0.8382
622	0.0	0.4711	0.7157	0.8198	0.7147	0.7652
623	0.0	0.6393	0.9294	1.15	0.8443	1.086
624	0.0	0.3957	1.153	0.7173	1.401	0.6022
625	0.0	0.3748	0.5577	0.6728	0.6585	0.5512
626	0.0	0.3837	0.8147	0.5806	0.8385	0.5908
627	0.0	0.883	1.275	1.656	0.9877	1.619
628	0.0	0.6478	1.18	1.339	1.109	1.077
629	0.0	0.5204	0.6356	1.045	0.4843	0.7928
630	0.0	0.4519	0.6533	0.7108	0.586	0.7169
631	0.0	0.5167	1.044	0.8411	0.974	0.9963
632	0.0	0.7032	1.572	1.326	1.259	1.141
633	0.0	0.3297	0.5263	0.667	0.3996	0.5007
634	0.0	0.5895	1.084	1.015	1.134	1.011
635	0.0	0.6283	1.153	1.129	1.016	1.104
636	0.0	0.5542	0.8578	0.9116	0.7866	0.8893
637	0.0	0.6503	0.825	1.31	0.7723	1.295
638	0.0	0.5851	0.7858	0.9206	0.6935	1.036
639	0.0	0.3792	0.9813	0.6364	1.207	0.5898
640	0.0	0.6475	1.289	1.213	1.237	1.094
641	0.0	0.5948	0.8723	1.067	0.8542	1.072
642	0.0	0.6947	0.844	1.14	0.8716	1.149
643	0.0	0.4122	0.9984	0.6761	0.9885	0.6193
644	0.0	0.5933	0.5816	1.551	0.5424	1.004
645	0.0	0.3502	0.9143	0.5222	0.8167	0.5327
646	0.0	0.4093	1.225	0.6582	1.197	0.6517
647	0.0	0.5659	0.9039	1.049	0.9369	1.012
648	0.0	0.7796	0.8781	1.378	0.8245	1.343
649	0.0	0.5027	0.6805	0.9634	0.5915	0.8625
650	0.0	0.6262	0.9468	1.155	0.8854	1.177
651	0.0	0.5072	1.204	0.8024	1.22	0.8237
652	0.0	0.3339	0.4007	0.8251	0.365	0.4816
653	0.0	0.647	1.208	1.367	1.058	1.126
654	0.0	0.7343	1.104	1.386	1.082	1.316
655	0.0	0.6538	0.9902	1.095	0.9198	1.264
656	0.0	0.5581	1.074	0.9118	0.9963	0.8708
657	0.0	0.8334	1.346	1.599	1.27	1.525
658	0.0	0.4116	0.7432	0.725	0.6554	0.6244
659	0.0	0.3487	0.8553	0.5573	0.9164	0.5298
660	0.0	0.7066	0.9012	1.208	0.8982	1.152
661	0.0	0.5545	0.8091	0.9126	0.646	0.9483
662	0.0	0.5487	0.6485	0.9221	0.7441	0.913
663	0.0	0.6195	1.078	1.668	0.7331	0.9706
664	0.0	0.4232	1.097	0.6625	1.05	0.6415
665	0.0	0.4282	0.9969	0.6921	1.005	0.6672
666	0.0	0.586	1.098	1.036	0.8395	1.007
667	0.0	0.4586	1.253	0.8826	1.015	0.7619
668	0.0	0.8903	0.8051	1.864	0.7128	1.587
669	0.0	0.6999	1.065	1.262	0.8726	1.235
670	0.0	0.7256	0.5944	1.182	0.5378	1.267
671	0.0	0.3961	0.6059	0.6172	0.612	0.5822
672	0.0	0.8856	1.104	1.495	1.082	1.585
673	0.0	0.6414	1.103	1.088	1.222	1.05
674	0.0	0.4754	0.9049	0.7616	0.8458	0.7384
675	0.0	0.7004	0.6958	1.221	0.685	1.325
676	0.0	0.5218	0.8211	0.9036	0.7592	0.8268
677	0.0	0.6122	1.012	1.02	0.924	1.068
678	0.0	0.4067	0.642	0.6386	0.6097	0.6135
679	0.0	0.3773	0.7862	0.66	0.7872	0.6761
680	0.0	0.6381	0.9309	1.139	0.8806	1.815
681	0.0	0.7409	0.7212	1.946	0.546	1.309
682	0.0	0.5023	0.8355	0.9471	0.676	0.8003
683	0.0	0.6344	0.8837	0.9865	0.8836	1.065
684	0.0	0.5996	1.227	0.9794	1.524	0.951
685	0.0	0.6603	0.8428	1.149	0.7969	1.214
686	0.0	0.4556	0.697	0.7572	0.6623	0.7213
687	0.0	0.569	1.264	0.9315	1.45	0.9103
688	0.0	0.5843	1.021	1.005	1.003	0.9486
689	0.0	0.742	1.103	1.535	1.082	1.294
690	0.0	0.543	0.8957	0.8822	0.8606	0.8989
691	0.0	0.5002	0.6996	0.7655	0.7092	0.7902
692	0.0	0.4869	1.484	0.8891	1.499	0.8257
693	0.0	0.2724	0.6831	0.4548	0.5686	0.6347
694	0.0	0.5388	1.054	0.9163	1.053	0.9618
695	0.0	0.5024	0.3632	0.846	0.3875	0.7897
696	0.0	0.6488	1.093	1.543	0.7778	1.017
697	0.0	0.359	0.6198	0.5944	0.5192	0.603
698	0.0	0.6801	1.177	1.408	1.139	1.398
699	0.0	0.536	1.844	1.006	1.015	0.8982
700	0.0	0.7927	1.317	1.369	1.45	1.408
701	0.0	0.7584	0.9634	1.324	0.8058	1.248
702	0.0	0.5855	0.9403	0.9908	0.8966	0.9216
703	0.0	0.7405	0.8482	1.226	0.8092	1.326
704	0.0	0.4329	0.7821	0.7374	0.7501	0.6658
705	0.0	0.7161	1.177	1.265	1.069	1.226
706	0.0	0.5512	1.716	1.043	1.205	0.9144
707	0.0	0.7186	1.172	1.307	1.088	1.195
708	0.0	0.4557	1.525	0.771	1.616	0.6982
709	0.0	0.6028	1.089	1.058	1.119	1.184
710	0.0	0.5745	0.6435	1.162	0.6502	1.073
711	0.0	0.5714	0.905	0.9297	0.8674	0.9994
712	0.0	0.676	1.327	1.431	1.303	1.199
713	0.0	0.8002	1.337	1.497	1.354	1.507
714	0.0	0.7264	0.9595	1.381	0.9437	1.363
715	0.0	0.6028	1.033	1.081	0.8929	0.9267
716	0.0	0.4811	1.266	0.7673	1.166	0.9163
717	0.0	0.5111	1.384	1.116	0.8567	0.967
718	0.0	0.5226	0.8397	0.9328	0.8217	0.8883
719	0.0	0.5954	1.158	1.062	0.793	0.9785
720	0.0	0.6571	1.255	1.169	1.369	1.087
721	0.0	0.4935	0.7907	0.8194	0.7864	0.8173
722	0.0	0.2111	1.105	0.3427	1.082	0.3473
723	0.0	0.7691	1.33	1.412	1.254	1.292
724	0.0	0.5342	1.178	0.8609	1.152	0.8543
725	0.0	0.5191	0.9145	0.9297	0.8486	0.8856
726	0.0	0.43	0.7221	0.723	0.7268	0.6914
727	0.0	0.8663	0.8102	1.515	0.8016	1.824
728	0.0	0.7254	1.069	1.193	1.0	1.412
729	0.0	0.3136	1.124	0.5856	1.064	0.4457
730	0.0	0.5784	0.9755	1.0	0.9548	0.9005
731	0.0	0.6059	1.166	1.028	1.347	1.037
732	0.0	0.548	0.8314	1.086	0.6793	0.865
733	0.0	0.5251	1.047	1.274	0.68	0.7982
734	0.0	0.5002	0.6711	0.7871	0.7338	0.8062
735	0.0	0.6222	0.594	1.023	0.6029	1.039
736	0.0	0.5687	1.056	0.9274	0.9587	0.8703
737	0.0	0.3955	0.8491	0.8272	0.828	0.5579
738	0.0	0.8992	0.6368	1.597	0.5934	1.568
739	0.0	0.5526	0.8643	0.8537	0.8677	0.9704
740	0.0	0.4583	0.7477	0.7169	0.7234	0.7776
741	0.0	0.5918	0.8265	1.196	0.7374	1.012
742	0.0	0.5954	1.673	0.993	1.853	1.103
743	0.0	0.6308	1.262	1.239	1.084	1.059
744	0.0	0.5965	1.268	1.012	1.087	0.9629
745	0.0	0.6046	0.7291	1.047	0.6095	1.032
746	0.0	0.7708	1.133	1.486	1.059	1.27
747	0.0	0.7099	0.9041	1.226	0.8302	1.206
748	0.0	0.5995	1.225	1.425	0.7575	0.9045
749	0.0	0.6306	0.972	1.222	0.9447	1.08
750	0.0	0.6119	0.819	0.9546	0.7576	1.011
751	0.0	0.5191	1.076	0.8111	1.029	0.9832
752	0.0	0.7242	1.512	1.226	1.261	1.255
753	0.0	0.5762	0.7659	1.009	0.5906	0.9703
754	0.0	0.5263	0.856	0.8624	0.8616	0.858
755	0.0	0.5284	1.025	0.8843	0.8891	0.8558
756	0.0	0.3443	0.7509	0.5719	0.528	0.4892
757	0.0	0.8005	1.18	1.455	0.9986	1.356
758	0.0	0.7697	1.132	1.405	1.198	1.312
759	0.0	0.4862	0.7356	0.7932	0.8296	0.7949
760	0.0	0.6766	1.003	1.224	0.9249	1.204
761	0.0	0.7142	1.015	1.252	0.913	1.307
762	0.0	0.5985	0.7651	1.008	0.8218	1.046
763	0.0	0.5647	0.9572	0.9877	1.063	0.9367
764	0.0	0.5226	0.6586	0.9272	0.5998	0.8474
765	0.0	0.6334	1.077	1.144	1.113	1.12
766	0.0	0.6449	0.9047	1.231	1.07	1.163
767	0.0	0.7552	1.429	2.176	0.7862	1.267
768	0.0	0.6294	0.9829	1.034	0.9584	1.077
769	0.0	0.5865	0.7689	0.9608	0.6979	0.9909
770	0.0	0.5475	1.247	1.032	1.072	0.8097
771	0.0	0.8959	0.9758	1.695	1.019	1.766
772	0.0	0.4959	1.197	0.9209	0.8501	0.7344
773	0.0	0.5488	1.289	1.114	1.162	0.9424
774	0.0	0.4951	0.8129	0.8544	0.8135	0.7529
775	0.0	0.5447	1.172	0.9059	1.281	0.9262
776	0.0	0.583	1.312	1.06	1.309	1.097
777	0.0	0.5816	1.256	0.9157	1.209	0.9627
778	0.0	0.5531	1.091	0.8744	0.9772	0.8967
779	0.0	0.405	0.7686	0.6495	0.6517	0.8031
780	0.0	0.478	1.045	0.7994	1.107	0.8372
781	0.0	0.4119	0.9813	0.6758	0.9702	0.6065
782	0.0	0.4413	0.8475	0.6756	0.9018	0.7083
783	0.0	0.6652	1.102	1.247	1.114	1.15
784	0.0	0.582	0.917	0.9742	0.8669	0.903
785	0.0	0.4576	1.012	1.012	0.8144	0.6977
786	0.0	0.6642	0.9514	1.135	0.9488	1.226
787	0.0	0.5399	0.7184	0.9532	0.6125	0.913
788	0.0	0.4757	1.001	0.7877	0.9804	0.7148
789	0.0	0.7631	1.018	1.427	1.024	1.36
790	0.0	0.5272	0.7183	0.8332	0.6646	0.8323
791	0.0	0.5537	1.129	0.9111	1.076	0.8592
792	0.0	0.4406	0.975	0.7126	1.057	0.7034
793	0.0	0.7246	1.322	1.369	1.124	1.208
794	0.0	0.6012	0.7761	1.008	0.8027	1.026
795	0.0	0.4007	0.8548	0.6183	0.873	0.5942
796	0.0	0.6781	1.099	1.229	1.144	1.247
797	0.0	0.5392	0.7868	1.08	0.5869	0.8023
798	0.0	0.6511	0.8411	1.016	0.7549	1.088
799	0.0	0.6926	1.346	1.222	1.243	1.119
800	0.0	0.4301	1.174	0.8037	0.7618	0.6224
801	0.0	0.3969	1.045	0.8273	0.7286	0.5845
802	0.0	0.5035	0.8221	0.9768	0.799	0.9234
803	0.0	0.5596	0.7893	1.465	0.6865	0.9732
804	0.0	0.6667	0.8683	1.035	0.7878	1.157
805	0.0	0.6366	0.9849	1.095	0.8768	1.045
806	0.0	0.623	0.7331	1.075	0.7205	1.001
807	0.0	0.6818	1.683	1.254	1.572	1.165
808	0.0	0.438	1.143	0.7615	1.096	0.6638
809	0.0	0.7635	1.037	1.384	0.9546	1.351
810	0.0	0.6819	1.368	1.803	0.9676	1.038
811	0.0	0.6331	1.44	1.369	1.226	1.047
812	0.0	0.4936	1.109	0.8156	1.089	0.7675
813	0.0	0.6662	1.114	1.153	1.098	1.132
814	0.0	0.6448	1.255	1.254	1.243	1.079
815	0.0	0.3483	0.8639	0.521	0.9328	0.5576
816	0.0	0.6546	0.2907	1.04	0.3609	1.258
817	0.0	0.3496	1.232	0.6769	1.285	0.5244
818	0.0	0.5264	1.108	0.959	1.149	0.7794
819	0.0	0.5704	0.7856	0.9197	0.621	0.9709
820	0.0	0.5175	1.025	0.8245	1.071	0.8442
821	0.0	0.5246	0.5897	1.069	0.5111	0.8188
822	0.0	0.5065	0.9491	0.8334	0.9275	0.7986
823	0.0	0.4556	1.076	0.755	0.694	0.686
824	0.0	0.546	1.11	1.026	1.014	0.8947
825	0.0	0.696	1.261	1.362	1.212	1.209
826	0.0	0.3739	0.6523	0.6678	0.6418	0.5739
827	0.0	0.7385	1.017	1.363	0.9056	1.268
828	0.0	0.6509	1.06	1.206	1.224	1.196
829	0.0	0.3589	0.9265	0.5491	0.9804	0.5312
830	0.0	0.5433	1.08	1.036	1.144	0.8799
831	0.0	0.5743	1.218	1.016	1.278	0.8746
832	0.0	0.5697	0.7533	0.9596	0.6453	0.8932
833	0.0	0.739	1.013	1.346	0.9689	1.292
834	0.0	0.5174	1.105	0.7897	1.118	0.7954
835	0.0	0.567	1.093	0.9121	0.9515	0.9141
836	0.0	0.7298	1.287	1.291	1.219	1.205
837	0.0	0.4353	1.063	0.995	1.027	0.6646
838	0.0	0.4837	0.9641	0.7568	0.8996	0.7699
839	0.0	0.6302	1.195	1.102	1.289	1.072
840	0.0	0.6805	1.006	1.099	0.9074	1.159
841	0.0	0.2727	0.4077	0.51	0.3146	0.3805
842	0.0	0.6364	0.9083	1.188	0.7946	1.075
843	0.0	0.5175	1.202	0.8764	1.095	0.9264
844	0.0	0.5623	0.992	0.9515	0.961	0.9908
845	0.0	0.7193	0.8318	1.272	0.9759	1.807
846	0.0	0.4936	1.255	0.9019	1.73	0.8595
847	0.0	0.4874	0.8562	0.7844	0.7359	0.8297
848	0.0	0.629	0.9855	1.017	0.8284	1.104
849	0.0	0.4011	0.747	0.6303	0.7424	0.5885
850	0.0	0.5985	1.288	1.11	1.293	1.066
851	0.0	0.6679	0.8699	1.13	0.9753	1.105
852	0.0	0.6388	1.198	1.504	0.901	0.9589
853	0.0	0.431	0.8209	0.7608	0.7691	0.6853
854	0.0	0.5857	0.5265	1.068	0.3869	0.9455
855	0.0	0.538	0.7835	0.8971	0.7993	0.8528
856	0.0	0.6578	0.8647	1.07	0.8548	1.078
857	0.0	0.4756	0.7726	0.7967	0.7996	0.7245
858	0.0	0.5115	0.9388	0.8285	1.05	0.8117
859	0.0	0.4855	0.6791	0.7818	0.5647	0.7787
860	0.0	0.4017	1.101	0.8592	0.839	0.6343
861	0.0	0.3706	1.339	0.6909	1.207	0.5633
862	0.0	0.7085	1.268	1.263	1.199	1.217
863	0.0	0.6532	0.8523	1.054	0.7866	1.106
864	0.0	0.4613	0.6978	0.7221	0.6494	0.6869
865	0.0	0.7682	0.8089	1.406	0.749	1.386
866	0.0	0.7007	1.027	1.256	0.9659	1.243
867	0.0	0.3965	1.102	0.734	1.058	0.6641
868	0.0	0.4845	1.136	0.7636	0.9922	0.7374
869	0.0	0.51	1.2	0.8004	1.109	0.8446
870	0.0	0.5833	0.5202	0.7881	0.5828	1.14
871	0.0	0.4232	1.052	0.6509	0.6087	0.6302
872	0.0	0.6446	0.7594	1.07	0.7095	1.126
873	0.0	0.6135	0.7093	1.083	0.6498	1.08
874	0.0	0.4333	1.051	0.8538	0.9926	0.647
875	0.0	0.4416	0.9724	0.7238	0.925	0.6746
876	0.0	0.6246	1.083	1.432	0.9356	1.052
877	0.0	0.5468	1.319	1.148	1.177	0.9333
878	0.0	0.5581	0.9393	0.9813	0.8465	0.9224
879	0.0	0.4567	0.8776	0.7178	0.9125	0.769
880	0.0	0.4028	1.771	0.6692	1.4	0.6729
881	0.0	0.6734	0.5353	1.271	0.5592	1.131
882	0.0	0.4575	0.8364	0.7187	0.8052	0.7197
883	0.0	0.7105	1.1	1.425	1.123	1.3
884	0.0	0.5968	0.6999	1.089	0.6487	1.005
885	0.0	0.4864	0.8549	0.7825	1.005	0.8908
886	0.0	0.4515	0.7788	0.7365	0.636	0.6886
887	0.0	0.5246	0.7486	0.8652	0.6509	0.8985
888	0.0	0.3652	0.7357	0.5807	0.7691	0.5409
889	0.0	0.4305	0.7681	0.8098	0.5814	0.6195
890	0.0	0.5276	1.273	1.006	0.9654	0.8437
891	0.0	0.5682	0.9433	1.036	0.9434	0.9945
892	0.0	0.4121	0.8918	0.6825	0.8185	0.6041
893	0.0	0.5568	0.6234	0.9761	0.6188	1.067
894	0.0	0.5009	0.837	0.7782	0.8585	0.803
895	0.0	0.5457	0.9125	0.9089	0.9274	0.9617
896	0.0	0.5294	1.335	0.932	1.406	0.8419
897	0.0	0.613	1.358	1.532	1.249	1.039
898	0.0	0.4355	0.885	0.7173	0.972	0.6772
899	0.0	0.4977	0.8455	0.8533	0.7719	0.7995
900	0.0	0.6642	1.326	1.141	1.172	1.141
901	0.0	0.4068	0.6941	0.8049	0.5427	0.6001
902	0.0	0.6163	0.9994	1.015	0.9101	1.027
903	0.0	0.5874	1.206	0.9902	1.109	0.9631
904	0.0	0.6111	0.9596	1.442	0.8306	0.9207
905	0.0	0.6399	0.8038	1.112	0.677	1.096
906	0.0	0.5651	1.426	1.106	1.462	1.091
907	0.0	0.5153	0.8381	1.291	0.645	0.8658
908	0.0	0.5296	1.035	0.8538	1.004	0.8558
909	0.0	0.6544	0.9637	1.164	0.935	1.167
910	0.0	0.8176	0.7072	1.805	0.636	1.546
911	0.0	0.7077	1.038	1.21	0.9472	1.191
912	0.0	0.4289	0.9354	0.7595	0.9556	0.6977
913	0.0	0.544	1.084	1.014	1.049	0.852
914	0.0	0.5761	1.415	1.283	1.09	0.8517
915	0.0	0.503	0.8308	0.8157	0.8266	0.8237
916	0.0	0.6504	1.063	1.316	0.9773	1.126
917	0.0	0.6841	1.128	1.218	1.019	1.274
918	0.0	0.6279	1.015	1.018	1.156	1.072
919	0.0	0.6313	1.028	1.065	1.023	1.049
920	0.0	0.4427	0.9106	0.7935	0.7996	0.6732
921	0.0	0.7386	1.22	1.414	1.189	1.277
922	0.0	0.4939	1.12	0.8021	1.039	0.7776
923	0.0	0.5678	0.5599	0.9474	0.4667	0.9031
924	0.0	0.6448	0.8446	1.081	0.8891	1.136
925	0.0	0.5049	0.7893	1.05	0.5504	0.7807
926	0.0	0.4951	0.7422	0.7928	0.6604	0.8109
927	0.0	0.4704	0.8504	0.7685	0.6765	0.6825
928	0.0	0.5803	1.111	0.9179	1.028	0.9537
929	0.0	0.4812	1.41	0.8712	1.389	0.8627
930	0.0	0.5788	1.105	1.017	1.045	1.015
931	0.0	0.7349	1.114	1.525	1.169	1.27
932	0.0	0.5107	1.071	0.8226	1.112	0.8581
933	0.0	0.3298	0.7569	0.4833	0.8449	0.4649
934	0.0	0.4663	1.05	0.7872	1.003	0.7205
935	0.0	0.549	0.8809	0.9205	0.7874	0.953
936	0.0	0.6568	0.4171	1.125	0.4372	1.063
937	0.0	0.4915	1.214	0.8314	1.167	0.8702
938	0.0	0.5075	1.016	0.9033	0.9718	0.8119
939	0.0	0.6716	1.156	1.25	1.101	1.15
940	0.0	0.5398	1.287	0.9519	1.137	0.8119
941	0.0	0.4141	0.6858	1.2	0.5357	0.6243
942	0.0	0.4852	0.8165	0.7436	0.7784	0.8298
943	0.0	0.6947	0.589	1.241	0.8543	1.332
944	0.0	0.6226	1.105	1.088	1.101	1.035
945	0.0	0.3824	0.4335	0.6397	0.3929	0.5606
946	0.0	0.8063	0.6258	1.551	0.5769	1.32
947	0.0	0.5401	0.9292	0.9098	0.8539	0.8942
948	0.0	0.5281	0.7846	0.8619	0.8373	0.8632
949	0.0	0.5325	0.9798	1.141	1.003	0.9708
950	0.0	0.7216	0.9399	1.431	0.8344	1.309
951	0.0	0.4584	0.6894	0.7587	0.8537	0.7164
952	0.0	0.5437	0.9762	1.032	0.9544	0.8481
953	0.0	0.6265	1.183	1.229	1.032	1.226
954	0.0	0.6315	1.304	1.011	1.181	1.021
955	0.0	0.6405	0.9747	1.053	0.9931	1.089
956	0.0	0.6057	0.9989	1.432	0.6512	1.024
957	0.0	0.6832	0.8461	1.183	0.8034	1.268
958	0.0	0.4758	1.208	0.7645	1.114	0.8038
959	0.0	0.6948	0.8951	1.224	0.8201	1.312
960	0.0	0.648	0.6072	1.135	0.4955	1.026
961	0.0	0.4269	0.9695	0.6753	0.8806	0.654
962	0.0	0.5494	0.7523	0.9266	0.7596	0.9032
963	0.0	0.5847	0.9811	0.9951	1.004	0.9655
964	0.0	0.5629	1.182	1.24	1.042	0.8387
965	0.0	0.4507	1.03	0.7999	0.8196	0.7568
966	0.0	0.7615	1.242	1.38	1.159	1.276
967	0.0	0.478	0.8898	0.8424	0.8906	0.7764
968	0.0	0.5737	0.5287	1.005	0.5091	1.02
969	0.0	0.538	0.8976	0.8823	0.738	0.9751
970	0.0	0.4377	1.041	0.6625	1.032	0.6774
971	0.0	0.3243	0.6159	0.5743	0.5956	0.4939
972	0.0	0.596	0.9065	1.019	0.7102	0.9314
973	0.0	0.5986	0.8096	0.9598	0.8388	1.043
974	0.0	0.5698	0.8251	1.051	0.8125	0.953
975	0.0	0.5874	1.255	1.707	0.791	0.8396
976	0.0	0.3994	0.6937	0.6199	0.7049	0.626
977	0.0	0.4768	0.7492	0.7237	0.7252	0.7605
978	0.0	0.3764	0.6085	0.7077	0.5487	0.5543
979	0.0	0.6317	1.047	1.16	1.05	1.132
980	0.0	0.4929	0.9894	1.144	0.7107	0.8393
981	0.0	0.5184	1.314	0.97	1.147	0.8347
982	0.0	0.6148	1.108	1.021	1.103	1.038
983	0.0	0.6669	0.9194	1.171	0.868	1.139
984	0.0	0.6468	0.9219	1.127	0.9085	1.158
985	0.0	0.6529	1.321	1.069	1.185	1.178
986	0.0	0.3507	0.7611	0.5664	0.7386	0.5114
987	0.0	0.5884	0.7037	0.9441	0.6658	1.028
988	0.0	0.6023	0.9193	0.9311	0.8532	1.053
989	0.0	0.4596	0.8441	0.7388	0.9249	0.6955
990	0.0	0.6408	0.846	1.16	0.7646	1.111
991	0.0	0.5932	0.7761	1.177	0.7683	1.014
992	0.0	0.5322	0.9817	0.9431	0.9631	0.8899
993	0.0	0.6275	0.8299	1.419	0.613	1.003
994	0.0	0.6473	0.7473	1.154	0.7	1.062
995	0.0	0.5765	0.8754	0.9846	0.8111	0.9553
996	0.0	0.8112	0.9032	1.556	0.9179	1.468
997	0.0	0.4588	1.349	0.7184	1.204	0.7382
998	0.0	0.3776	0.825	0.5753	0.7838	0.5384
999	0.0	0.5741	0.936	1.005	0.9701	0.9758
1000	0.0	0.387	0.9944	0.607	0.915	0.609
1001	0.0	0.5336	1.033	0.8789	0.9899	0.8459
1002	0.0	0.4649	0.7186	0.7737	0.7939	0.7606
1003	0.0	0.5673	0.8526	0.9619	0.8544	0.893
1004	0.0	0.599	1.053	0.9741	0.9768	0.9547
1005	0.0	0.6197	0.7026	1.79	0.5116	1.307
1006	0.0	0.575	0.8917	0.9586	0.9106	0.9452
1007	0.0	0.4663	1.058	0.8481	0.9674	0.7475
1008	0.0	0.3444	1.228	0.5988	0.991	0.6225
1009	0.0	0.4807	0.8011	0.875	0.5002	0.7
1010	0.0	0.6775	1.26	1.336	1.27	1.357
1011	0.0	0.562	1.499	1.602	0.8763	0.9465
1012	0.0	0.6341	0.895	1.129	0.863	1.077
1013	0.0	0.7061	1.036	1.145	0.8952	1.214
1014	0.0	0.3848	1.095	0.582	1.021	0.569
1015	0.0	0.5389	1.315	1.037	1.123	0.8474
1016	0.0	0.4984	0.6144	0.8425	0.5121	0.817
1017	0.0	0.6275	1.354	1.247	1.239	1.088
1018	0.0	0.6534	1.448	1.774	0.9541	1.09
1019	0.0	0.6717	1.097	1.151	1.101	1.162
1020	0.0	0.5024	0.8154	0.8038	0.7818	0.771
1021	0.0	0.3862	1.022	0.6327	0.9831	0.5643
1022	0.0	0.5151	0.6348	0.7773	0.5882	0.8332
1023	0.0	0.5961	0.8477	1.063	0.802	0.9915
1024	0.0	0.7623	0.4067	1.478	0.3972	1.546
1025	0.0	0.4889	1.066	0.8973	1.073	0.793
1026	0.0	0.4991	0.9938	0.8383	1.046	0.8169
1027	0.0	0.4612	0.8574	0.7889	0.8489	0.79
1028	0.0	0.545	0.61	0.8178	0.83	1.071
1029	0.0	0.3487	1.513	0.6399	0.8176	0.4974
1030	0.0	0.5275	0.752	0.8716	0.7898	0.8679
1031	0.0	0.3638	0.9109	0.7013	0.8127	0.524
1032	0.0	0.4432	0.58	0.813	0.5301	0.6579
1033	0.0	0.5057	1.318	0.905	1.317	0.8656
1034	0.0	0.6239	0.7543	1.001	0.7028	1.029
1035	0.0	0.6749	1.157	1.374	1.076	1.071
1036	0.0	0.4718	0.7135	0.754	0.5975	0.7154
1037	0.0	0.4658	0.739	0.7691	0.7296	0.7641
1038	0.0	0.3436	0.5046	0.6797	0.5819	0.5921
1039	0.0	0.6244	1.014	1.075	0.9754	0.9934
1040	0.0	0.6933	1.002	1.221	1.231	1.215
