Step	Loss(S)	Loss(T)	fwd_S	fwd_T	rev_S	rev_T
1	0.0	4.048	4.149	5.434	3.559	4.048
2	0.0	2.539	2.702	2.32	2.786	2.539
3	0.0	3.421	3.776	3.622	3.193	3.421
4	0.0	2.776	2.894	3.084	2.793	2.776
5	0.0	3.826	4.444	4.47	4.134	3.826
6	0.0	4.158	4.36	5.391	3.474	4.158
7	0.0	3.694	4.438	4.745	3.58	3.694
8	0.0	2.976	3.552	4.503	3.052	2.976
9	0.0	3.072	2.036	4.64	1.698	3.072
10	0.0	3.103	3.781	4.426	3.088	3.103
11	0.0	2.777	4.557	5.399	3.591	2.777
12	0.0	2.166	3.304	3.328	3.531	2.166
13	0.0	2.661	4.387	3.026	3.02	2.661
14	0.0	2.371	3.646	4.582	3.064	2.371
15	0.0	2.297	3.825	4.85	2.411	2.297
16	0.0	2.588	3.769	4.48	2.241	2.588
17	0.0	2.275	3.848	3.632	2.479	2.275
18	0.0	2.558	4.051	4.701	2.676	2.558
19	0.0	2.264	3.333	3.722	2.051	2.264
20	0.0	2.862	3.799	3.694	2.542	2.862
21	0.0	2.047	3.285	3.101	1.996	2.047
22	0.0	1.957	4.696	3.212	2.773	1.957
23	0.0	2.481	2.675	2.378	2.375	2.481
24	0.0	1.543	3.501	1.913	1.957	1.543
25	0.0	2.074	2.645	2.854	1.993	2.074
26	0.0	2.016	3.514	2.302	2.303	2.016
27	0.0	2.753	2.847	3.332	2.214	2.753
28	0.0	2.601	2.109	3.396	1.507	2.601
29	0.0	1.394	3.133	1.833	1.932	1.394
30	0.0	1.91	2.476	2.585	1.604	1.91
31	0.0	2.017	1.273	2.926	1.222	2.017
32	0.0	1.546	1.34	2.037	1.003	1.546
33	0.0	2.144	2.772	2.722	2.349	2.144
34	0.0	1.889	2.781	2.697	2.334	1.889
35	0.0	2.155	3.305	3.565	2.154	2.155
36	0.0	2.09	2.741	2.54	1.968	2.09
37	0.0	1.682	2.113	2.033	1.61	1.682
38	0.0	1.734	3.2	2.21	2.015	1.734
39	0.0	1.598	2.356	2.272	1.856	1.598
40	0.0	1.872	3.409	3.003	2.327	1.872
41	0.0	1.581	3.451	1.971	2.121	1.581
42	0.0	1.765	3.446	2.518	2.239	1.765
43	0.0	1.413	2.002	1.778	1.477	1.413
44	0.0	1.316	1.863	1.954	1.42	1.316
45	0.0	1.933	2.6	2.071	2.519	1.933
46	0.0	1.715	2.387	2.555	1.614	1.715
47	0.0	1.401	2.989	1.682	1.984	1.401
48	0.0	1.865	2.767	3.022	1.886	1.865
49	0.0	1.756	2.287	2.695	1.71	1.756
50	0.0	1.304	2.462	1.946	1.956	1.304
51	0.0	1.957	2.173	2.522	1.537	1.957
52	0.0	1.47	1.323	1.925	1.118	1.47
53	0.0	1.903	2.537	2.174	2.095	1.903
54	0.0	1.717	1.743	2.132	1.233	1.717
55	0.0	1.875	2.9	2.454	2.006	1.875
56	0.0	1.859	2.363	2.508	1.611	1.859
57	0.0	1.752	2.541	2.424	1.755	1.752
58	0.0	1.941	2.447	3.221	1.891	1.941
59	0.0	1.933	2.097	2.795	1.618	1.933
60	0.0	1.763	1.514	2.682	1.214	1.763
61	0.0	1.266	2.002	1.649	1.663	1.266
62	0.0	1.593	1.795	2.179	1.369	1.593
63	0.0	1.779	1.138	2.312	0.8684	1.779
64	0.0	1.699	1.948	2.407	1.457	1.699
65	0.0	1.387	2.463	2.02	1.665	1.387
66	0.0	1.696	1.777	2.644	1.3	1.696
67	0.0	1.474	2.402	2.013	1.688	1.474
68	0.0	1.493	2.314	1.866	1.855	1.493
69	0.0	1.457	1.918	1.884	1.855	1.457
70	0.0	2.711	2.365	2.374	1.799	2.711
71	0.0	1.6	2.509	2.122	1.723	1.6
72	0.0	1.668	2.6	2.492	1.711	1.668
73	0.0	1.479	1.634	1.935	1.23	1.479
74	0.0	2.133	1.433	2.542	1.178	2.133
75	0.0	1.248	1.794	1.704	1.431	1.248
76	0.0	1.555	2.564	2.167	1.885	1.555
77	0.0	1.12	2.151	1.57	1.644	1.12
78	0.0	1.294	2.069	1.508	1.872	1.294
79	0.0	2.285	1.47	2.412	1.183	2.285
80	0.0	1.397	2.23	1.916	1.792	1.397
81	0.0	0.9539	1.919	1.169	1.593	0.9539
82	0.0	1.458	1.513	1.918	1.142	1.458
83	0.0	2.055	2.323	2.345	1.927	2.055
84	0.0	1.031	2.188	1.473	1.451	1.031
85	0.0	1.59	2.492	2.36	1.822	1.59
86	0.0	1.195	1.743	1.813	1.332	1.195
87	0.0	1.816	2.223	2.266	1.744	1.816
88	0.0	1.746	2.121	2.795	1.509	1.746
89	0.0	1.126	2.218	1.238	1.832	1.126
90	0.0	1.305	2.316	1.745	1.771	1.305
91	0.0	1.527	2.103	2.027	1.478	1.527
92	0.0	1.621	2.392	2.416	1.67	1.621
93	0.0	2.341	1.604	2.726	1.224	2.341
94	0.0	1.482	2.001	1.723	1.531	1.482
95	0.0	1.285	1.744	1.747	1.224	1.285
96	0.0	1.801	1.74	2.24	1.554	1.801
97	0.0	1.651	1.486	2.248	1.187	1.651
98	0.0	1.565	1.876	2.054	1.475	1.565
99	0.0	1.598	1.759	1.965	1.335	1.598
100	0.0	1.619	1.879	2.227	1.334	1.619
101	0.0	1.755	2.091	2.286	1.679	1.755
102	0.0	0.9155	1.762	1.097	1.315	0.9155
103	0.0	0.986	2.203	1.156	1.611	0.986
104	0.0	0.8585	1.346	1.021	1.066	0.8585
105	0.0	1.506	2.086	2.073	1.499	1.506
106	0.0	1.694	1.775	1.761	1.362	1.694
107	0.0	1.475	2.152	1.86	1.875	1.475
108	0.0	1.126	1.636	1.384	1.36	1.126
109	0.0	1.053	1.454	1.404	1.16	1.053
110	0.0	1.229	1.682	1.715	1.157	1.229
111	0.0	1.223	1.079	1.616	0.8049	1.223
112	0.0	1.611	1.619	2.442	1.229	1.611
113	0.0	1.354	1.667	1.856	1.202	1.354
114	0.0	1.524	1.516	2.059	1.112	1.524
115	0.0	1.877	1.97	2.34	1.537	1.877
116	0.0	1.826	1.25	2.133	0.9601	1.826
117	0.0	1.608	1.509	2.168	1.144	1.608
118	0.0	1.377	2.226	1.78	1.71	1.377
119	0.0	1.467	1.522	1.903	1.217	1.467
120	0.0	1.653	1.522	2.198	1.172	1.653
121	0.0	1.789	1.844	2.097	1.412	1.789
122	0.0	1.148	1.428	1.421	1.06	1.148
123	0.0	1.124	1.664	1.336	1.242	1.124
124	0.0	2.304	2.118	2.566	1.733	2.304
125	0.0	1.175	1.361	1.435	0.9909	1.175
126	0.0	1.469	1.218	2.288	0.9713	1.469
127	0.0	1.91	1.517	1.973	1.239	1.91
128	0.0	0.9108	1.55	0.9915	1.102	0.9108
129	0.0	1.096	1.619	1.368	1.232	1.096
130	0.0	1.268	1.607	1.502	1.32	1.268
131	0.0	1.322	1.926	1.761	1.53	1.322
132	0.0	1.539	1.104	1.789	0.8849	1.539
133	0.0	1.118	1.422	1.496	1.04	1.118
134	0.0	1.469	1.443	1.986	1.055	1.469
135	0.0	1.047	1.669	1.35	1.308	1.047
136	0.0	1.479	2.151	1.883	1.624	1.479
137	0.0	1.686	1.878	2.176	1.439	1.686
138	0.0	1.641	1.589	2.147	1.168	1.641
139	0.0	1.447	1.758	1.948	1.478	1.447
140	0.0	1.489	1.938	1.857	1.646	1.489
141	0.0	1.532	2.006	1.86	1.627	1.532
142	0.0	1.42	1.118	1.709	0.8709	1.42
143	0.0	1.161	1.836	1.679	1.246	1.161
144	0.0	1.83	1.849	2.009	1.361	1.83
145	0.0	1.133	1.717	1.458	1.207	1.133
146	0.0	1.181	2.501	1.462	1.887	1.181
147	0.0	1.041	1.552	1.37	1.201	1.041
148	0.0	1.03	1.395	1.412	1.044	1.03
149	0.0	1.138	1.244	1.407	0.9429	1.138
150	0.0	1.443	2.046	1.805	1.676	1.443
151	0.0	1.031	1.729	1.225	1.445	1.031
152	0.0	1.47	1.622	1.849	1.263	1.47
153	0.0	1.098	1.954	1.399	1.563	1.098
154	0.0	1.277	1.724	1.527	1.61	1.277
155	0.0	1.155	1.378	1.624	1.196	1.155
156	0.0	1.129	1.087	1.33	0.9317	1.129
157	0.0	1.643	1.591	1.919	1.403	1.643
158	0.0	1.374	1.432	1.476	1.192	1.374
159	0.0	1.424	1.849	1.767	1.472	1.424
160	0.0	1.717	1.535	2.156	1.149	1.717
161	0.0	1.286	1.699	1.781	1.235	1.286
162	0.0	1.55	1.745	1.925	1.345	1.55
163	0.0	1.03	1.968	1.336	1.505	1.03
164	0.0	1.225	1.42	1.533	1.038	1.225
165	0.0	1.434	1.549	1.556	1.213	1.434
166	0.0	1.747	1.811	1.899	1.684	1.747
167	0.0	1.114	1.784	1.405	1.463	1.114
168	0.0	1.42	1.599	1.721	1.352	1.42
169	0.0	1.253	1.484	1.833	1.229	1.253
170	0.0	1.205	1.72	1.568	1.368	1.205
171	0.0	1.207	1.416	1.454	1.07	1.207
172	0.0	1.168	1.149	1.267	0.89	1.168
173	0.0	2.111	2.248	2.538	1.856	2.111
174	0.0	1.123	1.873	1.528	1.431	1.123
175	0.0	1.175	1.057	1.545	0.9398	1.175
176	0.0	1.213	1.72	1.738	1.155	1.213
177	0.0	1.5	1.205	1.918	0.9608	1.5
178	0.0	1.135	1.415	1.433	1.099	1.135
179	0.0	1.08	1.381	1.423	1.163	1.08
180	0.0	1.271	1.047	1.705	0.8854	1.271
181	0.0	1.42	1.924	1.846	1.542	1.42
182	0.0	1.675	1.81	1.99	1.561	1.675
183	0.0	1.457	1.343	1.88	1.001	1.457
184	0.0	0.9344	1.485	1.171	1.157	0.9344
185	0.0	1.996	1.566	2.169	1.325	1.996
186	0.0	1.081	1.518	1.238	1.191	1.081
187	0.0	1.465	1.601	1.85	1.29	1.465
188	0.0	1.301	1.495	1.721	1.086	1.301
189	0.0	1.301	1.422	1.632	1.107	1.301
190	0.0	1.414	1.809	1.57	1.399	1.414
191	0.0	1.626	1.741	2.217	1.397	1.626
192	0.0	1.205	1.333	1.435	1.02	1.205
193	0.0	0.9022	1.254	1.105	1.063	0.9022
194	0.0	1.27	1.533	1.5	1.324	1.27
195	0.0	1.177	1.772	1.482	1.38	1.177
196	0.0	0.9425	1.919	1.299	1.364	0.9425
197	0.0	1.917	2.164	2.627	1.689	1.917
198	0.0	1.566	1.823	1.864	1.63	1.566
199	0.0	0.9948	1.336	1.197	1.103	0.9948
200	0.0	1.437	1.586	1.737	1.283	1.437
201	0.0	1.151	1.635	1.36	1.359	1.151
202	0.0	1.268	1.489	1.691	1.196	1.268
203	0.0	0.9951	1.456	1.376	1.098	0.9951
204	0.0	1.308	1.497	1.697	1.239	1.308
205	0.0	1.262	1.694	1.483	1.322	1.262
206	0.0	1.256	1.514	1.752	1.138	1.256
207	0.0	1.181	1.682	1.483	1.387	1.181
208	0.0	1.174	1.013	1.495	0.9138	1.174
209	0.0	1.285	1.129	1.61	0.9411	1.285
210	0.0	1.204	1.141	1.472	0.867	1.204
211	0.0	1.348	1.626	1.503	1.334	1.348
212	0.0	1.091	1.293	1.343	1.08	1.091
213	0.0	1.406	1.651	1.627	1.279	1.406
214	0.0	1.147	1.427	1.336	0.9912	1.147
215	0.0	1.174	1.504	1.323	1.264	1.174
216	0.0	1.745	1.47	2.358	1.13	1.745
217	0.0	0.8371	1.393	1.069	1.179	0.8371
218	0.0	1.291	1.121	1.546	0.8123	1.291
219	0.0	1.566	1.547	2.026	1.353	1.566
220	0.0	1.431	1.336	1.673	1.031	1.431
221	0.0	1.262	1.381	1.565	1.171	1.262
222	0.0	1.325	1.796	1.624	1.538	1.325
223	0.0	1.514	1.211	1.856	1.002	1.514
224	0.0	1.357	1.168	1.697	0.9222	1.357
225	0.0	1.305	1.649	1.621	1.295	1.305
226	0.0	1.143	1.538	1.307	1.184	1.143
227	0.0	1.091	1.041	1.229	0.8484	1.091
228	0.0	1.146	1.984	1.38	1.778	1.146
229	0.0	1.595	0.7922	1.904	0.6495	1.595
230	0.0	0.8103	1.236	0.9927	1.018	0.8103
231	0.0	1.83	1.376	2.036	1.0	1.83
232	0.0	1.433	1.582	1.709	1.322	1.433
233	0.0	1.197	1.061	1.371	0.837	1.197
234	0.0	1.126	1.603	1.149	1.241	1.126
235	0.0	1.173	1.657	1.406	1.19	1.173
236	0.0	1.419	1.249	1.655	0.9833	1.419
237	0.0	1.218	1.257	1.626	0.9846	1.218
238	0.0	0.8597	1.176	1.138	0.8773	0.8597
239	0.0	1.05	1.079	1.265	0.837	1.05
240	0.0	1.121	1.497	1.362	1.152	1.121
241	0.0	1.298	0.8462	1.505	0.69	1.298
242	0.0	1.322	1.687	1.552	1.413	1.322
243	0.0	1.061	1.026	1.506	0.75	1.061
244	0.0	1.498	1.294	1.738	1.098	1.498
245	0.0	1.401	1.401	1.626	1.219	1.401
246	0.0	1.07	1.295	1.382	1.076	1.07
247	0.0	0.9805	1.273	1.19	1.079	0.9805
248	0.0	1.391	1.211	1.775	1.005	1.391
249	0.0	1.023	1.274	1.313	0.9914	1.023
250	0.0	0.9912	1.137	1.294	0.8616	0.9912
251	0.0	0.9076	0.834	1.172	0.7515	0.9076
252	0.0	1.016	1.237	1.316	1.0	1.016
253	0.0	1.698	1.364	2.07	1.099	1.698
254	0.0	1.399	1.575	1.717	1.254	1.399
255	0.0	1.109	1.226	1.223	1.038	1.109
256	0.0	1.07	1.403	1.44	1.148	1.07
257	0.0	1.186	1.114	1.441	0.9455	1.186
258	0.0	1.125	1.537	1.37	1.439	1.125
259	0.0	1.311	1.342	1.47	1.262	1.311
260	0.0	1.737	2.005	2.127	1.706	1.737
261	0.0	2.106	1.558	2.478	1.129	2.106
262	0.0	0.6891	1.164	0.68	0.9053	0.6891
263	0.0	1.588	0.9265	2.092	0.7555	1.588
264	0.0	1.35	1.094	1.749	0.9247	1.35
265	0.0	1.268	1.221	1.364	1.057	1.268
266	0.0	1.151	1.466	1.264	1.236	1.151
267	0.0	1.075	1.376	1.284	1.074	1.075
268	0.0	0.8587	0.934	1.022	0.7864	0.8587
269	0.0	1.09	1.192	1.143	0.9646	1.09
270	0.0	1.24	1.526	1.516	1.229	1.24
271	0.0	1.446	0.8491	1.666	0.7537	1.446
272	0.0	1.167	1.286	1.37	0.9201	1.167
273	0.0	1.037	1.223	1.316	1.044	1.037
274	0.0	0.9863	1.283	1.155	1.005	0.9863
275	0.0	0.964	1.157	1.19	0.9583	0.964
276	0.0	1.093	2.035	1.267	1.788	1.093
277	0.0	1.329	0.94	1.605	0.7453	1.329
278	0.0	1.27	1.232	1.424	0.9984	1.27
279	0.0	0.9971	1.746	1.243	1.227	0.9971
280	0.0	1.039	0.8467	1.438	0.5957	1.039
281	0.0	1.178	1.585	1.429	1.269	1.178
282	0.0	1.331	1.283	1.805	1.028	1.331
283	0.0	0.9842	1.279	1.311	0.9808	0.9842
284	0.0	1.13	0.872	1.361	0.6915	1.13
285	0.0	1.379	1.09	1.65	0.881	1.379
286	0.0	1.817	1.843	2.181	1.599	1.817
287	0.0	1.34	1.5	1.833	1.199	1.34
288	0.0	1.252	1.23	1.565	1.025	1.252
289	0.0	0.912	1.449	1.049	1.381	0.912
290	0.0	1.046	1.012	1.173	0.9634	1.046
291	0.0	1.573	1.095	1.881	0.8936	1.573
292	0.0	1.102	1.022	1.435	0.8727	1.102
293	0.0	1.059	1.481	1.244	1.274	1.059
294	0.0	1.129	0.8813	1.41	0.7401	1.129
295	0.0	1.649	1.441	1.862	1.187	1.649
296	0.0	1.23	1.267	1.548	1.07	1.23
297	0.0	1.157	0.956	1.398	0.7936	1.157
298	0.0	1.092	1.018	1.3	0.878	1.092
299	0.0	1.252	1.631	1.677	1.265	1.252
300	0.0	1.278	1.282	1.532	1.074	1.278
301	0.0	2.354	2.218	2.664	1.834	2.354
302	0.0	1.467	1.304	2.008	1.056	1.467
303	0.0	0.9816	0.9802	1.263	0.8874	0.9816
304	0.0	1.143	1.602	1.419	1.354	1.143
305	0.0	1.497	1.594	1.776	1.336	1.497
306	0.0	1.147	1.578	1.409	1.322	1.147
307	0.0	1.015	1.257	1.127	1.04	1.015
308	0.0	1.156	0.915	1.514	0.7112	1.156
309	0.0	1.145	1.035	1.417	0.8832	1.145
310	0.0	1.221	1.003	1.454	0.9381	1.221
311	0.0	0.8424	1.956	0.6857	1.544	0.8424
312	0.0	1.049	1.408	1.175	1.147	1.049
313	0.0	1.147	1.077	1.429	0.9804	1.147
314	0.0	1.048	1.121	1.251	0.844	1.048
315	0.0	1.54	2.312	1.921	1.855	1.54
316	0.0	1.361	1.721	1.698	1.402	1.361
317	0.0	1.07	1.301	1.364	1.055	1.07
318	0.0	0.953	1.438	1.062	1.161	0.953
319	0.0	1.188	1.246	1.366	1.115	1.188
320	0.0	1.292	1.06	1.657	0.9294	1.292
321	0.0	0.8729	1.548	1.011	1.225	0.8729
322	0.0	0.8828	1.319	0.9365	1.033	0.8828
323	0.0	1.375	2.29	1.727	1.694	1.375
324	0.0	1.342	0.9975	1.546	0.8105	1.342
325	0.0	1.22	1.021	1.634	0.7745	1.22
326	0.0	0.9389	1.644	1.21	1.266	0.9389
327	0.0	1.492	1.519	1.837	1.337	1.492
328	0.0	1.132	0.8097	1.358	0.8029	1.132
329	0.0	1.051	1.596	1.342	1.294	1.051
330	0.0	1.002	1.001	1.189	0.8845	1.002
331	0.0	0.8845	1.27	0.936	1.044	0.8845
332	0.0	1.489	1.817	2.044	1.552	1.489
333	0.0	1.341	1.35	1.549	1.122	1.341
334	0.0	1.379	1.481	1.581	1.117	1.379
335	0.0	1.683	1.635	1.956	1.396	1.683
336	0.0	1.46	1.543	1.868	1.233	1.46
337	0.0	0.7181	0.9852	0.7906	0.9404	0.7181
338	0.0	0.7285	1.135	0.7611	0.9823	0.7285
339	0.0	1.153	1.457	1.392	1.071	1.153
340	0.0	1.495	0.8814	1.803	0.7691	1.495
341	0.0	1.176	1.303	1.322	1.097	1.176
342	0.0	0.8179	1.347	1.009	1.075	0.8179
343	0.0	0.8208	1.396	0.9766	1.149	0.8208
344	0.0	0.8756	1.037	1.067	0.8707	0.8756
345	0.0	1.478	1.664	1.575	1.287	1.478
346	0.0	1.284	1.407	1.613	1.154	1.284
347	0.0	1.395	1.459	1.81	1.138	1.395
348	0.0	1.173	1.542	1.361	1.292	1.173
349	0.0	1.361	0.8297	1.598	0.5802	1.361
350	0.0	1.026	0.9852	1.229	0.7073	1.026
351	0.0	1.113	1.25	1.404	0.885	1.113
352	0.0	0.976	1.11	1.177	0.9688	0.976
353	0.0	0.8459	0.9023	1.074	0.736	0.8459
354	0.0	1.134	1.088	1.345	0.8685	1.134
355	0.0	0.975	1.016	1.129	1.058	0.975
356	0.0	0.6013	0.9728	0.7998	0.778	0.6013
357	0.0	1.486	0.9983	1.629	0.8805	1.486
358	0.0	1.737	1.302	2.246	1.115	1.737
359	0.0	1.045	1.319	1.169	1.135	1.045
360	0.0	0.897	1.235	1.052	1.023	0.897
361	0.0	1.312	0.9281	1.563	0.7788	1.312
362	0.0	1.414	1.296	1.561	1.059	1.414
363	0.0	0.5838	0.8589	0.662	0.7393	0.5838
364	0.0	1.484	0.6635	1.814	0.4851	1.484
365	0.0	1.597	1.506	1.771	1.31	1.597
366	0.0	1.36	0.6945	1.534	0.5557	1.36
367	0.0	1.242	0.7711	1.54	0.6708	1.242
368	0.0	1.38	0.5823	1.802	0.4431	1.38
369	0.0	0.9816	1.212	1.005	1.054	0.9816
370	0.0	1.5	0.7997	1.767	0.5786	1.5
371	0.0	1.739	1.593	2.268	1.679	1.739
372	0.0	1.082	1.038	1.233	0.8266	1.082
373	0.0	0.8999	1.25	1.03	1.018	0.8999
374	0.0	1.25	1.471	1.546	1.263	1.25
375	0.0	1.077	1.307	1.248	1.085	1.077
376	0.0	1.089	1.091	1.204	0.9395	1.089
377	0.0	0.918	1.467	1.138	1.28	0.918
378	0.0	0.9801	0.8399	1.145	0.7928	0.9801
379	0.0	1.061	1.082	1.249	1.062	1.061
380	0.0	0.9233	1.118	0.9722	1.112	0.9233
381	0.0	1.526	1.862	1.828	1.434	1.526
382	0.0	1.599	1.489	1.743	1.206	1.599
383	0.0	1.072	1.335	1.224	1.051	1.072
384	0.0	0.9766	1.054	1.282	0.9018	0.9766
385	0.0	0.9224	1.366	1.163	1.125	0.9224
386	0.0	1.461	1.559	1.97	1.265	1.461
387	0.0	1.048	1.201	1.151	0.9937	1.048
388	0.0	1.003	1.081	1.172	0.8521	1.003
389	0.0	1.28	1.023	1.45	0.8621	1.28
390	0.0	1.682	0.9679	1.855	0.9035	1.682
391	0.0	1.605	1.642	1.687	1.272	1.605
392	0.0	0.7977	0.883	0.8896	0.8516	0.7977
393	0.0	1.445	1.448	1.764	1.165	1.445
394	0.0	1.059	1.202	1.126	0.99	1.059
395	0.0	1.533	1.085	1.646	1.003	1.533
396	0.0	0.9123	1.769	1.102	1.272	0.9123
397	0.0	1.119	1.437	1.286	1.22	1.119
398	0.0	1.106	1.235	1.272	1.087	1.106
399	0.0	1.263	1.76	1.364	1.448	1.263
400	0.0	1.012	0.8212	1.242	0.9601	1.012
401	0.0	1.117	1.364	1.435	1.092	1.117
402	0.0	1.446	1.348	1.816	1.098	1.446
403	0.0	1.966	1.44	2.257	1.185	1.966
404	0.0	1.169	0.9112	1.431	0.9414	1.169
405	0.0	1.796	1.805	2.257	1.436	1.796
406	0.0	1.694	1.365	1.962	1.171	1.694
407	0.0	0.9426	1.417	1.188	1.224	0.9426
408	0.0	1.489	1.028	1.512	0.815	1.489
409	0.0	0.8885	1.21	1.099	0.9471	0.8885
410	0.0	1.105	1.155	1.534	0.9479	1.105
411	0.0	1.054	1.333	1.007	0.9741	1.054
412	0.0	1.104	1.287	1.235	1.107	1.104
413	0.0	0.9578	1.856	1.09	1.385	0.9578
414	0.0	1.246	1.265	1.604	1.036	1.246
415	0.0	1.095	1.063	1.289	0.9474	1.095
416	0.0	1.088	0.763	1.252	0.577	1.088
417	0.0	1.015	1.166	1.19	1.029	1.015
418	0.0	0.8949	1.515	1.099	1.277	0.8949
419	0.0	1.027	1.629	1.164	1.32	1.027
420	0.0	0.9294	0.8263	1.102	0.6574	0.9294
421	0.0	1.182	1.148	1.496	0.9735	1.182
422	0.0	0.7682	1.241	0.885	1.061	0.7682
423	0.0	1.121	1.044	1.099	0.799	1.121
424	0.0	1.465	1.747	1.791	1.479	1.465
425	0.0	1.047	1.164	1.238	0.9653	1.047
426	0.0	1.043	0.6478	1.233	0.5993	1.043
427	0.0	1.302	0.8631	1.572	0.4926	1.302
428	0.0	1.44	1.043	1.742	0.7139	1.44
429	0.0	1.907	1.037	2.295	0.8494	1.907
430	0.0	1.193	1.804	1.293	1.523	1.193
431	0.0	0.8993	1.627	1.002	1.294	0.8993
432	0.0	1.302	1.069	1.635	0.9182	1.302
433	0.0	1.332	1.102	1.589	0.918	1.332
434	0.0	0.8403	0.9375	0.9422	0.8507	0.8403
435	0.0	0.8684	0.9609	0.9409	0.8539	0.8684
436	0.0	0.9447	1.056	1.117	0.8819	0.9447
437	0.0	1.048	1.243	1.24	0.9537	1.048
438	0.0	1.162	1.247	1.555	1.011	1.162
439	0.0	1.409	1.364	1.657	1.164	1.409
440	0.0	0.8461	1.345	1.026	1.168	0.8461
441	0.0	0.7061	0.9766	0.7491	0.8764	0.7061
442	0.0	1.234	0.7321	1.372	0.5885	1.234
443	0.0	1.169	1.557	1.445	1.356	1.169
444	0.0	1.277	1.843	1.581	1.438	1.277
445	0.0	0.6721	0.9075	0.9102	0.8046	0.6721
446	0.0	0.8881	0.7991	1.161	0.7582	0.8881
447	0.0	1.085	0.588	1.13	0.6043	1.085
448	0.0	0.9633	1.276	1.054	1.065	0.9633
449	0.0	0.7203	0.9101	0.7776	0.8451	0.7203
450	0.0	1.149	0.7265	1.322	0.6217	1.149
451	0.0	1.144	1.365	1.374	1.035	1.144
452	0.0	0.9945	1.391	1.199	1.216	0.9945
453	0.0	1.15	0.9683	1.266	0.8577	1.15
454	0.0	1.078	0.9169	1.239	0.8683	1.078
455	0.0	1.114	1.045	1.225	0.8518	1.114
456	0.0	1.141	0.5048	1.342	0.4895	1.141
457	0.0	0.9107	1.071	0.9621	0.9265	0.9107
458	0.0	1.024	1.097	1.2	0.9711	1.024
459	0.0	0.9989	1.172	0.9313	1.2	0.9989
460	0.0	0.878	1.039	0.9522	0.8988	0.878
461	0.0	1.373	1.084	1.616	0.8841	1.373
462	0.0	1.273	0.6752	1.481	0.618	1.273
463	0.0	0.6721	1.376	0.7208	1.202	0.6721
464	0.0	1.028	1.097	1.042	0.9839	1.028
465	0.0	0.9846	1.124	1.115	1.016	0.9846
466	0.0	1.425	1.269	1.898	1.023	1.425
467	0.0	0.9227	0.5774	1.027	0.4027	0.9227
468	0.0	1.617	1.619	1.749	1.361	1.617
469	0.0	1.154	1.368	1.418	1.219	1.154
470	0.0	1.464	1.127	1.712	0.986	1.464
471	0.0	1.056	1.528	1.294	1.152	1.056
472	0.0	1.256	0.8459	1.571	0.6934	1.256
473	0.0	0.9927	1.172	1.02	1.009	0.9927
474	0.0	1.028	1.278	1.192	1.163	1.028
475	0.0	1.374	1.194	1.61	1.039	1.374
476	0.0	0.847	0.9775	1.031	0.9377	0.847
477	0.0	0.8321	1.304	0.8889	1.105	0.8321
478	0.0	1.419	1.156	1.711	1.019	1.419
479	0.0	1.03	0.9133	1.205	0.7457	1.03
480	0.0	0.8997	0.9956	0.983	0.946	0.8997
481	0.0	1.103	1.322	1.489	1.118	1.103
482	0.0	0.9221	0.9661	1.076	0.9029	0.9221
483	0.0	0.9406	1.021	1.005	0.7866	0.9406
484	0.0	0.9374	0.9897	0.8924	0.7329	0.9374
485	0.0	1.419	1.39	1.715	1.214	1.419
486	0.0	0.8462	0.9963	0.8585	0.8405	0.8462
487	0.0	0.9961	1.294	1.054	1.144	0.9961
488	0.0	1.134	0.8	1.376	0.6079	1.134
489	0.0	1.406	1.388	1.806	1.133	1.406
490	0.0	1.152	1.75	1.433	1.482	1.152
491	0.0	0.9489	0.9933	1.298	1.041	0.9489
492	0.0	1.099	1.015	1.281	0.842	1.099
493	0.0	1.265	0.87	1.417	0.7458	1.265
494	0.0	1.461	0.8416	1.659	0.9437	1.461
495	0.0	1.184	1.129	1.454	1.002	1.184
496	0.0	1.109	1.685	1.439	1.323	1.109
497	0.0	1.524	0.8059	1.729	0.5953	1.524
498	0.0	1.012	0.6942	1.086	0.7642	1.012
499	0.0	1.459	0.8194	1.813	0.6122	1.459
500	0.0	0.8328	1.281	0.9638	1.079	0.8328
501	0.0	1.056	1.138	1.183	0.9547	1.056
502	0.0	0.8852	1.329	1.036	1.153	0.8852
503	0.0	1.397	0.7448	1.626	0.6509	1.397
504	0.0	1.093	1.286	1.193	1.159	1.093
505	0.0	1.28	1.267	1.516	0.8857	1.28
506	0.0	1.284	1.081	1.614	0.9184	1.284
507	0.0	1.419	1.733	1.737	1.439	1.419
508	0.0	1.068	0.6603	1.267	0.575	1.068
509	0.0	1.397	0.6695	1.798	0.8217	1.397
510	0.0	1.279	1.093	1.626	0.9485	1.279
511	0.0	0.9061	0.485	1.046	0.4374	0.9061
512	0.0	1.126	0.8484	1.099	0.8942	1.126
513	0.0	1.173	0.9358	1.349	0.682	1.173
514	0.0	1.075	1.436	1.256	1.188	1.075
515	0.0	0.9726	0.8245	1.228	0.6813	0.9726
516	0.0	0.9152	1.605	0.9349	1.3	0.9152
517	0.0	0.9513	1.771	1.174	1.529	0.9513
518	0.0	1.155	1.186	1.269	0.9444	1.155
519	0.0	1.209	1.603	1.595	1.308	1.209
520	0.0	1.19	0.9026	1.465	0.8102	1.19
521	0.0	1.049	1.071	1.329	0.7753	1.049
522	0.0	1.383	1.323	1.802	1.034	1.383
523	0.0	1.357	1.124	1.715	1.002	1.357
524	0.0	1.496	0.9862	1.825	0.8679	1.496
525	0.0	1.099	1.31	1.442	1.06	1.099
526	0.0	0.8222	1.18	0.9092	1.109	0.8222
527	0.0	1.046	1.074	1.071	0.8012	1.046
528	0.0	1.465	1.399	1.892	1.202	1.465
529	0.0	0.8993	1.037	0.9871	0.9615	0.8993
530	0.0	1.076	1.046	1.148	0.9712	1.076
531	0.0	1.347	1.085	1.587	0.9123	1.347
532	0.0	0.9365	1.534	1.058	1.359	0.9365
533	0.0	1.503	0.9673	1.769	0.8289	1.503
534	0.0	1.301	1.261	1.465	1.158	1.301
535	0.0	1.67	1.155	1.776	0.9932	1.67
536	0.0	0.7279	1.412	0.8078	1.22	0.7279
537	0.0	1.167	1.133	1.357	0.9855	1.167
538	0.0	0.8753	1.052	0.8683	0.9695	0.8753
539	0.0	0.9643	0.7286	1.107	0.6905	0.9643
540	0.0	1.31	1.217	1.52	1.095	1.31
541	0.0	1.187	1.126	1.392	0.9121	1.187
542	0.0	1.139	1.248	1.372	1.046	1.139
543	0.0	1.175	1.534	1.465	1.358	1.175
544	0.0	0.8952	1.355	1.104	1.162	0.8952
545	0.0	1.019	0.8069	1.025	0.6339	1.019
546	0.0	1.205	0.9439	1.359	0.8457	1.205
547	0.0	1.151	1.256	1.409	1.152	1.151
548	0.0	0.9615	1.663	1.259	1.421	0.9615
549	0.0	1.277	1.401	1.484	1.034	1.277
550	0.0	0.7078	1.158	0.8664	0.9586	0.7078
551	0.0	0.96	1.051	0.9876	0.874	0.96
552	0.0	0.9013	0.9675	1.12	0.8691	0.9013
553	0.0	1.049	0.7018	1.219	0.7409	1.049
554	0.0	1.31	1.057	1.559	0.9301	1.31
555	0.0	1.033	1.221	1.23	1.046	1.033
556	0.0	1.155	0.955	1.382	0.8347	1.155
557	0.0	1.198	0.848	1.514	0.7183	1.198
558	0.0	1.223	1.012	1.428	0.918	1.223
559	0.0	1.034	0.9734	1.065	0.9442	1.034
560	0.0	0.9609	1.192	1.136	0.9044	0.9609
561	0.0	0.9324	0.8325	1.05	0.7092	0.9324
562	0.0	1.094	0.9643	1.246	0.9315	1.094
563	0.0	1.024	0.8429	1.208	0.8705	1.024
564	0.0	0.934	1.172	0.965	1.068	0.934
565	0.0	0.8422	1.082	0.962	0.9341	0.8422
566	0.0	1.308	1.191	1.51	1.073	1.308
567	0.0	0.9755	1.287	0.9575	1.061	0.9755
568	0.0	0.9768	1.252	1.058	1.06	0.9768
569	0.0	1.109	1.41	1.322	1.185	1.109
570	0.0	1.387	1.487	1.623	1.268	1.387
571	0.0	1.039	0.8138	1.087	0.6821	1.039
572	0.0	1.245	1.817	1.398	1.437	1.245
573	0.0	1.292	1.481	1.427	1.215	1.292
574	0.0	1.19	1.087	1.373	0.8765	1.19
575	0.0	1.156	0.9867	1.303	0.7305	1.156
576	0.0	1.383	1.688	1.664	1.398	1.383
577	0.0	0.8026	1.089	0.7817	0.8301	0.8026
578	0.0	1.019	1.018	1.15	0.9886	1.019
579	0.0	1.307	1.699	1.459	1.336	1.307
580	0.0	0.9122	0.956	1.008	0.8868	0.9122
581	0.0	0.7768	1.032	0.8331	0.9184	0.7768
582	0.0	1.257	0.9515	1.517	0.8391	1.257
583	0.0	0.9099	1.311	1.086	1.135	0.9099
584	0.0	0.8883	1.361	0.9884	1.213	0.8883
585	0.0	0.9536	1.51	1.186	1.202	0.9536
586	0.0	0.921	0.7228	0.9814	0.5309	0.921
587	0.0	0.7694	1.281	0.855	1.125	0.7694
588	0.0	0.8971	0.9274	0.8533	0.9187	0.8971
589	0.0	1.86	1.133	2.077	0.9609	1.86
590	0.0	1.06	1.172	1.219	0.9982	1.06
591	0.0	0.9532	1.15	1.089	1.075	0.9532
592	0.0	1.234	1.117	1.434	0.9443	1.234
593	0.0	1.011	0.7111	1.234	0.6372	1.011
594	0.0	1.142	1.484	1.393	1.272	1.142
595	0.0	1.216	1.061	1.056	0.9951	1.216
596	0.0	1.13	0.8523	1.267	0.7777	1.13
597	0.0	1.124	1.428	1.303	1.158	1.124
598	0.0	1.588	0.9412	1.927	0.7323	1.588
599	0.0	1.144	1.413	1.342	1.242	1.144
600	0.0	1.205	1.311	1.509	1.124	1.205
601	0.0	1.359	0.7793	1.678	0.5108	1.359
602	0.0	0.8541	1.205	0.9151	1.206	0.8541
603	0.0	1.277	1.264	1.428	1.075	1.277
604	0.0	1.017	1.17	1.126	1.031	1.017
605	0.0	0.8446	0.6072	0.943	0.5789	0.8446
606	0.0	1.107	1.379	1.248	1.217	1.107
607	0.0	1.174	1.191	1.246	0.97	1.174
608	0.0	1.144	1.092	1.303	1.006	1.144
609	0.0	1.205	1.167	1.273	1.035	1.205
610	0.0	1.261	0.8939	1.53	0.8299	1.261
611	0.0	1.524	0.9326	1.848	0.8923	1.524
612	0.0	0.7462	0.9506	0.8661	0.8528	0.7462
613	0.0	1.563	1.349	1.935	1.101	1.563
614	0.0	1.467	1.11	1.867	0.9616	1.467
615	0.0	0.9559	0.8006	1.057	0.6346	0.9559
616	0.0	1.251	1.025	1.315	1.023	1.251
617	0.0	1.143	1.384	1.319	1.247	1.143
618	0.0	1.155	1.37	1.418	1.107	1.155
619	0.0	0.9773	0.9473	1.211	0.9629	0.9773
620	0.0	1.207	1.147	1.301	0.9318	1.207
621	0.0	1.148	0.9331	1.268	0.8383	1.148
622	0.0	1.123	1.026	1.157	0.9957	1.123
623	0.0	1.105	1.036	1.22	0.9429	1.105
624	0.0	0.4729	0.8707	0.6517	0.6969	0.4729
625	0.0	1.131	1.523	1.397	1.565	1.131
626	0.0	1.399	1.066	1.666	0.9144	1.399
627	0.0	1.233	0.9336	1.541	0.829	1.233
628	0.0	0.9399	0.8328	1.083	0.6902	0.9399
629	0.0	1.03	0.9975	1.373	0.8658	1.03
630	0.0	0.993	1.276	0.9953	1.056	0.993
631	0.0	1.044	0.9577	1.157	0.9163	1.044
632	0.0	1.407	1.119	1.58	0.9447	1.407
633	0.0	1.186	0.674	1.541	0.6392	1.186
634	0.0	0.9348	1.348	1.042	1.195	0.9348
635	0.0	1.559	1.476	2.063	1.287	1.559
636	0.0	1.233	1.377	1.293	1.256	1.233
637	0.0	1.338	1.193	1.607	1.147	1.338
638	0.0	1.232	1.621	1.336	1.304	1.232
639	0.0	1.442	1.5	1.689	1.281	1.442
640	0.0	1.145	1.048	1.225	1.009	1.145
641	0.0	0.8187	1.096	1.008	0.8893	0.8187
642	0.0	0.8533	0.9235	1.02	0.8941	0.8533
643	0.0	0.9136	0.9398	0.8881	0.6738	0.9136
644	0.0	1.454	0.7655	1.74	0.5506	1.454
645	0.0	1.061	0.7666	1.067	0.603	1.061
646	0.0	1.389	1.223	1.579	0.936	1.389
647	0.0	1.421	1.527	1.636	1.238	1.421
648	0.0	1.241	1.114	1.436	0.8618	1.241
649	0.0	0.9321	0.8779	0.966	0.8358	0.9321
650	0.0	1.015	0.665	1.131	0.5078	1.015
651	0.0	0.9727	0.9081	1.043	0.6608	0.9727
652	0.0	1.007	1.371	1.141	1.172	1.007
653	0.0	0.6902	0.942	0.7246	0.7912	0.6902
654	0.0	0.7686	0.8584	0.9025	0.8343	0.7686
655	0.0	0.8105	0.8801	0.8565	0.7623	0.8105
656	0.0	0.8761	0.7663	0.9891	0.635	0.8761
657	0.0	1.045	1.271	1.222	1.068	1.045
658	0.0	1.256	1.454	1.628	1.293	1.256
659	0.0	1.039	0.7946	1.253	0.7108	1.039
660	0.0	0.8336	1.282	0.9289	1.153	0.8336
661	0.0	1.26	0.8875	1.568	0.7443	1.26
662	0.0	1.114	1.26	1.359	1.005	1.114
663	0.0	1.106	0.9213	1.5	0.6804	1.106
664	0.0	0.8574	1.436	0.925	1.525	0.8574
665	0.0	0.7429	0.8529	0.8255	0.5622	0.7429
666	0.0	1.022	1.255	1.12	1.074	1.022
667	0.0	0.8024	0.8864	0.8538	0.7087	0.8024
668	0.0	0.851	1.051	0.9067	0.9908	0.851
669	0.0	1.245	0.8883	1.528	0.7426	1.245
670	0.0	0.9541	1.311	1.011	1.141	0.9541
671	0.0	0.9688	0.9732	1.021	0.9032	0.9688
672	0.0	0.9331	1.183	0.9852	1.159	0.9331
673	0.0	1.253	1.294	1.491	1.165	1.253
674	0.0	1.513	0.9857	1.828	0.8811	1.513
675	0.0	0.9921	1.13	1.076	0.915	0.9921
676	0.0	1.293	1.218	1.773	0.9755	1.293
677	0.0	1.457	1.292	1.615	1.168	1.457
678	0.0	1.412	1.751	1.593	1.432	1.412
679	0.0	1.168	1.121	1.258	0.8003	1.168
680	0.0	1.149	1.129	1.466	0.9511	1.149
681	0.0	0.9744	1.183	1.124	1.04	0.9744
682	0.0	1.118	0.9196	1.196	0.6817	1.118
683	0.0	1.455	0.9714	1.64	0.7977	1.455
684	0.0	0.865	0.7794	0.956	0.7072	0.865
685	0.0	0.9574	1.222	1.144	1.086	0.9574
686	0.0	1.136	1.523	1.269	1.362	1.136
687	0.0	1.192	1.044	1.502	0.899	1.192
688	0.0	0.9025	0.9413	0.9135	0.8549	0.9025
689	0.0	0.8387	1.11	0.9326	0.9869	0.8387
690	0.0	0.8542	1.094	0.877	0.9391	0.8542
691	0.0	1.008	0.9369	1.033	0.7931	1.008
692	0.0	0.9328	1.031	0.8888	0.9341	0.9328
693	0.0	1.277	0.9382	1.542	0.7519	1.277
694	0.0	0.954	1.152	1.03	1.054	0.954
695	0.0	1.07	0.8859	1.248	0.69	1.07
696	0.0	0.9507	0.5406	1.274	0.4198	0.9507
697	0.0	0.9084	0.9627	1.031	0.989	0.9084
698	0.0	1.349	0.7909	1.65	0.6383	1.349
699	0.0	0.9154	0.9638	0.8789	0.9773	0.9154
700	0.0	1.16	1.044	1.23	0.8734	1.16
701	0.0	1.239	1.085	1.51	0.9751	1.239
702	0.0	1.177	1.799	1.23	1.405	1.177
703	0.0	1.121	0.7321	1.229	0.6502	1.121
704	0.0	1.132	1.04	1.243	0.9123	1.132
705	0.0	1.218	0.698	1.337	0.4907	1.218
706	0.0	0.9541	0.8554	0.9685	0.4691	0.9541
707	0.0	1.1	1.005	1.296	0.8255	1.1
708	0.0	0.9355	1.03	1.024	0.9613	0.9355
709	0.0	0.8737	0.9649	0.9407	0.8422	0.8737
710	0.0	1.212	0.757	1.544	0.6812	1.212
711	0.0	1.215	1.677	1.531	1.386	1.215
712	0.0	1.441	1.078	1.691	0.9199	1.441
713	0.0	1.088	1.322	1.279	1.109	1.088
714	0.0	1.195	1.011	1.355	0.9386	1.195
715	0.0	1.575	0.8363	2.133	0.7143	1.575
716	0.0	0.907	0.6927	0.9658	0.576	0.907
717	0.0	1.633	1.655	1.817	1.31	1.633
718	0.0	0.9279	1.193	1.002	0.9094	0.9279
719	0.0	1.121	1.388	1.389	1.151	1.121
720	0.0	1.213	1.215	1.153	0.9782	1.213
721	0.0	1.149	1.54	1.286	1.34	1.149
722	0.0	1.181	0.9061	1.576	0.7238	1.181
723	0.0	0.8197	1.465	0.9504	1.193	0.8197
724	0.0	0.9145	1.172	1.039	1.062	0.9145
725	0.0	1.406	1.027	1.49	0.9334	1.406
726	0.0	0.9982	1.095	1.155	1.011	0.9982
727	0.0	1.077	0.9467	1.141	0.8395	1.077
728	0.0	0.462	0.7206	0.5004	0.6618	0.462
729	0.0	0.9656	1.424	1.307	1.251	0.9656
730	0.0	1.09	1.421	1.329	1.272	1.09
731	0.0	1.328	0.9298	1.685	0.8198	1.328
732	0.0	1.204	0.8753	1.45	0.7252	1.204
733	0.0	1.226	0.988	1.333	0.9202	1.226
734	0.0	0.9559	1.039	0.9441	0.8655	0.9559
735	0.0	0.778	1.042	0.7917	0.9512	0.778
736	0.0	1.385	1.08	1.631	0.9738	1.385
737	0.0	0.8374	0.9379	0.8746	0.8443	0.8374
738	0.0	1.026	1.094	1.02	1.104	1.026
739	0.0	1.363	1.631	1.765	1.358	1.363
740	0.0	1.312	1.012	1.582	0.9219	1.312
741	0.0	1.306	1.539	1.488	1.274	1.306
742	0.0	1.319	1.255	1.447	1.105	1.319
743	0.0	1.381	1.104	1.556	1.01	1.381
744	0.0	1.175	1.23	1.394	1.123	1.175
745	0.0	1.115	0.5861	1.219	0.5498	1.115
746	0.0	0.9393	0.8904	0.968	0.8535	0.9393
747	0.0	0.7886	0.8653	0.8939	0.8563	0.7886
748	0.0	1.251	1.757	1.479	1.401	1.251
749	0.0	1.188	0.9669	1.292	0.8764	1.188
750	0.0	0.9603	1.388	1.126	1.203	0.9603
751	0.0	1.298	1.565	1.521	1.293	1.298
752	0.0	1.013	1.276	1.071	1.081	1.013
753	0.0	0.7793	0.9767	0.8824	0.9264	0.7793
754	0.0	1.029	0.8191	1.076	0.8762	1.029
755	0.0	1.011	0.7997	1.138	0.711	1.011
756	0.0	1.052	1.35	1.289	1.221	1.052
757	0.0	0.9942	1.198	1.137	1.033	0.9942
758	0.0	0.6614	0.8436	0.8331	0.699	0.6614
759	0.0	0.842	1.046	0.8404	0.9996	0.842
760	0.0	0.856	1.139	0.9516	0.9991	0.856
761	0.0	1.514	1.815	1.783	1.483	1.514
762	0.0	1.23	1.205	1.345	1.085	1.23
763	0.0	0.8136	0.725	0.9204	0.7179	0.8136
764	0.0	1.131	0.8338	1.179	0.7613	1.131
765	0.0	1.021	1.069	1.32	0.9464	1.021
766	0.0	1.189	1.216	1.402	1.037	1.189
767	0.0	0.7154	1.087	0.8661	0.9179	0.7154
768	0.0	1.03	1.083	1.045	0.8302	1.03
769	0.0	0.9415	1.008	1.136	0.9226	0.9415
770	0.0	0.8685	1.092	0.9496	0.973	0.8685
771	0.0	0.8491	0.8178	0.8992	0.8176	0.8491
772	0.0	0.8566	0.776	1.036	0.6894	0.8566
773	0.0	1.324	1.278	1.496	1.064	1.324
774	0.0	1.26	1.561	1.742	1.21	1.26
775	0.0	0.9683	0.838	1.001	0.9535	0.9683
776	0.0	1.002	1.004	0.986	0.9323	1.002
777	0.0	0.8187	1.167	0.8209	1.037	0.8187
778	0.0	1.302	0.8404	1.571	0.772	1.302
779	0.0	1.144	1.148	1.14	0.9974	1.144
780	0.0	1.29	1.773	1.556	1.327	1.29
781	0.0	1.21	1.265	1.343	1.123	1.21
782	0.0	1.045	1.503	1.185	1.235	1.045
783	0.0	1.024	0.8953	1.554	0.7622	1.024
784	0.0	1.135	0.753	1.398	0.66	1.135
785	0.0	0.9959	0.7717	0.955	0.6448	0.9959
786	0.0	1.237	1.23	1.309	1.085	1.237
787	0.0	1.209	1.37	1.346	1.169	1.209
788	0.0	0.9789	0.9781	1.148	0.9468	0.9789
789	0.0	0.7941	1.408	0.8683	1.081	0.7941
790	0.0	1.001	1.289	1.073	1.243	1.001
791	0.0	1.01	1.233	1.197	1.092	1.01
792	0.0	0.9937	0.9154	0.9968	0.816	0.9937
793	0.0	0.7675	1.333	0.9415	1.185	0.7675
794	0.0	0.8527	0.9538	0.9107	0.7758	0.8527
795	0.0	0.9583	0.7891	1.047	0.7156	0.9583
796	0.0	1.208	1.114	1.363	0.998	1.208
797	0.0	1.275	1.509	1.456	1.284	1.275
798	0.0	0.8592	0.7716	1.013	0.7361	0.8592
799	0.0	0.999	1.415	1.072	1.161	0.999
800	0.0	0.9344	1.295	1.05	1.089	0.9344
801	0.0	0.954	1.043	1.03	0.9923	0.954
802	0.0	1.172	1.468	1.313	1.168	1.172
803	0.0	0.917	0.9408	0.9017	1.028	0.917
804	0.0	0.5785	1.338	0.5749	1.099	0.5785
805	0.0	0.9087	1.317	0.9247	1.141	0.9087
806	0.0	1.567	1.428	1.883	1.09	1.567
807	0.0	1.193	0.8432	1.507	0.7419	1.193
808	0.0	0.7583	1.675	0.746	1.376	0.7583
809	0.0	1.435	0.8426	1.613	0.8361	1.435
810	0.0	0.7521	0.8372	0.7862	0.828	0.7521
811	0.0	1.09	0.7803	1.231	0.7067	1.09
812	0.0	0.7405	1.119	0.8656	1.078	0.7405
813	0.0	0.9303	1.098	0.9542	1.013	0.9303
814	0.0	1.047	1.401	1.232	1.193	1.047
815	0.0	1.322	1.426	1.564	1.097	1.322
816	0.0	0.9189	1.07	0.9311	0.9417	0.9189
817	0.0	0.6807	1.217	0.8313	1.11	0.6807
818	0.0	1.274	0.5414	1.525	0.5594	1.274
819	0.0	1.2	1.571	1.425	1.331	1.2
820	0.0	0.9689	1.177	1.045	1.082	0.9689
821	0.0	1.551	1.451	1.754	1.268	1.551
822	0.0	1.352	1.097	1.573	0.9564	1.352
823	0.0	1.17	0.982	1.371	0.8189	1.17
824	0.0	1.247	0.6771	1.207	0.5745	1.247
825	0.0	0.7528	1.049	0.8495	1.038	0.7528
826	0.0	1.095	1.046	1.14	0.9462	1.095
827	0.0	0.7578	1.088	0.8488	1.015	0.7578
828	0.0	1.063	0.8296	1.193	0.7145	1.063
829	0.0	0.9268	1.323	1.012	1.067	0.9268
830	0.0	1.061	1.056	1.238	0.9752	1.061
831	0.0	0.9442	0.5086	0.978	0.4564	0.9442
832	0.0	1.022	0.6886	1.022	0.683	1.022
833	0.0	0.9314	0.9518	1.02	0.9278	0.9314
834	0.0	1.025	0.9994	1.247	0.9166	1.025
835	0.0	1.343	1.55	1.787	1.338	1.343
836	0.0	1.256	0.7566	1.441	0.6876	1.256
837	0.0	0.7924	0.9597	0.9069	0.7765	0.7924
838	0.0	0.8151	0.8872	0.8906	0.6219	0.8151
839	0.0	0.8399	0.9549	0.8929	0.8843	0.8399
840	0.0	0.9082	0.7331	0.99	0.6874	0.9082
841	0.0	1.077	0.8261	1.253	0.5509	1.077
842	0.0	0.7261	0.9694	0.7959	0.6813	0.7261
843	0.0	1.475	1.656	1.672	1.6	1.475
844	0.0	0.9988	1.378	1.178	1.082	0.9988
845	0.0	1.302	1.085	1.461	0.7672	1.302
846	0.0	1.521	1.425	1.665	1.209	1.521
847	0.0	1.011	1.232	1.017	1.062	1.011
848	0.0	1.186	1.479	1.374	1.214	1.186
849	0.0	1.219	1.486	1.384	1.263	1.219
850	0.0	0.8688	0.883	0.8436	0.8888	0.8688
851	0.0	0.8463	0.8626	0.882	0.8462	0.8463
852	0.0	1.202	1.46	1.546	1.178	1.202
853	0.0	1.126	1.018	1.285	0.7405	1.126
854	0.0	0.946	0.9278	1.2	0.7824	0.946
855	0.0	0.9515	0.8009	0.904	0.6798	0.9515
856	0.0	1.181	1.353	1.179	1.2	1.181
857	0.0	1.028	1.125	1.208	0.9643	1.028
858	0.0	0.9006	1.033	0.8552	1.006	0.9006
859	0.0	1.082	0.9865	1.093	0.8975	1.082
860	0.0	1.18	0.7267	1.307	0.7077	1.18
861	0.0	1.073	0.9173	1.226	0.8095	1.073
862	0.0	0.8035	0.7015	1.04	0.6717	0.8035
863	0.0	1.119	1.132	1.446	0.9773	1.119
864	0.0	0.9115	1.167	0.9512	1.058	0.9115
865	0.0	1.198	1.462	1.476	1.263	1.198
866	0.0	0.8907	1.108	0.9617	1.048	0.8907
867	0.0	1.037	1.127	1.196	0.852	1.037
868	0.0	1.028	1.035	1.153	0.9242	1.028
869	0.0	1.133	0.743	1.353	0.6614	1.133
870	0.0	0.7595	1.083	0.8106	1.041	0.7595
871	0.0	0.9226	0.8977	1.111	0.6493	0.9226
872	0.0	0.8437	0.839	0.9178	0.8058	0.8437
873	0.0	0.7697	0.9927	0.8409	0.8564	0.7697
874	0.0	0.7847	1.094	0.8465	0.9629	0.7847
875	0.0	0.8869	0.7744	0.9407	0.8479	0.8869
876	0.0	0.6952	0.7437	0.8424	0.7434	0.6952
877	0.0	1.277	1.215	1.508	0.9845	1.277
878	0.0	1.192	0.8612	1.33	0.8257	1.192
879	0.0	0.7905	1.372	0.7917	1.421	0.7905
880	0.0	0.9363	0.8755	0.9958	0.8956	0.9363
881	0.0	0.9886	1.072	1.089	1.001	0.9886
882	0.0	1.229	1.133	1.369	0.9466	1.229
883	0.0	1.005	0.5329	0.98	0.4009	1.005
884	0.0	1.195	1.423	1.555	1.215	1.195
885	0.0	1.325	1.543	1.604	1.192	1.325
886	0.0	1.259	1.102	1.494	0.9492	1.259
887	0.0	0.9722	1.348	1.028	1.123	0.9722
888	0.0	0.8086	0.6551	0.9145	0.6328	0.8086
889	0.0	1.011	1.047	0.9861	0.9786	1.011
890	0.0	1.11	1.201	1.248	1.044	1.11
891	0.0	0.8936	1.156	1.066	1.026	0.8936
892	0.0	0.8007	0.9898	0.8663	0.9543	0.8007
893	0.0	0.7824	1.433	0.7717	1.141	0.7824
894	0.0	1.056	1.165	1.159	0.9617	1.056
895	0.0	1.23	1.233	1.331	1.111	1.23
896	0.0	0.9047	1.006	0.9426	0.9778	0.9047
897	0.0	1.029	0.9902	1.129	0.9048	1.029
898	0.0	0.8039	1.053	0.8441	0.8957	0.8039
899	0.0	0.9448	0.938	0.9639	0.9192	0.9448
900	0.0	1.013	0.9874	0.9796	0.965	1.013
901	0.0	1.548	1.361	1.836	1.045	1.548
902	0.0	0.5829	1.047	0.6937	0.9085	0.5829
903	0.0	0.9806	1.657	1.093	1.315	0.9806
904	0.0	0.7329	1.181	0.86	0.9358	0.7329
905	0.0	0.9506	1.167	1.067	1.069	0.9506
906	0.0	0.9813	1.305	1.094	1.11	0.9813
907	0.0	0.732	0.8698	0.8237	0.7987	0.732
908	0.0	1.068	1.156	1.207	1.035	1.068
909	0.0	1.127	1.331	1.25	1.156	1.127
910	0.0	1.328	0.9944	1.749	0.813	1.328
911	0.0	1.05	0.8401	1.309	0.6789	1.05
912	0.0	1.011	1.195	1.214	0.7945	1.011
913	0.0	1.579	0.6816	1.595	0.4495	1.579
914	0.0	0.8846	0.9763	0.8771	0.9557	0.8846
915	0.0	1.207	1.143	1.455	1.026	1.207
916	0.0	0.9018	1.394	1.072	1.301	0.9018
917	0.0	0.8193	0.7838	0.8582	0.7631	0.8193
918	0.0	1.251	1.121	1.424	1.036	1.251
919	0.0	1.402	1.118	1.605	1.028	1.402
920	0.0	1.627	1.515	1.972	1.219	1.627
921	0.0	0.9579	0.5796	1.075	0.393	0.9579
922	0.0	1.255	1.223	1.478	1.079	1.255
923	0.0	1.371	1.177	1.607	1.041	1.371
924	0.0	0.9574	1.554	1.088	1.228	0.9574
925	0.0	1.385	1.644	1.608	1.377	1.385
926	0.0	1.013	1.294	1.125	1.069	1.013
927	0.0	0.9259	1.305	1.1	1.047	0.9259
928	0.0	1.056	1.123	1.046	0.9338	1.056
929	0.0	0.9786	0.4912	1.033	0.4423	0.9786
930	0.0	1.099	1.238	1.325	1.111	1.099
931	0.0	0.95	1.06	0.9295	0.9377	0.95
932	0.0	1.1	1.001	1.194	0.949	1.1
933	0.0	0.9461	1.22	1.214	1.134	0.9461
934	0.0	1.178	1.087	1.22	0.948	1.178
935	0.0	1.204	1.59	1.423	1.211	1.204
936	0.0	0.4269	0.9637	0.4669	0.8258	0.4269
937	0.0	0.941	0.9438	1.045	0.9008	0.941
938	0.0	1.134	1.191	1.304	1.012	1.134
939	0.0	1.171	1.5	1.247	1.208	1.171
940	0.0	0.7086	1.099	0.7318	0.9657	0.7086
941	0.0	0.7334	0.9088	0.8442	0.8594	0.7334
942	0.0	0.678	0.8817	0.8239	0.8044	0.678
943	0.0	0.93	0.765	0.9957	0.6811	0.93
944	0.0	1.286	0.8596	1.612	0.7204	1.286
945	0.0	0.9273	0.6711	0.9939	0.6231	0.9273
946	0.0	0.9045	1.141	1.058	0.7708	0.9045
947	0.0	1.344	1.456	1.466	1.123	1.344
948	0.0	1.006	1.32	1.237	1.169	1.006
949	0.0	1.154	0.721	1.388	0.6669	1.154
950	0.0	1.363	1.221	1.626	1.036	1.363
951	0.0	1.431	1.166	1.793	0.9987	1.431
952	0.0	1.111	0.8245	1.32	0.7681	1.111
953	0.0	1.165	1.437	1.282	1.228	1.165
954	0.0	0.6273	0.9057	0.7048	0.6106	0.6273
955	0.0	0.7326	1.131	0.7832	0.9376	0.7326
956	0.0	1.331	1.407	1.674	1.204	1.331
957	0.0	1.162	1.115	1.37	0.7915	1.162
958	0.0	1.019	0.916	1.109	0.8551	1.019
959	0.0	1.413	0.8961	1.916	0.8166	1.413
960	0.0	1.069	0.8234	1.249	0.5092	1.069
961	0.0	0.8301	0.9476	0.8401	0.9315	0.8301
962	0.0	0.9793	0.7225	1.11	0.6646	0.9793
963	0.0	1.035	0.8166	1.237	0.5051	1.035
964	0.0	0.7908	1.239	0.8894	1.109	0.7908
965	0.0	0.9995	1.15	0.8986	1.033	0.9995
966	0.0	0.7949	0.9459	1.007	0.8299	0.7949
967	0.0	1.031	0.8785	1.183	0.7927	1.031
968	0.0	0.7787	1.208	0.8792	1.028	0.7787
969	0.0	0.8834	1.629	1.056	1.285	0.8834
970	0.0	1.447	0.8771	1.641	0.6707	1.447
971	0.0	0.7999	0.868	0.9275	0.7565	0.7999
972	0.0	1.014	0.8114	1.156	0.702	1.014
973	0.0	0.9416	0.8371	1.235	0.5623	0.9416
974	0.0	0.9328	0.8098	0.9984	0.677	0.9328
975	0.0	0.83	1.061	1.057	0.928	0.83
976	0.0	0.9159	0.8336	0.9611	0.6993	0.9159
977	0.0	0.8951	0.9248	0.9488	0.8388	0.8951
978	0.0	0.885	0.882	0.9438	0.8174	0.885
979	0.0	0.8843	0.7975	0.9679	0.8139	0.8843
980	0.0	0.7402	0.8373	0.9117	0.7471	0.7402
981	0.0	1.064	1.158	1.069	0.9588	1.064
982	0.0	1.075	1.027	1.227	0.9366	1.075
983	0.0	0.8071	0.8478	0.8592	0.6911	0.8071
984	0.0	0.9713	0.9262	0.9789	0.8991	0.9713
985	0.0	1.056	0.7189	1.226	0.5028	1.056
986	0.0	1.348	1.156	1.572	0.9583	1.348
987	0.0	0.8691	0.8603	0.8937	0.7665	0.8691
988	0.0	1.473	1.2	1.778	0.9686	1.473
989	0.0	1.344	0.8355	1.636	0.5992	1.344
990	0.0	1.173	1.008	1.317	0.9304	1.173
991	0.0	1.003	0.781	1.045	0.5695	1.003
992	0.0	0.8396	0.649	0.9775	0.6187	0.8396
993	0.0	0.7602	0.8703	0.9211	0.8718	0.7602
994	0.0	1.033	1.133	1.006	1.017	1.033
995	0.0	1.166	1.654	1.508	1.277	1.166
996	0.0	0.6924	0.7639	0.8987	0.5741	0.6924
997	0.0	0.9284	0.987	0.9888	0.7316	0.9284
998	0.0	0.9611	1.138	1.218	0.9326	0.9611
999	0.0	0.8834	1.2	1.034	1.034	0.8834
1000	0.0	0.9175	1.038	0.8881	1.032	0.9175
1001	0.0	0.8497	0.7788	1.028	0.6713	0.8497
1002	0.0	0.7499	1.245	0.8189	0.947	0.7499
1003	0.0	0.7673	0.8223	0.7627	0.6737	0.7673
1004	0.0	0.8829	0.7586	0.8386	0.8171	0.8829
1005	0.0	1.006	1.158	1.081	0.9588	1.006
1006	0.0	1.218	1.213	1.47	0.9606	1.218
1007	0.0	0.982	0.8096	1.061	0.585	0.982
1008	0.0	0.9618	0.8674	1.076	0.616	0.9618
1009	0.0	0.8961	0.7963	1.025	0.7344	0.8961
1010	0.0	1.001	1.045	1.095	0.7082	1.001
1011	0.0	0.9107	1.197	1.195	1.087	0.9107
1012	0.0	0.8948	1.155	0.9556	1.012	0.8948
1013	0.0	0.9968	1.105	1.084	0.9353	0.9968
1014	0.0	1.299	1.24	1.738	1.056	1.299
1015	0.0	1.304	1.068	1.606	0.998	1.304
1016	0.0	0.7187	0.7222	0.7495	0.7221	0.7187
1017	0.0	1.104	0.5722	1.22	0.5039	1.104
1018	0.0	0.8759	0.8254	0.8588	0.8206	0.8759
1019	0.0	1.224	1.495	1.473	1.233	1.224
1020	0.0	0.7404	1.252	0.9222	1.053	0.7404
1021	0.0	0.7647	0.8961	0.7736	0.8205	0.7647
1022	0.0	0.8744	0.9809	0.9518	0.6953	0.8744
1023	0.0	1.107	0.8278	1.302	0.7421	1.107
1024	0.0	1.079	1.614	1.289	1.412	1.079
1025	0.0	1.194	1.097	1.358	0.9278	1.194
1026	0.0	1.196	1.322	1.439	1.153	1.196
1027	0.0	1.267	1.338	1.702	1.142	1.267
1028	0.0	0.8863	1.034	0.9071	0.9459	0.8863
1029	0.0	1.653	0.7958	1.912	0.5973	1.653
1030	0.0	1.096	0.9175	1.263	0.8532	1.096
1031	0.0	0.9809	0.6981	1.168	0.614	0.9809
1032	0.0	1.018	0.9077	0.9257	1.043	1.018
1033	0.0	1.069	0.8235	1.106	0.8458	1.069
1034	0.0	1.005	1.272	1.075	1.011	1.005
1035	0.0	0.9424	0.727	0.9633	0.5974	0.9424
1036	0.0	1.182	0.8868	1.246	0.7323	1.182
1037	0.0	1.234	0.5041	1.363	0.4593	1.234
1038	0.0	1.036	0.7831	1.126	0.7439	1.036
1039	0.0	0.9317	0.6629	0.9815	0.5849	0.9317
1040	0.0	0.8452	1.018	0.9512	0.5609	0.8452
