Step	Loss(S)	Loss(T)	fwd_S	fwd_T	rev_S	rev_T
1	0.1447	0.1522	2.656	2.894	2.568	2.445
2	0.1592	0.1425	2.395	2.625	2.407	2.107
3	0.2406	0.2048	4.797	3.769	3.871	3.448
4	0.2343	0.2194	4.859	4.096	4.389	4.327
5	0.2106	0.2557	4.323	5.689	3.669	4.186
6	0.1487	0.131	2.252	1.971	2.251	1.886
7	0.1283	0.09302	2.07	1.32	1.741	1.424
8	0.1659	0.1551	2.558	2.68	2.574	2.682
9	0.1488	0.1618	2.316	2.595	2.056	2.324
10	0.1233	0.1618	1.798	2.652	1.692	2.405
11	0.1484	0.205	2.174	3.066	2.427	3.989
12	0.1528	0.1327	2.061	2.29	2.266	1.735
13	0.1762	0.1589	2.957	2.594	3.096	3.113
14	0.1828	0.1622	2.774	2.211	3.098	2.756
15	0.1058	0.1226	1.436	1.819	1.411	1.751
16	0.1415	0.1617	2.092	2.419	1.987	2.035
17	0.09423	0.117	1.292	1.674	1.088	1.565
18	0.08124	0.162	1.014	2.382	0.9337	2.079
19	0.1739	0.1542	2.535	2.684	2.345	1.884
20	0.1647	0.1802	2.562	3.033	2.708	2.416
21	0.1381	0.1062	1.963	1.356	1.926	1.414
22	0.128	0.1006	1.878	1.214	1.588	1.324
23	0.1392	0.1567	1.821	2.259	1.812	2.235
24	0.1381	0.09474	1.895	1.178	1.717	1.182
25	0.1497	0.1499	2.013	2.038	2.118	2.097
26	0.1144	0.1432	1.556	1.84	1.344	2.056
27	0.1291	0.1352	1.64	1.835	1.626	1.826
28	0.1536	0.1251	2.545	1.934	1.838	1.548
29	0.142	0.1576	2.314	2.335	1.741	2.004
30	0.1046	0.05493	1.522	0.83	1.259	0.8509
31	0.1333	0.1583	1.801	2.174	1.695	2.334
32	0.07308	0.1359	0.8868	1.78	0.7672	1.855
33	0.086	0.1562	1.09	2.621	0.9794	1.965
34	0.08606	0.1504	1.101	1.804	0.9695	2.524
35	0.1217	0.1232	1.617	1.745	1.593	1.603
36	0.1459	0.1538	1.829	2.426	1.849	1.799
37	0.1498	0.1326	1.96	2.121	1.909	1.691
38	0.1414	0.1913	1.865	3.039	2.132	2.964
39	0.1475	0.1304	1.969	1.868	1.856	1.513
40	0.08496	0.1005	1.062	1.364	1.037	1.332
41	0.1089	0.1052	1.401	1.365	1.255	1.241
42	0.08625	0.1281	1.172	1.759	1.038	1.53
43	0.1057	0.166	1.345	2.366	1.325	2.504
44	0.1267	0.09322	1.846	1.307	1.503	1.075
45	0.135	0.1299	2.163	2.107	1.679	1.673
46	0.1169	0.1438	1.436	2.03	1.553	2.191
47	0.1336	0.1094	1.751	1.336	1.66	1.383
48	0.07176	0.1558	0.8681	2.105	0.7512	2.173
49	0.1366	0.1694	1.887	2.541	1.669	2.496
50	0.1168	0.1318	1.442	1.707	1.426	2.11
51	0.1296	0.1506	1.691	2.159	1.791	2.202
52	0.0924	0.1553	1.33	2.316	1.191	2.092
53	0.1542	0.1409	2.098	1.901	2.246	2.038
54	0.07036	0.1119	0.8679	1.404	0.7937	1.46
55	0.1155	0.1012	1.556	1.221	1.291	1.218
56	0.1572	0.1005	2.256	1.26	2.286	1.376
57	0.1382	0.1298	2.114	1.908	1.561	1.446
58	0.1464	0.1432	2.305	2.302	1.774	1.929
59	0.1222	0.1131	1.54	1.562	1.563	1.564
60	0.1132	0.1317	1.586	1.851	1.61	1.571
61	0.137	0.1265	1.838	1.616	1.837	1.862
62	0.09148	0.1007	1.09	1.279	1.011	1.146
63	0.1109	0.147	1.412	1.968	1.319	1.988
64	0.1518	0.1429	1.933	1.958	2.024	1.872
65	0.1197	0.09889	1.57	1.563	1.396	1.236
66	0.146	0.1322	1.982	1.565	1.952	2.067
67	0.1344	0.1407	1.762	1.859	1.686	1.707
68	0.1471	0.1319	2.057	1.868	1.784	1.745
69	0.143	0.1341	1.711	1.805	1.865	1.736
70	0.06414	0.1248	0.956	1.926	0.8039	1.579
71	0.1023	0.1136	1.389	1.862	1.157	1.441
72	0.1343	0.1162	1.583	1.475	1.889	1.551
73	0.1114	0.1432	1.515	2.41	1.474	1.708
74	0.1144	0.1542	1.539	2.124	1.652	2.377
75	0.1753	0.09246	2.654	1.227	2.433	1.122
76	0.124	0.1422	1.616	1.83	1.525	1.947
77	0.1235	0.1112	1.692	1.451	1.493	1.286
78	0.126	0.1293	1.526	1.654	1.735	1.803
79	0.09121	0.1308	1.15	2.015	1.034	1.792
80	0.09896	0.1234	1.314	1.672	1.183	1.602
81	0.1192	0.1422	1.647	1.851	1.47	1.862
82	0.113	0.1098	1.412	1.598	1.286	1.319
83	0.1412	0.1446	1.873	1.945	1.699	1.723
84	0.1418	0.07892	1.849	0.989	1.728	0.8638
85	0.1476	0.1458	1.937	1.999	2.01	2.459
86	0.0979	0.04344	1.242	0.5771	1.169	0.6254
87	0.1508	0.1231	1.94	1.604	1.86	1.428
88	0.1029	0.1033	1.342	1.293	1.255	2.158
89	0.09689	0.127	1.343	1.713	1.216	1.692
90	0.1165	0.1323	1.498	1.746	1.623	1.834
91	0.09837	0.134	1.181	1.778	1.131	1.848
92	0.1332	0.1368	1.728	2.021	1.603	1.875
93	0.1245	0.1231	1.567	1.644	1.543	1.572
94	0.1153	0.1095	1.425	1.347	1.452	1.288
95	0.09918	0.1081	1.25	1.466	1.181	1.211
96	0.1238	0.1156	1.673	1.528	1.361	1.396
97	0.1382	0.1294	2.056	1.881	1.72	1.523
98	0.101	0.08242	1.387	1.222	1.171	0.9422
99	0.1329	0.1409	1.678	2.063	1.577	1.819
100	0.1261	0.1358	1.545	1.765	1.454	1.654
101	0.1186	0.07004	1.613	0.8196	1.595	0.7246
102	0.1251	0.07675	1.701	0.9979	1.561	0.9059
103	0.1086	0.1153	1.45	1.707	1.366	1.55
104	0.1304	0.148	1.882	2.222	1.735	1.851
105	0.08502	0.1191	1.212	1.4	1.018	1.401
106	0.0951	0.1139	1.179	1.342	1.11	1.435
107	0.1153	0.1081	1.539	1.337	1.396	1.265
108	0.1226	0.1255	1.568	1.576	1.425	1.46
109	0.1213	0.1076	1.67	1.292	1.456	1.331
110	0.09368	0.1219	1.191	1.555	1.058	1.733
111	0.106	0.1415	1.328	1.931	1.769	2.227
112	0.138	0.1292	1.89	1.801	1.665	1.56
113	0.0926	0.08904	1.16	1.27	1.028	1.068
114	0.1217	0.1142	1.527	1.399	1.634	1.668
115	0.09571	0.1191	1.24	1.695	1.174	1.72
116	0.1185	0.112	1.47	1.393	1.453	1.463
117	0.1223	0.1166	1.581	1.766	1.692	2.011
118	0.0794	0.07622	1.173	1.093	1.145	1.397
119	0.1205	0.111	1.655	1.456	1.494	1.433
120	0.108	0.1212	1.487	1.529	1.314	1.446
121	0.1146	0.1094	1.471	1.407	1.432	1.376
122	0.1278	0.1311	1.658	1.694	1.48	1.55
123	0.1361	0.1394	1.757	1.981	1.804	2.018
124	0.1229	0.119	1.534	1.414	1.595	1.546
125	0.07602	0.1126	0.8718	1.601	0.8075	1.52
126	0.1282	0.1345	1.883	1.681	1.56	1.845
127	0.09988	0.133	1.246	1.744	1.207	2.237
128	0.03714	0.09042	0.4591	1.191	0.4265	1.055
129	0.1054	0.1043	1.38	1.436	1.254	1.196
130	0.1083	0.1025	1.407	1.356	1.259	1.269
131	0.1247	0.1225	1.67	1.665	1.472	1.623
132	0.1205	0.1028	1.592	1.363	1.489	1.291
133	0.08936	0.1245	1.126	1.813	1.05	1.527
134	0.1023	0.03963	1.389	0.4835	1.33	0.5438
135	0.1303	0.124	1.734	1.572	1.746	1.707
136	0.09752	0.08936	1.218	1.21	1.211	1.137
137	0.1187	0.1213	1.557	1.577	1.591	1.46
138	0.09149	0.1311	1.136	1.77	1.062	1.758
139	0.07471	0.1318	0.9555	1.971	0.8448	1.773
140	0.1164	0.1211	1.43	1.696	1.316	1.385
141	0.09091	0.09333	1.113	1.192	1.363	1.125
142	0.1422	0.1445	2.053	2.568	2.002	2.1
143	0.1248	0.1006	1.448	1.332	1.534	1.391
144	0.08029	0.1162	0.9382	1.551	0.8973	1.447
145	0.1098	0.1182	1.386	1.577	1.367	1.433
146	0.09401	0.09565	1.287	1.2	1.119	1.114
147	0.0937	0.1239	1.257	1.622	1.146	1.658
148	0.09779	0.09134	1.27	1.202	1.102	1.065
149	0.1088	0.1042	1.489	1.532	1.335	1.278
150	0.05143	0.1123	0.5774	1.521	0.6108	1.654
151	0.078	0.09489	0.9366	1.081	1.075	1.134
152	0.1069	0.07	1.349	0.9199	1.186	0.8727
153	0.1309	0.1431	1.751	1.988	1.659	1.827
154	0.1175	0.09382	1.462	1.146	1.515	1.075
155	0.09616	0.1217	1.162	1.707	1.104	1.626
156	0.1276	0.0935	1.804	1.291	1.549	1.216
157	0.08943	0.1141	1.041	1.449	1.064	1.454
158	0.07562	0.103	0.8503	1.277	0.8457	1.281
159	0.1017	0.1108	1.366	1.44	1.216	1.365
160	0.1399	0.1162	2.156	1.584	1.868	1.484
161	0.11	0.1137	1.458	1.509	1.238	1.302
162	0.09598	0.1118	1.418	1.503	1.292	1.541
163	0.1238	0.07967	1.557	1.093	1.569	1.01
164	0.1147	0.1558	1.556	2.522	1.502	2.073
165	0.09336	0.1352	1.346	1.634	1.432	2.175
166	0.08399	0.104	0.9686	1.308	0.9306	1.192
167	0.1077	0.09401	1.458	1.249	1.24	1.011
168	0.0977	0.1251	1.245	1.682	1.206	1.638
169	0.1236	0.1015	1.577	1.4	1.419	1.169
170	0.1295	0.1039	1.833	1.21	1.658	1.562
171	0.08333	0.1317	1.116	1.672	0.9929	1.76
172	0.1325	0.1061	1.584	1.351	1.582	1.408
173	0.1039	0.1006	1.192	1.125	1.249	1.336
174	0.08629	0.1176	1.044	1.61	0.9447	1.359
175	0.08761	0.1186	1.002	1.501	0.999	1.368
176	0.09506	0.08038	1.347	0.9452	1.144	0.9637
177	0.1052	0.05266	1.356	0.6467	1.243	0.6599
178	0.1216	0.1575	1.715	2.461	1.646	2.842
179	0.1047	0.097	1.216	1.237	1.291	1.114
180	0.09019	0.1403	1.167	1.995	1.091	1.798
181	0.1139	0.1063	1.488	1.441	1.349	1.209
182	0.07917	0.1024	0.8835	1.264	0.8845	1.261
183	0.0785	0.09571	0.9777	1.2	0.9766	1.214
184	0.09729	0.1166	1.272	1.624	1.088	1.546
185	0.1001	0.1152	1.227	1.308	1.138	1.344
186	0.09165	0.08667	1.082	1.065	1.121	1.013
187	0.08966	0.1161	1.186	1.613	1.015	1.401
188	0.1134	0.1101	1.384	1.405	1.332	1.32
189	0.08548	0.1051	1.053	1.556	0.943	1.502
190	0.09364	0.07023	1.156	0.7942	1.125	0.8009
191	0.08863	0.1028	1.23	1.344	0.9493	1.258
192	0.04486	0.1313	0.7365	1.787	0.5645	1.858
193	0.09299	0.06368	1.225	0.7733	1.061	0.8432
194	0.1287	0.1064	1.802	1.364	1.618	1.308
195	0.0894	0.1149	1.051	1.417	1.05	1.459
196	0.148	0.1248	2.34	1.722	2.505	1.676
197	0.1053	0.0758	1.36	0.858	1.374	1.037
198	0.09738	0.1003	1.166	1.256	1.131	1.201
199	0.08458	0.08688	1.012	0.9437	0.9638	1.011
200	0.1079	0.0991	1.438	1.238	1.216	1.122
201	0.1158	0.1216	1.593	1.76	1.452	1.51
202	0.064	0.1081	0.8552	1.431	0.7108	1.267
203	0.1149	0.1127	1.492	1.525	1.285	1.345
204	0.08808	0.1263	1.165	1.554	0.9287	1.551
205	0.07169	0.09945	0.8324	1.256	0.7426	1.161
206	0.06671	0.09569	0.8743	1.153	0.8924	1.121
207	0.1279	0.1026	1.667	1.411	1.614	1.308
208	0.06221	0.1578	0.8378	2.291	0.7089	2.329
209	0.08681	0.02938	1.109	0.3557	0.9837	0.4309
210	0.1061	0.09387	1.341	1.105	1.203	1.071
211	0.1415	0.1143	1.884	1.437	1.718	1.306
212	0.07507	0.08584	0.8748	1.026	0.787	0.9887
213	0.1081	0.1059	1.369	1.217	1.17	1.251
214	0.06655	0.1122	0.7566	1.394	0.6926	1.426
215	0.08011	0.1322	0.9768	1.792	1.048	2.066
216	0.1159	0.1279	1.486	1.721	1.38	1.518
217	0.09613	0.08104	1.147	0.9243	1.144	1.061
218	0.09553	0.08226	1.268	0.9633	1.129	0.9592
219	0.1061	0.09007	1.251	1.145	1.354	1.122
220	0.1097	0.09869	1.429	1.207	1.297	1.188
221	0.1065	0.1456	1.417	2.064	1.786	2.395
222	0.06059	0.1039	0.7228	1.341	0.7168	1.537
223	0.05904	0.1175	0.6683	1.645	0.6091	1.789
224	0.1003	0.08571	1.338	1.082	1.177	1.005
225	0.08556	0.09022	1.013	1.24	0.9425	1.061
226	0.07409	0.1234	0.8384	1.533	0.8235	1.412
227	0.1091	0.1544	1.351	2.009	1.241	1.921
228	0.09586	0.1072	1.117	1.224	1.202	1.36
229	0.1042	0.1189	1.269	1.75	1.223	2.165
230	0.1214	0.0953	1.529	1.125	1.429	1.095
231	0.1065	0.098	1.353	1.293	1.224	1.232
232	0.08437	0.1279	0.9561	1.585	0.9591	1.599
233	0.1072	0.1048	1.415	1.324	1.255	1.245
234	0.09541	0.1035	1.169	1.285	1.064	1.152
235	0.1177	0.08532	1.453	0.9855	1.494	0.9945
236	0.09585	0.08983	1.198	1.105	1.06	1.082
237	0.08951	0.1109	1.083	1.435	1.012	1.31
238	0.1061	0.1095	1.416	1.459	1.198	1.212
239	0.09159	0.1137	1.151	1.442	1.018	1.557
240	0.08258	0.1006	0.97	1.231	0.9133	1.34
241	0.09808	0.08979	1.279	1.063	1.147	1.235
242	0.1257	0.112	1.733	1.506	1.571	1.517
243	0.1089	0.1067	1.443	1.562	1.369	1.626
244	0.1259	0.1184	1.716	1.541	1.499	1.363
245	0.08158	0.1101	1.036	1.329	0.9649	1.307
246	0.1026	0.1232	1.314	1.789	1.296	1.586
247	0.08132	0.08824	0.944	1.042	0.903	1.013
248	0.1148	0.1172	1.634	1.67	1.502	1.324
249	0.09477	0.1048	1.176	1.4	1.071	1.271
250	0.09393	0.09776	1.111	1.147	1.038	1.094
251	0.1129	0.09986	1.522	1.289	1.441	1.152
252	0.09008	0.08506	1.132	1.111	0.9387	1.255
253	0.1034	0.09247	1.356	1.139	1.174	1.119
254	0.106	0.1103	1.327	1.451	1.387	1.344
255	0.07013	0.09556	0.7811	1.184	0.7301	1.211
256	0.09307	0.107	1.103	1.33	1.087	1.205
257	0.1034	0.1257	1.294	1.772	1.203	1.702
258	0.09518	0.08742	1.191	1.086	1.124	1.081
259	0.1144	0.1085	1.57	1.386	1.369	1.34
260	0.0821	0.1096	1.049	1.328	0.9811	1.412
261	0.1102	0.1087	1.372	1.355	1.35	1.393
262	0.07386	0.1156	0.7778	1.553	0.7828	1.442
263	0.08821	0.1002	1.092	1.167	1.039	1.286
264	0.1178	0.1101	1.49	1.451	1.513	1.489
265	0.1023	0.08759	1.194	1.009	1.137	0.9633
266	0.1202	0.1052	1.436	1.304	1.479	1.554
267	0.08669	0.07357	1.118	0.9297	1.04	1.004
268	0.09743	0.1143	1.293	1.537	1.089	1.347
269	0.1214	0.09356	1.645	1.281	1.656	1.247
270	0.09198	0.09194	1.096	1.111	1.038	1.103
271	0.1101	0.1014	1.378	1.348	1.489	1.177
272	0.1244	0.09763	1.705	1.228	1.529	1.238
273	0.1024	0.09498	1.339	1.226	1.264	1.073
274	0.1137	0.1034	1.456	1.239	1.425	1.614
275	0.09707	0.07327	1.177	0.8321	1.115	0.8068
276	0.1266	0.1097	1.669	1.343	1.421	1.272
277	0.06838	0.105	0.751	1.052	0.9797	1.299
278	0.1137	0.08014	1.47	0.8755	1.333	0.9145
279	0.07067	0.1341	0.8404	1.822	0.724	1.663
280	0.08361	0.07696	0.9752	0.8705	0.9821	1.048
281	0.07478	0.07976	0.8382	0.8607	0.876	0.929
282	0.1151	0.1007	1.564	1.246	1.412	1.349
283	0.09061	0.07799	1.065	0.9124	1.061	0.913
284	0.102	0.1378	1.264	1.917	1.185	1.702
285	0.1133	0.08387	1.461	1.058	1.33	1.12
286	0.08936	0.08511	1.132	1.061	1.014	0.9949
287	0.1046	0.08744	1.314	1.1	1.224	1.055
288	0.08666	0.08007	1.15	1.141	1.045	0.9582
289	0.1164	0.1196	1.4	1.577	1.394	1.366
290	0.08075	0.09961	0.9879	1.194	0.8613	1.142
291	0.09284	0.07614	1.113	0.8795	1.085	0.8956
292	0.06755	0.08537	0.7478	1.061	0.7114	1.054
293	0.1013	0.1039	1.245	1.343	1.252	1.315
294	0.05466	0.08403	0.6396	0.9443	0.6793	0.9988
295	0.07567	0.1012	0.8804	1.181	0.8026	1.193
296	0.06145	0.08039	0.7441	0.9995	0.7605	1.19
297	0.09216	0.08793	1.069	1.122	1.099	1.013
298	0.09582	0.09072	1.221	1.114	1.154	1.067
299	0.0666	0.07845	0.7399	0.8585	0.7045	0.8989
300	0.1371	0.1138	1.877	1.697	1.688	1.729
301	0.08498	0.08894	1.143	1.122	1.075	1.038
302	0.07566	0.09191	0.8369	1.109	0.8221	0.995
303	0.08419	0.1024	1.015	1.185	0.9382	1.195
304	0.08597	0.1088	0.9739	1.381	1.058	1.224
305	0.1077	0.08931	1.594	0.9957	1.264	1.046
306	0.07981	0.09821	0.9867	1.212	0.8973	1.173
307	0.06888	0.1053	0.8145	1.326	0.7593	1.201
308	0.1361	0.124	1.793	1.497	1.595	1.516
309	0.09713	0.09247	1.161	1.116	1.172	1.319
310	0.08868	0.09729	1.142	1.263	1.018	1.095
311	0.05704	0.1062	0.7498	1.323	0.8161	1.371
312	0.05795	0.1402	0.76	2.09	0.6644	1.916
313	0.03086	0.1076	0.3838	1.31	0.4201	1.198
314	0.09482	0.09463	1.16	1.093	1.021	1.081
315	0.03619	0.03266	0.4102	0.3629	0.4179	0.3671
316	0.06987	0.09054	0.7332	1.038	0.7499	0.9863
317	0.07822	0.06845	0.9323	0.7774	0.8474	0.729
318	0.09667	0.1125	1.199	1.429	1.135	1.547
319	0.09152	0.1378	1.102	1.825	1.173	1.98
320	0.1055	0.1121	1.307	1.426	1.306	1.3
321	0.08307	0.0684	0.9251	0.7939	0.9453	0.7566
322	0.09682	0.08121	1.273	1.034	1.144	0.9238
323	0.1092	0.111	1.483	1.426	1.417	1.503
324	0.09845	0.1109	1.235	1.5	1.229	1.272
325	0.1147	0.1251	1.853	1.766	1.643	2.308
326	0.0872	0.08032	1.09	0.9411	1.039	0.9704
327	0.1123	0.1377	1.414	2.022	1.464	1.97
328	0.06094	0.07714	0.706	0.881	0.7572	0.8931
329	0.09165	0.08397	1.086	1.025	1.022	0.945
330	0.07299	0.1139	0.786	1.408	0.7932	1.287
331	0.0873	0.11	1.078	1.502	1.11	1.378
332	0.1001	0.09804	1.128	1.286	1.148	1.288
333	0.08846	0.1253	1.047	1.728	0.9789	1.887
334	0.06842	0.1522	0.7745	2.051	0.7457	2.321
335	0.0721	0.09595	0.8278	1.205	0.7959	1.076
336	0.106	0.1188	1.276	1.461	1.22	1.358
337	0.09781	0.09676	1.26	1.14	1.15	1.192
338	0.1112	0.09219	1.407	1.095	1.429	1.252
339	0.1056	0.104	1.373	1.344	1.241	1.432
340	0.09156	0.07759	1.0	0.9652	1.043	0.8323
341	0.1061	0.09473	1.317	1.124	1.185	1.12
342	0.1013	0.1155	1.281	1.492	1.084	1.326
343	0.1173	0.11	1.576	1.365	1.466	1.397
344	0.09399	0.1116	1.089	1.424	1.086	1.316
345	0.06534	0.1116	0.7038	1.435	0.9805	1.474
346	0.09309	0.08435	1.162	0.9569	1.121	1.022
347	0.1039	0.08707	1.29	1.026	1.256	1.065
348	0.09534	0.1229	1.144	1.688	1.077	1.553
349	0.1036	0.06987	1.309	0.7389	1.167	0.7884
350	0.1161	0.1345	1.517	1.844	1.506	2.101
351	0.07447	0.07635	0.8412	0.8249	0.7912	0.8122
352	0.07232	0.06536	0.8216	0.6938	0.795	0.7104
353	0.08074	0.08512	0.9601	0.9938	0.8359	0.9737
354	0.09792	0.09134	1.169	1.099	1.059	1.07
355	0.08971	0.0844	1.155	1.001	1.101	1.079
356	0.08015	0.06464	0.9603	0.8471	0.8678	0.7966
357	0.09571	0.06408	1.122	0.8078	1.101	0.7764
358	0.05317	0.1093	0.716	1.468	0.5913	1.345
359	0.09895	0.098	1.248	1.202	1.135	1.122
360	0.08754	0.1059	1.029	1.397	0.9683	1.162
361	0.09603	0.1331	1.118	1.663	1.426	1.666
362	0.09245	0.09928	1.167	1.222	1.021	1.21
363	0.08325	0.1058	1.079	1.311	0.9073	1.234
364	0.04389	0.0601	0.4759	0.6975	0.6383	0.7568
365	0.1069	0.09718	1.343	1.193	1.37	1.09
366	0.09545	0.07677	1.159	0.8321	1.119	0.8838
367	0.1026	0.09478	1.224	1.32	1.341	1.15
368	0.08744	0.09176	1.217	1.147	1.093	1.178
369	0.08693	0.06216	1.022	0.6789	0.9918	0.6654
370	0.0765	0.09642	0.8877	1.235	1.058	1.379
371	0.0947	0.09897	1.225	1.401	1.157	1.15
372	0.09998	0.06379	1.493	0.9047	1.281	0.8191
373	0.08106	0.07398	1.004	0.8846	1.069	0.8384
374	0.09008	0.08071	1.06	0.9404	0.9952	0.9288
375	0.117	0.1035	1.479	1.272	1.468	1.274
376	0.1004	0.1214	1.346	1.498	1.23	1.482
377	0.09587	0.0727	1.244	0.959	1.177	0.8375
378	0.03495	0.1055	0.4067	1.324	0.4453	1.58
379	0.1009	0.1029	1.189	1.23	1.119	1.172
380	0.1238	0.1045	1.55	1.216	1.479	1.247
381	0.05894	0.09372	0.7412	1.0	0.7255	1.272
382	0.08638	0.09799	0.9922	1.215	0.9977	1.176
383	0.1021	0.1193	1.173	1.571	1.213	1.407
384	0.07338	0.06705	0.8216	0.817	0.7604	0.8391
385	0.07308	0.1146	0.8793	1.481	0.8521	1.344
386	0.1063	0.1262	1.39	1.837	1.369	1.811
387	0.1257	0.09467	1.534	1.297	1.524	1.206
388	0.09363	0.07378	1.199	0.8932	1.097	0.8836
389	0.09097	0.1081	1.083	1.305	1.112	1.276
390	0.1144	0.09769	1.446	1.177	1.521	1.152
391	0.09471	0.09461	1.126	1.061	1.021	1.118
392	0.08821	0.08604	1.054	1.071	0.9714	1.133
393	0.1356	0.1424	1.846	1.825	1.581	1.808
394	0.08923	0.1018	1.086	1.135	0.9122	1.274
395	0.1032	0.08986	1.276	1.05	1.137	1.037
396	0.1098	0.1186	1.27	1.499	1.3	1.472
397	0.09332	0.1053	1.248	1.448	1.184	1.769
398	0.07928	0.06843	0.8545	0.7108	0.8685	0.7689
399	0.09607	0.09175	1.184	1.056	1.107	1.04
400	0.06416	0.129	0.8194	1.895	0.8074	1.944
401	0.08232	0.09626	0.9678	1.314	0.9639	1.16
402	0.09268	0.08543	1.195	1.057	1.038	0.9396
403	0.09294	0.08901	1.149	1.055	0.9882	1.055
404	0.03311	0.1158	0.5184	1.632	0.3743	1.58
405	0.08756	0.0608	0.9901	0.6565	0.9896	0.8115
406	0.08582	0.09126	0.9808	1.112	0.992	1.052
407	0.09203	0.07456	1.043	0.7864	1.08	0.8672
408	0.0771	0.08613	0.8988	0.9452	0.8472	0.9635
409	0.1039	0.08965	1.313	1.068	1.195	1.141
410	0.1053	0.08807	1.212	1.067	1.226	0.9831
411	0.1049	0.09454	1.216	1.186	1.199	1.08
412	0.1046	0.1035	1.179	1.239	1.23	1.14
413	0.08252	0.0745	0.9652	0.8624	0.9504	0.8475
414	0.06905	0.06202	0.8331	0.7419	0.7714	0.7366
415	0.1175	0.1183	1.402	1.378	1.47	1.621
416	0.08931	0.1261	1.056	1.785	1.246	1.801
417	0.1023	0.1132	1.279	1.366	1.21	1.252
418	0.08701	0.07191	1.04	0.7913	1.022	0.7924
419	0.07831	0.09251	0.9168	1.12	0.8692	0.9894
420	0.06013	0.06864	0.649	0.7646	0.6183	0.7431
421	0.07327	0.09006	0.8121	1.022	0.8366	0.9687
422	0.09127	0.07633	1.101	0.8678	0.9912	0.8377
423	0.09207	0.1199	1.171	1.418	1.046	1.891
424	0.1193	0.1075	1.548	1.341	1.356	1.305
425	0.09955	0.087	1.278	0.9935	1.145	1.002
426	0.08757	0.09035	1.077	1.178	1.032	1.095
427	0.105	0.09533	1.321	1.203	1.401	1.206
428	0.08812	0.1168	1.039	1.467	1.008	1.494
429	0.08384	0.1209	1.174	1.905	1.306	1.643
430	0.0856	0.1071	1.127	1.489	1.451	1.841
431	0.107	0.08904	1.517	1.104	1.48	1.182
432	0.08677	0.08383	1.022	1.042	0.9883	0.9843
433	0.06975	0.1241	0.8039	1.759	0.7459	1.549
434	0.1126	0.1119	1.344	1.4	1.27	1.362
435	0.1037	0.09297	1.225	1.103	1.263	1.122
436	0.09271	0.09843	1.097	1.098	1.173	1.275
437	0.08109	0.1372	0.9885	1.819	0.9457	2.55
438	0.06656	0.06497	0.7307	0.6732	0.7327	0.7329
439	0.08121	0.09729	0.9179	1.265	0.963	1.067
440	0.09783	0.1084	1.135	1.35	1.126	1.228
441	0.09615	0.08374	1.229	0.9609	1.09	0.9283
442	0.09313	0.08462	1.11	0.9456	1.039	1.018
443	0.1045	0.1042	1.366	1.211	1.215	1.264
444	0.08526	0.08609	0.981	1.007	0.9578	0.9051
445	0.1047	0.07558	1.271	0.9401	1.177	0.9297
446	0.1073	0.1183	1.36	1.511	1.268	1.423
447	0.07694	0.09366	0.873	1.132	0.8454	1.204
448	0.07279	0.08446	0.8277	0.9593	0.7593	0.9702
449	0.1125	0.09856	1.313	1.199	1.36	1.173
450	0.09856	0.08937	1.217	1.129	1.228	0.9994
451	0.09796	0.08831	1.337	1.139	1.272	1.074
452	0.08312	0.1062	0.9911	1.438	0.8936	1.206
453	0.08569	0.1118	1.034	1.27	1.023	1.428
454	0.09612	0.1093	1.359	1.813	1.42	1.538
455	0.07167	0.1164	0.7791	1.332	0.7659	1.342
456	0.1086	0.07762	1.389	0.8961	1.278	0.8647
457	0.0792	0.1105	0.8458	1.416	0.8668	1.356
458	0.07838	0.07035	0.8609	0.7849	0.9121	0.7811
459	0.09742	0.09726	1.171	1.229	1.145	1.263
460	0.09972	0.1044	1.293	1.152	1.123	1.331
461	0.07964	0.096	0.9433	1.188	0.9433	1.17
462	0.09014	0.08566	1.146	1.056	1.198	1.064
463	0.08068	0.08428	0.9328	1.007	0.8897	1.019
464	0.11	0.08288	1.326	0.942	1.257	0.9121
465	0.1066	0.1257	1.324	1.81	1.169	1.501
466	0.0916	0.09459	1.133	1.115	1.037	1.124
467	0.1028	0.08129	1.327	0.9519	1.155	0.9322
468	0.08347	0.04461	0.9939	0.5131	0.9898	0.6155
469	0.08913	0.09273	1.159	1.156	1.172	1.15
470	0.06415	0.0902	0.7269	1.077	0.6652	1.036
471	0.1026	0.09688	1.324	1.251	1.146	1.188
472	0.108	0.08481	1.443	1.135	1.349	1.008
473	0.1157	0.08161	1.445	0.9316	1.241	0.8557
474	0.08875	0.08349	1.047	0.9421	1.076	1.084
475	0.0459	0.08529	0.6264	1.097	0.5317	1.078
476	0.07848	0.1031	1.064	1.257	0.8646	1.24
477	0.1206	0.09532	1.554	1.133	1.879	1.233
478	0.08311	0.09139	0.927	1.124	0.9373	1.041
479	0.06722	0.1092	0.7318	1.389	0.6992	1.303
480	0.1141	0.1128	1.426	1.458	1.458	1.266
481	0.06527	0.09075	0.8721	1.188	0.7698	1.016
482	0.09301	0.07963	1.116	0.9153	1.218	0.9081
483	0.09578	0.08584	1.152	1.011	1.12	1.028
484	0.1226	0.0655	1.749	0.7101	1.377	0.6855
485	0.09892	0.09341	1.004	0.9781	1.426	1.164
486	0.07181	0.06671	0.8488	0.7634	0.7842	0.8788
487	0.07978	0.1294	0.9204	1.802	0.8535	1.516
488	0.06824	0.08117	0.7814	0.8357	0.8084	0.9765
489	0.1116	0.09794	1.403	1.084	1.26	1.119
490	0.1149	0.1199	1.502	1.704	1.428	1.555
491	0.08113	0.07626	0.9402	0.8935	0.974	0.8674
492	0.1089	0.1132	1.371	1.4	1.248	1.328
493	0.09973	0.09377	1.113	1.005	1.127	1.071
494	0.09228	0.09157	1.16	1.152	1.133	1.069
495	0.09319	0.09981	1.176	1.173	1.012	1.183
496	0.127	0.08594	1.893	1.176	1.679	1.067
497	0.07723	0.09195	0.8018	0.9788	0.9633	1.103
498	0.0839	0.07877	0.9268	0.8582	0.8969	0.9533
499	0.06035	0.09007	0.6211	1.021	0.7077	1.023
500	0.1037	0.108	1.17	1.353	1.234	1.319
501	0.09407	0.09343	1.194	1.348	1.092	1.362
502	0.1141	0.07574	1.506	0.8217	1.473	0.8489
503	0.1024	0.09725	1.123	1.121	1.218	1.179
504	0.1227	0.1303	1.874	1.642	1.676	2.083
505	0.0425	0.05092	0.4498	0.5358	0.4975	0.5668
506	0.05923	0.09941	0.6708	1.232	0.6025	1.167
507	0.07967	0.0752	1.005	0.857	0.8657	0.8396
508	0.1048	0.1045	1.36	1.526	1.426	1.392
509	0.08556	0.08964	0.8427	1.08	1.143	1.241
510	0.09271	0.08471	1.116	0.9589	1.102	0.9282
511	0.09488	0.04359	1.032	0.5461	1.092	0.4766
512	0.07372	0.09562	0.8162	1.144	0.7862	1.056
513	0.126	0.1302	1.661	1.722	1.441	1.55
514	0.08346	0.08507	0.9427	0.8828	0.9521	0.9945
515	0.1029	0.09447	1.212	1.096	1.176	1.076
516	0.102	0.1196	1.252	1.529	1.15	1.343
517	0.1163	0.06397	1.457	0.6466	1.599	0.6596
518	0.0201	0.09856	0.2996	1.288	0.2602	1.307
519	0.08106	0.1318	0.9661	1.878	1.087	2.038
520	0.07215	0.1056	0.9166	1.241	0.8785	1.308
521	0.05055	0.06702	0.5631	0.8647	0.6243	0.7691
522	0.06809	0.0996	0.7258	1.147	0.7363	1.156
523	0.08775	0.08852	1.057	1.005	1.102	1.003
524	0.1062	0.09649	1.254	1.099	1.239	1.101
525	0.086	0.1029	0.9034	1.138	1.0	1.178
526	0.08396	0.1025	0.9483	1.234	0.9616	1.245
527	0.1113	0.07882	1.42	1.002	1.596	1.052
528	0.1198	0.09722	1.428	1.195	1.358	1.06
529	0.1093	0.08	1.417	0.9142	1.266	0.8156
530	0.06312	0.09946	0.6931	1.25	0.669	1.243
531	0.1042	0.1275	1.48	1.702	1.422	2.035
532	0.08579	0.08167	0.9859	0.879	0.9684	0.9255
533	0.03146	0.1142	0.4349	1.554	0.4173	1.772
534	0.1136	0.09922	1.413	1.272	1.556	1.508
535	0.09472	0.09402	1.204	1.208	1.197	1.189
536	0.08016	0.05062	0.9075	0.5598	0.9744	0.7202
537	0.09676	0.09199	1.264	1.115	1.123	1.224
538	0.1043	0.1184	1.216	1.571	1.221	1.373
539	0.1126	0.1253	1.404	1.571	1.587	1.544
540	0.08193	0.08276	0.9986	0.906	0.9579	1.074
541	0.09476	0.1066	1.206	1.276	1.067	1.814
542	0.09631	0.09269	1.238	1.105	0.9969	1.064
543	0.09358	0.08686	1.157	1.083	1.053	1.013
544	0.1051	0.1158	1.248	1.372	1.17	1.308
545	0.09659	0.09024	1.192	0.9896	1.111	1.035
546	0.1026	0.104	1.311	1.333	1.201	1.375
547	0.085	0.06878	0.9722	0.7476	0.9212	0.7677
548	0.08612	0.07936	0.9576	0.8866	0.9829	0.9148
549	0.1013	0.114	1.195	1.456	1.129	1.354
550	0.111	0.0526	1.523	0.576	1.307	0.6453
551	0.07878	0.1029	0.9459	1.34	0.8486	1.31
552	0.09334	0.08583	1.092	1.201	1.085	1.076
553	0.08879	0.08902	1.058	1.039	1.013	1.039
554	0.08775	0.07261	1.063	0.8212	0.9559	0.7959
555	0.07408	0.07944	1.068	1.043	0.9185	0.9405
556	0.09592	0.09248	1.176	1.228	1.037	1.123
557	0.1055	0.1031	1.229	1.236	1.149	1.308
558	0.1121	0.1157	1.515	1.913	1.528	1.498
559	0.09329	0.07724	0.9509	0.7708	1.129	0.8949
560	0.09999	0.1008	1.242	1.267	1.182	1.185
561	0.09858	0.08735	1.167	1.054	1.198	1.057
562	0.1006	0.0774	1.19	0.8983	1.086	0.8657
563	0.08861	0.092	1.177	1.187	1.063	1.11
564	0.08623	0.07212	1.078	0.8504	0.908	0.7603
565	0.08783	0.0905	1.027	0.9916	1.103	1.201
566	0.06813	0.1113	0.8912	1.548	0.8252	1.48
567	0.09552	0.08297	1.273	0.9821	1.085	1.002
568	0.1006	0.08396	1.286	1.002	1.179	0.9992
569	0.1053	0.1088	1.176	1.379	1.275	1.355
570	0.08774	0.09209	1.021	1.098	0.9941	1.06
571	0.07181	0.08757	0.7815	1.013	0.7499	1.051
572	0.06707	0.05715	0.8349	0.6709	0.8921	0.7995
573	0.09999	0.1055	1.27	1.332	1.344	1.292
574	0.07591	0.08096	0.8354	0.9219	0.8295	0.9473
575	0.07988	0.09394	0.9672	1.089	0.9185	1.068
576	0.07793	0.09396	0.9561	1.174	0.9565	1.111
577	0.07736	0.052	0.8087	0.543	0.8202	0.579
578	0.09657	0.07916	1.111	0.8424	1.169	1.096
579	0.07926	0.08003	0.9982	1.039	0.8729	1.026
580	0.07482	0.1053	0.8571	1.319	0.7918	1.204
581	0.07283	0.08543	0.9555	1.091	1.042	0.9416
582	0.07926	0.08394	0.9273	0.9947	0.8718	0.9237
583	0.09318	0.08271	1.127	0.9201	1.104	0.964
584	0.08163	0.07807	1.158	0.8834	0.8761	0.8875
585	0.105	0.08569	1.237	0.9913	1.277	0.9752
586	0.0804	0.09993	0.9292	1.08	1.002	1.42
587	0.09743	0.1058	1.152	1.311	1.14	1.259
588	0.09567	0.1135	1.158	1.413	1.148	1.313
589	0.08443	0.08607	0.8572	0.8249	1.071	1.052
590	0.09018	0.1138	1.064	1.391	1.007	1.408
591	0.09651	0.1195	1.256	1.595	1.111	1.336
592	0.07849	0.06612	0.8292	0.7186	1.032	0.7237
593	0.09466	0.09259	1.398	1.265	1.064	1.013
594	0.09768	0.1271	1.374	1.767	1.085	1.967
595	0.09844	0.08642	1.128	0.912	1.341	1.095
596	0.08565	0.1014	1.068	1.262	0.982	1.2
597	0.08216	0.08689	0.8683	0.9415	0.9276	1.054
598	0.09619	0.1138	1.26	1.447	1.205	1.373
599	0.07614	0.103	0.8653	1.287	0.9062	1.185
600	0.08126	0.08014	1.012	0.9976	0.8855	0.9299
601	0.1189	0.1079	1.463	1.288	1.394	1.22
602	0.09512	0.07444	1.014	0.7912	1.123	0.883
603	0.1242	0.08514	1.628	0.9896	1.444	0.9863
604	0.1316	0.1047	1.826	1.354	1.691	1.185
605	0.09794	0.06357	1.25	0.7094	1.242	0.7091
606	0.06662	0.08637	0.6706	0.9346	0.7314	1.061
607	0.1034	0.08751	1.265	1.006	1.144	0.9509
608	0.0777	0.07238	0.9825	1.047	1.009	1.271
609	0.09194	0.0648	1.053	0.6932	1.057	0.7629
610	0.09418	0.09817	1.105	1.245	1.082	1.259
611	0.1062	0.08565	1.386	1.03	1.287	0.9394
612	0.04434	0.09855	0.5895	1.21	0.6386	1.347
613	0.0728	0.06821	0.7035	0.6823	0.8818	0.8067
614	0.07233	0.08387	0.8142	0.9856	0.7628	0.9409
615	0.0824	0.07029	0.9051	0.7739	0.8896	0.7623
616	0.07983	0.1001	0.9135	1.178	0.8853	1.096
617	0.1165	0.05837	1.519	0.6283	1.413	0.6704
618	0.0906	0.08063	0.9455	0.9377	1.075	0.8707
619	0.1031	0.08843	1.246	0.9743	1.14	1.115
620	0.08702	0.1083	0.9928	1.364	0.9505	1.22
621	0.1014	0.07337	1.199	0.8104	1.2	0.7755
622	0.04689	0.1045	0.5389	1.27	0.5446	1.27
623	0.1189	0.153	1.42	1.788	1.683	2.03
624	0.1157	0.1058	1.397	1.492	1.442	1.464
625	0.09549	0.09915	1.164	1.235	1.207	1.137
626	0.06101	0.08175	0.6743	0.8991	0.6194	0.8681
627	0.07369	0.08529	0.8221	0.947	0.8359	1.04
628	0.104	0.0812	1.215	0.9147	1.167	0.8723
629	0.07178	0.07655	0.8106	0.7852	0.8006	0.846
630	0.08906	0.08989	1.061	1.067	0.9805	1.008
631	0.1204	0.09178	1.468	1.16	1.648	1.441
632	0.09619	0.09636	1.198	1.159	1.069	1.085
633	0.03322	0.08737	0.405	1.094	0.3646	0.9864
634	0.09826	0.09855	1.302	1.158	1.406	1.179
635	0.06854	0.09404	0.7611	1.113	1.123	1.112
636	0.08478	0.09548	0.9929	1.1	0.9542	1.071
637	0.1037	0.1065	1.532	1.498	1.53	1.897
638	0.1145	0.03268	1.688	0.3423	1.844	0.4195
639	0.08685	0.09864	1.186	1.254	1.03	1.148
640	0.04278	0.08189	0.4493	0.879	0.6603	0.9998
641	0.06	0.07784	0.6302	0.8773	0.6144	0.8618
642	0.08686	0.06127	1.091	0.6803	0.9382	0.6468
643	0.1296	0.1164	1.808	1.426	1.586	1.452
644	0.08524	0.1046	0.8449	1.163	1.037	1.33
645	0.09486	0.1131	1.339	1.341	1.079	2.029
646	0.08772	0.07111	1.041	0.8247	0.9535	0.8142
647	0.09835	0.09389	1.206	1.197	1.201	1.066
648	0.07635	0.08245	0.8344	0.9518	0.8285	0.9032
649	0.07394	0.1082	0.7934	1.359	0.8011	1.375
650	0.0854	0.08713	1.032	1.09	1.036	1.039
651	0.09854	0.09825	1.256	1.186	1.168	1.219
652	0.07148	0.08176	0.7645	0.9742	0.8051	0.9229
653	0.1032	0.1061	1.241	1.282	1.103	1.175
654	0.07992	0.07593	0.8681	0.8491	0.9026	0.8217
655	0.08901	0.07494	1.08	0.8649	1.038	0.8743
656	0.06975	0.07837	0.7764	0.9288	0.7942	1.045
657	0.1029	0.1116	1.238	1.343	1.156	1.253
658	0.09204	0.08684	1.175	1.103	1.062	1.016
659	0.0761	0.06178	0.9749	0.6883	1.014	0.6882
660	0.1142	0.1014	1.461	1.29	1.27	1.175
661	0.1071	0.1136	1.429	1.368	1.2	1.414
662	0.1016	0.1242	1.309	1.571	1.27	1.733
663	0.08501	0.08989	0.8481	1.065	1.035	1.008
664	0.0217	0.09639	0.2844	1.203	0.3401	1.187
665	0.08385	0.08664	0.9608	0.9789	0.9238	0.997
666	0.0967	0.07799	1.179	0.8343	1.078	0.9078
667	0.07583	0.1094	0.9508	1.36	0.8975	1.458
668	0.0927	0.07932	1.058	0.9251	1.075	0.9005
669	0.08288	0.09226	0.9255	1.026	0.9052	1.163
670	0.0343	0.0939	0.539	1.09	0.3593	1.131
671	0.0843	0.07432	1.015	0.8115	0.9472	0.8408
672	0.09263	0.06395	1.061	0.7463	1.058	0.7389
673	0.1081	0.1138	1.292	1.4	1.283	1.416
674	0.0921	0.07624	1.042	0.8619	1.067	0.812
675	0.09529	0.1075	1.227	1.348	1.314	1.278
676	0.07433	0.06545	0.86	0.8344	0.8023	0.7775
677	0.1086	0.09376	1.403	1.14	1.518	1.171
678	0.06391	0.09219	0.7	1.053	0.6834	1.047
679	0.0835	0.1031	1.003	1.203	1.047	1.226
680	0.08434	0.09798	1.01	1.177	0.961	1.197
681	0.09344	0.08189	1.038	0.8574	1.056	0.8961
682	0.08177	0.08474	0.8844	0.9605	0.9883	1.21
683	0.09008	0.1045	1.15	1.333	1.225	1.247
684	0.09765	0.06695	1.187	0.7588	1.087	0.9269
685	0.09066	0.09699	1.121	1.222	1.322	1.561
686	0.08838	0.09534	1.036	1.161	0.9902	1.139
687	0.0995	0.09179	1.149	1.047	1.125	1.046
688	0.1205	0.07557	1.549	0.8762	1.433	0.8891
689	0.08153	0.06128	0.8764	0.716	0.9529	0.6838
690	0.09315	0.0748	1.362	0.86	1.093	0.9063
691	0.08411	0.0919	1.037	1.15	0.909	1.044
692	0.09842	0.1165	1.154	1.42	1.074	1.36
693	0.1083	0.07771	1.278	0.726	1.202	1.033
694	0.03373	0.1015	0.4477	1.241	0.4019	1.127
695	0.08244	0.1146	0.9496	1.419	0.8802	1.289
696	0.08256	0.05713	0.8814	0.5375	0.9607	0.696
697	0.1024	0.1043	1.301	1.246	1.179	1.303
698	0.08391	0.06898	1.027	0.7597	0.9762	0.8019
699	0.0727	0.0854	0.8797	1.08	0.9425	0.9455
700	0.1095	0.1052	1.317	1.2	1.306	1.241
701	0.08356	0.08767	0.8931	0.982	0.9497	0.992
702	0.0903	0.08707	1.168	1.064	1.105	1.092
703	0.07843	0.08585	0.8165	1.016	0.9238	1.003
704	0.06761	0.07346	0.7361	0.9788	0.757	0.8497
705	0.1114	0.136	1.41	1.877	1.188	1.716
706	0.07905	0.09463	0.9428	1.058	0.8494	1.118
707	0.07089	0.09445	0.9188	1.151	0.7943	1.043
708	0.06497	0.1186	0.7201	1.597	0.6882	1.368
709	0.1013	0.1147	1.44	1.56	1.261	1.626
710	0.08723	0.1031	1.015	1.275	0.9741	1.172
711	0.09777	0.09072	1.217	1.031	1.087	1.072
712	0.03221	0.06307	0.409	0.8226	0.4422	0.8496
713	0.0389	0.0954	0.4475	1.043	0.5125	1.091
714	0.09803	0.1023	1.234	1.308	1.137	1.193
715	0.09469	0.1025	1.134	1.282	1.067	1.28
716	0.1152	0.118	1.39	1.669	1.338	1.754
717	0.07185	0.06852	0.7645	0.6833	0.9282	0.7819
718	0.09404	0.08634	1.095	0.9914	1.08	0.9787
719	0.0697	0.07705	0.7029	0.8519	0.8135	0.8417
720	0.09575	0.1017	1.076	1.235	1.091	1.138
721	0.09942	0.06727	1.174	0.7371	1.129	0.7153
722	0.09912	0.09016	1.18	1.077	1.076	1.029
723	0.05117	0.09618	0.5509	1.049	0.6034	1.131
724	0.09412	0.1272	1.146	1.644	1.061	1.42
725	0.08788	0.08018	1.042	0.9838	1.074	0.9833
726	0.07309	0.05556	0.7959	0.6971	0.8673	0.6988
727	0.1035	0.08142	1.195	0.9775	1.454	0.9496
728	0.08612	0.084	1.217	0.9549	1.101	1.074
729	0.08528	0.03573	0.9501	0.3452	0.9559	0.4777
730	0.08476	0.09089	0.9819	1.049	0.9863	1.009
731	0.07084	0.09078	0.7918	1.023	0.7675	0.9871
732	0.084	0.08269	0.9523	0.8839	0.9065	0.9161
733	0.06208	0.08562	0.604	1.039	0.7754	0.9535
734	0.0824	0.08485	0.9569	0.9576	0.8906	0.9879
735	0.07102	0.1292	0.8589	1.745	0.9589	1.743
736	0.1067	0.1189	1.33	1.498	1.233	1.458
737	0.1054	0.0887	1.298	1.093	1.209	1.171
738	0.08216	0.1122	0.9437	1.393	1.013	1.43
739	0.07072	0.1075	0.8822	1.318	0.8367	1.827
740	0.08881	0.07718	1.019	0.9034	0.9887	0.8499
741	0.1091	0.1081	1.454	1.484	1.486	1.842
742	0.0745	0.08462	0.7668	1.066	1.13	1.068
743	0.08405	0.1098	1.002	1.515	0.9691	1.394
744	0.0793	0.09827	0.8528	1.217	0.9411	1.074
745	0.08465	0.09392	1.043	1.16	0.9466	0.995
746	0.09446	0.1153	0.9725	1.385	1.177	1.319
747	0.1147	0.1168	1.505	1.536	1.236	1.504
748	0.0807	0.08294	0.92	1.024	0.9658	1.159
749	0.1044	0.09031	1.245	1.115	1.235	1.074
750	0.1084	0.1052	1.407	1.337	1.182	1.161
751	0.08039	0.1243	0.899	1.657	0.8858	1.619
752	0.08678	0.1182	0.9778	1.483	0.9545	1.501
753	0.09161	0.09989	1.101	1.226	1.166	1.269
754	0.08403	0.1004	1.026	1.268	0.9613	1.17
755	0.1077	0.08602	1.37	1.04	1.283	1.059
756	0.07401	0.06816	0.8296	0.9786	0.8374	0.9643
757	0.07571	0.11	0.8742	1.319	0.8697	1.239
758	0.106	0.106	1.376	1.353	1.196	1.161
759	0.09025	0.08091	1.119	0.9833	1.054	0.8808
760	0.07437	0.1136	0.8276	1.454	0.8193	1.347
761	0.09341	0.08427	0.9979	0.9759	1.096	0.9218
762	0.08197	0.09088	0.8844	1.132	1.098	1.017
763	0.09022	0.08267	1.1	0.9712	1.207	0.9231
764	0.1053	0.104	1.244	1.284	1.235	1.225
765	0.04896	0.1017	0.6077	1.1	0.6597	1.314
766	0.1012	0.1057	1.235	1.568	1.34	1.422
767	0.08256	0.06228	0.8922	0.6705	1.022	0.6641
768	0.1091	0.1029	1.385	1.258	1.258	1.325
769	0.07289	0.08429	0.7853	0.9557	0.7976	0.9701
770	0.08963	0.05925	0.9412	0.6115	1.026	0.8394
771	0.09854	0.09801	1.223	1.132	1.251	1.418
772	0.08632	0.08654	1.03	1.021	0.9383	0.9615
773	0.09912	0.05148	1.149	0.5929	1.153	0.7022
774	0.07336	0.09535	0.8086	1.163	0.8225	1.151
775	0.1018	0.08315	1.285	0.9118	1.266	1.008
776	0.07777	0.08167	0.8305	0.8547	0.9062	1.007
777	0.1088	0.0977	1.413	1.144	1.202	1.123
778	0.09237	0.07628	1.119	0.8784	1.051	0.9087
779	0.093	0.09673	1.042	1.316	1.105	1.191
780	0.08161	0.09043	1.063	1.116	0.9644	1.035
781	0.08979	0.07457	1.202	0.8015	1.069	0.9261
782	0.08139	0.08992	0.9407	1.088	0.9651	1.123
783	0.1086	0.09427	1.388	1.194	1.236	1.013
784	0.09763	0.07164	1.165	0.8448	1.188	0.8898
785	0.08287	0.07646	0.8652	0.8125	0.9072	0.8127
786	0.09041	0.0937	1.062	1.125	1.081	1.092
787	0.08543	0.09529	1.101	1.276	1.045	1.129
788	0.07809	0.1007	0.9433	1.309	0.9589	1.292
789	0.1206	0.1016	1.58	1.342	1.582	1.247
790	0.08239	0.1069	0.9988	1.323	0.8991	1.293
791	0.08859	0.1012	1.027	1.303	1.003	1.224
792	0.1109	0.1138	1.489	1.448	1.307	1.388
793	0.09144	0.06331	1.049	0.7349	1.015	0.6824
794	0.08172	0.06645	0.984	0.6924	0.9689	0.771
795	0.09311	0.08882	1.199	1.084	1.031	1.127
796	0.1027	0.1014	1.116	1.162	1.204	1.237
797	0.08643	0.08103	0.7975	0.7266	1.035	1.054
798	0.1145	0.08419	1.446	0.9764	1.34	1.085
799	0.08051	0.08844	0.9214	1.049	0.85	1.043
800	0.0748	0.05731	0.7387	0.5744	0.8648	0.759
801	0.09569	0.08244	1.159	0.8692	1.091	0.9196
802	0.1053	0.1111	1.634	1.5	1.209	1.508
803	0.07867	0.09948	0.9578	1.095	0.9671	1.351
804	0.109	0.119	1.327	1.511	1.298	1.468
805	0.09386	0.0923	0.9728	1.059	1.128	1.1
806	0.096	0.101	1.291	1.196	1.119	1.278
807	0.07118	0.1096	0.7921	1.3	0.8418	1.325
808	0.09778	0.07877	1.175	0.9998	1.38	0.9252
809	0.1064	0.09891	1.191	1.186	1.229	1.167
810	0.06707	0.08486	0.7494	1.024	0.6954	0.9486
811	0.06978	0.09585	0.7337	1.132	0.808	1.089
812	0.09421	0.1063	1.108	1.33	1.021	1.219
813	0.08283	0.08034	1.018	0.9318	0.8833	0.9268
814	0.0694	0.08931	0.7345	0.9825	0.7899	1.078
815	0.08001	0.09809	0.9997	1.113	0.8947	1.108
816	0.04865	0.07348	0.6001	0.7951	0.5456	0.8396
817	0.05774	0.1125	0.6321	1.402	0.5918	1.292
818	0.07215	0.08795	0.7796	1.065	0.805	1.024
819	0.08692	0.08963	1.051	1.089	0.9139	1.071
820	0.1125	0.09291	1.431	1.23	1.399	1.272
821	0.06799	0.06664	0.6644	0.6753	1.068	0.7704
822	0.09162	0.0822	1.156	0.8806	1.064	0.9466
823	0.06119	0.08725	0.6696	0.9335	0.6729	1.039
824	0.09004	0.07465	1.016	0.8592	0.9734	0.8027
825	0.08984	0.104	1.05	1.322	1.067	1.276
826	0.04402	0.08091	0.462	0.8828	0.5727	0.9217
827	0.1209	0.09138	1.605	1.034	1.393	1.077
828	0.06602	0.1216	0.7287	1.559	0.7623	1.385
829	0.08943	0.08627	1.136	0.9843	1.138	0.9524
830	0.08513	0.08529	1.023	1.04	1.007	0.9173
831	0.1084	0.103	1.22	1.273	1.425	1.232
832	0.03451	0.08098	0.4638	1.117	0.465	0.9976
833	0.1168	0.08795	1.531	1.053	1.427	0.9357
834	0.09684	0.08728	1.202	1.005	1.139	0.966
835	0.0879	0.08314	1.036	0.9646	0.9543	0.9256
836	0.09356	0.09704	1.021	1.076	1.03	1.117
837	0.07663	0.07494	0.7994	0.7699	0.8396	0.8537
838	0.09413	0.09384	1.119	1.121	1.07	1.115
839	0.08137	0.1172	1.002	1.544	0.9132	1.423
840	0.09398	0.1033	1.107	1.272	1.055	1.113
841	0.02432	0.106	0.2793	1.232	0.2705	1.268
842	0.1062	0.1125	1.343	1.478	1.375	1.402
843	0.09509	0.1029	1.201	1.28	1.157	1.444
844	0.09786	0.08106	1.308	0.9046	1.154	0.9236
845	0.1287	0.127	1.845	2.016	1.685	2.273
846	0.04986	0.128	0.5607	1.786	0.7561	1.818
847	0.1249	0.07482	1.796	0.855	1.495	0.8712
848	0.06237	0.08801	0.6407	0.9582	0.7865	0.9965
849	0.0838	0.08147	1.023	0.9418	0.9001	0.9028
850	0.1006	0.1026	1.237	1.179	1.087	1.131
851	0.09559	0.07863	1.169	0.9705	1.102	0.8727
852	0.07158	0.08577	0.8414	1.066	0.8826	1.072
853	0.09158	0.113	1.053	1.483	1.158	1.652
854	0.1079	0.06734	1.315	0.7501	1.242	0.7329
855	0.08413	0.1162	0.962	1.436	0.9608	1.986
856	0.07306	0.1177	0.8001	1.368	0.7823	1.37
857	0.09098	0.07088	1.119	0.7796	1.039	0.7501
858	0.07755	0.07419	0.8922	0.8173	0.8351	0.8163
859	0.06148	0.08825	0.662	1.009	0.6406	1.027
860	0.08746	0.05032	0.9188	0.598	1.014	0.5328
861	0.08385	0.1099	0.9175	1.257	0.9607	1.291
862	0.1014	0.07256	1.213	0.8438	1.158	0.8472
863	0.08117	0.09877	0.9435	1.179	0.8731	1.221
864	0.08209	0.09437	0.9821	1.267	1.028	1.159
865	0.08081	0.09711	0.9239	1.106	0.932	1.108
866	0.08164	0.121	0.9852	1.58	0.9109	1.713
867	0.04427	0.0684	0.5561	0.8362	0.4993	0.8118
868	0.1004	0.08083	1.185	1.066	1.094	0.905
869	0.1065	0.08787	1.223	1.025	1.229	0.9764
870	0.06754	0.11	0.8322	1.559	0.8686	1.43
871	0.08254	0.07311	0.8185	0.721	1.033	0.8029
872	0.07761	0.1063	0.9567	1.286	0.8734	1.374
873	0.08703	0.08962	1.018	1.103	0.9766	1.036
874	0.08965	0.07588	1.06	0.7829	0.9653	0.8727
875	0.1086	0.08391	1.332	1.114	1.445	1.056
876	0.08824	0.08722	1.024	0.8796	1.135	1.047
877	0.07818	0.08772	0.8225	1.024	0.8795	1.006
878	0.08744	0.09307	1.054	1.165	0.9212	1.191
879	0.08809	0.07801	1.133	0.8687	1.057	0.8845
880	0.0429	0.05515	0.4214	0.617	0.5561	0.6373
881	0.1031	0.1018	1.215	1.213	1.197	1.2
882	0.06166	0.0811	0.7063	0.9803	0.6374	0.9286
883	0.09003	0.1006	1.088	1.177	1.032	1.21
884	0.08919	0.06771	1.071	0.7646	1.138	0.7671
885	0.07795	0.1026	0.8797	1.326	0.8999	1.312
886	0.08103	0.08129	0.9234	0.972	0.8784	0.8941
887	0.07853	0.08836	0.9442	0.9863	0.879	1.003
888	0.0798	0.09521	0.9521	1.224	0.923	1.209
889	0.08532	0.06991	0.8925	0.7416	0.928	0.7462
890	0.0969	0.09139	1.159	1.088	1.157	1.024
891	0.1015	0.07303	1.269	0.8841	1.295	0.8139
892	0.08095	0.09269	0.8997	1.19	0.8869	0.9957
893	0.1082	0.09703	1.477	1.153	1.425	1.143
894	0.06178	0.08414	0.6471	0.9588	0.6482	0.9089
895	0.08947	0.09562	1.062	1.175	1.029	1.082
896	0.08276	0.08339	0.9245	1.05	0.9125	0.9619
897	0.07879	0.09957	0.9916	1.125	0.8446	1.149
898	0.05337	0.08056	0.6176	0.9664	0.6081	1.024
899	0.08485	0.07773	1.009	0.9513	0.9612	0.9318
900	0.0925	0.09711	1.026	1.189	1.099	1.087
901	0.08032	0.07415	0.924	0.7607	1.001	0.9529
902	0.08783	0.0458	1.026	0.5769	0.9512	0.5431
903	0.1108	0.1106	1.417	1.437	1.309	1.254
904	0.05397	0.0555	0.5665	0.6459	0.6078	0.5944
905	0.09829	0.0803	1.178	0.8618	1.135	0.934
906	0.1042	0.1181	1.325	1.707	1.286	1.575
907	0.06591	0.08339	0.8351	1.042	0.6614	0.9565
908	0.09477	0.09739	1.181	1.244	1.008	1.117
909	0.07242	0.07351	0.7997	0.7774	0.8016	0.8638
910	0.1022	0.1026	1.302	1.222	1.269	1.236
911	0.1074	0.08868	1.313	1.016	1.295	1.035
912	0.0862	0.07717	1.193	0.9417	1.1	0.8989
913	0.1012	0.07278	1.187	0.7865	1.171	0.9019
914	0.09098	0.08031	0.9783	1.106	1.137	0.9866
915	0.099	0.0994	1.154	1.251	1.14	1.108
916	0.09555	0.09908	1.121	1.205	1.046	1.14
917	0.09673	0.09683	1.339	1.292	1.127	1.293
918	0.07178	0.09523	0.7591	1.09	0.8282	1.074
919	0.1042	0.09952	1.287	1.144	1.151	1.137
920	0.07088	0.05522	1.051	0.7868	0.8573	0.7214
921	0.08816	0.08989	0.9838	1.035	1.018	1.038
922	0.09708	0.09973	1.262	1.289	1.176	1.186
923	0.08294	0.09137	0.9615	1.175	0.8918	1.076
924	0.09879	0.1063	1.189	1.309	1.187	1.462
925	0.07091	0.06373	0.9033	0.6418	0.9367	0.7052
926	0.09803	0.09095	1.17	1.125	1.223	1.013
927	0.08089	0.09456	0.8716	1.056	0.8729	1.041
928	0.09108	0.09751	1.061	1.106	0.9854	1.088
929	0.1099	0.1149	1.358	1.51	1.261	1.366
930	0.08897	0.08227	1.022	0.9774	1.032	0.9329
931	0.1226	0.07765	1.631	0.9002	1.628	0.9976
932	0.1109	0.1257	1.282	1.568	1.223	1.491
933	0.09016	0.07763	1.055	0.8869	1.077	0.8388
934	0.06273	0.0999	0.7147	1.198	0.6983	1.16
935	0.09638	0.1005	1.151	1.159	1.099	1.435
936	0.08711	0.09037	1.02	1.084	0.9825	1.153
937	0.07043	0.09837	0.881	1.309	0.7814	1.135
938	0.08084	0.08502	0.9097	0.962	0.8512	0.9165
939	0.09834	0.07142	1.097	0.7533	1.086	0.8504
940	0.05833	0.05588	0.5818	0.5649	0.6343	0.5844
941	0.04375	0.08657	0.453	0.9648	0.5443	0.9235
942	0.06894	0.08358	0.7692	0.9544	0.7037	0.9555
943	0.08728	0.1311	1.095	1.56	1.428	2.024
944	0.1142	0.08391	1.297	1.035	1.363	0.9151
945	0.08327	0.09654	1.018	1.226	0.8825	1.101
946	0.1016	0.08843	1.188	1.105	1.307	1.211
947	0.07345	0.09377	0.8804	1.162	0.7756	1.067
948	0.08118	0.09471	0.9183	1.09	0.8901	1.142
949	0.03426	0.1028	0.4495	1.45	0.4324	1.823
950	0.123	0.09977	1.73	1.191	1.624	1.227
951	0.1007	0.1179	1.328	1.594	1.134	1.715
952	0.08527	0.08708	0.9294	0.9295	0.9223	0.9937
953	0.08507	0.09506	1.047	1.36	0.9119	1.127
954	0.07867	0.1193	0.8468	1.445	0.8707	1.378
955	0.0719	0.1225	0.805	1.766	0.8096	1.354
956	0.077	0.09073	0.8157	1.153	0.9696	1.221
957	0.06891	0.1129	0.7914	1.408	0.7458	1.578
958	0.0719	0.06536	0.8269	0.6775	0.8106	0.689
959	0.1138	0.1051	1.469	1.375	1.437	1.306
960	0.0872	0.09471	0.9913	1.054	0.9907	1.135
961	0.09469	0.08473	1.116	1.036	1.117	0.9519
962	0.09061	0.06957	1.099	0.7174	1.024	0.767
963	0.07908	0.104	0.891	1.27	0.8593	1.258
964	0.08738	0.06684	0.9304	0.7156	0.9973	0.774
965	0.0734	0.08603	0.7653	0.9401	0.8368	1.021
966	0.09652	0.1228	1.207	1.683	1.051	1.352
967	0.08665	0.08249	1.025	1.005	1.053	1.018
968	0.07855	0.08299	0.8559	0.9363	0.8305	0.975
969	0.06557	0.1023	0.7297	1.223	0.7512	1.145
970	0.08854	0.09979	1.096	1.225	0.9477	1.148
971	0.07225	0.09395	0.8132	1.157	0.9492	1.366
972	0.06833	0.1006	0.758	1.385	0.7884	1.093
973	0.1112	0.08925	1.409	1.046	1.366	1.044
974	0.09459	0.09488	1.145	1.368	1.165	1.165
975	0.06912	0.07011	0.7691	0.6837	0.6977	0.7984
976	0.08294	0.108	0.9504	1.22	0.9813	1.379
977	0.08745	0.0835	1.032	0.9315	0.9874	0.9738
978	0.05861	0.05524	0.6318	0.5655	0.5858	0.6652
979	0.08374	0.1164	1.111	1.45	0.9324	1.453
980	0.08364	0.0689	0.8616	0.8596	1.074	0.7723
981	0.08278	0.05927	0.8685	0.6468	0.9948	0.7196
982	0.08187	0.07588	0.9716	0.9034	0.9383	0.8474
983	0.1009	0.1132	1.225	1.426	1.159	1.417
984	0.05758	0.05632	0.6322	0.6058	0.6033	0.6064
985	0.09945	0.07934	1.235	1.006	1.164	0.9985
986	0.07828	0.08732	0.8831	0.9828	0.8405	1.033
987	0.08833	0.08711	1.087	1.084	1.037	0.9925
988	0.03271	0.07199	0.3787	0.9223	0.4682	0.8283
989	0.09046	0.09339	1.11	1.088	1.125	1.129
990	0.06258	0.06636	0.672	0.7037	0.6605	0.7298
991	0.0837	0.08047	1.004	0.9776	0.9478	0.9227
992	0.121	0.0826	1.508	1.006	1.597	0.9639
993	0.07785	0.07396	0.7875	0.7596	0.8526	0.7935
994	0.07456	0.08357	0.7498	0.9216	0.8908	1.044
995	0.08433	0.08924	1.135	1.081	1.041	1.047
996	0.0844	0.1048	1.207	1.306	0.8681	1.238
997	0.08787	0.0635	1.036	0.674	1.019	0.7255
998	0.08201	0.07429	0.9267	0.8371	0.9354	0.8114
999	0.1013	0.08868	1.259	1.011	1.261	1.044
1000	0.1228	0.09337	1.647	1.154	1.415	1.122
1001	0.08247	0.0807	0.9784	0.8984	0.8885	0.9252
1002	0.02999	0.08126	0.3056	0.9702	0.4707	1.061
1003	0.08325	0.102	1.001	1.158	0.9494	1.206
1004	0.06713	0.1019	0.7589	1.144	0.7197	1.208
1005	0.08352	0.07155	0.8744	0.8447	1.121	0.9925
1006	0.08155	0.09132	0.9786	1.059	0.9413	1.036
1007	0.08459	0.0986	1.024	1.212	0.8587	1.138
1008	0.01569	0.05435	0.1887	0.6766	0.1759	0.5641
1009	0.1113	0.06974	1.38	0.7407	1.287	0.7607
1010	0.09977	0.1127	1.256	1.556	1.327	1.421
1011	0.07797	0.08098	0.9283	0.9657	0.9868	0.9378
1012	0.08442	0.09706	1.013	1.114	0.9582	1.116
1013	0.0838	0.09368	0.8847	1.07	0.9304	1.011
1014	0.07938	0.09966	1.023	1.273	0.8481	1.105
1015	0.07832	0.1063	0.8105	1.277	0.9513	1.192
1016	0.09523	0.0849	1.19	1.05	1.118	1.178
1017	0.08979	0.09588	0.9919	1.038	1.134	1.12
1018	0.0851	0.08429	0.9469	1.109	0.9272	1.038
1019	0.08177	0.08051	0.9738	0.9227	0.952	1.003
1020	0.08627	0.1002	1.011	1.3	0.9364	1.098
1021	0.09453	0.1002	1.173	1.411	1.067	1.394
1022	0.07004	0.05996	0.7704	0.6024	0.7927	0.6358
1023	0.1272	0.09699	1.774	1.209	1.691	1.092
1024	0.07982	0.09443	1.189	1.379	0.9911	1.243
1025	0.08316	0.07772	0.9154	0.8483	0.9433	0.8676
1026	0.07675	0.08865	0.8751	1.034	0.8556	1.045
1027	0.07749	0.09234	0.9141	1.051	0.8237	1.113
1028	0.09808	0.07049	1.126	0.9146	1.259	0.9035
1029	0.07416	0.06444	0.6855	0.6239	1.028	0.8295
1030	0.08805	0.08875	1.034	0.9891	1.028	1.02
1031	0.07515	0.08822	0.8138	0.9377	0.8343	1.046
1032	0.08303	0.08461	0.9698	0.9399	0.8719	0.9578
1033	0.04704	0.09344	0.51	1.129	0.5438	1.026
1034	0.03017	0.06546	0.4323	0.7268	0.3279	0.7096
1035	0.09661	0.09239	1.095	1.087	1.054	1.08
1036	0.08328	0.1076	0.9689	1.304	0.8785	1.21
1037	0.09008	0.0794	1.063	0.9154	1.076	0.9457
1038	0.07546	0.07753	0.9307	1.03	0.8169	0.9761
1039	0.1122	0.08802	1.29	0.9558	1.438	1.192
1040	0.0943	0.1028	1.436	1.248	1.243	1.288
