Step	Loss(S)	Loss(T)	fwd_S	fwd_T	rev_S	rev_T
1	0.8595	0.0	1.96	4.765	1.908	5.007
2	1.055	0.0	2.32	1.898	2.451	1.991
3	1.754	0.0	4.776	1.425	5.334	1.713
4	1.505	0.0	3.895	4.105	4.07	4.651
5	1.151	0.0	2.824	3.592	2.425	3.904
6	0.9848	0.0	2.23	2.053	2.317	2.077
7	0.8109	0.0	1.891	2.192	1.744	2.578
8	1.141	0.0	2.601	2.78	2.746	2.547
9	0.923	0.0	1.785	1.973	1.96	2.835
10	0.8624	0.0	1.982	1.129	1.936	1.266
11	0.7296	0.0	1.354	2.164	1.466	1.781
12	0.9723	0.0	1.993	1.56	2.034	1.536
13	0.9595	0.0	1.95	1.675	2.641	1.934
14	1.173	0.0	2.474	1.092	2.813	1.093
15	0.6012	0.0	1.487	1.612	1.117	1.657
16	0.7609	0.0	1.535	1.33	1.386	1.513
17	0.6336	0.0	1.355	1.379	1.203	1.349
18	0.4865	0.0	0.9069	3.204	0.8768	3.009
19	1.255	0.0	2.899	1.271	2.692	1.244
20	1.122	0.0	3.306	2.391	2.148	1.717
21	0.8186	0.0	1.673	1.397	1.596	1.191
22	0.8263	0.0	1.697	1.759	1.657	1.956
23	0.8122	0.0	1.511	1.653	1.484	1.533
24	1.016	0.0	2.143	2.9	1.983	2.974
25	0.8832	0.0	1.763	1.925	1.743	1.643
26	0.8885	0.0	2.154	1.92	1.693	1.479
27	0.8184	0.0	1.698	1.654	1.501	1.484
28	0.9086	0.0	1.984	1.838	1.669	1.477
29	0.8542	0.0	1.777	1.891	1.56	1.713
30	0.6514	0.0	1.285	2.023	1.149	1.998
31	0.8373	0.0	1.661	1.65	1.547	1.849
32	0.4322	0.0	0.7256	1.407	0.6472	1.528
33	0.5324	0.0	0.9566	2.476	0.855	2.168
34	0.6585	0.0	1.435	1.17	1.232	0.8757
35	0.7505	0.0	1.473	1.683	1.365	1.455
36	0.8667	0.0	1.655	1.54	1.424	1.622
37	1.023	0.0	2.068	1.828	1.862	1.939
38	0.8835	0.0	1.835	0.9288	1.756	0.9583
39	0.9678	0.0	2.752	3.417	1.571	2.078
40	0.4791	0.0	0.8724	2.372	0.7867	2.288
41	0.6809	0.0	1.492	1.184	1.233	0.947
42	0.5872	0.0	1.138	1.417	1.097	1.189
43	0.586	0.0	1.099	2.403	0.934	1.744
44	0.7375	0.0	1.792	2.139	1.105	1.457
45	0.9401	0.0	2.029	1.623	1.754	1.358
46	0.6787	0.0	1.183	2.138	1.27	1.82
47	0.8119	0.0	1.51	1.465	1.517	1.382
48	0.3922	0.0	0.6201	1.027	0.6042	0.8508
49	0.9873	0.0	2.181	2.069	1.841	2.021
50	0.6285	0.0	1.209	1.283	1.081	1.356
51	0.7657	0.0	1.397	1.354	1.436	1.411
52	0.651	0.0	1.596	1.156	1.234	1.106
53	0.9383	0.0	1.725	1.309	1.853	1.248
54	0.421	0.0	0.7687	1.42	0.6919	1.294
55	0.8514	0.0	1.922	1.924	1.593	1.621
56	0.8742	0.0	1.769	1.077	1.539	1.067
57	0.717	0.0	1.494	1.605	1.174	1.1
58	1.09	0.0	2.573	1.753	2.053	1.541
59	0.7622	0.0	1.291	1.52	1.363	1.319
60	0.6405	0.0	1.346	2.257	1.15	1.779
61	0.8194	0.0	1.649	1.391	1.611	1.769
62	0.5928	0.0	1.205	1.362	0.9757	1.397
63	0.7533	0.0	1.455	0.835	1.403	0.7039
64	0.9682	0.0	1.8	1.913	1.76	1.614
65	0.7625	0.0	1.543	2.074	1.271	1.637
66	0.8497	0.0	1.564	1.479	1.639	1.464
67	0.8906	0.0	1.826	2.005	1.619	1.679
68	0.9766	0.0	2.276	2.316	1.723	1.969
69	0.7124	0.0	1.715	1.421	1.085	0.9787
70	0.4645	0.0	1.164	2.068	0.8853	1.633
71	0.6569	0.0	1.332	2.006	1.175	1.614
72	0.7865	0.0	1.885	2.179	1.302	1.324
73	0.6731	0.0	1.828	0.9708	1.19	0.8575
74	0.6533	0.0	1.158	0.7135	1.186	0.6601
75	1.108	0.0	2.862	2.273	1.935	1.795
76	0.8485	0.0	1.779	2.09	1.558	1.549
77	0.8795	0.0	1.919	2.355	1.531	1.933
78	0.7842	0.0	1.53	1.779	1.643	2.021
79	0.517	0.0	1.029	2.033	0.8656	1.638
80	0.5011	0.0	0.9134	1.371	0.7958	1.304
81	0.8362	0.0	1.726	2.173	1.487	1.795
82	0.6758	0.0	1.457	2.578	1.041	1.65
83	0.9342	0.0	1.842	1.839	1.724	1.757
84	0.9049	0.0	2.058	1.958	1.524	1.647
85	0.8235	0.0	1.576	1.057	1.533	1.002
86	0.624	0.0	1.112	1.555	1.066	1.346
87	0.8898	0.0	1.912	1.759	1.57	1.696
88	0.6014	0.0	0.9967	1.157	1.024	1.128
89	0.55	0.0	1.052	2.511	0.9736	1.984
90	0.6472	0.0	1.036	1.477	1.215	1.563
91	0.584	0.0	1.054	1.145	1.032	1.151
92	1.019	0.0	2.086	2.014	1.865	1.912
93	0.865	0.0	2.386	1.388	1.344	1.033
94	0.6628	0.0	1.194	1.013	1.09	1.107
95	0.5663	0.0	1.225	1.711	0.9013	1.259
96	0.8582	0.0	1.731	1.85	1.511	1.501
97	0.8869	0.0	1.984	1.642	1.538	1.366
98	0.7138	0.0	1.393	1.42	1.258	1.393
99	0.9932	0.0	1.976	2.421	1.843	1.927
100	0.8916	0.0	1.706	1.234	1.6	1.242
101	0.6686	0.0	1.197	1.091	1.232	0.9776
102	0.7672	0.0	1.525	1.244	1.381	1.324
103	0.7341	0.0	1.366	1.441	1.327	1.48
104	0.8655	0.0	1.677	1.36	1.599	1.576
105	0.4966	0.0	1.114	1.709	0.7408	1.644
106	0.6655	0.0	1.15	0.9955	1.112	1.057
107	0.5165	0.0	1.019	1.903	0.8033	1.67
108	0.4576	0.0	0.7638	2.146	0.7521	1.657
109	0.6336	0.0	1.857	1.255	1.058	0.8555
110	0.4338	0.0	0.8695	1.115	0.662	1.02
111	0.7648	0.0	1.273	1.659	1.781	2.191
112	0.8988	0.0	1.803	1.668	1.546	1.26
113	0.5727	0.0	1.265	0.8774	0.9062	0.807
114	0.8277	0.0	1.527	1.314	1.457	1.323
115	0.8079	0.0	1.588	1.477	1.499	1.494
116	0.5629	0.0	0.9471	0.652	0.9289	0.5761
117	0.722	0.0	1.337	1.401	1.547	1.522
118	0.7354	0.0	1.32	1.222	1.324	1.261
119	0.7769	0.0	1.451	1.091	1.423	0.9265
120	0.5942	0.0	1.181	1.632	0.9804	1.381
121	0.6705	0.0	1.146	1.066	1.164	0.9739
122	0.8186	0.0	1.583	1.926	1.399	1.643
123	0.8681	0.0	1.533	1.381	1.608	1.445
124	0.7721	0.0	1.931	1.732	1.278	1.19
125	0.4484	0.0	0.7655	0.8629	0.6777	0.8227
126	0.7552	0.0	1.322	1.436	1.302	1.258
127	0.73	0.0	1.296	1.354	1.227	1.656
128	0.9151	0.0	1.761	1.726	1.674	1.769
129	0.5364	0.0	0.96	1.209	0.9054	1.509
130	0.6369	0.0	1.193	1.0	1.05	0.8821
131	0.6806	0.0	1.351	1.617	1.172	1.46
132	0.5279	0.0	1.156	1.693	0.8115	1.288
133	0.95	0.0	2.069	1.583	1.695	1.306
134	0.9166	0.0	1.826	2.118	1.651	1.824
135	0.5477	0.0	0.9166	0.8333	0.9485	0.7707
136	0.6165	0.0	1.104	1.262	1.056	1.198
137	0.8117	0.0	1.616	1.556	1.362	1.363
138	0.595	0.0	1.015	1.33	1.013	1.618
139	0.6076	0.0	1.301	1.302	1.083	1.197
140	0.6026	0.0	1.077	1.337	0.9323	1.41
141	0.8269	0.0	1.644	1.078	1.426	1.106
142	0.802	0.0	1.437	0.6157	1.364	0.5727
143	0.5463	0.0	1.148	2.081	0.8173	1.201
144	0.7445	0.0	1.407	1.611	1.243	1.765
145	0.6626	0.0	1.217	1.249	1.137	1.298
146	0.7868	0.0	1.664	0.9863	1.297	0.8158
147	0.7791	0.0	1.648	0.9457	1.322	0.8863
148	0.5935	0.0	1.096	1.646	0.9494	1.284
149	0.971	0.0	2.199	1.457	1.714	1.141
150	0.5426	0.0	1.043	1.548	0.8848	1.697
151	0.5846	0.0	1.004	1.11	0.9606	1.118
152	0.6969	0.0	1.3	1.469	1.199	1.312
153	0.8615	0.0	1.636	1.684	1.592	1.413
154	0.7297	0.0	1.246	0.8537	1.324	0.8733
155	0.5503	0.0	0.9769	1.291	0.8971	1.472
156	0.9041	0.0	1.827	1.465	1.59	1.13
157	0.7585	0.0	1.371	0.9834	1.391	0.9096
158	0.5778	0.0	1.005	1.008	0.9741	0.9904
159	0.745	0.0	1.369	1.341	1.35	1.256
160	0.6435	0.0	1.08	1.354	1.085	1.387
161	0.5302	0.0	1.217	1.178	0.7695	0.75
162	0.8357	0.0	1.584	1.177	1.446	0.9662
163	0.8077	0.0	1.368	1.231	1.469	1.094
164	0.4701	0.0	0.8206	0.9198	0.7315	0.765
165	0.5678	0.0	0.9623	1.71	0.9421	1.721
166	0.6992	0.0	1.228	1.373	1.238	1.318
167	0.5337	0.0	1.022	1.113	0.8599	1.043
168	0.8262	0.0	1.436	1.443	1.555	1.459
169	0.6621	0.0	1.369	1.501	1.025	1.378
170	0.707	0.0	1.201	1.083	1.229	1.259
171	0.5699	0.0	1.067	1.516	0.9814	1.357
172	0.8869	0.0	1.751	1.386	1.555	1.235
173	0.525	0.0	0.919	1.53	0.7959	0.9734
174	0.4754	0.0	0.8634	1.013	0.774	0.9403
175	0.9078	0.0	1.694	1.698	1.646	1.549
176	0.6166	0.0	1.435	1.868	0.9246	1.166
177	0.5857	0.0	1.384	0.9837	1.002	0.7125
178	0.6647	0.0	1.158	1.242	1.159	1.339
179	0.7108	0.0	1.913	2.793	1.112	1.357
180	0.8747	0.0	1.916	1.03	1.388	1.213
181	0.8139	0.0	1.756	1.541	1.4	1.362
182	0.599	0.0	1.073	1.441	1.044	1.6
183	0.7826	0.0	1.632	1.786	1.376	1.371
184	0.6959	0.0	1.168	1.286	1.271	1.421
185	0.8291	0.0	1.641	1.444	1.428	1.305
186	0.7852	0.0	1.804	1.917	1.209	1.352
187	0.8428	0.0	1.63	1.725	1.404	1.545
188	0.857	0.0	1.667	1.222	1.572	1.126
189	0.5752	0.0	1.061	1.255	1.021	1.24
190	0.7231	0.0	1.875	1.456	1.309	1.327
191	0.5658	0.0	1.028	1.376	0.9585	1.242
192	0.7991	0.0	1.363	2.019	1.614	1.902
193	0.6562	0.0	1.254	2.003	1.045	1.552
194	0.5915	0.0	1.158	1.558	1.053	1.604
195	0.4718	0.0	0.7704	1.308	0.7568	1.407
196	0.5153	0.0	0.9064	1.373	0.7811	1.465
197	0.5942	0.0	1.228	1.949	0.8931	1.361
198	0.6213	0.0	1.046	0.8565	1.059	0.8098
199	0.5682	0.0	1.244	1.847	0.8432	1.461
200	0.6765	0.0	1.337	0.9469	1.088	0.8484
201	0.6293	0.0	1.183	1.222	1.045	1.282
202	0.4563	0.0	0.7982	1.129	0.7411	1.001
203	0.9021	0.0	1.803	1.667	1.599	1.543
204	0.504	0.0	0.8996	1.145	0.8277	0.9244
205	0.6291	0.0	1.027	0.6796	1.186	0.6909
206	0.5339	0.0	1.146	1.247	0.941	1.039
207	0.6446	0.0	1.162	1.146	1.072	1.054
208	0.5876	0.0	1.041	0.9223	1.018	0.8305
209	0.5119	0.0	1.095	1.157	0.8398	1.061
210	0.6324	0.0	1.226	0.8265	1.077	0.8006
211	0.7297	0.0	1.378	1.715	1.231	1.307
212	0.6439	0.0	1.111	1.48	0.9767	1.223
213	0.7954	0.0	1.683	1.294	1.384	0.9527
214	0.5208	0.0	0.9239	1.148	0.819	1.073
215	0.6142	0.0	1.15	1.387	1.291	1.619
216	0.7209	0.0	1.311	1.531	1.258	1.43
217	0.4843	0.0	0.8458	0.8471	0.7219	0.9707
218	0.6319	0.0	1.093	0.9446	1.141	1.056
219	0.6559	0.0	1.149	1.181	1.145	1.233
220	0.544	0.0	0.8648	1.029	0.8495	0.9586
221	0.8474	0.0	1.655	1.413	1.937	1.819
222	0.5556	0.0	1.001	1.812	0.9455	1.688
223	0.5825	0.0	1.093	1.151	1.01	1.601
224	0.7279	0.0	1.4	1.567	1.273	1.36
225	0.5943	0.0	1.067	1.187	1.047	1.149
226	0.7701	0.0	1.539	1.247	1.289	1.295
227	0.7138	0.0	1.45	0.6762	1.21	0.7251
228	0.6552	0.0	1.839	1.632	1.18	0.9538
229	0.6064	0.0	1.073	1.17	0.9873	1.267
230	0.5844	0.0	1.067	1.274	0.8867	1.128
231	0.5197	0.0	0.8654	0.7809	0.8244	0.7317
232	0.8293	0.0	1.731	1.46	1.452	1.247
233	0.5506	0.0	0.9805	0.7113	0.9333	0.6888
234	0.6767	0.0	1.273	0.9973	1.233	0.9582
235	0.4804	0.0	0.8512	0.8914	0.7568	0.8197
236	0.6415	0.0	1.334	0.9562	1.007	0.666
237	0.6197	0.0	1.224	1.283	1.013	1.08
238	0.5993	0.0	1.132	1.981	0.9958	1.721
239	0.6456	0.0	1.078	1.164	1.117	1.202
240	0.637	0.0	1.197	1.315	1.046	1.358
241	0.8686	0.0	1.749	1.386	1.5	1.353
242	0.5968	0.0	1.071	0.7119	0.9799	0.678
243	0.7258	0.0	1.38	1.628	1.234	1.486
244	0.7157	0.0	1.317	1.302	1.14	1.139
245	0.2723	0.0	0.4261	1.231	0.4395	1.083
246	0.7332	0.0	1.246	1.142	1.22	1.134
247	0.7918	0.0	2.483	1.413	1.247	0.9477
248	0.6267	0.0	1.215	1.182	1.03	1.101
249	0.5513	0.0	0.9782	1.002	0.9263	0.86
250	0.6718	0.0	1.235	1.006	1.064	0.8294
251	0.4026	0.0	0.6348	0.727	0.6303	0.6524
252	0.4792	0.0	0.7686	1.028	0.798	0.6644
253	0.495	0.0	1.065	1.444	0.7329	1.099
254	0.7305	0.0	1.184	0.7483	1.23	0.7199
255	0.5103	0.0	0.8572	0.9334	0.8375	0.8304
256	0.7003	0.0	1.379	1.576	1.33	1.418
257	0.8694	0.0	1.653	1.523	1.544	1.32
258	0.6048	0.0	1.041	1.032	1.015	1.084
259	0.5885	0.0	1.006	1.436	0.9808	1.306
260	0.5716	0.0	1.081	0.9454	0.8729	0.9826
261	0.4935	0.0	0.8663	1.048	0.7909	1.026
262	0.563	0.0	0.9986	0.8973	0.92	0.9269
263	0.7704	0.0	1.287	0.5866	1.27	0.6046
264	0.3287	0.0	0.5142	1.301	0.466	1.268
265	0.5732	0.0	1.459	0.7431	0.8443	0.6409
266	0.7582	0.0	1.518	1.493	1.243	1.189
267	0.6264	0.0	1.167	1.174	1.093	1.229
268	0.5544	0.0	1.076	1.349	0.884	1.422
269	0.5971	0.0	0.9909	1.197	1.084	1.106
270	0.4836	0.0	0.8038	1.133	0.7647	1.139
271	0.5908	0.0	1.055	1.218	0.9989	1.213
272	0.7666	0.0	1.426	1.236	1.314	1.311
273	0.4544	0.0	1.001	1.253	0.6841	1.214
274	0.5957	0.0	0.9086	1.082	1.175	1.042
275	0.4182	0.0	0.6592	1.071	0.6592	1.038
276	0.7658	0.0	1.375	1.205	1.318	1.236
277	0.411	0.0	0.6675	1.461	0.5758	0.9158
278	0.5131	0.0	0.8828	1.111	0.7935	1.051
279	0.4317	0.0	0.7212	1.284	0.661	1.166
280	0.718	0.0	1.927	1.321	1.145	1.094
281	0.4244	0.0	0.7739	0.9498	0.6417	0.8289
282	0.5387	0.0	0.9923	1.544	0.8858	1.208
283	0.6396	0.0	1.724	0.9288	1.04	1.213
284	0.7807	0.0	1.5	1.554	1.385	1.565
285	0.5468	0.0	0.9002	1.438	0.9208	1.267
286	0.5542	0.0	0.964	1.157	0.8929	1.033
287	0.8452	0.0	1.677	1.426	1.55	1.352
288	0.5954	0.0	1.149	1.105	1.0	1.251
289	0.7287	0.0	1.416	1.318	1.219	1.201
290	0.5645	0.0	1.343	1.877	0.8119	1.145
291	0.5839	0.0	1.08	1.183	0.9242	1.11
292	0.5388	0.0	1.135	0.9694	0.8301	1.021
293	0.5423	0.0	0.9461	0.7717	0.8617	0.6715
294	0.4755	0.0	0.8289	1.221	0.7663	1.064
295	0.7543	0.0	1.425	1.385	1.305	1.316
296	0.8091	0.0	1.505	0.6543	1.371	0.5744
297	0.4321	0.0	0.804	0.9039	0.6425	0.6196
298	0.6345	0.0	1.122	0.8396	1.079	0.8116
299	0.5388	0.0	0.8728	0.6802	0.8712	0.639
300	0.7307	0.0	1.39	1.183	1.259	1.404
301	0.5859	0.0	1.234	1.83	0.9378	1.018
302	0.63	0.0	1.13	0.9511	1.049	0.879
303	0.4826	0.0	0.8647	1.214	0.7105	0.8932
304	0.6799	0.0	1.195	1.012	1.135	1.014
305	0.5129	0.0	0.8993	1.235	0.7769	1.043
306	0.6069	0.0	1.318	1.167	1.007	1.208
307	0.8846	0.0	1.706	1.538	1.615	1.248
308	0.6671	0.0	1.457	1.149	1.196	0.9651
309	0.5531	0.0	0.9986	0.7931	0.925	0.7959
310	0.5514	0.0	1.007	1.207	1.027	1.142
311	0.5898	0.0	0.9967	0.9842	0.9403	0.8113
312	0.6334	0.0	1.189	0.9893	1.204	0.8065
313	0.634	0.0	1.302	1.01	1.006	0.8553
314	0.5966	0.0	1.018	0.9834	0.9852	0.9067
315	0.4975	0.0	1.187	1.183	0.8424	0.8518
316	0.7152	0.0	1.336	1.342	1.133	1.194
317	0.5337	0.0	1.117	2.04	0.7992	1.228
318	0.5151	0.0	0.8313	1.196	0.8324	1.144
319	0.6425	0.0	1.099	1.266	1.144	1.286
320	0.6881	0.0	1.242	1.175	1.104	0.9765
321	0.5653	0.0	0.9039	0.8521	0.9308	0.6937
322	0.6942	0.0	1.201	1.976	1.238	2.086
323	0.5468	0.0	0.9469	1.342	0.9372	1.401
324	0.5464	0.0	0.893	0.8746	0.9678	0.9219
325	0.8616	0.0	1.386	0.922	2.053	1.178
326	0.8028	0.0	1.584	1.228	1.616	1.044
327	0.5189	0.0	0.8799	1.036	0.8218	1.063
328	0.4144	0.0	0.6635	0.9161	0.6183	0.9218
329	0.4586	0.0	0.8677	1.212	0.7227	1.072
330	0.781	0.0	1.461	1.181	1.394	1.032
331	0.7009	0.0	1.492	1.434	1.2	1.201
332	0.673	0.0	1.618	1.234	1.055	0.8351
333	0.5928	0.0	1.039	0.8906	0.9542	0.8855
334	0.7065	0.0	1.204	0.8325	1.219	0.6903
335	0.5648	0.0	0.9771	1.677	0.9507	1.58
336	0.8324	0.0	1.53	1.961	1.494	1.514
337	0.5586	0.0	0.9011	0.7561	0.9179	0.7678
338	0.612	0.0	1.113	0.7338	1.074	0.7914
339	0.6216	0.0	1.111	0.8066	1.04	0.7446
340	0.4056	0.0	0.614	0.6233	0.6112	0.456
341	0.8281	0.0	1.771	1.792	1.479	1.501
342	0.9664	0.0	2.391	1.692	1.709	1.488
343	0.4237	0.0	0.6389	0.9364	0.6688	0.9815
344	0.5978	0.0	1.009	0.692	0.9888	0.6284
345	0.534	0.0	0.9643	1.335	0.7938	1.259
346	0.5241	0.0	0.8407	0.8671	0.825	0.9437
347	0.5152	0.0	0.8702	0.8774	0.8304	0.8155
348	0.4774	0.0	0.826	1.094	0.7097	0.9786
349	0.4126	0.0	0.6409	1.056	0.6609	1.222
350	0.6723	0.0	1.163	1.231	1.177	1.377
351	0.7834	0.0	2.473	1.772	1.334	1.033
352	0.3956	0.0	0.6304	1.456	0.6497	1.389
353	0.5434	0.0	0.9215	0.7025	1.037	0.7053
354	0.5365	0.0	0.9654	0.7773	0.8157	0.6373
355	0.5325	0.0	0.9203	1.344	0.8722	1.528
356	0.4859	0.0	0.8289	1.029	0.7315	0.8422
357	0.4664	0.0	0.7625	0.9031	0.6835	0.6887
358	0.4224	0.0	0.6939	0.9516	0.6503	1.065
359	0.4098	0.0	0.7185	0.8643	0.6246	0.8221
360	0.7642	0.0	1.601	1.421	1.325	1.276
361	0.7547	0.0	1.309	1.573	1.305	1.307
362	0.552	0.0	0.9093	1.073	0.8864	1.086
363	0.8317	0.0	1.518	1.585	1.603	1.732
364	0.5085	0.0	0.833	0.9857	0.8505	0.9975
365	0.4334	0.0	0.7288	1.011	0.6851	1.054
366	0.5233	0.0	0.8293	0.8015	0.843	0.8079
367	0.4925	0.0	0.8675	0.8419	0.854	0.8482
368	0.4924	0.0	0.8876	1.377	0.7713	1.199
369	0.5745	0.0	1.236	0.8934	0.8633	0.6502
370	0.4825	0.0	0.8728	0.7514	0.8154	0.6736
371	0.5429	0.0	0.9342	1.154	0.949	1.209
372	0.5973	0.0	1.1	1.039	0.9696	0.8713
373	0.6899	0.0	1.144	1.015	1.166	1.097
374	0.522	0.0	0.8568	0.9497	0.8402	0.9932
375	0.7248	0.0	1.339	1.063	1.253	1.097
376	0.6547	0.0	1.074	1.488	1.12	1.381
377	0.5424	0.0	1.005	1.25	0.8898	0.9813
378	0.5776	0.0	0.9776	0.7618	0.9549	0.8331
379	0.5826	0.0	0.9484	1.181	0.8978	1.222
380	0.6581	0.0	1.241	1.354	1.126	1.157
381	0.4049	0.0	0.7047	0.7922	0.5897	0.789
382	0.5934	0.0	0.9862	1.033	0.9419	1.005
383	0.604	0.0	1.106	1.104	0.925	1.229
384	0.3854	0.0	0.7568	0.9368	0.5408	0.8441
385	0.572	0.0	1.498	0.7563	0.9616	0.5941
386	0.6342	0.0	1.26	1.431	1.133	1.282
387	0.5576	0.0	1.339	2.373	0.8465	1.41
388	0.7335	0.0	1.239	1.51	1.298	1.351
389	0.764	0.0	1.482	1.479	1.335	1.236
390	0.537	0.0	0.8637	1.122	0.9079	1.141
391	0.7041	0.0	1.291	1.402	1.231	1.289
392	0.7659	0.0	1.378	0.7999	1.561	0.8158
393	0.7877	0.0	1.578	1.468	1.317	1.429
394	0.6398	0.0	1.204	1.615	1.017	1.258
395	0.7111	0.0	1.356	1.332	1.219	1.481
396	0.7045	0.0	1.234	0.977	1.231	0.8147
397	0.5266	0.0	0.9051	0.7519	0.9117	0.7342
398	0.3805	0.0	0.6959	1.169	0.5563	1.25
399	0.6422	0.0	1.033	0.9624	1.076	0.9257
400	0.9124	0.0	1.555	1.129	1.783	1.475
401	0.3804	0.0	0.7296	1.73	0.5867	1.273
402	0.5761	0.0	1.091	1.091	0.9909	1.078
403	0.6616	0.0	1.175	0.8225	1.043	0.7887
404	0.6274	0.0	1.029	0.8752	1.027	1.008
405	0.6112	0.0	1.468	0.9283	0.9323	0.5945
406	0.5404	0.0	0.8553	0.7566	0.8905	0.7606
407	0.7307	0.0	1.36	1.22	1.209	1.095
408	0.7423	0.0	1.533	0.8117	1.369	0.6712
409	0.5993	0.0	1.165	1.278	1.03	1.21
410	0.5452	0.0	1.029	1.355	0.9187	1.366
411	0.7459	0.0	1.443	1.428	1.245	1.099
412	0.6416	0.0	1.133	1.054	1.099	0.8906
413	0.6661	0.0	1.262	0.9594	1.15	1.318
414	0.249	0.0	0.4076	0.9197	0.3936	0.9115
415	0.8015	0.0	1.537	0.9767	1.366	0.9689
416	0.7237	0.0	1.359	1.199	1.335	1.13
417	0.3969	0.0	0.7044	0.816	0.666	0.7639
418	0.4481	0.0	0.7471	0.8732	0.681	0.8711
419	0.5306	0.0	0.9051	1.217	0.7982	0.9653
420	0.7575	0.0	1.458	1.248	1.262	1.054
421	0.4518	0.0	0.7883	0.7395	0.6727	0.5887
422	0.3832	0.0	0.5827	1.108	0.6037	1.147
423	0.9244	0.0	1.784	0.7083	1.964	0.7279
424	0.6596	0.0	1.265	1.257	1.083	1.184
425	0.257	0.0	0.4919	0.6457	0.4344	0.5263
426	0.6435	0.0	1.121	1.001	1.084	1.008
427	0.4507	0.0	0.7219	1.179	0.7273	1.302
428	0.4499	0.0	0.7534	0.8788	0.7203	0.8403
429	0.5415	0.0	0.9446	1.396	0.8901	1.746
430	0.7545	0.0	1.383	1.354	1.63	1.693
431	0.44	0.0	0.7073	0.8918	0.7606	0.8433
432	0.4417	0.0	0.821	1.214	0.6514	1.142
433	0.5205	0.0	0.871	1.002	0.9047	1.122
434	0.5542	0.0	0.9533	1.11	0.929	1.081
435	0.7417	0.0	1.302	1.142	1.344	1.092
436	0.6108	0.0	1.223	1.447	0.9283	0.9999
437	0.676	0.0	1.184	1.044	1.168	1.03
438	0.6076	0.0	1.096	0.7103	0.95	0.6989
439	0.6002	0.0	0.9786	1.169	1.224	1.587
440	0.7684	0.0	1.471	1.633	1.263	1.52
441	0.5505	0.0	0.9022	0.6106	0.9022	0.6262
442	0.5475	0.0	1.058	0.7991	0.9441	0.7775
443	0.6249	0.0	1.039	0.9924	1.102	0.9366
444	0.4581	0.0	0.9288	1.723	0.6654	0.8717
445	0.6565	0.0	1.193	1.342	1.1	1.283
446	0.7949	0.0	2.088	1.54	1.522	1.521
447	0.5733	0.0	0.947	0.8923	1.008	0.9915
448	0.5382	0.0	0.9234	0.9637	0.8686	0.988
449	0.5107	0.0	0.8448	1.633	0.7667	1.443
450	0.5001	0.0	0.7809	0.7662	0.825	0.7926
451	0.4695	0.0	0.9664	1.325	0.8873	1.291
452	0.6636	0.0	1.232	0.6692	1.1	0.7286
453	0.5833	0.0	0.9226	0.9466	0.9889	0.9705
454	0.526	0.0	0.9727	0.9265	0.8245	0.8781
455	0.5493	0.0	1.398	2.106	0.8287	1.094
456	0.6963	0.0	1.178	0.6266	1.185	0.6426
457	0.5102	0.0	0.8669	1.012	0.8198	1.062
458	0.6067	0.0	1.111	1.4	1.011	1.259
459	0.4088	0.0	0.7252	1.163	0.6216	1.134
460	0.5469	0.0	0.9759	1.245	0.9102	0.8786
461	0.6768	0.0	1.246	0.6458	1.132	0.4857
462	0.6444	0.0	1.089	0.9373	1.09	0.8612
463	0.4533	0.0	0.694	0.8377	0.676	0.8324
464	0.6081	0.0	1.139	1.406	1.03	1.187
465	0.7264	0.0	1.239	1.12	1.274	1.0
466	0.5698	0.0	0.9574	0.8047	0.9208	0.8142
467	0.6018	0.0	0.9968	1.05	0.9837	1.266
468	0.6384	0.0	1.125	1.131	1.112	1.121
469	0.6131	0.0	1.013	0.8418	1.077	0.7899
470	0.4916	0.0	0.8308	0.7575	0.8395	0.6619
471	0.5629	0.0	0.9157	1.011	0.9052	1.001
472	0.4414	0.0	0.7309	0.8823	0.7017	0.8838
473	0.6893	0.0	1.633	1.336	1.083	1.144
474	0.7342	0.0	1.342	0.9025	1.165	0.7758
475	0.1758	0.0	0.3108	0.7566	0.3464	0.8189
476	0.5712	0.0	0.9481	0.9929	0.8892	0.899
477	0.9218	0.0	1.75	1.181	1.921	1.226
478	0.5568	0.0	0.8902	0.6977	0.9035	0.6282
479	0.6714	0.0	1.183	0.9266	1.312	1.014
480	0.7395	0.0	1.353	1.284	1.267	1.339
481	0.549	0.0	1.039	1.311	0.8646	0.9966
482	0.4986	0.0	0.7552	0.9752	0.811	1.184
483	0.4217	0.0	0.6581	1.132	0.6647	1.021
484	0.5835	0.0	1.277	2.967	0.9687	1.916
485	0.5152	0.0	1.069	2.251	0.7674	1.251
486	0.6748	0.0	1.239	1.147	1.191	1.137
487	0.3864	0.0	0.6084	1.218	0.59	1.246
488	0.7133	0.0	1.84	0.9356	1.277	0.7244
489	0.3197	0.0	0.5304	1.54	0.4529	0.7848
490	0.6503	0.0	1.112	1.222	1.146	1.17
491	0.4591	0.0	0.8499	1.41	0.6781	0.9472
492	0.7013	0.0	1.167	1.469	1.202	1.519
493	0.7454	0.0	1.418	1.347	1.247	1.146
494	0.448	0.0	0.7675	0.7621	0.7679	0.7816
495	0.7248	0.0	1.354	1.113	1.203	0.9579
496	0.5163	0.0	0.8174	0.9762	0.8627	0.815
497	0.7112	0.0	1.21	1.463	1.157	1.226
498	0.585	0.0	1.288	1.977	0.9006	1.429
499	0.5837	0.0	1.052	1.166	0.9859	1.192
500	0.643	0.0	1.08	0.975	1.023	1.048
501	0.4532	0.0	0.7585	0.8514	0.7169	0.9089
502	0.6025	0.0	1.159	0.873	1.09	1.027
503	0.6521	0.0	1.251	1.084	1.122	1.038
504	0.6679	0.0	1.087	1.341	1.252	1.276
505	0.7728	0.0	1.516	0.8684	1.367	0.6089
506	0.593	0.0	1.025	1.157	0.9926	1.076
507	0.4859	0.0	0.8413	1.269	0.7852	1.357
508	0.6452	0.0	0.98	0.9698	1.167	0.9647
509	0.7276	0.0	1.781	1.17	1.109	0.7525
510	0.5493	0.0	0.9094	0.721	0.9317	0.7146
511	0.5858	0.0	1.027	1.4	0.9263	1.214
512	0.3958	0.0	0.7083	1.462	0.5974	1.272
513	0.6129	0.0	1.106	1.525	1.023	1.368
514	0.7054	0.0	1.267	0.4978	1.186	0.5013
515	0.4529	0.0	0.955	1.602	0.895	1.432
516	0.6641	0.0	1.216	0.9065	1.188	0.9952
517	0.6174	0.0	1.066	1.363	1.052	1.615
518	0.3633	0.0	0.647	0.7794	0.5941	0.8173
519	0.3967	0.0	0.6342	0.5901	0.6234	0.5655
520	0.6204	0.0	1.037	1.339	1.046	1.157
521	0.271	0.0	0.5485	1.054	0.4918	0.8013
522	0.4752	0.0	0.763	0.8823	0.7288	0.871
523	0.5194	0.0	0.994	0.6164	0.8029	0.4929
524	0.7247	0.0	1.363	1.304	1.255	1.183
525	0.4656	0.0	0.9312	1.002	0.6711	0.7006
526	0.5499	0.0	1.074	0.7792	0.8942	0.8086
527	0.5815	0.0	0.9532	0.9196	1.632	1.333
528	0.5186	0.0	0.8952	0.966	0.8421	1.07
529	0.6509	0.0	1.156	0.3916	1.045	0.3582
530	0.6222	0.0	1.151	1.083	1.054	1.109
531	0.7263	0.0	1.264	1.182	1.33	1.124
532	0.4303	0.0	0.6835	0.7216	0.6647	0.7098
533	0.4811	0.0	0.8468	1.241	0.7378	1.382
534	0.6404	0.0	1.127	1.176	1.066	1.145
535	0.6188	0.0	1.2	0.8679	1.087	0.9422
536	0.3845	0.0	0.6785	1.509	0.6332	1.283
537	0.6197	0.0	1.114	1.179	1.244	1.293
538	0.7793	0.0	1.439	1.109	1.335	1.061
539	0.5783	0.0	0.9306	0.9211	0.9457	0.8545
540	0.5245	0.0	1.249	0.7908	0.9293	0.5977
541	0.5676	0.0	0.9841	0.8858	0.9603	0.9124
542	0.788	0.0	1.302	0.6775	1.424	0.7628
543	0.5148	0.0	0.8229	1.021	0.8334	1.154
544	0.6631	0.0	1.087	1.562	1.091	1.477
545	0.5679	0.0	0.9422	0.8621	0.9492	0.8518
546	0.5407	0.0	0.8353	0.9485	0.897	0.9025
547	0.5596	0.0	0.8792	0.9307	0.9355	0.8797
548	0.724	0.0	1.468	1.022	1.257	0.726
549	0.7415	0.0	1.404	1.003	1.248	0.9227
550	0.6777	0.0	1.187	1.458	1.171	1.323
551	0.5726	0.0	0.9789	0.7358	0.9884	0.733
552	0.4122	0.0	0.6506	1.293	0.6197	1.376
553	0.5481	0.0	1.038	1.476	0.9779	1.426
554	0.5442	0.0	0.9075	0.9238	0.9345	0.9258
555	0.4432	0.0	0.7832	0.6694	0.6755	0.7194
556	0.5497	0.0	0.9802	0.8149	0.844	0.6876
557	0.6529	0.0	1.093	0.9817	1.052	1.042
558	0.9027	0.0	1.632	0.9314	1.699	0.9991
559	0.7969	0.0	2.464	1.383	1.25	0.7642
560	0.4951	0.0	0.7931	0.6237	0.7877	0.6379
561	0.609	0.0	1.133	0.8503	1.028	0.8309
562	0.5585	0.0	1.008	0.8259	0.8717	0.701
563	0.7116	0.0	1.212	0.4624	1.339	0.4408
564	0.4928	0.0	0.9418	0.8094	0.7689	0.6684
565	0.7317	0.0	1.363	1.299	1.194	1.408
566	0.6434	0.0	1.024	0.696	1.162	0.9557
567	0.5036	0.0	0.8707	0.693	0.7587	0.704
568	0.5414	0.0	0.9415	0.7699	0.9126	0.6394
569	0.6228	0.0	1.008	1.331	1.02	1.242
570	0.5064	0.0	0.8485	0.9243	0.7565	0.7756
571	0.4455	0.0	0.7263	1.079	0.7174	1.235
572	0.4246	0.0	0.6647	1.341	0.6506	1.414
573	0.5448	0.0	0.9129	1.129	0.9394	0.9155
574	0.4148	0.0	0.6547	0.7514	0.6368	0.8235
575	0.5649	0.0	0.9467	0.9901	0.9646	0.8723
576	0.3675	0.0	0.5576	0.6505	0.5407	0.5774
577	0.3745	0.0	0.6789	0.8858	0.5148	0.6258
578	0.7579	0.0	1.282	1.248	1.329	1.165
579	0.5602	0.0	0.9378	0.9002	0.9633	0.8827
580	0.5191	0.0	0.8578	1.053	0.8205	1.015
581	0.3958	0.0	0.6299	0.6005	0.5842	0.6049
582	0.4649	0.0	0.7463	0.883	0.7333	0.9059
583	0.5299	0.0	0.836	0.9512	0.8958	1.013
584	0.6914	0.0	1.255	1.253	1.239	1.277
585	0.6075	0.0	1.309	1.029	0.9296	0.8233
586	0.5902	0.0	1.024	0.9855	1.012	0.987
587	0.5231	0.0	0.8368	0.8247	0.7956	0.7347
588	0.7108	0.0	1.378	1.278	1.217	1.331
589	0.4108	0.0	0.7103	1.039	0.5925	0.7596
590	0.5719	0.0	0.9589	1.245	0.972	1.176
591	0.3684	0.0	0.6103	1.379	0.538	1.248
592	0.3936	0.0	0.7631	1.693	0.6005	1.119
593	0.2936	0.0	0.5721	0.7199	0.4026	0.4913
594	0.6401	0.0	1.204	0.7432	1.055	0.7595
595	0.5143	0.0	0.9779	1.067	0.8544	0.7009
596	0.5239	0.0	0.8957	0.3055	0.8712	0.304
597	0.8525	0.0	1.56	1.16	1.594	1.044
598	0.5103	0.0	0.8902	1.164	0.9388	1.274
599	0.4635	0.0	0.7983	1.265	0.8445	1.099
600	0.5252	0.0	0.9663	0.5638	0.8188	0.5523
601	0.6978	0.0	1.192	1.372	1.179	1.256
602	0.7173	0.0	1.615	2.499	1.133	1.392
603	0.6865	0.0	1.234	1.285	1.147	1.489
604	0.5667	0.0	0.9357	0.7819	0.9465	0.7714
605	0.5056	0.0	0.8191	1.68	0.8139	2.012
606	0.7136	0.0	1.292	1.076	1.271	1.185
607	0.4397	0.0	0.7125	0.9117	0.64	0.9345
608	0.397	0.0	0.7512	1.574	0.7419	2.025
609	0.6231	0.0	1.088	1.745	1.054	1.241
610	0.5596	0.0	0.9149	1.313	0.8842	1.355
611	0.5108	0.0	0.8535	1.006	0.7724	1.108
612	0.4852	0.0	0.8338	1.066	0.8136	1.14
613	0.492	0.0	0.986	1.412	0.731	1.012
614	0.4784	0.0	0.7552	0.7661	0.7719	0.7484
615	0.6784	0.0	1.172	1.135	1.132	1.034
616	0.5874	0.0	1.055	0.7712	0.9678	0.7043
617	0.6707	0.0	1.154	1.131	1.12	0.9635
618	0.5572	0.0	0.8901	0.7173	0.9035	0.6131
619	0.8054	0.0	1.382	1.023	1.41	0.853
620	0.679	0.0	1.16	0.9838	1.139	0.9678
621	0.454	0.0	0.7564	0.9808	0.725	0.8864
622	0.5356	0.0	0.8989	0.723	0.8636	0.7265
623	0.597	0.0	0.9951	1.122	0.9612	1.08
624	0.7071	0.0	1.172	0.7209	1.424	0.6715
625	0.4462	0.0	0.7504	0.7084	0.7068	0.559
626	0.454	0.0	0.7216	0.56	0.7241	0.5815
627	0.704	0.0	1.323	1.679	1.223	1.61
628	0.7243	0.0	1.283	1.293	1.197	1.054
629	0.3491	0.0	0.7527	1.005	0.5926	0.7823
630	0.3928	0.0	0.6746	0.6814	0.582	0.6608
631	0.5823	0.0	1.026	0.8674	0.9667	1.075
632	0.4902	0.0	0.7716	1.239	0.8331	1.146
633	0.2461	0.0	0.4708	0.4877	0.5403	0.3979
634	0.4758	0.0	0.7718	0.9147	0.7506	0.951
635	0.4559	0.0	0.7521	1.12	0.7261	1.152
636	0.4844	0.0	0.8277	0.9014	0.7665	0.8674
637	0.5622	0.0	0.9664	1.523	1.006	1.459
638	0.6533	0.0	1.136	0.8669	1.192	0.9443
639	0.5672	0.0	1.069	0.6665	1.075	0.6281
640	0.4723	0.0	0.9211	1.152	0.7581	1.092
641	0.4002	0.0	0.6172	1.046	0.6003	1.031
642	0.6824	0.0	1.153	1.142	1.163	1.112
643	0.5672	0.0	0.9404	0.6518	0.9341	0.6054
644	0.4474	0.0	0.8023	1.547	0.6573	0.9965
645	0.557	0.0	0.9159	0.5582	0.9835	0.5846
646	0.7171	0.0	1.215	0.6349	1.211	0.6436
647	0.5436	0.0	0.8435	0.991	0.9424	0.9754
648	0.6045	0.0	1.024	1.339	1.026	1.277
649	0.5594	0.0	0.8736	0.8748	0.9674	0.8437
650	0.4903	0.0	0.8568	1.02	0.7803	0.9532
651	0.4821	0.0	0.8353	0.7427	0.7837	0.7603
652	0.3732	0.0	0.8715	0.7077	0.6413	0.5204
653	0.6883	0.0	1.256	1.25	1.155	1.11
654	0.7226	0.0	1.384	1.373	1.319	1.28
655	0.5353	0.0	0.8706	1.047	0.9094	1.227
656	0.5182	0.0	0.8893	0.8654	0.8374	0.8592
657	0.5671	0.0	0.9784	1.611	0.9147	1.44
658	0.3853	0.0	0.6067	0.7793	0.5869	0.7272
659	0.4536	0.0	0.7442	0.5063	0.74	0.4914
660	0.5512	0.0	0.9569	1.22	0.8565	1.143
661	0.641	0.0	1.062	0.8768	1.174	0.8979
662	0.3874	0.0	0.6404	1.14	0.6484	1.1
663	0.6639	0.0	1.942	1.6	1.126	0.9282
664	0.5819	0.0	0.9742	0.6376	0.906	0.64
665	0.5303	0.0	0.8671	0.6921	0.8846	0.6698
666	0.3562	0.0	0.5773	1.052	0.5058	0.9594
667	0.3338	0.0	0.5361	0.8175	0.4845	0.7852
668	0.4607	0.0	0.8176	1.877	0.7216	1.606
669	0.7956	0.0	1.499	1.202	1.363	1.131
670	0.4351	0.0	0.7069	1.181	0.6945	1.301
671	0.4448	0.0	0.7195	0.5951	0.6745	0.6037
672	0.6332	0.0	1.227	1.518	1.017	1.552
673	0.6764	0.0	1.166	1.102	1.231	1.029
674	0.6088	0.0	0.9721	0.7225	1.06	0.7178
675	0.6768	0.0	1.213	1.287	1.208	1.482
676	0.4494	0.0	0.8498	0.9357	0.6754	0.8766
677	0.3686	0.0	0.567	0.8753	0.549	0.909
678	0.5078	0.0	0.9323	0.6395	0.8396	0.6368
679	0.6081	0.0	1.076	0.708	1.09	0.922
680	0.6869	0.0	1.185	0.9825	1.259	1.515
681	0.573	0.0	1.535	1.815	0.9784	1.256
682	0.4931	0.0	0.8948	1.02	0.7344	0.9034
683	0.4709	0.0	0.8061	0.9566	0.8065	1.012
684	0.5318	0.0	0.8765	0.9186	0.8317	0.9181
685	0.7603	0.0	1.461	1.169	1.641	1.154
686	0.5421	0.0	0.8988	0.756	0.8875	0.8077
687	0.5699	0.0	0.9221	0.9182	0.9083	0.8999
688	0.5915	0.0	0.9963	0.9578	0.9081	0.9217
689	0.4825	0.0	0.8276	1.373	0.7771	1.182
690	0.5394	0.0	0.8626	0.8426	0.8868	0.876
691	0.607	0.0	0.9995	0.9742	0.9966	0.9397
692	0.3787	0.0	0.6224	0.8066	0.5557	0.7917
693	0.6082	0.0	1.174	0.3548	0.9335	0.34
694	0.3911	0.0	0.6479	0.9233	0.5772	0.9918
695	0.4593	0.0	0.8057	0.8151	0.7012	0.7558
696	0.4845	0.0	0.892	1.428	0.7208	0.99
697	0.3624	0.0	0.5666	0.5769	0.5422	0.5128
698	0.5637	0.0	0.9965	1.349	1.116	1.384
699	0.4977	0.0	1.091	0.9424	0.7155	0.8121
700	0.6088	0.0	1.023	1.267	0.9733	1.332
701	0.5501	0.0	0.9816	1.373	0.8557	1.321
702	0.4867	0.0	0.7718	1.011	0.7646	0.8891
703	0.3284	0.0	0.6037	1.323	0.4949	1.387
704	0.3814	0.0	0.5895	0.7203	0.5667	0.6692
705	0.6433	0.0	1.115	1.151	0.9998	1.185
706	0.6301	0.0	1.605	1.074	1.112	0.9372
707	0.6172	0.0	1.031	1.168	1.029	1.133
708	0.5971	0.0	1.037	0.7862	0.9377	0.7266
709	0.5742	0.0	0.9616	1.012	0.9385	1.052
710	0.5642	0.0	0.9638	1.038	0.9555	0.941
711	0.6007	0.0	0.9757	0.8874	0.9769	0.9979
712	0.6119	0.0	1.194	1.335	1.061	1.236
713	0.7397	0.0	1.464	1.415	1.348	1.429
714	0.5256	0.0	0.8584	1.263	0.9034	1.314
715	0.5338	0.0	0.8907	1.037	0.8528	0.9662
716	0.6982	0.0	1.223	0.7954	1.281	1.046
717	0.5228	0.0	1.191	0.8561	0.7747	0.9133
718	0.507	0.0	0.8318	0.9058	0.8151	0.8797
719	0.4624	0.0	0.8361	1.015	0.6687	0.9586
720	0.4452	0.0	0.7554	1.109	0.6982	1.08
721	0.4098	0.0	0.6143	0.7983	0.6733	0.7482
722	0.5305	0.0	0.9415	0.3418	0.8382	0.3256
723	0.5149	0.0	0.8032	1.285	0.8471	1.251
724	0.7368	0.0	1.543	0.8604	1.239	0.81
725	0.5096	0.0	0.8467	0.8757	0.8158	0.9048
726	0.2865	0.0	0.5457	0.6375	0.5347	0.6101
727	0.5279	0.0	0.846	1.455	0.8476	1.677
728	0.5157	0.0	0.9331	1.1	0.8049	1.361
729	0.7237	0.0	1.462	0.6643	1.425	0.5487
730	0.4611	0.0	0.7518	1.021	0.7235	1.017
731	0.7176	0.0	1.244	0.8809	1.259	0.9323
732	0.4108	0.0	0.6789	0.882	0.6378	0.7687
733	0.478	0.0	1.056	1.128	0.7021	0.6704
734	0.4703	0.0	0.7474	0.8223	0.7413	0.8692
735	0.4584	0.0	0.7508	1.01	0.8402	1.029
736	0.4619	0.0	0.8157	0.8826	0.7865	0.8411
737	0.6793	0.0	1.223	0.765	1.1	0.5626
738	0.4879	0.0	0.8254	1.796	0.7591	1.638
739	0.5205	0.0	0.8572	0.7864	0.8155	0.8982
740	0.4022	0.0	0.6159	0.701	0.6388	0.7175
741	0.4072	0.0	0.6477	1.14	0.6091	1.048
742	0.7949	0.0	1.415	1.002	1.441	1.147
743	0.4658	0.0	0.7003	1.084	0.8447	1.108
744	0.5865	0.0	1.003	0.9986	0.9781	0.9986
745	0.4993	0.0	0.7957	1.046	0.7861	1.129
746	0.6613	0.0	1.126	1.407	1.073	1.173
747	0.6764	0.0	1.286	1.232	1.119	1.238
748	0.5171	0.0	1.242	1.34	0.7483	0.8645
749	0.5701	0.0	0.9225	1.017	0.8796	1.066
750	0.4691	0.0	0.7702	0.8689	0.7147	0.9022
751	0.6731	0.0	1.188	0.7824	1.181	0.7839
752	0.6715	0.0	1.135	1.23	1.145	1.258
753	0.5671	0.0	0.9434	1.061	0.9118	1.04
754	0.5557	0.0	0.9346	0.8464	0.923	0.862
755	0.5961	0.0	1.041	0.8957	0.9734	0.8924
756	0.5775	0.0	1.244	0.6033	0.951	0.5087
757	0.6424	0.0	1.249	1.482	1.079	1.403
758	0.7156	0.0	1.205	1.237	1.266	1.171
759	0.4997	0.0	0.8455	0.7637	0.856	0.718
760	0.3601	0.0	0.564	1.205	0.5088	1.193
761	0.3534	0.0	0.5304	1.269	0.5113	1.307
762	0.4351	0.0	0.7092	1.042	0.6705	1.021
763	0.5334	0.0	0.9106	1.011	1.06	0.955
764	0.6061	0.0	0.984	1.04	0.9563	0.9337
765	0.6149	0.0	1.04	1.131	1.002	1.095
766	0.4762	0.0	0.7946	1.094	0.741	1.226
767	0.4896	0.0	1.098	2.177	0.7311	1.319
768	0.6183	0.0	1.112	0.9419	0.9947	0.9783
769	0.4095	0.0	0.7293	0.9879	0.6469	1.011
770	0.6948	0.0	1.242	0.9842	1.212	0.7735
771	0.6609	0.0	1.17	1.578	1.125	1.674
772	0.5652	0.0	1.465	0.8909	0.8918	0.7368
773	0.5988	0.0	1.077	1.098	0.9693	0.9211
774	0.5151	0.0	0.881	0.8003	0.8561	0.744
775	0.4743	0.0	0.8063	0.9045	0.7697	0.9157
776	0.6164	0.0	1.105	1.088	1.068	1.089
777	0.7116	0.0	1.183	0.914	1.157	0.9396
778	0.4969	0.0	0.8116	0.8311	0.7586	0.8103
779	0.5054	0.0	0.8441	0.5911	0.8107	0.6566
780	0.4149	0.0	0.7406	0.9266	0.7718	0.8363
781	0.5615	0.0	0.8821	0.5943	0.9011	0.5585
782	0.4679	0.0	0.7411	0.6554	0.7541	0.6991
783	0.6181	0.0	0.9864	1.256	1.114	1.091
784	0.606	0.0	0.9297	0.9939	1.089	0.9154
785	0.4251	0.0	0.8048	0.9916	0.5975	0.6934
786	0.5043	0.0	1.075	1.179	0.8217	1.195
787	0.581	0.0	1.059	0.8748	0.9489	0.8842
788	0.562	0.0	0.9313	0.8094	0.8789	0.7527
789	0.7604	0.0	1.414	1.53	1.492	1.541
790	0.3778	0.0	0.5881	0.7788	0.5658	0.7492
791	0.7238	0.0	1.453	0.8845	1.437	0.8598
792	0.5479	0.0	0.955	0.653	0.9685	0.6806
793	0.5239	0.0	0.9282	1.31	0.9411	1.162
794	0.5483	0.0	0.9401	1.029	0.9676	1.162
795	0.583	0.0	0.9544	0.6047	0.9307	0.5939
796	0.646	0.0	1.19	1.063	1.044	1.141
797	0.4224	0.0	0.8509	0.9598	0.5853	0.7429
798	0.4845	0.0	0.8236	0.979	0.772	1.049
799	0.4425	0.0	0.7003	1.166	0.6992	1.093
800	0.5096	0.0	1.056	0.8256	0.771	0.682
801	0.4426	0.0	0.9977	0.7277	0.649	0.5154
802	0.46	0.0	0.7478	1.025	0.726	1.033
803	0.7079	0.0	1.445	1.278	1.19	0.8801
804	0.6189	0.0	1.089	0.9674	1.01	1.042
805	0.4628	0.0	0.8004	1.019	0.7064	1.023
806	0.5522	0.0	0.9043	1.122	0.8847	1.084
807	0.6692	0.0	1.141	1.212	1.147	1.142
808	0.5066	0.0	0.9451	0.7023	0.7863	0.7086
809	0.6435	0.0	1.151	1.22	1.121	1.249
810	0.676	0.0	1.445	1.783	1.067	1.058
811	0.6348	0.0	0.9887	1.352	1.037	1.06
812	0.5743	0.0	0.933	0.7555	0.9317	0.6879
813	0.4552	0.0	0.7308	1.09	0.707	1.151
814	0.6757	0.0	1.313	1.286	1.149	1.155
815	0.66	0.0	1.044	0.5267	1.107	0.6054
816	0.3383	0.0	0.558	1.002	0.7246	1.078
817	0.6469	0.0	1.055	0.7221	1.092	0.6166
818	0.525	0.0	0.881	1.026	0.9355	0.9364
819	0.5001	0.0	0.771	0.8966	0.789	0.9292
820	0.6102	0.0	0.9349	0.8907	1.067	1.079
821	0.5372	0.0	1.417	0.9426	0.8259	0.7447
822	0.5775	0.0	0.919	0.7819	0.9259	0.7644
823	0.5131	0.0	0.9219	0.748	0.7582	0.684
824	0.5144	0.0	0.9814	0.9972	0.7809	0.8507
825	0.7296	0.0	1.226	1.461	1.395	1.384
826	0.5658	0.0	0.938	0.6201	0.911	0.5835
827	0.8304	0.0	1.499	1.288	1.492	1.166
828	0.5193	0.0	0.8985	1.171	0.8933	1.147
829	0.5259	0.0	0.9721	0.4995	0.9131	0.5035
830	0.6394	0.0	1.151	0.9104	1.096	0.8087
831	0.6708	0.0	1.173	1.032	1.175	0.8579
832	0.4301	0.0	0.7786	0.9379	0.6586	0.8737
833	0.4678	0.0	0.8572	1.219	0.7174	1.2
834	0.5338	0.0	0.8697	0.8128	0.8695	0.7883
835	0.4502	0.0	0.7853	0.872	0.6879	0.9037
836	0.6568	0.0	1.164	1.202	1.071	1.188
837	0.4349	0.0	0.885	0.9345	0.6553	0.6622
838	0.5409	0.0	0.895	0.7055	0.8769	0.7429
839	0.6172	0.0	1.089	0.9869	1.141	1.008
840	0.6359	0.0	1.133	1.015	0.9862	1.089
841	0.2024	0.0	0.4614	0.4724	0.449	0.4462
842	0.5447	0.0	0.9244	1.017	0.8929	0.9481
843	0.6261	0.0	1.013	0.7372	1.031	0.8184
844	0.5456	0.0	0.8744	0.9375	0.8971	0.9772
845	0.5981	0.0	1.045	1.512	1.215	1.719
846	0.2748	0.0	0.5924	0.9484	0.447	0.9444
847	0.3846	0.0	0.6602	0.8545	0.577	0.8433
848	0.4857	0.0	0.7905	0.9767	0.7583	1.052
849	0.3861	0.0	0.6024	0.5549	0.56	0.521
850	0.6367	0.0	1.109	1.002	1.029	1.08
851	0.6033	0.0	0.8992	1.099	1.012	1.097
852	0.6281	0.0	1.492	1.571	1.085	0.9573
853	0.5215	0.0	0.8876	0.7271	0.8024	0.603
854	0.5682	0.0	0.9491	1.018	0.9072	0.9783
855	0.5789	0.0	0.967	0.8396	0.9768	0.8214
856	0.6453	0.0	1.134	1.011	1.043	1.003
857	0.5276	0.0	0.891	0.7683	0.795	0.6994
858	0.4606	0.0	0.7694	0.7832	0.6963	0.7795
859	0.6299	0.0	1.129	0.7082	1.072	0.7426
860	0.4384	0.0	0.9626	0.8045	0.6595	0.5518
861	0.3979	0.0	0.8144	0.7443	0.5973	0.5624
862	0.756	0.0	1.369	1.17	1.317	1.166
863	0.5513	0.0	0.9195	1.236	0.8683	1.282
864	0.4769	0.0	0.731	0.7322	0.7388	0.7064
865	0.7952	0.0	1.32	1.432	1.447	1.42
866	0.5245	0.0	0.8355	1.235	0.8227	1.161
867	0.6728	0.0	1.097	0.8036	1.265	0.645
868	0.5992	0.0	1.079	0.7612	0.9164	0.7235
869	0.6733	0.0	1.086	0.8629	1.127	0.9
870	0.2878	0.0	0.4318	0.8957	0.4431	1.299
871	0.5381	0.0	1.14	0.6191	0.8208	0.5904
872	0.5616	0.0	1.009	1.234	0.9587	1.119
873	0.4507	0.0	0.6965	1.116	0.7205	1.097
874	0.6951	0.0	1.242	0.8024	1.182	0.6089
875	0.3711	0.0	0.558	0.7303	0.5838	0.674
876	0.5241	0.0	1.071	1.473	0.8751	1.111
877	0.542	0.0	0.9117	1.087	0.9318	0.9589
878	0.3946	0.0	0.6087	0.9414	0.6551	1.017
879	0.5619	0.0	0.8632	0.706	0.9308	0.7514
880	0.3475	0.0	0.6782	0.7102	0.5848	0.6534
881	0.5739	0.0	1.028	1.209	0.9854	1.099
882	0.5349	0.0	0.8837	0.7096	0.8827	0.73
883	0.3959	0.0	0.6782	1.514	0.5733	1.492
884	0.63	0.0	1.116	1.111	1.034	1.032
885	0.5528	0.0	0.9768	0.7789	0.9229	0.8479
886	0.4749	0.0	0.7349	0.7223	0.7194	0.6508
887	0.5561	0.0	0.9347	0.8379	0.9567	0.8777
888	0.4637	0.0	0.7496	0.5618	0.7546	0.5264
889	0.3658	0.0	0.6001	0.7926	0.5171	0.5898
890	0.3791	0.0	0.6362	0.9992	0.5748	0.9141
891	0.5527	0.0	0.904	0.9529	0.8954	0.9503
892	0.5522	0.0	0.9561	0.7112	0.9426	0.6314
893	0.6508	0.0	1.145	0.9046	1.225	1.078
894	0.523	0.0	0.915	0.785	0.8524	0.8109
895	0.6685	0.0	1.3	0.9139	1.174	0.962
896	0.6553	0.0	1.096	0.8567	1.085	0.7925
897	0.4052	0.0	0.6924	1.399	0.5978	1.05
898	0.4568	0.0	0.7392	0.7311	0.6926	0.6911
899	0.5426	0.0	0.8982	0.8198	0.8526	0.8558
900	0.676	0.0	1.174	1.134	1.094	1.119
901	0.6426	0.0	1.101	0.8848	1.028	0.7026
902	0.5627	0.0	0.9671	0.9722	0.9528	1.0
903	0.657	0.0	1.104	0.993	1.122	1.031
904	0.4324	0.0	0.768	1.455	0.6516	0.9063
905	0.4207	0.0	0.7836	1.021	0.6137	1.05
906	0.7117	0.0	1.279	1.081	1.262	1.106
907	0.6097	0.0	1.345	1.274	1.038	0.8688
908	0.6311	0.0	1.066	0.8954	1.03	0.8784
909	0.5591	0.0	0.9773	1.202	0.8662	1.141
910	0.45	0.0	0.7801	1.518	0.7602	1.455
911	0.6576	0.0	1.126	1.177	1.12	1.132
912	0.4526	0.0	0.7295	0.6637	0.7781	0.6782
913	0.5998	0.0	1.097	0.9544	0.9632	0.8529
914	0.7297	0.0	1.527	1.114	1.194	0.8268
915	0.6008	0.0	1.097	0.8007	0.9312	0.7958
916	0.6508	0.0	1.11	1.187	1.09	1.058
917	0.579	0.0	1.004	1.175	0.9872	1.305
918	0.5445	0.0	0.9299	1.015	0.9505	1.083
919	0.6576	0.0	1.092	0.994	1.16	0.9619
920	0.6657	0.0	1.276	0.7874	1.043	0.7214
921	0.4206	0.0	0.7722	1.336	0.6394	1.251
922	0.5377	0.0	0.9204	0.7947	0.9413	0.7827
923	0.4301	0.0	0.6737	0.916	0.661	0.8401
924	0.5695	0.0	0.8452	1.047	1.055	0.9888
925	0.5221	0.0	1.082	1.102	0.7336	0.7708
926	0.4593	0.0	0.7444	0.769	0.7147	0.7738
927	0.4428	0.0	0.7488	0.8131	0.641	0.7146
928	0.3434	0.0	0.581	0.8986	0.474	0.9513
929	0.6366	0.0	1.098	0.7735	1.062	0.7865
930	0.6035	0.0	1.012	0.958	0.9702	0.976
931	0.7207	0.0	1.232	1.505	1.207	1.275
932	0.7149	0.0	1.237	0.766	1.215	0.8281
933	0.4385	0.0	0.6952	0.4476	0.7123	0.4417
934	0.3041	0.0	0.4854	0.7693	0.4831	0.7251
935	0.5513	0.0	0.9401	0.8151	0.8483	0.8299
936	0.3028	0.0	0.4903	1.09	0.5424	0.9867
937	0.4408	0.0	0.7557	0.7866	0.6966	0.7426
938	0.449	0.0	0.7063	0.8432	0.7133	0.7629
939	0.5936	0.0	1.061	1.193	0.9413	1.11
940	0.7531	0.0	1.407	0.9313	1.355	0.8577
941	0.3946	0.0	0.7667	1.222	0.5411	0.6608
942	0.4977	0.0	0.7763	0.7263	0.8	0.7553
943	0.4882	0.0	0.7354	1.45	1.002	1.422
944	0.6503	0.0	1.212	1.035	1.146	0.9996
945	0.3103	0.0	0.4989	0.6039	0.4358	0.575
946	0.5751	0.0	0.9194	1.636	0.9811	1.431
947	0.5543	0.0	0.9006	0.9498	0.9094	0.9668
948	0.4966	0.0	0.8052	0.8029	0.7891	0.7773
949	0.1151	0.0	0.2558	1.027	0.2846	1.229
950	0.4444	0.0	0.7957	1.439	0.6685	1.362
951	0.5937	0.0	1.109	0.8254	0.998	0.7889
952	0.5924	0.0	0.9643	0.9611	0.985	0.8821
953	0.533	0.0	0.8969	1.205	0.8716	1.442
954	0.6619	0.0	1.126	0.972	1.055	1.024
955	0.6028	0.0	0.9137	1.0	1.055	1.014
956	0.5664	0.0	1.35	1.34	0.93	0.9602
957	0.4468	0.0	0.7109	1.033	0.676	1.135
958	0.4599	0.0	0.715	0.7439	0.7148	0.7166
959	0.4065	0.0	0.6355	1.191	0.6233	1.183
960	0.6742	0.0	1.083	1.172	1.131	1.061
961	0.6801	0.0	1.218	0.654	1.076	0.6502
962	0.4901	0.0	0.7876	0.8622	0.7679	0.8561
963	0.4242	0.0	0.677	0.9421	0.6295	0.9395
964	0.3062	0.0	0.7292	1.229	0.4481	0.7869
965	0.7447	0.0	1.479	0.6925	1.317	0.6365
966	0.6874	0.0	1.211	1.331	1.201	1.263
967	0.5147	0.0	0.8122	0.7526	0.9126	0.7476
968	0.4255	0.0	0.6784	0.9973	0.6706	1.063
969	0.3274	0.0	0.5123	0.8887	0.4605	1.018
970	0.4644	0.0	0.7316	0.6455	0.7358	0.6926
971	0.4695	0.0	0.7544	0.5519	0.7483	0.5061
972	0.5123	0.0	0.8826	0.9591	0.7751	0.8718
973	0.5065	0.0	0.7991	1.132	0.8521	1.27
974	0.6115	0.0	1.007	0.953	1.056	1.045
975	0.6989	0.0	2.11	1.732	1.131	0.8239
976	0.5548	0.0	0.9105	0.6664	0.8808	0.6572
977	0.4805	0.0	0.8052	0.733	0.7384	0.7368
978	0.4658	0.0	0.7782	0.6567	0.7589	0.5269
979	0.6201	0.0	1.02	1.107	1.073	1.097
980	0.4483	0.0	0.7145	1.137	0.6512	0.8308
981	0.5233	0.0	1.066	0.8824	0.8715	0.7268
982	0.4834	0.0	0.7882	0.9816	0.7956	0.9928
983	0.5771	0.0	0.9828	1.241	0.9886	1.208
984	0.6282	0.0	1.017	0.9771	1.121	1.062
985	0.5872	0.0	0.9837	0.9697	0.9586	1.083
986	0.5106	0.0	0.8143	0.5393	0.8133	0.5363
987	0.4976	0.0	0.8614	0.8791	0.7652	0.9224
988	0.3289	0.0	0.6539	0.9649	0.6633	1.173
989	0.547	0.0	0.8842	0.6968	0.8684	0.6634
990	0.4848	0.0	0.8283	1.133	0.7512	1.062
991	0.5772	0.0	0.9569	1.108	0.9294	0.9792
992	0.4511	0.0	0.7219	0.8472	0.7084	0.8568
993	0.41	0.0	0.8024	1.422	0.5874	1.014
994	0.5984	0.0	1.12	1.129	0.9811	1.041
995	0.5254	0.0	0.9121	0.9215	0.9506	0.9324
996	0.6201	0.0	1.04	1.446	1.062	1.389
997	0.6434	0.0	1.14	0.7109	1.09	0.7471
998	0.4817	0.0	0.7829	0.5443	0.7236	0.5344
999	0.492	0.0	0.7999	0.9025	0.7386	0.862
1000	0.5714	0.0	0.9708	0.6264	0.9541	0.6354
1001	0.5716	0.0	0.977	0.8948	0.9474	0.8381
1002	0.5108	0.0	0.8473	0.8724	0.7931	0.8265
1003	0.5602	0.0	0.9482	0.9616	0.9202	0.8769
1004	0.5581	0.0	0.8431	1.03	0.9855	1.008
1005	0.399	0.0	0.6862	1.72	0.5669	1.305
1006	0.3518	0.0	0.6366	0.9078	0.4903	0.8765
1007	0.4375	0.0	0.6855	0.8609	0.7097	0.7644
1008	0.5443	0.0	1.167	0.6071	0.8885	0.7017
1009	0.319	0.0	0.5142	0.8605	0.4573	0.6702
1010	0.726	0.0	1.5	1.313	1.392	1.269
1011	0.6192	0.0	1.685	1.536	1.203	0.9347
1012	0.4895	0.0	0.8077	1.131	0.7389	1.144
1013	0.5679	0.0	1.038	1.103	1.003	1.101
1014	0.4702	0.0	0.8042	0.5902	0.8316	0.5833
1015	0.5081	0.0	0.9549	0.9712	0.8488	0.8258
1016	0.629	0.0	0.9997	0.8875	1.099	0.8866
1017	0.6241	0.0	1.053	1.198	1.041	1.044
1018	0.5966	0.0	1.205	1.654	0.9331	1.104
1019	0.5706	0.0	0.9412	1.114	0.908	1.111
1020	0.5101	0.0	0.7746	0.8251	0.8372	0.7896
1021	0.4443	0.0	0.6848	0.6328	0.6923	0.5858
1022	0.4071	0.0	0.6945	0.8566	0.6381	0.9436
1023	0.6082	0.0	1.052	1.136	1.013	1.026
1024	0.603	0.0	1.056	1.317	0.9525	1.491
1025	0.5163	0.0	0.8511	0.8443	0.8596	0.8319
1026	0.536	0.0	0.8975	0.8732	0.8632	0.9083
1027	0.3671	0.0	0.5349	0.7148	0.552	0.721
1028	0.6513	0.0	1.093	0.7567	1.09	1.047
1029	0.4121	0.0	0.7757	0.5689	0.6209	0.4707
1030	0.4821	0.0	0.779	0.8133	0.807	0.8155
1031	0.5836	0.0	0.9695	0.6698	0.9321	0.5171
1032	0.4862	0.0	0.824	0.7441	0.7649	0.6187
1033	0.693	0.0	1.343	0.9183	1.181	0.9117
1034	0.5574	0.0	0.9609	0.9416	0.8837	0.9729
1035	0.627	0.0	1.111	1.252	1.046	1.012
1036	0.4841	0.0	0.7831	0.6723	0.7353	0.6713
1037	0.4654	0.0	0.6999	0.6974	0.7559	0.7427
1038	0.4245	0.0	0.7449	0.6904	0.793	0.5238
1039	0.7512	0.0	1.445	1.082	1.386	1.028
1040	0.5771	0.0	1.002	1.254	1.037	1.169
