Step	Loss
1	3.5474
2	3.5456
3	3.8453
4	3.3027
5	2.8848
6	5.445
7	4.293
8	1.1331
9	3.2198
10	5.044
11	3.4935
12	2.1877
13	3.455
14	3.7424
15	3.0787
16	3.3968
17	1.2944
18	0.5198
19	0.112
20	3.8462
21	2.1729
22	3.9774
23	3.9365
24	3.8057
25	2.5716
26	4.805
27	3.1083
28	1.8508
29	1.6739
30	0.1669
31	3.7886
32	1.4054
33	1.529
34	3.4943
35	3.6487
36	3.2449
37	3.1909
38	1.738
39	3.1996
40	2.7241
41	3.1445
42	4.5101
43	1.5293
44	4.681
45	3.0076
46	3.2344
47	2.6536
48	3.583
49	1.9522
50	3.5467
51	2.1289
52	3.6443
53	0.9865
54	3.3084
55	1.6137
56	3.25
57	3.3756
58	3.5534
59	2.6165
60	2.2306
61	1.5165
62	2.0878
63	2.0828
64	3.1284
65	4.162
66	1.2593
67	2.0775
68	4.2597
69	1.732
70	0.0899
71	0.5328
72	3.6642
73	0.143
74	3.8494
75	3.4038
76	1.3237
77	3.8818
78	1.1343
79	2.0705
80	1.5587
81	0.4617
82	3.5238
83	3.5747
84	3.6655
85	3.6449
86	3.5809
87	3.5447
88	3.9793
89	3.378
90	1.4654
91	1.3789
92	2.0702
93	0.5298
94	3.9587
95	2.0958
96	1.0127
97	0.6507
98	3.2484
99	3.0428
100	2.6519
101	2.5136
102	3.5514
103	1.0668
104	3.9395
105	3.3334
106	3.2088
107	3.5087
108	3.0982
109	2.5356
110	4.8959
111	4.2156
112	0.9854
113	3.1144
114	4.5592
115	3.1968
116	1.8493
117	3.3059
118	3.5177
119	2.9306
120	2.9839
121	0.8305
122	0.2445
123	0.1353
124	3.7007
125	1.6608
126	3.6238
127	3.7574
128	3.5781
129	2.3089
130	4.5823
131	2.9524
132	1.9643
133	1.4926
134	0.1918
135	3.5394
136	1.613
137	1.5231
138	3.4793
139	3.5123
140	3.0778
141	3.0552
142	1.7245
143	2.7961
144	2.4024
145	2.2371
146	4.363
147	1.0685
148	3.6396
149	2.7313
150	2.9411
151	2.0194
152	3.411
153	1.8203
154	3.3543
155	2.0892
156	3.5592
157	0.6056
158	3.1316
159	0.981
160	2.9947
161	3.2888
162	3.4758
163	2.3536
164	2.1401
165	1.455
166	1.9695
167	1.9806
168	3.1396
169	3.8558
170	1.2901
171	1.9434
172	4.1344
173	1.7163
174	0.0893
175	0.565
176	3.5305
177	0.1064
178	3.6532
179	3.1906
180	1.1268
181	3.7514
182	0.8759
183	2.0193
184	1.0905
185	0.3715
186	3.4882
187	3.509
188	3.5935
189	3.5798
190	3.4703
191	3.515
192	3.9516
193	3.2968
194	1.4771
195	1.5706
196	1.6535
197	0.4248
198	3.7074
199	1.9012
200	1.0856
201	0.7891
202	2.9671
203	2.8047
204	2.5819
205	2.3906
206	3.6495
207	1.0879
208	3.7711
209	3.2597
210	3.1186
211	3.4037
212	3.0698
213	2.3768
214	4.8354
215	4.149
216	1.0946
217	2.9906
218	3.4272
219	3.1444
220	1.8982
221	3.2202
222	3.3475
223	2.8404
224	3.1385
225	0.5108
226	0.5137
227	0.123
228	3.5625
229	1.5443
230	3.5909
231	3.6125
232	3.4784
233	2.0919
234	4.4546
235	2.8745
236	1.8255
237	1.4466
238	0.1717
239	3.4001
240	1.1994
241	1.4186
242	3.4255
243	3.4925
244	2.9252
245	2.8654
246	1.6982
247	2.7333
248	1.8657
249	2.1093
250	4.197
251	0.8274
252	3.2294
253	2.3857
254	2.8824
255	1.8645
256	3.319
257	1.7318
258	3.3314
259	2.0288
260	3.5378
261	0.6131
262	3.0566
263	0.5732
264	2.8908
265	3.2279
266	3.3073
267	2.2279
268	1.9481
269	1.4888
270	1.9143
271	2.0867
272	3.212
273	3.6302
274	1.2566
275	1.9735
276	4.0116
277	1.5974
278	0.111
279	0.5183
280	3.4218
281	0.0943
282	3.5897
283	3.1797
284	1.1265
285	3.6372
286	0.8099
287	2.0066
288	1.3783
289	0.2827
290	3.3552
291	3.4307
292	3.594
293	3.4748
294	3.3545
295	3.3994
296	3.8021
297	3.2488
298	1.431
299	1.5105
300	1.679
301	0.4192
302	3.717
303	1.8333
304	0.9313
305	0.8136
306	2.7742
307	2.6849
308	2.4726
309	2.2932
310	3.5646
311	1.2804
312	3.7295
313	3.2395
314	3.0272
315	3.2205
316	3.0765
317	2.383
318	4.3554
319	4.1208
320	0.8099
321	2.9118
322	3.3481
323	3.1979
324	1.8346
325	3.1867
326	3.2923
327	2.7014
328	3.0675
329	0.4567
330	0.334
331	0.1607
332	3.5629
333	1.3926
334	3.4933
335	3.6329
336	3.4258
337	2.0011
338	4.2925
339	2.3902
340	1.6891
341	1.4718
342	0.1222
343	3.3366
344	1.3379
345	1.4119
346	3.2731
347	3.3454
348	2.918
349	2.8423
350	1.6052
351	2.4367
352	1.8895
353	2.5803
354	4.0135
355	0.6629
356	3.3008
357	2.2407
358	2.5527
359	1.9258
360	3.2561
361	1.8648
362	3.2718
363	2.0288
364	3.4699
365	0.4071
366	3.1019
367	0.6494
368	2.7768
369	3.1128
370	3.0891
371	2.0165
372	1.9535
373	1.3212
374	1.961
375	2.0009
376	3.1026
377	3.6988
378	1.1811
379	1.9128
380	3.8304
381	1.6561
382	0.069
383	0.4866
384	3.3509
385	0.0712
386	3.5302
387	3.0778
388	1.1907
389	3.6381
390	0.8559
391	2.0106
392	0.9894
393	0.2324
394	3.2792
395	3.3248
396	3.4864
397	3.4689
398	3.4235
399	3.3974
400	3.734
401	3.2026
402	1.4611
403	1.2561
404	1.43
405	0.4622
406	3.7931
407	1.7061
408	0.783
409	0.6098
410	2.7713
411	2.5392
412	2.5326
413	2.2989
414	3.5547
415	0.9477
416	3.6632
417	3.2317
418	2.8583
419	3.1419
420	2.9937
421	2.4908
422	4.3495
423	4.0741
424	0.8532
425	2.8775
426	2.9016
427	3.1652
428	1.7976
429	3.1184
430	3.213
431	2.7547
432	3.0535
433	0.2815
434	0.4799
435	0.0939
436	3.4385
437	1.2751
438	3.4979
439	3.5073
440	3.3342
441	2.1932
442	4.2345
443	2.5318
444	1.6625
445	1.2666
446	0.1556
447	3.3079
448	1.182
449	1.4119
450	3.2689
451	3.3399
452	2.8444
453	3.0263
454	1.5762
455	2.6202
456	1.8491
457	2.132
458	3.8397
459	0.4343
460	2.153
461	2.2795
462	2.5107
463	1.7041
464	3.209
465	1.6847
466	3.1533
467	1.974
468	3.4003
469	0.1045
470	3.0379
471	0.444
472	2.662
473	3.0859
474	3.1343
475	1.8772
476	1.8992
477	1.2518
478	1.9429
479	1.913
480	3.0618
481	3.4782
482	1.2143
483	1.8689
484	3.8301
485	1.5938
486	0.0674
487	0.3992
488	3.3521
489	0.0594
490	3.4733
491	3.0426
492	1.0321
493	3.4704
494	0.8582
495	1.9827
496	1.0705
497	0.1313
498	3.2984
499	3.3267
500	3.461
501	3.4624
502	3.3161
503	3.3097
504	3.7191
505	3.1593
506	1.4081
507	1.2582
508	1.3456
509	0.4124
510	3.5578
511	1.7441
512	1.0101
513	0.6404
514	2.7559
515	2.6993
516	2.471
517	2.2109
518	3.4447
519	0.9863
520	3.5568
521	3.1056
522	2.9254
523	3.1523
524	2.9495
525	2.3002
526	4.3341
527	3.9586
528	0.8377
529	2.9098
530	2.707
531	3.1392
532	1.7621
533	3.2399
534	3.1303
535	2.6915
536	3.0515
537	0.2653
538	0.4491
539	0.0799
540	3.4081
541	1.2803
542	3.4659
543	3.4051
544	3.3703
545	1.9353
546	4.0168
547	2.0748
548	1.627
549	1.2836
550	0.0724
551	3.2528
552	0.933
553	1.3471
554	3.2152
555	3.31
556	2.7665
557	2.8027
558	1.6756
559	2.2721
560	1.9781
561	2.1816
562	3.8924
563	0.3622
564	2.2835
565	2.1733
566	2.5899
567	1.6892
568	3.1772
569	1.4046
570	3.0581
571	1.9609
572	3.3747
573	0.3387
574	3.0349
575	0.4977
576	2.6087
577	3.1383
578	2.8748
579	1.7336
580	1.8489
581	1.3965
582	1.8862
583	1.9294
584	3.1942
585	3.2682
586	1.2514
587	1.8557
588	3.7828
589	1.5247
590	0.0683
591	0.3557
592	3.3065
593	0.0548
594	3.4296
595	2.9966
596	1.0593
597	3.6447
598	0.9758
599	1.7701
600	1.0114
601	0.1231
602	3.2423
603	3.2452
604	3.4253
605	3.399
606	3.2926
607	3.3292
608	3.65
609	3.086
610	1.3825
611	1.1533
612	1.416
613	0.4322
614	3.2373
615	1.6207
616	0.8173
617	0.5266
618	2.7537
619	2.5401
620	2.4659
621	2.1344
622	3.504
623	0.9126
624	3.574
625	3.1342
626	2.8428
627	3.0466
628	2.9661
629	2.2358
630	4.6488
631	4.0726
632	0.8076
633	2.8092
634	2.936
635	3.0892
636	1.7915
637	3.1112
638	3.0757
639	2.6701
640	2.8866
641	0.2459
642	0.2954
643	0.079
644	3.3628
645	1.0895
646	3.3223
647	3.3917
648	3.2848
649	1.9202
650	3.9018
651	2.4635
652	1.6169
653	1.2848
654	0.1548
655	3.1273
656	1.1324
657	1.3272
658	3.2522
659	3.2639
660	2.7508
661	2.7243
662	1.6053
663	2.2431
664	1.8071
665	1.9638
666	3.7258
667	0.5253
668	1.6961
669	1.9541
670	2.4304
671	1.6283
672	3.0526
673	1.4519
674	3.1514
675	1.926
676	3.3893
677	0.0996
678	2.9878
679	0.409
680	2.4302
681	3.0277
682	2.9308
683	1.7082
684	1.8526
685	1.2747
686	1.8752
687	1.8362
688	3.1068
689	3.071
690	1.1125
691	1.7344
692	3.6704
693	1.5021
694	0.0757
695	0.3683
696	3.2305
697	0.0945
698	3.3988
699	2.9274
700	0.9666
701	3.6291
702	0.8343
703	1.7973
704	0.6891
705	0.1292
706	3.1996
707	3.264
708	3.4454
709	3.3944
710	3.2789
711	3.3419
712	3.6613
713	3.0861
714	1.4033
715	1.3621
716	1.3554
717	0.4282
718	3.2025
719	1.6598
720	0.8652
721	0.5877
722	2.7235
723	2.393
724	2.3616
725	2.0736
726	3.3225
727	1.0229
728	3.4787
729	3.1
730	2.7458
731	3.0752
732	2.9056
733	2.3861
734	4.2196
735	4.0203
736	0.7262
737	2.7275
738	2.5835
739	3.1462
740	1.7828
741	3.1019
742	3.0317
743	2.5853
744	2.878
745	0.2475
746	0.2498
747	0.0795
748	3.3998
749	1.06
750	3.4122
751	3.3826
752	3.2336
753	1.8431
754	3.9487
755	2.2979
756	1.5725
757	1.3134
758	0.0844
759	3.0994
760	0.9657
761	1.366
762	3.2037
763	3.3071
764	2.7634
765	2.6877
766	1.626
767	2.3912
768	1.9079
769	2.2019
770	3.6781
771	0.469
772	1.8411
773	2.22
774	2.2026
775	1.5204
776	3.1198
777	1.5282
778	3.0845
779	1.9625
780	3.295
781	0.0306
782	3.0015
783	0.5153
784	2.5461
785	2.9239
786	2.9145
787	1.5334
788	1.8706
789	1.2489
790	1.8469
791	1.8622
792	3.0822
793	3.0218
794	1.1328
795	1.6775
796	3.5566
797	1.5616
798	0.0917
799	0.414
800	3.2573
801	0.0782
802	3.2889
803	2.8649
804	0.9567
805	3.4844
806	0.8055
807	1.8096
808	0.6474
809	0.1209
810	3.1464
811	3.2249
812	3.4453
813	3.3419
814	3.0749
815	3.2905
816	3.6483
817	2.9972
818	1.463
819	1.1033
820	1.2792
821	0.4009
822	3.2975
823	1.58
824	0.7031
825	0.6505
826	2.3851
827	2.577
828	2.4275
829	1.8956
830	3.3188
831	0.9453
832	3.4528
833	3.0694
834	2.8174
835	3.0818
836	2.9567
837	2.3218
838	4.0482
839	3.9572
840	0.6579
841	2.8271
842	2.5965
843	3.0889
844	1.7767
845	3.1243
846	2.9503
847	2.5793
848	2.927
849	0.2765
850	0.3435
851	0.0661
852	3.3585
853	1.079
854	3.3481
855	3.3718
856	3.246
857	1.7732
858	3.8534
859	1.9075
860	1.6496
861	1.4015
862	0.2249
863	3.1102
864	1.0179
865	1.3639
866	3.2376
867	3.289
868	2.6139
869	2.7731
870	1.5209
871	2.2889
872	1.4371
873	1.8835
874	3.5204
875	0.4964
876	0.939
877	2.4482
878	2.367
879	1.3618
880	3.035
881	1.4633
882	3.0888
883	1.961
884	3.2879
885	0.0767
886	2.8996
887	0.5232
888	2.458
889	2.9264
890	3.031
891	1.6897
892	1.8586
893	1.2757
894	1.7544
895	1.8547
896	3.0851
897	2.9688
898	1.0461
899	1.7718
900	3.6022
901	1.5882
902	0.0593
903	0.393
904	3.2361
905	0.0687
906	3.2838
907	2.8025
908	1.002
909	3.4486
910	0.8349
911	1.6753
912	0.7146
913	0.0441
914	3.1198
915	3.1747
916	3.3741
917	3.2969
918	3.1463
919	3.2421
920	3.6012
921	2.8747
922	1.3709
923	1.2049
924	0.8987
925	0.4493
926	3.2481
927	1.6319
928	0.9046
929	0.4519
930	2.6887
931	2.4721
932	2.3085
933	1.812
934	3.3265
935	0.8177
936	3.4117
937	3.0796
938	2.7702
939	3.0268
940	2.9018
941	2.3164
942	3.9237
943	3.9507
944	0.6511
945	2.7668
946	2.4046
947	3.1449
948	1.6344
949	3.099
950	3.0258
951	2.688
952	2.8984
953	0.0978
954	0.3999
955	0.1065
956	3.2588
957	0.9193
958	3.2988
959	3.3541
960	3.1766
961	1.8101
962	3.6126
963	2.0701
964	1.5017
965	1.2743
966	0.1518
967	3.0604
968	0.994
969	1.2973
970	3.1424
971	3.3007
972	2.6459
973	2.5818
974	1.4686
975	2.2114
976	1.758
977	1.7257
978	3.2167
979	0.5505
980	1.0904
981	1.8768
982	2.5134
983	1.4521
984	3.0245
985	1.5478
986	3.0373
987	1.9102
988	3.2462
989	0.129
990	2.9501
991	0.4037
992	2.3379
993	2.9037
994	2.7058
995	1.5061
996	1.793
997	1.2861
998	1.7672
999	1.8228
1000	3.0515
1001	2.8869
1002	0.9776
1003	1.6648
1004	3.4605
1005	1.4557
1006	0.0671
1007	0.4383
1008	3.173
1009	0.0455
1010	3.2694
1011	2.826
1012	0.9119
1013	3.3908
1014	0.7397
1015	1.7661
1016	0.8359
1017	0.1304
1018	3.1291
1019	3.1468
1020	3.3431
1021	3.2354
1022	3.171
1023	3.2574
1024	3.6157
1025	2.975
1026	1.4263
1027	1.0863
1028	1.0805
1029	0.3899
1030	3.1424
1031	1.5086
1032	0.7784
1033	0.6171
1034	2.8843
1035	2.3593
1036	2.2987
1037	1.9745
1038	3.2587
1039	0.8167
1040	3.4298
