Step	Loss
1	3.4461
2	3.5007
3	3.1815
4	2.3033
5	1.9559
6	1.8066
7	3.3906
8	2.0893
9	3.9971
10	1.513
11	4.2567
12	3.2809
13	0.897
14	2.8669
15	2.2048
16	3.1775
17	3.3902
18	2.6843
19	3.155
20	3.6486
21	3.1366
22	4.0079
23	2.7308
24	3.2482
25	2.8074
26	4.5471
27	3.3959
28	3.0548
29	3.1967
30	3.2928
31	2.0548
32	3.2794
33	2.9646
34	2.1953
35	2.9785
36	3.4083
37	1.6018
38	2.7923
39	2.2642
40	2.825
41	4.795
42	2.105
43	3.4981
44	1.6833
45	3.524
46	1.6616
47	3.3869
48	2.7762
49	3.1714
50	2.6573
51	0.7388
52	2.8639
53	1.8527
54	3.224
55	3.1317
56	0.6364
57	0.9584
58	3.3539
59	3.5016
60	2.249
61	1.3838
62	3.9136
63	2.1014
64	3.1084
65	2.9999
66	2.5534
67	1.2345
68	2.3201
69	3.2442
70	3.567
71	3.3351
72	3.2811
73	2.5888
74	2.7924
75	2.0759
76	3.1506
77	0.9507
78	3.0319
79	2.3818
80	4.534
81	3.4349
82	3.14
83	5.2882
84	1.2351
85	3.5833
86	2.2103
87	3.3672
88	2.8309
89	6.5363
90	0.4578
91	3.5396
92	3.1268
93	0.7799
94	1.9987
95	3.1798
96	3.1668
97	1.7631
98	2.2836
99	2.101
100	2.7001
101	2.8088
102	4.0006
103	3.1883
104	3.0379
105	1.8772
106	2.3797
107	3.1238
108	1.7905
109	1.4958
110	1.6175
111	2.8843
112	1.7331
113	3.7614
114	1.155
115	3.6346
116	2.9985
117	0.8158
118	2.501
119	1.8824
120	2.9655
121	3.1948
122	2.7078
123	2.9433
124	3.3246
125	3.0434
126	3.7396
127	2.6915
128	3.1493
129	2.6302
130	4.2893
131	3.2285
132	2.8307
133	2.972
134	2.9741
135	1.6871
136	3.1681
137	2.8568
138	2.0756
139	2.8416
140	3.3336
141	1.3948
142	2.6572
143	1.7103
144	2.7436
145	4.612
146	1.6196
147	3.5016
148	1.666
149	3.4038
150	1.7293
151	0.5966
152	2.5569
153	3.0497
154	2.5533
155	0.6815
156	2.7801
157	1.4857
158	2.8024
159	3.0478
160	0.3627
161	0.9324
162	3.2173
163	3.3946
164	2.1441
165	1.1843
166	3.7331
167	1.8882
168	2.8763
169	2.8346
170	2.4395
171	1.045
172	2.2138
173	3.1133
174	2.1447
175	2.851
176	3.0244
177	2.473
178	2.2346
179	1.7772
180	2.9988
181	0.8886
182	1.9091
183	2.4192
184	4.2441
185	3.2493
186	2.9536
187	4.13
188	0.8889
189	3.3803
190	1.9562
191	3.2975
192	2.6741
193	5.7351
194	0.2674
195	3.4164
196	2.9475
197	0.359
198	1.1915
199	3.0482
200	2.9805
201	1.5525
202	2.2815
203	1.5318
204	2.6474
205	2.6697
206	3.7974
207	3.1241
208	2.8103
209	1.6371
210	2.3059
211	2.977
212	1.8149
213	1.3975
214	1.4729
215	2.8412
216	1.5887
217	3.2658
218	1.1121
219	3.376
220	2.9529
221	0.8165
222	2.5241
223	1.5827
224	2.8543
225	3.0628
226	2.5301
227	2.8338
228	3.2367
229	2.8795
230	3.5702
231	2.5635
232	3.1011
233	2.431
234	4.1544
235	3.1704
236	2.7683
237	2.8894
238	2.8323
239	1.4475
240	3.1094
241	2.8336
242	1.9518
243	2.744
244	3.1639
245	1.2688
246	2.3115
247	1.5014
248	2.6582
249	4.4346
250	1.4267
251	3.4082
252	1.5366
253	3.3396
254	1.5214
255	0.1203
256	2.5254
257	2.9656
258	2.5881
259	0.5388
260	2.6966
261	1.3296
262	2.5909
263	2.9431
264	0.272
265	0.6875
266	3.1815
267	3.3175
268	2.0866
269	1.119
270	3.5039
271	1.8343
272	2.8112
273	2.7961
274	2.3992
275	0.9779
276	2.0006
277	2.9594
278	1.8617
279	3.0532
280	2.9394
281	2.4399
282	2.2108
283	1.6836
284	3.0246
285	0.8829
286	1.2818
287	2.2937
288	4.1579
289	3.1535
290	2.875
291	3.0297
292	1.0108
293	3.4548
294	1.6678
295	3.2496
296	2.7067
297	4.7237
298	0.1639
299	3.3297
300	2.8692
301	0.2548
302	1.1025
303	2.9854
304	2.9006
305	1.4376
306	2.1504
307	1.2244
308	2.6078
309	2.5532
310	3.6033
311	3.0529
312	2.8341
313	1.3702
314	2.1172
315	2.9125
316	1.8468
317	1.2014
318	1.4052
319	2.6114
320	1.4828
321	3.0947
322	0.8672
323	3.4675
324	2.894
325	0.775
326	2.4203
327	1.3324
328	2.813
329	3.0068
330	2.5539
331	2.7849
332	3.1236
333	2.8835
334	3.4847
335	2.4334
336	2.9862
337	2.3733
338	3.8569
339	3.148
340	2.4849
341	2.8009
342	2.7009
343	1.3391
344	3.0151
345	2.5133
346	1.9121
347	2.6974
348	3.0425
349	1.347
350	2.2487
351	1.2517
352	2.5161
353	4.2625
354	1.3522
355	2.9072
356	1.504
357	3.1507
358	1.2893
359	0.009
360	2.5047
361	2.8862
362	2.5985
363	0.5398
364	2.6842
365	1.2963
366	2.4856
367	2.842
368	0.2852
369	0.5797
370	3.0693
371	3.2473
372	2.0602
373	0.8468
374	3.4904
375	1.8684
376	2.689
377	2.6575
378	2.4593
379	0.9773
380	2.0121
381	2.8695
382	1.3578
383	2.787
384	2.8009
385	2.3733
386	2.1226
387	1.7877
388	2.8873
389	0.7719
390	0.5718
391	2.2945
392	4.0994
393	3.2189
394	2.6772
395	3.3686
396	0.4324
397	3.2878
398	1.5801
399	3.1683
400	2.7003
401	3.522
402	0.133
403	3.2681
404	2.7663
405	0.0748
406	0.86
407	2.8006
408	2.8333
409	1.1871
410	2.1178
411	1.2279
412	2.5779
413	2.5548
414	3.565
415	3.0183
416	2.7823
417	1.1966
418	2.0824
419	2.813
420	1.6754
421	1.073
422	1.354
423	2.5618
424	1.2588
425	2.8185
426	0.9419
427	3.389
428	2.8353
429	0.7377
430	2.3212
431	1.2389
432	2.796
433	3.008
434	2.4403
435	2.7146
436	3.058
437	2.7864
438	3.3663
439	2.4145
440	2.9973
441	2.3496
442	3.9423
443	3.0991
444	2.4058
445	2.7833
446	2.6988
447	1.2974
448	2.9988
449	2.233
450	1.8824
451	2.6696
452	2.7672
453	1.2254
454	2.1596
455	1.0548
456	2.5304
457	4.1817
458	0.8711
459	2.5262
460	1.5135
461	3.1447
462	1.2985
463	0.0156
464	2.2869
465	2.8312
466	2.4753
467	0.5284
468	2.6134
469	1.2752
470	2.46
471	2.7425
472	0.1395
473	0.5973
474	3.0067
475	3.1651
476	2.0136
477	0.7078
478	3.3301
479	1.7418
480	2.6594
481	2.7131
482	2.3818
483	0.8876
484	1.9754
485	2.7525
486	1.0523
487	2.6296
488	2.7849
489	2.3344
490	1.9504
491	1.6164
492	2.8612
493	0.7666
494	0.1069
495	2.187
496	4.005
497	3.0733
498	2.5243
499	2.9912
500	0.2052
501	3.2753
502	1.5563
503	3.143
504	2.51
505	2.6991
506	0.1106
507	3.2161
508	2.7197
509	0.1598
510	0.6056
511	2.9041
512	2.8371
513	1.0617
514	2.0993
515	1.0739
516	2.573
517	2.5101
518	3.3541
519	2.9488
520	2.573
521	1.0787
522	1.8983
523	2.8693
524	1.6698
525	1.0838
526	1.1964
527	2.4369
528	1.4738
529	2.2442
530	1.0541
531	3.2832
532	2.7684
533	0.7106
534	2.3495
535	1.295
536	2.7543
537	2.9062
538	2.4306
539	2.6843
540	3.0824
541	2.7065
542	3.3154
543	2.3946
544	2.8442
545	2.3376
546	3.7516
547	3.0829
548	2.4837
549	2.7577
550	2.4252
551	1.1626
552	2.966
553	1.8307
554	1.8369
555	2.6315
556	2.8961
557	1.2235
558	2.2028
559	1.03
560	2.4692
561	3.885
562	0.6932
563	2.8762
564	1.2331
565	3.0919
566	1.4553
567	0.0049
568	2.11
569	2.8214
570	2.4477
571	0.4647
572	2.5444
573	1.0519
574	2.2036
575	2.6976
576	0.179
577	0.4588
578	2.9737
579	3.0257
580	1.9394
581	0.7323
582	3.1287
583	1.7402
584	2.695
585	2.6377
586	2.2963
587	0.8042
588	1.8144
589	2.6967
590	1.3484
591	2.6968
592	2.6739
593	2.2847
594	1.7282
595	1.4991
596	2.8131
597	0.7632
598	0.1224
599	2.1192
600	3.9154
601	3.0123
602	2.5869
603	2.1158
604	0.4388
605	3.2022
606	1.4407
607	3.0575
608	2.4763
609	1.7158
610	0.1235
611	3.1297
612	2.6422
613	0.434
614	0.2368
615	2.8871
616	2.7691
617	0.795
618	1.9527
619	0.7428
620	2.5369
621	2.4229
622	3.2727
623	2.9256
624	2.5565
625	1.0742
626	1.8182
627	2.8446
628	1.4781
629	1.0709
630	1.3772
631	2.3137
632	1.1805
633	2.0526
634	0.8233
635	3.35
636	2.7876
637	0.6491
638	2.2599
639	1.3541
640	2.738
641	2.8958
642	2.2876
643	2.7434
644	3.0815
645	2.6329
646	3.3092
647	2.3426
648	2.867
649	2.239
650	3.6978
651	3.0585
652	2.4675
653	2.7355
654	2.4455
655	1.1771
656	2.8742
657	2.1634
658	1.8825
659	2.5517
660	2.7559
661	1.1898
662	2.1087
663	0.9464
664	2.3836
665	3.8376
666	0.7379
667	2.3326
668	1.2122
669	3.1361
670	1.1908
671	0.0038
672	2.1912
673	2.7513
674	2.2136
675	0.3771
676	2.5194
677	0.7614
678	2.3547
679	2.6058
680	0.1532
681	0.3956
682	2.9425
683	3.1193
684	1.941
685	0.8144
686	2.8837
687	1.7124
688	2.5945
689	2.6126
690	2.2784
691	0.7886
692	1.7471
693	2.5944
694	0.6384
695	2.6543
696	2.5881
697	2.27
698	1.8188
699	1.3093
700	2.7648
701	0.7831
702	0.0202
703	2.0915
704	3.7793
705	2.9647
706	2.5
707	1.2015
708	0.3169
709	3.2006
710	1.4324
711	3.0698
712	2.6062
713	0.8455
714	0.0549
715	3.0839
716	2.633
717	0.0756
718	0.1272
719	2.7712
720	2.7846
721	0.6536
722	1.8835
723	0.711
724	2.5213
725	2.4083
726	3.2182
727	2.8502
728	2.3619
729	0.9491
730	1.6535
731	2.8171
732	1.4921
733	1.0673
734	1.0713
735	2.3299
736	1.2269
737	2.2037
738	0.6959
739	3.0653
740	2.7017
741	0.6788
742	2.2574
743	1.1255
744	2.6734
745	2.8721
746	2.3164
747	2.6483
748	3.0734
749	2.627
750	3.1864
751	2.2618
752	2.8178
753	2.2174
754	3.5763
755	2.9636
756	2.2573
757	2.6116
758	2.4729
759	0.8019
760	2.8915
761	1.4807
762	1.7807
763	2.523
764	2.7361
765	1.1514
766	2.0391
767	0.8781
768	2.3422
769	3.7102
770	0.6459
771	2.1272
772	1.2419
773	2.9849
774	1.3391
775	0.0301
776	2.0282
777	2.7476
778	2.2202
779	0.3558
780	2.4803
781	0.5615
782	2.141
783	2.5459
784	0.1288
785	0.365
786	2.8966
787	2.9467
788	1.9081
789	0.6133
790	2.7339
791	1.5905
792	2.5344
793	2.5586
794	2.2338
795	0.7948
796	1.7883
797	2.5601
798	0.5667
799	2.4744
800	2.5253
801	2.2117
802	1.7094
803	1.3338
804	2.7634
805	0.6008
806	0.1266
807	2.1673
808	3.7177
809	2.9916
810	2.4799
811	1.2225
812	0.0745
813	3.1585
814	1.4185
815	3.0878
816	2.5151
817	0.6436
818	0.0463
819	2.9733
820	2.5966
821	0.1173
822	0.2918
823	2.6573
824	2.7548
825	0.5102
826	2.0143
827	0.5073
828	2.4692
829	2.3843
830	3.1376
831	2.8848
832	2.583
833	0.8213
834	1.4404
835	2.8229
836	1.5736
837	0.9337
838	1.1898
839	2.2226
840	1.0985
841	2.2493
842	0.5815
843	2.998
844	2.6814
845	0.6777
846	2.0994
847	1.1212
848	2.6752
849	2.8706
850	2.3581
851	2.5788
852	2.9831
853	2.5694
854	3.062
855	2.2442
856	2.7728
857	2.249
858	3.4075
859	2.9746
860	2.2638
861	2.6682
862	2.3784
863	0.8944
864	2.8026
865	1.3179
866	1.7322
867	2.5394
868	2.722
869	1.0997
870	2.0352
871	0.8095
872	2.2896
873	3.4645
874	0.4991
875	2.05
876	1.1901
877	2.9492
878	1.1226
879	0.0765
880	2.0246
881	2.7226
882	2.1104
883	0.3631
884	2.4394
885	0.5811
886	1.9177
887	2.5409
888	0.0807
889	0.4031
890	2.8548
891	3.0335
892	1.8461
893	0.5844
894	2.6134
895	1.6166
896	2.5225
897	2.5432
898	2.1976
899	0.8403
900	1.7019
901	2.5724
902	0.3593
903	2.4689
904	2.4587
905	2.1857
906	1.598
907	1.1693
908	2.7616
909	0.6166
910	0.0461
911	2.1358
912	3.7168
913	2.8876
914	2.3534
915	0.9096
916	0.0409
917	3.1262
918	1.3608
919	3.0246
920	2.441
921	0.1878
922	0.0437
923	2.9904
924	2.5666
925	0.1826
926	0.1199
927	2.6969
928	2.6932
929	0.6241
930	1.9616
931	0.4022
932	2.4767
933	2.3842
934	3.0761
935	2.8247
936	2.3282
937	0.5807
938	1.526
939	2.7036
940	1.3529
941	1.0278
942	1.1021
943	2.1749
944	1.2222
945	1.6485
946	0.6461
947	2.8936
948	2.6543
949	0.661
950	2.1337
951	1.0341
952	2.6575
953	2.7898
954	2.3083
955	2.6083
956	2.8983
957	2.4878
958	3.0936
959	2.2513
960	2.7922
961	2.0688
962	3.3352
963	2.9684
964	2.202
965	2.5641
966	2.1701
967	0.7636
968	2.7904
969	1.4418
970	1.8501
971	2.4753
972	2.4261
973	1.0833
974	2.025
975	0.8696
976	2.2618
977	3.4286
978	0.6344
979	1.9415
980	1.3632
981	2.9504
982	1.0159
983	0.0586
984	2.053
985	2.7059
986	2.0198
987	0.3643
988	2.5153
989	0.3356
990	1.9475
991	2.5179
992	0.1515
993	0.4876
994	2.8173
995	2.9391
996	1.8675
997	0.5382
998	2.4368
999	1.5745
1000	2.4304
1001	2.4834
1002	2.12
1003	0.7956
1004	1.7152
1005	2.4999
1006	0.1179
1007	2.4386
1008	2.5012
1009	2.1984
1010	2.0994
1011	1.025
1012	2.6753
1013	0.5657
1014	0.0908
1015	2.0835
1016	3.6771
1017	2.8005
1018	2.3358
1019	0.6875
1020	0.0397
1021	3.116
1022	1.4232
1023	3.0217
1024	2.427
1025	0.0163
1026	0.0557
1027	3.0231
1028	2.5341
1029	0.077
1030	0.0315
1031	2.7316
1032	2.667
1033	0.5348
1034	1.8649
1035	0.4701
1036	2.4075
1037	2.3751
1038	2.9573
1039	2.8611
1040	2.3294
