Step	Loss
1	1.5174
2	3.1592
3	3.2407
4	2.6005
5	2.9274
6	3.6768
7	0.3378
8	1.0493
9	3.1444
10	9.0414
11	2.9961
12	1.1356
13	3.4628
14	0.9538
15	3.1394
16	4.6798
17	3.799
18	3.0392
19	3.1162
20	2.414
21	3.1794
22	1.5267
23	2.8276
24	2.8965
25	3.3822
26	2.7147
27	3.0651
28	2.3424
29	1.0911
30	3.4837
31	3.1459
32	3.8515
33	1.7109
34	4.8398
35	2.1934
36	0.7242
37	0.5357
38	1.5495
39	3.8908
40	3.1496
41	2.8664
42	2.9547
43	3.3304
44	0.4889
45	2.4897
46	0.5149
47	3.171
48	3.0576
49	2.2873
50	1.4512
51	0.3225
52	3.1163
53	3.4552
54	1.7226
55	3.2388
56	3.8552
57	1.9198
58	2.1174
59	1.1326
60	2.8746
61	3.2575
62	1.2542
63	3.7546
64	2.4959
65	1.154
66	3.3186
67	2.3828
68	0.8013
69	2.3174
70	2.8327
71	0.5106
72	1.6887
73	0.8359
74	1.5332
75	3.5101
76	1.8744
77	2.9203
78	1.6125
79	6.9179
80	2.5064
81	3.3264
82	3.9917
83	2.109
84	1.9821
85	3.0575
86	2.1427
87	2.7284
88	1.2422
89	1.1847
90	2.0303
91	1.6836
92	2.2837
93	2.1764
94	2.7239
95	1.9971
96	0.4195
97	3.0043
98	1.4248
99	3.29
100	2.5367
101	0.9168
102	3.0918
103	0.5461
104	2.7276
105	0.586
106	2.747
107	3.086
108	0.9343
109	2.7172
110	3.4749
111	0.399
112	0.6717
113	2.8661
114	4.9132
115	2.6326
116	0.9302
117	3.3136
118	0.9046
119	2.8855
120	2.49
121	3.5824
122	2.8055
123	2.9268
124	2.1775
125	2.8186
126	1.3949
127	2.6339
128	2.626
129	3.1898
130	2.5181
131	2.862
132	2.3323
133	0.7529
134	3.3181
135	2.9015
136	3.1952
137	1.5577
138	1.6388
139	1.7349
140	0.6553
141	0.3189
142	1.3295
143	3.5512
144	2.9956
145	2.5788
146	2.7322
147	3.2428
148	0.3225
149	2.1189
150	0.4152
151	2.8385
152	2.7014
153	2.012
154	1.2652
155	0.2201
156	2.8839
157	3.2588
158	1.6534
159	3.0061
160	2.5838
161	1.693
162	2.0156
163	1.0421
164	2.783
165	3.0714
166	0.8673
167	3.2025
168	2.3514
169	1.0754
170	3.1444
171	2.5769
172	0.7264
173	1.8134
174	2.7336
175	0.3615
176	1.6892
177	0.7357
178	1.4853
179	3.2734
180	1.7764
181	2.8882
182	1.2741
183	5.6647
184	2.3275
185	3.0367
186	3.8374
187	1.8843
188	1.8458
189	2.8244
190	1.8391
191	2.6381
192	1.1795
193	1.082
194	1.7693
195	1.6351
196	1.6321
197	2.0215
198	2.6105
199	1.7354
200	0.2317
201	2.8046
202	1.381
203	2.9185
204	1.9758
205	0.715
206	3.0543
207	0.1541
208	2.5356
209	0.5222
210	2.5295
211	2.9578
212	0.643
213	2.5818
214	3.3126
215	0.3554
216	0.579
217	2.8863
218	4.248
219	2.385
220	0.8225
221	3.1981
222	0.8058
223	2.6299
224	1.6765
225	3.4756
226	2.6894
227	2.8123
228	1.966
229	2.7219
230	1.2459
231	2.4612
232	2.4389
233	3.0449
234	2.4647
235	2.7861
236	2.0286
237	0.7662
238	3.2621
239	2.7706
240	2.784
241	1.3668
242	0.2821
243	1.6762
244	0.8134
245	0.194
246	1.1401
247	3.2711
248	2.9356
249	2.4838
250	2.6881
251	3.1823
252	0.2263
253	2.0725
254	0.3877
255	2.4888
256	2.3318
257	2.071
258	1.33
259	0.2723
260	2.805
261	3.1768
262	1.5333
263	2.8863
264	1.7513
265	1.5869
266	1.9242
267	0.9008
268	2.6401
269	3.0762
270	0.7132
271	3.1311
272	2.1644
273	1.028
274	3.0708
275	2.4416
276	0.74
277	1.3907
278	2.5669
279	0.3718
280	1.524
281	0.7419
282	1.2841
283	3.2146
284	1.4988
285	2.7556
286	0.6565
287	4.3954
288	2.2692
289	2.9616
290	3.7089
291	1.6282
292	1.8334
293	2.7113
294	1.3948
295	2.5533
296	1.0708
297	1.0566
298	1.6967
299	1.5542
300	1.5131
301	1.9153
302	2.4963
303	1.6663
304	0.1371
305	2.3883
306	1.2069
307	2.857
308	1.2443
309	0.6682
310	2.8646
311	0.3161
312	2.5423
313	0.3987
314	2.4129
315	2.8784
316	0.1927
317	2.5973
318	3.2152
319	0.341
320	0.5765
321	2.7539
322	2.7555
323	2.3733
324	0.7476
325	3.1744
326	0.4614
327	2.7344
328	1.4224
329	3.4597
330	2.6773
331	2.7173
332	1.8704
333	2.596
334	1.2334
335	2.2215
336	2.4594
337	2.9619
338	2.3165
339	2.7274
340	2.0598
341	0.5666
342	3.2129
343	2.7427
344	2.7034
345	1.0594
346	0.2134
347	1.5305
348	0.4291
349	0.0979
350	0.9954
351	3.132
352	2.9058
353	2.5225
354	2.5402
355	3.0444
356	0.2302
357	1.9497
358	0.3958
359	2.5701
360	2.012
361	1.8323
362	1.1994
363	0.2184
364	2.6302
365	3.0573
366	1.3879
367	2.8083
368	1.6131
369	1.5165
370	1.8439
371	0.8205
372	2.592
373	2.9967
374	0.5638
375	2.4642
376	2.1137
377	1.0445
378	2.9691
379	2.2851
380	0.5656
381	1.1062
382	2.5074
383	0.3517
384	1.5229
385	0.5884
386	1.2403
387	2.9538
388	1.5875
389	2.8594
390	0.4727
391	3.7439
392	2.1654
393	2.6547
394	3.5941
395	1.5999
396	1.8015
397	2.6423
398	1.2357
399	2.4983
400	0.6294
401	0.9058
402	1.5097
403	1.4634
404	1.3719
405	1.8866
406	2.4832
407	1.4982
408	0.1402
409	2.0495
410	1.035
411	2.7729
412	1.2806
413	0.604
414	2.8099
415	0.3878
416	2.4118
417	0.4179
418	2.3523
419	2.8878
420	0.1337
421	2.5027
422	3.1544
423	0.3149
424	0.4708
425	2.7209
426	1.8458
427	2.5162
428	0.6716
429	3.1008
430	0.7902
431	1.8541
432	1.2043
433	3.2658
434	2.5309
435	2.7089
436	1.8795
437	2.5511
438	1.1346
439	1.9959
440	2.2151
441	2.8563
442	2.3474
443	2.6669
444	1.9481
445	0.4903
446	3.1373
447	2.6299
448	2.0345
449	1.125
450	0.2072
451	1.5751
452	0.3748
453	0.1283
454	0.9662
455	3.1122
456	2.8852
457	2.4524
458	2.5465
459	3.0836
460	0.1662
461	1.8702
462	0.3611
463	2.4047
464	2.22
465	1.7702
466	1.2381
467	0.2715
468	2.5926
469	2.9157
470	1.3471
471	2.6303
472	0.1441
473	1.4198
474	1.7842
475	0.7696
476	2.51
477	2.9919
478	0.6868
479	1.595
480	2.0744
481	1.0161
482	3.0029
483	2.3428
484	0.573
485	0.3175
486	2.4179
487	0.3141
488	1.3447
489	0.54
490	1.3491
491	2.9073
492	1.5637
493	2.7462
494	0.5462
495	2.8024
496	2.1335
497	2.6434
498	3.4936
499	1.3663
500	1.8577
501	2.4732
502	1.3347
503	2.4633
504	0.6599
505	0.9497
506	1.3268
507	1.3728
508	1.2751
509	1.7812
510	2.4907
511	1.5045
512	0.092
513	2.399
514	1.1553
515	2.6282
516	1.1437
517	0.4459
518	2.7939
519	0.2094
520	2.4096
521	0.3415
522	2.2737
523	2.8829
524	0.1895
525	2.4787
526	3.1003
527	0.3249
528	0.504
529	2.6601
530	1.3411
531	2.3005
532	0.5464
533	3.1552
534	0.4011
535	1.8864
536	0.8872
537	3.3193
538	2.561
539	2.6768
540	1.8266
541	2.3932
542	1.0628
543	1.9923
544	2.193
545	2.8713
546	2.3065
547	2.6636
548	1.7196
549	0.4495
550	3.1103
551	2.6365
552	1.9075
553	1.0232
554	0.1629
555	1.4689
556	0.369
557	0.1123
558	0.723
559	2.9549
560	2.7964
561	2.4055
562	2.5131
563	3.0032
564	0.1516
565	1.8331
566	0.3559
567	2.2196
568	1.9606
569	1.6471
570	1.1684
571	0.2656
572	2.3668
573	2.9613
574	1.2784
575	2.5713
576	0.1557
577	1.3107
578	1.7915
579	0.7774
580	2.4661
581	2.9532
582	0.6448
583	1.5412
584	2.0077
585	0.9156
586	2.8922
587	2.3815
588	0.5334
589	1.0358
590	2.347
591	0.2777
592	1.3368
593	0.5386
594	1.3104
595	2.9277
596	1.2795
597	2.7473
598	0.3662
599	1.9483
600	2.1056
601	2.3185
602	3.3956
603	1.2681
604	1.6974
605	2.4338
606	1.2714
607	2.39
608	0.6251
609	0.8315
610	1.3031
611	1.3694
612	1.3387
613	1.827
614	2.3733
615	1.485
616	0.1109
617	1.9588
618	1.0523
619	2.511
620	1.7197
621	0.3455
622	2.7035
623	0.1688
624	2.2711
625	0.3409
626	2.2875
627	2.7957
628	0.1187
629	2.4219
630	3.0231
631	0.3099
632	0.4325
633	2.6697
634	0.2257
635	2.13
636	0.5796
637	3.1011
638	0.213
639	1.6424
640	0.2551
641	3.2622
642	2.4396
643	2.6302
644	1.6669
645	2.336
646	1.1678
647	1.7585
648	2.1845
649	2.7735
650	2.2051
651	2.6126
652	1.7266
653	0.5766
654	3.059
655	2.5646
656	1.8058
657	0.8738
658	0.4838
659	1.321
660	0.1143
661	0.0753
662	0.6879
663	2.8574
664	2.7224
665	2.4185
666	2.4583
667	2.9618
668	0.1209
669	1.807
670	0.3101
671	2.208
672	1.8284
673	1.5583
674	1.0809
675	0.2021
676	2.3798
677	2.7968
678	1.282
679	2.4737
680	0.0216
681	1.3522
682	1.8715
683	0.7397
684	2.4045
685	2.971
686	0.4897
687	0.7995
688	1.8973
689	0.9624
690	2.7728
691	2.2358
692	0.5327
693	0.4441
694	2.2552
695	0.3365
696	1.3708
697	0.4471
698	1.1023
699	2.7787
700	1.2814
701	2.6667
702	0.2252
703	1.3405
704	2.0331
705	1.7612
706	3.4707
707	1.079
708	1.6888
709	2.4571
710	1.0695
711	2.3994
712	0.4344
713	0.8312
714	1.1481
715	1.2236
716	1.0979
717	1.7895
718	2.4178
719	1.5438
720	0.1156
721	1.8509
722	1.0152
723	2.501
724	0.865
725	0.3429
726	2.6872
727	0.13
728	2.3632
729	0.2664
730	2.1377
731	2.8079
732	0.0686
733	2.4042
734	3.0312
735	0.3413
736	0.39
737	2.676
738	0.1628
739	2.3637
740	0.5785
741	3.046
742	0.3529
743	1.5668
744	0.2833
745	3.1474
746	2.5514
747	2.5888
748	1.7936
749	2.3206
750	1.0021
751	1.7138
752	2.087
753	2.6195
754	2.2234
755	2.548
756	1.7516
757	0.3448
758	3.0246
759	2.4715
760	1.8269
761	0.6329
762	0.0196
763	1.463
764	0.2404
765	0.1079
766	0.6652
767	2.6796
768	2.7434
769	2.4188
770	2.3748
771	2.9933
772	0.1171
773	1.7394
774	0.2634
775	2.0785
776	1.7236
777	1.5125
778	1.0729
779	0.2167
780	2.1221
781	2.7196
782	1.2665
783	2.3583
784	0.0218
785	1.1989
786	1.7605
787	0.6256
788	2.1859
789	2.9335
790	0.5235
791	0.3448
792	1.8996
793	0.9493
794	2.7178
795	2.1676
796	0.529
797	0.3969
798	2.2872
799	0.2602
800	1.1916
801	0.4716
802	1.208
803	2.7225
804	1.3628
805	2.6726
806	0.3457
807	0.8159
808	1.9867
809	1.58
810	3.3115
811	1.0992
812	1.6777
813	2.4487
814	0.8352
815	2.3404
816	0.4867
817	0.9134
818	1.0405
819	1.202
820	1.0403
821	1.6256
822	2.3583
823	1.352
824	0.0939
825	1.7887
826	0.9753
827	2.2855
828	0.4522
829	0.3343
830	2.6147
831	0.1004
832	2.2769
833	0.2405
834	2.16
835	2.772
836	0.2191
837	2.2475
838	2.8897
839	0.2839
840	0.3386
841	2.5794
842	0.0476
843	2.1546
844	0.6678
845	2.9812
846	0.2207
847	1.2481
848	0.0102
849	2.9423
850	2.4031
851	2.5613
852	1.6065
853	2.3132
854	1.0035
855	1.8007
856	2.1256
857	2.6459
858	2.3064
859	2.551
860	1.7406
861	0.4481
862	2.9621
863	2.4331
864	1.2064
865	0.4943
866	0.0275
867	1.3849
868	0.1706
869	0.0508
870	0.6821
871	2.6484
872	2.6835
873	2.3585
874	2.3838
875	2.8431
876	0.2491
877	1.7437
878	0.2569
879	2.1514
880	1.7059
881	1.5165
882	1.0612
883	0.2065
884	2.2875
885	2.7461
886	1.2456
887	2.3756
888	0.0256
889	1.2384
890	1.8513
891	0.6107
892	2.3407
893	2.9886
894	0.5135
895	0.3369
896	1.8083
897	0.8909
898	2.6719
899	2.2391
900	0.4744
901	0.0299
902	2.182
903	0.2473
904	1.2257
905	0.4474
906	1.0498
907	2.7988
908	1.251
909	2.6963
910	0.1643
911	0.8572
912	1.9342
913	1.6992
914	3.0799
915	1.0015
916	1.5558
917	2.4372
918	0.9674
919	2.3207
920	0.5421
921	0.7763
922	0.8767
923	1.221
924	0.9417
925	1.4511
926	2.2997
927	1.3295
928	0.1914
929	1.6472
930	0.934
931	2.5096
932	0.3417
933	0.2906
934	2.5376
935	0.0517
936	2.2237
937	0.2831
938	2.0407
939	2.6809
940	0.0931
941	2.2828
942	3.0498
943	0.2871
944	0.2907
945	2.5997
946	0.015
947	2.0676
948	0.4998
949	3.0289
950	0.0564
951	1.1647
952	0.2094
953	2.8853
954	2.4397
955	2.5573
956	1.5407
957	2.2643
958	0.9115
959	1.726
960	2.1023
961	2.5853
962	2.2372
963	2.5511
964	1.6727
965	0.3685
966	2.8887
967	2.4018
968	1.1685
969	0.5327
970	0.0365
971	1.3472
972	0.183
973	0.0922
974	0.636
975	2.5921
976	2.6884
977	2.2958
978	2.3688
979	2.8737
980	0.1133
981	1.4371
982	0.2988
983	2.0512
984	1.4254
985	1.4187
986	0.9912
987	0.2138
988	2.0925
989	2.6565
990	1.1633
991	2.3071
992	0.01
993	1.139
994	1.6469
995	0.3908
996	2.1218
997	2.8621
998	0.3891
999	0.1457
1000	1.8507
1001	0.872
1002	2.6724
1003	2.0731
1004	0.5178
1005	0.0822
1006	2.124
1007	0.2243
1008	1.2026
1009	0.3674
1010	1.0173
1011	2.7142
1012	1.0729
1013	2.5992
1014	0.2772
1015	0.5094
1016	1.9228
1017	0.4468
1018	3.1116
1019	1.1073
1020	1.5087
1021	2.2224
1022	0.8868
1023	2.3131
1024	0.3919
1025	0.7586
1026	0.9145
1027	1.2851
1028	0.946
1029	1.2577
1030	2.3058
1031	1.139
1032	0.0538
1033	1.6555
1034	0.9809
1035	2.3456
1036	0.184
1037	0.312
1038	2.4727
1039	0.025
1040	1.937
