Step	Loss(S)	Loss(T)	fwd_S	fwd_T	rev_S	rev_T
1	6.419	0.0	6.419	7.345	5.64	4.847
2	7.041	0.0	7.041	5.58	5.273	4.416
3	3.908	0.0	3.908	5.688	3.622	4.639
4	6.455	0.0	6.455	0.9786	5.781	0.9065
5	5.202	0.0	5.202	4.776	4.701	4.421
6	3.587	0.0	3.587	3.358	4.174	3.7
7	4.42	0.0	4.42	2.023	4.419	2.882
8	2.684	0.0	2.684	3.115	3.091	3.404
9	2.216	0.0	2.216	0.9032	2.852	1.156
10	2.525	0.0	2.525	1.666	3.887	2.455
11	2.153	0.0	2.153	2.405	2.94	3.25
12	2.014	0.0	2.014	2.018	2.612	2.553
13	2.215	0.0	2.215	2.671	3.418	4.308
14	0.9789	0.0	0.9789	1.48	1.096	1.897
15	1.645	0.0	1.645	1.376	2.217	1.724
16	0.9912	0.0	0.9912	0.9904	1.212	1.337
17	0.986	0.0	0.986	1.967	1.204	2.811
18	2.65	0.0	2.65	1.086	4.22	1.53
19	1.566	0.0	1.566	1.966	2.226	2.647
20	3.236	0.0	3.236	1.864	3.932	2.092
21	1.087	0.0	1.087	2.765	1.39	3.434
22	1.806	0.0	1.806	2.27	2.096	2.448
23	1.592	0.0	1.592	1.957	2.298	2.268
24	2.196	0.0	2.196	2.37	3.202	2.7
25	1.668	0.0	1.668	1.305	1.916	1.61
26	2.164	0.0	2.164	0.8727	2.805	1.083
27	1.666	0.0	1.666	0.6689	2.4	0.9609
28	0.8636	0.0	0.8636	0.9801	1.419	1.621
29	1.577	0.0	1.577	1.08	1.819	1.167
30	0.7883	0.0	0.7883	0.9376	1.319	1.459
31	2.413	0.0	2.413	1.734	2.364	2.156
32	0.722	0.0	0.722	0.9909	1.119	1.582
33	1.491	0.0	1.491	1.612	1.87	1.975
34	1.363	0.0	1.363	1.666	1.545	2.165
35	1.261	0.0	1.261	1.472	1.559	1.819
36	0.8759	0.0	0.8759	1.138	1.194	1.431
37	0.9926	0.0	0.9926	0.5793	1.486	0.8203
38	1.212	0.0	1.212	0.9158	1.475	1.05
39	0.6568	0.0	0.6568	0.9107	0.9411	0.9795
40	0.5477	0.0	0.5477	0.6677	0.5686	0.7568
41	0.5781	0.0	0.5781	0.9111	0.9349	1.473
42	0.7493	0.0	0.7493	0.5604	0.8245	0.6768
43	0.5391	0.0	0.5391	0.9007	0.9926	1.176
44	0.4891	0.0	0.4891	0.6443	0.7229	0.8448
45	0.6626	0.0	0.6626	0.4705	0.9919	0.5777
46	2.052	0.0	2.052	0.7115	2.624	0.9253
47	0.6619	0.0	0.6619	0.6962	0.6932	0.8536
48	0.5537	0.0	0.5537	0.6513	0.6403	1.09
49	1.624	0.0	1.624	0.5427	1.655	0.8419
50	0.5853	0.0	0.5853	1.424	0.643	1.723
51	1.058	0.0	1.058	1.429	1.091	1.71
52	0.2925	0.0	0.2925	1.812	0.4191	1.94
53	1.232	0.0	1.232	0.7468	1.398	0.809
54	1.258	0.0	1.258	1.301	1.354	1.462
55	0.6088	0.0	0.6088	0.5055	0.7143	0.7568
56	0.9506	0.0	0.9506	1.104	1.131	1.224
57	0.7289	0.0	0.7289	0.5921	0.8273	0.6973
58	0.3888	0.0	0.3888	1.273	0.5002	1.429
59	1.196	0.0	1.196	1.341	1.424	1.686
60	0.5897	0.0	0.5897	0.4804	0.7285	0.5882
61	1.865	0.0	1.865	0.8193	2.333	0.931
62	0.9875	0.0	0.9875	0.9845	1.137	1.273
63	0.4804	0.0	0.4804	1.285	0.494	1.33
64	1.53	0.0	1.53	0.8325	1.603	1.183
65	0.7394	0.0	0.7394	0.531	0.89	0.6274
66	1.325	0.0	1.325	1.073	1.576	1.349
67	0.5984	0.0	0.5984	0.4012	0.6568	0.4845
68	0.9885	0.0	0.9885	1.176	1.327	1.387
69	0.7213	0.0	0.7213	0.7137	0.8982	0.7861
70	1.26	0.0	1.26	0.56	1.627	0.9
71	1.617	0.0	1.617	0.9558	1.905	1.408
72	1.186	0.0	1.186	0.9291	1.165	1.166
73	0.9774	0.0	0.9774	0.9864	1.339	0.9801
74	0.9782	0.0	0.9782	1.515	1.043	1.819
75	0.5173	0.0	0.5173	0.4798	0.6691	0.6005
76	1.208	0.0	1.208	0.8471	1.306	0.9667
77	0.9331	0.0	0.9331	0.4829	1.458	0.6729
78	0.4757	0.0	0.4757	0.4113	0.6435	0.5632
79	0.7185	0.0	0.7185	0.8071	0.7958	1.065
80	1.243	0.0	1.243	0.8487	1.258	0.8442
81	0.9376	0.0	0.9376	1.218	1.189	1.316
82	0.7085	0.0	0.7085	0.4599	0.9011	0.5795
83	1.285	0.0	1.285	0.7661	1.366	0.9465
84	0.2309	0.0	0.2309	0.3745	0.2851	0.4944
85	0.4498	0.0	0.4498	0.7652	0.5628	1.02
86	0.8192	0.0	0.8192	0.5538	1.135	0.6721
87	0.4737	0.0	0.4737	0.6366	0.593	0.9459
88	0.4991	0.0	0.4991	0.2387	0.6183	0.2925
89	0.3631	0.0	0.3631	0.385	0.4376	0.4953
90	0.9357	0.0	0.9357	0.6332	1.014	0.7397
91	0.9051	0.0	0.9051	0.9971	0.9849	1.201
92	0.9504	0.0	0.9504	1.22	1.311	1.575
93	1.139	0.0	1.139	0.9964	1.483	1.174
94	0.9831	0.0	0.9831	0.6374	1.008	0.7027
95	0.3486	0.0	0.3486	0.4368	0.4402	0.5222
96	0.8834	0.0	0.8834	0.5114	0.9557	0.6135
97	0.5754	0.0	0.5754	0.7931	0.6595	1.032
98	1.195	0.0	1.195	1.015	1.217	1.221
99	1.147	0.0	1.147	1.048	1.356	1.228
100	0.9788	0.0	0.9788	0.7376	1.213	1.074
101	0.9659	0.0	0.9659	0.7087	1.065	1.006
102	0.7627	0.0	0.7627	1.007	0.9025	1.181
103	1.398	0.0	1.398	0.9584	1.682	1.1
104	1.422	0.0	1.422	1.119	1.594	1.459
105	0.7672	0.0	0.7672	0.5368	1.053	0.679
106	0.4278	0.0	0.4278	0.4892	0.5481	0.6111
107	0.519	0.0	0.519	0.9613	0.588	1.115
108	0.3628	0.0	0.3628	0.4362	0.4774	0.548
109	0.3802	0.0	0.3802	1.089	0.4576	1.395
110	0.8814	0.0	0.8814	0.8036	1.125	0.8457
111	0.7461	0.0	0.7461	0.3416	1.044	0.5284
112	0.916	0.0	0.916	1.308	0.9828	1.555
113	0.7702	0.0	0.7702	0.5432	0.9712	0.6898
114	0.54	0.0	0.54	0.3862	0.6926	0.5333
115	1.111	0.0	1.111	0.9144	1.439	1.098
116	0.9156	0.0	0.9156	1.108	1.012	1.212
117	0.8852	0.0	0.8852	0.8931	1.143	1.195
118	0.4933	0.0	0.4933	0.3827	0.7913	0.5997
119	0.7564	0.0	0.7564	1.071	0.7796	1.357
120	0.606	0.0	0.606	0.4979	0.6724	0.629
121	0.5269	0.0	0.5269	0.5385	0.6172	0.6581
122	0.5485	0.0	0.5485	0.6784	0.806	1.023
123	0.912	0.0	0.912	0.6923	0.9876	0.7922
124	0.4495	0.0	0.4495	0.7961	0.4894	0.858
125	0.4764	0.0	0.4764	0.9704	0.5086	0.9694
126	0.6847	0.0	0.6847	0.6753	0.8208	0.8587
127	0.7495	0.0	0.7495	0.8861	0.7797	1.042
128	0.8822	0.0	0.8822	1.026	1.135	1.434
129	0.9587	0.0	0.9587	0.9423	1.057	1.164
130	0.6648	0.0	0.6648	0.9673	0.8057	1.026
131	0.9326	0.0	0.9326	1.137	1.27	1.31
132	0.5822	0.0	0.5822	0.4885	0.7202	0.6749
133	0.7244	0.0	0.7244	0.8317	0.838	0.9021
134	0.8332	0.0	0.8332	0.8438	1.003	1.357
135	1.402	0.0	1.402	0.9075	1.546	1.074
136	0.584	0.0	0.584	0.3535	0.8022	0.4615
137	0.4866	0.0	0.4866	1.085	0.6141	1.239
138	0.6851	0.0	0.6851	1.046	0.795	1.248
139	0.6781	0.0	0.6781	1.293	0.6811	1.445
140	0.5032	0.0	0.5032	0.4032	0.6299	0.4864
141	0.3823	0.0	0.3823	0.4102	0.457	0.5726
142	0.5631	0.0	0.5631	0.6851	0.5968	0.8062
143	0.513	0.0	0.513	0.4669	0.7478	0.6771
144	0.4853	0.0	0.4853	0.5188	0.5391	0.6622
145	0.4331	0.0	0.4331	0.3249	0.5809	0.4695
146	1.125	0.0	1.125	0.4473	1.207	0.5219
147	1.516	0.0	1.516	0.4278	1.92	0.5028
148	0.4534	0.0	0.4534	0.506	0.5715	0.625
149	0.399	0.0	0.399	0.3316	0.511	0.4667
150	1.011	0.0	1.011	0.5474	1.266	0.6431
151	0.9637	0.0	0.9637	0.843	1.474	1.014
152	0.4566	0.0	0.4566	0.3127	0.6494	0.3956
153	0.8318	0.0	0.8318	1.021	0.9883	1.393
154	0.6205	0.0	0.6205	0.9547	0.6508	1.159
155	1.236	0.0	1.236	1.176	1.385	1.431
156	0.6565	0.0	0.6565	0.4843	0.8245	0.6914
157	0.6857	0.0	0.6857	1.141	0.7628	1.32
158	0.8768	0.0	0.8768	0.7052	0.9733	0.7491
159	0.4558	0.0	0.4558	0.4056	0.5455	0.6205
160	0.9267	0.0	0.9267	0.5625	1.149	0.62
161	0.4543	0.0	0.4543	0.4473	0.4965	0.6744
162	0.3328	0.0	0.3328	0.379	0.4922	0.578
163	0.7837	0.0	0.7837	1.569	0.9165	1.73
164	0.492	0.0	0.492	0.3702	0.6394	0.4923
165	1.726	0.0	1.726	1.434	2.16	1.911
166	0.6502	0.0	0.6502	1.054	0.7437	1.34
167	1.121	0.0	1.121	0.6335	1.307	0.7169
168	0.7076	0.0	0.7076	0.7334	0.7509	0.8458
169	0.6256	0.0	0.6256	0.6786	0.7462	0.82
170	0.8831	0.0	0.8831	0.8771	1.097	1.193
171	0.46	0.0	0.46	0.4961	0.5398	0.6877
172	0.8397	0.0	0.8397	1.141	0.8911	1.307
173	1.043	0.0	1.043	1.137	1.138	1.512
174	1.178	0.0	1.178	1.069	1.259	1.372
175	1.469	0.0	1.469	1.142	1.675	1.441
176	0.7955	0.0	0.7955	0.8055	1.087	0.8875
177	0.9325	0.0	0.9325	1.138	1.107	1.714
178	1.346	0.0	1.346	0.7789	1.437	0.9717
179	0.4332	0.0	0.4332	0.415	0.4958	0.5003
180	0.7968	0.0	0.7968	0.8523	0.9621	0.9274
181	0.717	0.0	0.717	0.6211	0.8369	0.7183
182	0.3649	0.0	0.3649	0.3044	0.4812	0.5072
183	0.5474	0.0	0.5474	0.3998	0.6127	0.5974
184	0.6731	0.0	0.6731	0.5339	0.7076	0.624
185	0.534	0.0	0.534	1.176	0.6669	1.669
186	0.4561	0.0	0.4561	0.3517	0.5773	0.4594
187	0.9119	0.0	0.9119	0.9468	1.092	1.172
188	0.5035	0.0	0.5035	0.5562	0.6258	0.7327
189	0.6116	0.0	0.6116	0.4568	0.7801	0.6404
190	0.4282	0.0	0.4282	0.4453	0.5159	0.5427
191	0.3758	0.0	0.3758	0.4262	0.55	0.6186
192	0.4476	0.0	0.4476	0.3699	0.5021	0.5144
193	0.6029	0.0	0.6029	0.3101	0.7343	0.4354
194	1.012	0.0	1.012	0.9508	1.124	1.205
195	0.7061	0.0	0.7061	0.5175	0.7175	0.6218
196	0.898	0.0	0.898	0.6994	1.205	0.8562
197	1.403	0.0	1.403	0.7372	1.563	0.9768
198	0.7885	0.0	0.7885	1.158	0.8066	1.375
199	0.5839	0.0	0.5839	0.4783	0.7713	0.5778
200	0.3936	0.0	0.3936	0.4468	0.4447	0.5338
201	0.5701	0.0	0.5701	0.3873	0.7962	0.5147
202	0.5609	0.0	0.5609	1.038	0.6488	1.213
203	0.6846	0.0	0.6846	1.105	0.6959	1.386
204	0.861	0.0	0.861	0.6864	1.038	0.9142
205	0.8962	0.0	0.8962	0.9151	1.053	1.227
206	0.8378	0.0	0.8378	0.8762	1.05	0.9692
207	0.5556	0.0	0.5556	0.5719	0.5552	0.7263
208	1.148	0.0	1.148	0.9014	1.498	1.237
209	0.7562	0.0	0.7562	0.6298	0.9489	0.7645
210	0.6949	0.0	0.6949	0.5637	0.8808	0.7522
211	0.5	0.0	0.5	0.3785	0.5899	0.4941
212	0.6399	0.0	0.6399	0.574	0.8871	0.8151
213	0.4195	0.0	0.4195	1.061	0.6262	1.379
214	0.8398	0.0	0.8398	0.6695	0.918	0.8214
215	0.368	0.0	0.368	0.4003	0.7167	0.684
216	1.447	0.0	1.447	1.155	1.743	1.31
217	0.6393	0.0	0.6393	0.6375	0.8235	0.8428
218	0.2748	0.0	0.2748	0.2931	0.353	0.483
219	1.226	0.0	1.226	0.9239	1.332	1.12
220	0.9602	0.0	0.9602	0.9764	1.108	1.306
221	1.15	0.0	1.15	1.023	1.765	1.475
222	0.4782	0.0	0.4782	0.6047	0.5732	0.9126
223	0.8016	0.0	0.8016	1.66	0.8535	1.697
224	0.367	0.0	0.367	0.3403	0.4252	0.4316
225	0.459	0.0	0.459	0.4017	0.5946	0.6207
226	0.624	0.0	0.624	0.8458	0.7753	1.055
227	0.4408	0.0	0.4408	0.7207	0.4772	0.8069
228	0.5667	0.0	0.5667	0.6779	0.7228	0.7339
229	1.017	0.0	1.017	0.5775	1.078	0.7069
230	0.8418	0.0	0.8418	0.5557	0.8231	0.6583
231	0.8932	0.0	0.8932	0.7219	1.022	0.9094
232	0.4953	0.0	0.4953	0.5226	0.5923	0.6007
233	0.9544	0.0	0.9544	0.9063	1.083	1.071
234	0.4127	0.0	0.4127	0.897	0.5541	1.08
235	0.261	0.0	0.261	0.3685	0.3574	0.5314
236	0.5804	0.0	0.5804	0.3763	0.8051	0.5852
237	0.4066	0.0	0.4066	0.9902	0.4385	1.232
238	0.7567	0.0	0.7567	1.585	0.9423	1.861
239	1.017	0.0	1.017	0.7598	1.109	0.9017
240	0.2007	0.0	0.2007	0.6115	0.3231	0.9227
241	0.8137	0.0	0.8137	0.7004	0.967	0.7488
242	1.178	0.0	1.178	1.027	1.343	1.297
243	1.22	0.0	1.22	1.12	1.296	1.313
244	0.3601	0.0	0.3601	0.4894	0.4974	0.6397
245	0.4302	0.0	0.4302	0.301	0.6142	0.4396
246	1.106	0.0	1.106	0.4417	1.278	0.5464
247	0.3308	0.0	0.3308	0.3167	0.4722	0.4658
248	0.7237	0.0	0.7237	0.4408	0.7317	0.5324
249	0.3725	0.0	0.3725	0.1954	0.438	0.3402
250	0.4128	0.0	0.4128	0.3917	0.5444	0.4924
251	0.8997	0.0	0.8997	0.3886	1.047	0.5028
252	0.4672	0.0	0.4672	0.2977	0.5549	0.3957
253	0.3107	0.0	0.3107	0.3464	0.4408	0.5565
254	0.7027	0.0	0.7027	0.934	0.9385	1.225
255	0.7724	0.0	0.7724	0.8254	0.9715	0.9772
256	0.7774	0.0	0.7774	0.2216	0.7829	0.3052
257	0.8506	0.0	0.8506	0.6695	1.124	0.9038
258	0.5673	0.0	0.5673	0.9593	0.6047	1.084
259	1.029	0.0	1.029	1.265	1.166	1.399
260	0.3253	0.0	0.3253	0.1071	0.442	0.1369
261	0.8079	0.0	0.8079	0.8685	0.9421	1.072
262	0.9492	0.0	0.9492	0.7694	1.056	0.9346
263	0.4703	0.0	0.4703	0.3344	0.5786	0.4389
264	1.056	0.0	1.056	0.9499	1.111	1.204
265	0.5114	0.0	0.5114	0.4433	0.7489	0.5643
266	0.565	0.0	0.565	0.3896	0.8311	0.4806
267	0.7622	0.0	0.7622	0.8121	0.8748	0.9752
268	0.5917	0.0	0.5917	0.3767	0.8555	0.5435
269	1.455	0.0	1.455	1.33	1.792	1.661
270	0.6192	0.0	0.6192	0.5027	0.7758	0.632
271	0.9243	0.0	0.9243	0.6108	1.181	0.6955
272	1.149	0.0	1.149	0.7183	1.316	0.8527
273	0.6199	0.0	0.6199	0.3991	0.7109	0.4889
274	0.9301	0.0	0.9301	0.4997	1.082	0.5359
275	0.2545	0.0	0.2545	0.399	0.3709	0.6429
276	0.7379	0.0	0.7379	0.59	0.9652	0.7482
277	0.9679	0.0	0.9679	0.835	1.242	1.065
278	0.3753	0.0	0.3753	0.8284	0.4312	1.102
279	1.038	0.0	1.038	0.895	1.279	1.118
280	0.5752	0.0	0.5752	0.439	0.8027	0.693
281	1.229	0.0	1.229	1.142	1.362	1.281
282	0.755	0.0	0.755	0.5659	1.004	0.6583
283	0.3063	0.0	0.3063	0.3843	0.4439	0.5556
284	0.7644	0.0	0.7644	0.5283	0.8326	0.6532
285	0.8323	0.0	0.8323	0.6279	0.9403	0.8592
286	0.3683	0.0	0.3683	0.2859	0.5451	0.4115
287	0.4249	0.0	0.4249	0.5048	0.5034	0.6783
288	0.8273	0.0	0.8273	0.7832	0.9232	0.7903
289	0.6403	0.0	0.6403	0.9367	0.8768	1.204
290	0.4603	0.0	0.4603	0.4026	0.6471	0.4996
291	0.6678	0.0	0.6678	0.6849	0.784	0.7985
292	0.3039	0.0	0.3039	0.3671	0.4734	0.4518
293	0.4617	0.0	0.4617	0.4626	0.627	0.6124
294	0.5231	0.0	0.5231	0.4808	0.6491	0.5374
295	0.2959	0.0	0.2959	0.365	0.4129	0.4674
296	0.3503	0.0	0.3503	0.4202	0.4303	0.5089
297	0.2016	0.0	0.2016	0.5346	0.2476	0.6439
298	0.5754	0.0	0.5754	0.6147	0.6602	0.6937
299	0.7925	0.0	0.7925	0.8754	1.007	1.05
300	0.8709	0.0	0.8709	0.5136	1.064	0.5895
301	0.6818	0.0	0.6818	0.9735	0.8671	1.31
302	1.031	0.0	1.031	0.6606	1.217	0.7943
303	0.5039	0.0	0.5039	0.4879	0.5503	0.6362
304	0.4809	0.0	0.4809	0.9591	0.5654	1.262
305	0.8952	0.0	0.8952	0.5887	1.002	0.7861
306	0.9673	0.0	0.9673	0.9083	1.046	1.086
307	1.062	0.0	1.062	0.8388	1.241	1.139
308	0.5339	0.0	0.5339	0.5408	0.7204	0.6767
309	0.7929	0.0	0.7929	0.8743	0.8898	1.105
310	0.923	0.0	0.923	0.7608	1.06	0.9513
311	0.8051	0.0	0.8051	0.6643	0.8698	0.7913
312	1.241	0.0	1.241	0.5803	1.755	0.809
313	0.5123	0.0	0.5123	0.4975	0.6027	0.7063
314	0.5338	0.0	0.5338	0.719	0.7272	0.9183
315	0.4336	0.0	0.4336	0.5429	0.5107	0.6115
316	0.4527	0.0	0.4527	0.3831	0.4637	0.4778
317	0.4818	0.0	0.4818	0.8558	0.6742	0.8606
318	0.5733	0.0	0.5733	0.5393	0.6094	0.6482
319	0.5301	0.0	0.5301	0.335	0.6897	0.5351
320	0.8451	0.0	0.8451	1.145	0.9539	1.28
321	0.7356	0.0	0.7356	0.3566	0.9626	0.5569
322	0.572	0.0	0.572	0.3012	0.6477	0.4036
323	1.258	0.0	1.258	0.8472	1.481	1.118
324	0.4929	0.0	0.4929	0.8855	0.5553	1.12
325	0.635	0.0	0.635	0.9226	0.7289	1.437
326	0.7007	0.0	0.7007	0.5116	0.8122	0.6505
327	1.213	0.0	1.213	1.161	1.392	1.405
328	0.3624	0.0	0.3624	0.3783	0.4723	0.4622
329	0.6782	0.0	0.6782	0.6244	0.8621	0.8261
330	0.7451	0.0	0.7451	0.5218	1.096	0.7546
331	0.4052	0.0	0.4052	0.6894	0.4437	0.7014
332	1.155	0.0	1.155	0.5499	1.388	0.7876
333	0.5896	0.0	0.5896	0.4836	0.6082	0.5077
334	0.7321	0.0	0.7321	0.7159	0.844	0.8214
335	0.7407	0.0	0.7407	0.7197	0.8171	0.83
336	0.8176	0.0	0.8176	0.6051	1.111	0.7711
337	0.55	0.0	0.55	0.945	0.6271	1.021
338	0.6397	0.0	0.6397	0.8037	0.8806	1.112
339	0.76	0.0	0.76	0.2896	0.9367	0.3972
340	0.3573	0.0	0.3573	0.39	0.5182	0.5733
341	0.9254	0.0	0.9254	1.15	1.107	1.316
342	0.872	0.0	0.872	0.973	1.115	1.154
343	1.006	0.0	1.006	0.6993	1.213	0.7333
344	0.3664	0.0	0.3664	0.4292	0.5068	0.5777
345	0.6634	0.0	0.6634	1.096	0.6849	1.349
346	0.4445	0.0	0.4445	0.9019	0.4935	1.048
347	0.7187	0.0	0.7187	1.042	0.8436	1.32
348	0.8927	0.0	0.8927	0.5144	0.9752	0.7964
349	0.4206	0.0	0.4206	0.3354	0.5841	0.4633
350	0.672	0.0	0.672	0.5742	0.7218	0.723
351	0.4156	0.0	0.4156	0.354	0.5908	0.5282
352	0.6315	0.0	0.6315	0.5732	0.6646	0.799
353	0.3197	0.0	0.3197	0.2725	0.4767	0.3887
354	0.405	0.0	0.405	0.371	0.4822	0.4955
355	0.4575	0.0	0.4575	0.3713	0.526	0.4634
356	0.4201	0.0	0.4201	0.3471	0.4851	0.4953
357	0.326	0.0	0.326	0.2442	0.4287	0.3779
358	0.6342	0.0	0.6342	0.5694	0.6977	0.7089
359	0.8016	0.0	0.8016	0.8523	1.122	0.9376
360	0.5758	0.0	0.5758	0.6082	0.7849	0.8529
361	1.011	0.0	1.011	0.7949	1.082	0.8311
362	0.59	0.0	0.59	0.9572	0.6115	1.142
363	0.7319	0.0	0.7319	0.8628	0.8206	1.068
364	0.6136	0.0	0.6136	0.55	0.6743	0.7479
365	0.7534	0.0	0.7534	1.12	0.7934	1.351
366	0.8901	0.0	0.8901	0.6743	0.947	0.8266
367	0.4629	0.0	0.4629	0.3534	0.5541	0.4489
368	0.738	0.0	0.738	0.9553	0.8531	1.17
369	0.5278	0.0	0.5278	0.4113	0.7451	0.6418
370	0.3214	0.0	0.3214	0.406	0.5134	0.6517
371	0.9159	0.0	0.9159	1.271	0.9988	1.447
372	0.4788	0.0	0.4788	0.4592	0.6719	0.6152
373	1.184	0.0	1.184	1.191	1.34	1.682
374	0.6326	0.0	0.6326	0.6913	0.6725	0.8844
375	0.852	0.0	0.852	0.3923	0.9566	0.4537
376	0.6549	0.0	0.6549	0.8892	0.7936	0.8675
377	0.3278	0.0	0.3278	0.3524	0.4192	0.4326
378	0.9316	0.0	0.9316	1.096	1.09	1.3
379	0.2872	0.0	0.2872	0.2192	0.3807	0.3276
380	0.7116	0.0	0.7116	0.6797	0.9402	0.7753
381	0.7037	0.0	0.7037	1.25	0.838	1.369
382	0.4542	0.0	0.4542	0.363	0.5193	0.4527
383	0.4502	0.0	0.4502	0.4637	0.5113	0.5396
384	0.7325	0.0	0.7325	0.5726	0.8495	0.8179
385	0.7179	0.0	0.7179	1.269	0.8847	1.47
386	1.097	0.0	1.097	0.7045	1.196	0.9783
387	0.4653	0.0	0.4653	0.4511	0.7051	0.6961
388	0.7135	0.0	0.7135	0.7578	0.7508	0.8453
389	0.5616	0.0	0.5616	0.745	0.6626	0.8164
390	0.588	0.0	0.588	0.4393	0.7028	0.5481
391	0.7914	0.0	0.7914	0.3768	0.7882	0.5447
392	0.7216	0.0	0.7216	0.691	0.8257	0.7134
393	0.8917	0.0	0.8917	0.6432	1.011	0.7847
394	0.3589	0.0	0.3589	0.5028	0.5105	0.6955
395	0.9264	0.0	0.9264	0.6715	1.194	0.9177
396	0.3755	0.0	0.3755	0.3192	0.5052	0.3989
397	0.445	0.0	0.445	0.4499	0.6649	0.5434
398	0.3727	0.0	0.3727	0.4787	0.4284	0.5517
399	0.3961	0.0	0.3961	0.4786	0.5061	0.7064
400	0.3391	0.0	0.3391	0.4175	0.3831	0.5081
401	0.3398	0.0	0.3398	0.359	0.3904	0.5402
402	0.7664	0.0	0.7664	0.6865	0.8742	0.7798
403	0.7142	0.0	0.7142	1.022	0.7724	1.266
404	0.7709	0.0	0.7709	0.5352	0.901	0.5847
405	0.361	0.0	0.361	0.4404	0.4382	0.5637
406	0.5179	0.0	0.5179	0.8031	0.5476	0.9199
407	0.2173	0.0	0.2173	0.485	0.296	0.6099
408	1.247	0.0	1.247	0.3661	1.39	0.4399
409	0.6868	0.0	0.6868	0.6499	0.9684	0.8551
410	0.4797	0.0	0.4797	0.5164	0.5926	0.635
411	0.7941	0.0	0.7941	0.8269	0.94	0.9747
412	0.5188	0.0	0.5188	0.4702	0.6274	0.5935
413	0.6268	0.0	0.6268	1.139	0.8165	1.464
414	0.7726	0.0	0.7726	0.6871	0.8685	0.8416
415	0.5607	0.0	0.5607	0.428	0.6085	0.493
416	0.623	0.0	0.623	1.019	0.7216	1.198
417	0.7054	0.0	0.7054	0.4522	0.8688	0.7264
418	0.6953	0.0	0.6953	1.091	0.9143	1.314
419	0.3743	0.0	0.3743	0.369	0.4287	0.4329
420	0.4624	0.0	0.4624	0.2946	0.5626	0.4078
421	0.312	0.0	0.312	0.4412	0.4634	0.6385
422	0.8129	0.0	0.8129	0.7243	0.9392	0.7739
423	0.3972	0.0	0.3972	0.3266	0.6321	0.5002
424	0.9878	0.0	0.9878	0.7872	1.096	0.8973
425	0.4717	0.0	0.4717	0.854	0.5922	0.9179
426	0.8387	0.0	0.8387	0.2823	0.9322	0.4322
427	0.9871	0.0	0.9871	0.74	1.177	0.9036
428	1.009	0.0	1.009	0.5956	1.134	0.685
429	0.7241	0.0	0.7241	1.025	0.9476	1.633
430	0.6299	0.0	0.6299	0.5662	0.727	0.7303
431	0.8758	0.0	0.8758	0.7196	0.9224	0.7847
432	0.2547	0.0	0.2547	0.7263	0.3303	0.8443
433	0.4248	0.0	0.4248	0.7747	0.4924	1.103
434	1.082	0.0	1.082	0.9992	1.46	1.319
435	0.5208	0.0	0.5208	0.5337	0.6436	0.5365
436	0.9614	0.0	0.9614	0.576	1.042	0.6595
437	0.6575	0.0	0.6575	0.8706	0.7317	1.063
438	0.5557	0.0	0.5557	0.6569	0.6232	0.7593
439	0.6925	0.0	0.6925	0.858	0.7509	1.029
440	0.5493	0.0	0.5493	0.5907	0.7304	0.8465
441	0.5859	0.0	0.5859	0.8414	0.6411	0.9569
442	0.836	0.0	0.836	1.085	0.9363	1.227
443	0.6405	0.0	0.6405	0.2968	0.7765	0.4475
444	0.4493	0.0	0.4493	0.3081	0.5618	0.5027
445	0.7647	0.0	0.7647	0.9312	0.8434	1.133
446	0.7113	0.0	0.7113	0.922	0.9902	1.096
447	0.8304	0.0	0.8304	0.7153	1.012	0.8207
448	0.5892	0.0	0.5892	0.4012	0.7338	0.4865
449	0.8871	0.0	0.8871	0.8259	0.9855	1.072
450	0.8218	0.0	0.8218	0.9848	1.084	1.166
451	0.8642	0.0	0.8642	0.6713	0.9475	0.844
452	0.4264	0.0	0.4264	0.7092	0.5427	1.017
453	0.4684	0.0	0.4684	0.5173	0.6638	0.7713
454	0.7532	0.0	0.7532	0.5783	0.8627	0.6717
455	0.3681	0.0	0.3681	0.3848	0.5511	0.5682
456	0.4255	0.0	0.4255	0.4203	0.5765	0.5298
457	0.3496	0.0	0.3496	0.2965	0.3856	0.4257
458	0.5341	0.0	0.5341	0.3612	0.6558	0.4115
459	0.6714	0.0	0.6714	0.8483	0.8618	0.9063
460	0.4978	0.0	0.4978	0.3239	0.6358	0.374
461	0.5804	0.0	0.5804	0.3096	0.8595	0.4977
462	0.4797	0.0	0.4797	0.4727	0.5936	0.6051
463	0.8087	0.0	0.8087	0.7197	1.051	0.866
464	0.314	0.0	0.314	0.3378	0.393	0.3866
465	0.422	0.0	0.422	0.5704	0.483	0.6756
466	0.6785	0.0	0.6785	0.9582	0.7656	1.031
467	1.001	0.0	1.001	1.199	1.065	1.232
468	0.6064	0.0	0.6064	0.8199	0.7194	0.9458
469	0.7677	0.0	0.7677	0.914	0.8671	1.116
470	0.8165	0.0	0.8165	0.8373	0.8188	1.005
471	0.4174	0.0	0.4174	0.5325	0.4887	0.7242
472	0.5614	0.0	0.5614	0.8185	0.6597	0.9931
473	0.3733	0.0	0.3733	0.4834	0.4965	0.7659
474	0.494	0.0	0.494	0.2923	0.7576	0.3759
475	0.7369	0.0	0.7369	0.9663	0.8684	1.304
476	0.6086	0.0	0.6086	0.3922	0.8149	0.5804
477	0.8447	0.0	0.8447	0.9522	1.014	1.235
478	0.8759	0.0	0.8759	0.4002	1.085	0.4503
479	0.8645	0.0	0.8645	0.895	1.008	1.049
480	0.7435	0.0	0.7435	0.5219	0.7942	0.5833
481	0.3897	0.0	0.3897	0.325	0.4435	0.4022
482	0.7744	0.0	0.7744	0.5362	0.9027	0.647
483	0.4743	0.0	0.4743	0.4416	0.7066	0.5422
484	0.7073	0.0	0.7073	1.149	0.8504	1.269
485	0.9605	0.0	0.9605	0.481	0.996	0.5384
486	0.622	0.0	0.622	0.3959	0.784	0.5133
487	1.07	0.0	1.07	0.8489	1.393	1.197
488	0.5205	0.0	0.5205	0.7736	0.7067	0.846
489	0.9406	0.0	0.9406	0.8893	1.147	1.128
490	0.4143	0.0	0.4143	0.411	0.4987	0.4656
491	0.4212	0.0	0.4212	0.2333	0.6349	0.3416
492	0.7379	0.0	0.7379	0.6327	0.8147	0.6892
493	0.7744	0.0	0.7744	0.493	0.8662	0.6131
494	0.3661	0.0	0.3661	0.3592	0.451	0.4514
495	0.4425	0.0	0.4425	0.4529	0.6368	0.5711
496	0.7716	0.0	0.7716	0.7648	1.042	1.081
497	0.4636	0.0	0.4636	0.9169	0.594	1.373
498	0.46	0.0	0.46	0.3777	0.6771	0.4788
499	1.132	0.0	1.132	0.8548	1.393	1.189
500	0.2127	0.0	0.2127	0.3501	0.3091	0.4212
501	0.2344	0.0	0.2344	0.4532	0.2904	0.6919
502	0.4227	0.0	0.4227	0.4054	0.4832	0.4858
503	0.3695	0.0	0.3695	0.3895	0.5164	0.5102
504	0.413	0.0	0.413	0.5238	0.4341	0.6041
505	0.6643	0.0	0.6643	0.3823	0.8619	0.5382
506	0.8158	0.0	0.8158	0.449	0.8886	0.5415
507	0.6113	0.0	0.6113	1.074	0.6458	1.282
508	1.093	0.0	1.093	0.643	1.341	0.7454
509	0.7727	0.0	0.7727	0.8513	0.8809	1.225
510	0.6648	0.0	0.6648	0.851	0.691	1.107
511	0.7027	0.0	0.7027	0.3941	0.8338	0.5249
512	0.808	0.0	0.808	0.5257	0.9527	0.6611
513	0.4116	0.0	0.4116	0.9505	0.5803	1.111
514	1.14	0.0	1.14	0.7772	1.381	0.9273
515	0.8757	0.0	0.8757	0.9473	0.9512	1.068
516	0.718	0.0	0.718	0.3869	0.8657	0.504
517	0.7498	0.0	0.7498	0.7491	0.9547	1.084
518	0.5927	0.0	0.5927	0.8808	0.662	1.035
519	0.5154	0.0	0.5154	0.8017	0.5406	1.134
520	0.8385	0.0	0.8385	1.249	1.082	1.664
521	0.4548	0.0	0.4548	0.3904	0.5651	0.6007
522	0.4202	0.0	0.4202	0.3118	0.5283	0.3995
523	0.476	0.0	0.476	0.3823	0.5899	0.4409
524	0.5137	0.0	0.5137	0.3284	0.7427	0.3674
525	0.5086	0.0	0.5086	0.6668	0.6644	0.8702
526	0.8995	0.0	0.8995	0.6975	1.092	0.8678
527	0.3562	0.0	0.3562	0.3996	0.5187	0.6181
528	0.6532	0.0	0.6532	0.9316	0.8642	1.183
529	0.4305	0.0	0.4305	0.6646	0.4979	0.8633
530	0.5142	0.0	0.5142	0.3698	0.6028	0.552
531	0.9811	0.0	0.9811	0.6328	1.209	0.7593
532	0.5803	0.0	0.5803	0.5062	0.6875	0.6363
533	0.9735	0.0	0.9735	0.9668	1.542	1.412
534	0.5767	0.0	0.5767	0.5808	0.717	0.8039
535	0.4736	0.0	0.4736	0.8559	0.554	1.286
536	0.4783	0.0	0.4783	0.4144	0.5633	0.5569
537	0.4781	0.0	0.4781	0.5319	0.5366	0.7264
538	0.6124	0.0	0.6124	0.3476	0.8046	0.4891
539	0.6198	0.0	0.6198	0.5552	0.7852	0.6593
540	0.6542	0.0	0.6542	0.5715	0.7108	0.5686
541	0.8076	0.0	0.8076	0.5342	0.8442	0.6292
542	0.6477	0.0	0.6477	0.748	0.7482	0.8693
543	0.5683	0.0	0.5683	1.107	0.6197	1.41
544	0.7743	0.0	0.7743	0.8457	0.8706	1.114
545	0.4005	0.0	0.4005	0.7641	0.4982	0.8747
546	0.8122	0.0	0.8122	0.6365	1.115	0.8122
547	0.2749	0.0	0.2749	0.3536	0.4054	0.5143
548	0.3102	0.0	0.3102	0.3005	0.4286	0.4655
549	0.9211	0.0	0.9211	1.04	1.136	1.412
550	0.7993	0.0	0.7993	0.7301	1.01	0.9448
551	0.7006	0.0	0.7006	0.7149	0.818	1.004
552	0.4642	0.0	0.4642	0.3399	0.5721	0.4355
553	0.6475	0.0	0.6475	0.5432	0.7058	0.6703
554	0.912	0.0	0.912	1.003	1.035	1.152
555	0.4765	0.0	0.4765	0.9505	0.5012	1.143
556	0.4189	0.0	0.4189	0.5999	0.5666	0.7272
557	0.3981	0.0	0.3981	0.4007	0.6498	0.5799
558	0.8582	0.0	0.8582	1.207	0.9926	1.795
559	0.3467	0.0	0.3467	0.33	0.4761	0.4631
560	0.3596	0.0	0.3596	0.2835	0.4352	0.3457
561	0.3852	0.0	0.3852	0.2606	0.5023	0.349
562	0.4297	0.0	0.4297	0.4191	0.5602	0.4891
563	0.3328	0.0	0.3328	0.7081	0.4936	0.8616
564	0.5394	0.0	0.5394	0.2819	0.8166	0.41
565	0.1863	0.0	0.1863	0.2026	0.2941	0.2811
566	0.6409	0.0	0.6409	0.3931	0.7871	0.5575
567	0.437	0.0	0.437	0.4798	0.4977	0.6042
568	0.4994	0.0	0.4994	0.4599	0.5645	0.5548
569	0.756	0.0	0.756	0.5796	0.9422	0.7368
570	0.7727	0.0	0.7727	0.5314	0.8486	0.6644
571	0.7583	0.0	0.7583	0.9199	0.8886	1.268
572	0.8079	0.0	0.8079	0.5637	1.089	0.6579
573	0.4705	0.0	0.4705	0.9593	0.5095	1.229
574	0.5563	0.0	0.5563	0.6127	0.5929	0.7429
575	0.5223	0.0	0.5223	0.3148	0.6673	0.4194
576	0.6159	0.0	0.6159	0.8504	0.7063	0.952
577	0.4327	0.0	0.4327	0.2481	0.5679	0.3544
578	0.3461	0.0	0.3461	0.2424	0.4833	0.3106
579	0.6537	0.0	0.6537	0.6098	0.8071	0.687
580	0.4201	0.0	0.4201	0.4562	0.5586	0.6215
581	1.111	0.0	1.111	0.7398	1.157	0.7915
582	0.6526	0.0	0.6526	0.7327	0.7909	0.8578
583	0.4932	0.0	0.4932	0.6391	0.5159	0.7464
584	0.7541	0.0	0.7541	0.7312	0.8256	0.8471
585	0.4526	0.0	0.4526	0.3371	0.5857	0.4286
586	0.8356	0.0	0.8356	0.9731	0.9738	1.114
587	0.5467	0.0	0.5467	0.4419	0.7261	0.7334
588	1.052	0.0	1.052	0.5454	1.203	0.7544
589	0.5859	0.0	0.5859	0.5602	0.6399	0.6198
590	0.5009	0.0	0.5009	0.5285	0.5762	0.7612
591	0.7507	0.0	0.7507	0.8978	0.8906	1.123
592	0.3959	0.0	0.3959	0.3626	0.4298	0.5853
593	0.6996	0.0	0.6996	0.7047	0.7469	0.8229
594	0.4036	0.0	0.4036	0.95	0.4567	1.148
595	0.6714	0.0	0.6714	0.3311	0.7682	0.4573
596	0.798	0.0	0.798	0.6608	0.8615	0.8359
597	0.6129	0.0	0.6129	0.9533	0.8282	1.169
598	0.3715	0.0	0.3715	0.3466	0.5154	0.4241
599	0.5319	0.0	0.5319	0.3379	0.6198	0.4855
600	0.5757	0.0	0.5757	0.58	0.64	0.6611
601	0.7544	0.0	0.7544	0.6577	0.925	0.7496
602	0.6061	0.0	0.6061	0.4954	0.8408	0.7683
603	0.77	0.0	0.77	0.7236	0.9889	0.9321
604	0.3771	0.0	0.3771	0.328	0.4912	0.4034
605	0.4614	0.0	0.4614	0.3702	0.6166	0.5755
606	0.5063	0.0	0.5063	0.4607	0.5815	0.5612
607	0.2565	0.0	0.2565	0.3006	0.3748	0.3645
608	0.459	0.0	0.459	0.303	0.4814	0.3927
609	0.36	0.0	0.36	0.5567	0.3908	0.6955
610	0.7147	0.0	0.7147	0.8659	0.8146	0.9662
611	0.7637	0.0	0.7637	0.8266	0.8403	0.9707
612	0.7149	0.0	0.7149	0.802	0.843	0.8995
613	0.6848	0.0	0.6848	0.7323	0.8753	0.931
614	0.8413	0.0	0.8413	0.4455	0.9598	0.5099
615	0.4139	0.0	0.4139	0.3483	0.5269	0.4551
616	0.6136	0.0	0.6136	0.5178	0.7113	0.6398
617	0.2031	0.0	0.2031	0.3686	0.323	0.5078
618	0.4942	0.0	0.4942	0.9398	0.6524	1.35
619	0.4859	0.0	0.4859	0.7899	0.5166	1.097
620	0.5701	0.0	0.5701	0.6932	0.8033	0.9278
621	0.5694	0.0	0.5694	0.6808	0.6599	0.972
622	0.6511	0.0	0.6511	1.053	0.7261	1.547
623	0.3148	0.0	0.3148	0.903	0.3549	1.018
624	0.8416	0.0	0.8416	0.9039	0.9829	1.353
625	0.5342	0.0	0.5342	0.5069	0.6802	0.9642
626	0.5087	0.0	0.5087	0.507	0.5748	0.6161
627	0.4406	0.0	0.4406	0.257	0.534	0.2976
628	0.3673	0.0	0.3673	0.3745	0.4245	0.4628
629	0.4152	0.0	0.4152	0.4131	0.5136	0.4946
630	0.6757	0.0	0.6757	0.5974	0.8998	0.6106
631	0.5397	0.0	0.5397	0.3793	0.868	0.5032
632	0.7816	0.0	0.7816	1.032	0.8414	1.307
633	0.2207	0.0	0.2207	0.4775	0.2965	0.523
634	0.5795	0.0	0.5795	0.4497	0.7939	0.5788
635	0.5749	0.0	0.5749	0.8065	0.7101	0.9267
636	1.026	0.0	1.026	0.8447	1.021	1.008
637	1.124	0.0	1.124	0.7738	1.66	1.39
638	0.619	0.0	0.619	0.4554	0.814	0.7023
639	0.6621	0.0	0.6621	0.8567	0.7249	1.024
640	0.4831	0.0	0.4831	0.2905	0.5312	0.3726
641	0.4432	0.0	0.4432	0.2996	0.5085	0.3562
642	0.464	0.0	0.464	0.4476	0.5571	0.5937
643	0.4985	0.0	0.4985	0.9147	0.6021	1.112
644	0.7888	0.0	0.7888	0.7146	1.011	0.7333
645	0.819	0.0	0.819	0.9104	0.9141	1.18
646	0.5503	0.0	0.5503	0.4755	0.645	0.5852
647	0.739	0.0	0.739	0.9509	0.8534	1.153
648	0.5288	0.0	0.5288	0.5848	0.6501	0.8021
649	0.7365	0.0	0.7365	0.7028	0.8029	0.8803
650	0.7405	0.0	0.7405	0.8538	0.8896	1.022
651	0.3272	0.0	0.3272	0.2348	0.4508	0.3421
652	0.3195	0.0	0.3195	0.219	0.4312	0.3259
653	0.4496	0.0	0.4496	0.9472	0.4806	1.151
654	0.8405	0.0	0.8405	0.7646	1.036	1.021
655	0.6806	0.0	0.6806	0.7298	0.8281	0.8709
656	0.4296	0.0	0.4296	0.2346	0.5528	0.3126
657	0.4338	0.0	0.4338	0.7464	0.4952	0.9243
658	0.9628	0.0	0.9628	0.6528	1.083	0.8951
659	0.7921	0.0	0.7921	0.9892	0.8804	1.24
660	1.198	0.0	1.198	0.4795	1.328	0.6332
661	0.5482	0.0	0.5482	0.4583	0.7309	0.5128
662	0.538	0.0	0.538	0.671	0.6411	0.7586
663	0.3281	0.0	0.3281	0.3167	0.4396	0.3982
664	0.2479	0.0	0.2479	0.6247	0.3194	0.7693
665	0.4894	0.0	0.4894	0.2434	0.6017	0.3192
666	0.8609	0.0	0.8609	0.4283	1.074	0.4971
667	0.5696	0.0	0.5696	0.3736	0.7532	0.4423
668	0.3903	0.0	0.3903	0.3279	0.5033	0.4231
669	0.3792	0.0	0.3792	0.2579	0.5089	0.3654
670	0.7578	0.0	0.7578	0.3496	0.9492	0.3919
671	0.6373	0.0	0.6373	0.5146	0.7626	0.6806
672	0.4994	0.0	0.4994	0.1962	0.636	0.2371
673	0.9259	0.0	0.9259	0.6406	1.067	0.6927
674	0.5071	0.0	0.5071	0.8015	0.5735	1.18
675	0.5908	0.0	0.5908	1.111	0.6136	1.283
676	0.5141	0.0	0.5141	0.7574	0.631	0.8621
677	0.5579	0.0	0.5579	0.7081	0.7031	0.8012
678	0.6979	0.0	0.6979	0.4228	0.7778	0.5098
679	0.4128	0.0	0.4128	0.5885	0.5984	0.8687
680	0.6205	0.0	0.6205	0.668	0.6849	0.8174
681	0.396	0.0	0.396	0.5073	0.4792	0.7416
682	0.2518	0.0	0.2518	0.2847	0.3435	0.4463
683	0.9684	0.0	0.9684	0.6687	1.191	0.7401
684	0.2264	0.0	0.2264	0.3281	0.291	0.4408
685	1.047	0.0	1.047	1.23	1.3	1.425
686	0.7827	0.0	0.7827	0.7058	0.8786	0.8487
687	0.4055	0.0	0.4055	0.6739	0.4376	0.7968
688	0.4923	0.0	0.4923	0.7319	0.587	0.9294
689	0.4637	0.0	0.4637	0.3002	0.5778	0.3987
690	0.7688	0.0	0.7688	0.5425	0.9834	0.6785
691	0.511	0.0	0.511	0.4439	0.6044	0.7178
692	0.4491	0.0	0.4491	0.5378	0.5581	0.6629
693	0.7194	0.0	0.7194	0.6905	0.7939	0.8087
694	0.4592	0.0	0.4592	0.3357	0.5051	0.3826
695	0.474	0.0	0.474	0.687	0.5705	0.8478
696	0.5245	0.0	0.5245	0.5502	0.7528	0.8563
697	0.5642	0.0	0.5642	1.175	0.6421	1.494
698	0.4896	0.0	0.4896	0.367	0.5406	0.4704
699	0.4934	0.0	0.4934	0.3978	0.6164	0.6075
700	1.093	0.0	1.093	0.6488	1.301	0.7937
701	0.7338	0.0	0.7338	0.5068	0.9833	0.6493
702	0.3979	0.0	0.3979	0.2833	0.457	0.359
703	0.4644	0.0	0.4644	0.4982	0.5728	0.6653
704	0.339	0.0	0.339	0.8567	0.3613	1.05
705	0.4928	0.0	0.4928	0.6608	0.6347	0.857
706	0.3365	0.0	0.3365	0.5006	0.457	0.7133
707	1.029	0.0	1.029	0.4255	1.111	0.4868
708	0.33	0.0	0.33	0.3496	0.4067	0.4759
709	0.375	0.0	0.375	0.4738	0.4798	0.6483
710	0.3881	0.0	0.3881	0.4648	0.462	0.5621
711	0.3989	0.0	0.3989	0.4984	0.5556	0.6431
712	0.4767	0.0	0.4767	0.4861	0.6064	0.6015
713	0.5823	0.0	0.5823	0.2071	0.7603	0.3055
714	0.9155	0.0	0.9155	0.8128	1.056	0.9075
715	0.8744	0.0	0.8744	0.5273	0.9299	0.6386
716	1.064	0.0	1.064	0.561	1.336	0.6526
717	0.8662	0.0	0.8662	0.8493	0.9962	1.064
718	0.3768	0.0	0.3768	0.5123	0.4284	0.5905
719	0.4283	0.0	0.4283	0.4628	0.4514	0.5554
720	0.6769	0.0	0.6769	0.5874	0.7487	0.8361
721	0.3461	0.0	0.3461	0.4956	0.435	0.559
722	0.9496	0.0	0.9496	0.8208	1.077	0.9528
723	0.9594	0.0	0.9594	1.007	1.062	1.318
724	0.5438	0.0	0.5438	0.4047	0.7447	0.458
725	0.6435	0.0	0.6435	0.5772	0.8392	1.051
726	0.5507	0.0	0.5507	0.476	0.6219	0.5556
727	0.3868	0.0	0.3868	0.8369	0.3995	1.176
728	0.9526	0.0	0.9526	0.9318	1.313	1.317
729	0.6333	0.0	0.6333	0.3905	0.8598	0.535
730	0.4472	0.0	0.4472	0.6428	0.577	0.8036
731	0.3615	0.0	0.3615	0.5012	0.416	0.6248
732	0.3774	0.0	0.3774	0.4213	0.4053	0.5244
733	0.4889	0.0	0.4889	0.2823	0.5816	0.3401
734	0.117	0.0	0.117	0.1838	0.2645	0.3068
735	0.297	0.0	0.297	0.3519	0.4413	0.5079
736	0.6815	0.0	0.6815	0.67	0.7174	0.9353
737	0.6414	0.0	0.6414	0.7341	0.8257	0.859
738	0.4446	0.0	0.4446	0.2648	0.478	0.3536
739	0.5971	0.0	0.5971	0.7457	0.6981	0.8928
740	0.8608	0.0	0.8608	0.7151	0.9754	0.8914
741	0.8385	0.0	0.8385	0.9389	0.9873	1.162
742	0.7366	0.0	0.7366	0.5551	0.8485	0.6543
743	0.9158	0.0	0.9158	0.492	1.022	0.5294
744	0.3719	0.0	0.3719	0.4605	0.479	0.5024
745	0.4358	0.0	0.4358	0.3351	0.4954	0.4421
746	0.684	0.0	0.684	0.6086	0.9049	0.9836
747	0.8291	0.0	0.8291	0.8771	0.9627	0.9486
748	0.6601	0.0	0.6601	0.5994	0.7165	0.6518
749	0.5919	0.0	0.5919	0.7142	0.711	0.7521
750	0.4074	0.0	0.4074	0.4668	0.4847	0.5525
751	0.9248	0.0	0.9248	0.9479	1.128	1.227
752	0.4032	0.0	0.4032	0.8218	0.4418	1.222
753	0.4443	0.0	0.4443	0.7466	0.4716	0.9206
754	0.682	0.0	0.682	0.6916	0.8314	0.8899
755	0.4528	0.0	0.4528	0.3342	0.582	0.4483
756	0.394	0.0	0.394	0.2779	0.5747	0.3595
757	0.9433	0.0	0.9433	0.8156	1.099	0.949
758	1.018	0.0	1.018	0.8028	1.147	1.148
759	0.7436	0.0	0.7436	0.7205	0.8998	0.8203
760	0.453	0.0	0.453	0.4202	0.5397	0.5762
761	0.7544	0.0	0.7544	0.5184	1.078	0.6531
762	0.5961	0.0	0.5961	0.7777	0.767	0.8816
763	0.7275	0.0	0.7275	0.6972	0.8457	0.8488
764	0.613	0.0	0.613	0.4018	0.8039	0.453
765	0.3197	0.0	0.3197	0.4936	0.4235	0.6168
766	0.8929	0.0	0.8929	1.108	1.017	1.304
767	0.4524	0.0	0.4524	0.4481	0.6231	0.7114
768	0.4393	0.0	0.4393	0.3679	0.404	0.4801
769	0.3472	0.0	0.3472	0.2099	0.4241	0.3512
770	0.3854	0.0	0.3854	0.3569	0.497	0.4522
771	0.8499	0.0	0.8499	0.6255	1.025	0.7768
772	0.5396	0.0	0.5396	0.345	0.6392	0.6051
773	0.2278	0.0	0.2278	0.2516	0.3385	0.334
774	0.833	0.0	0.833	0.8479	0.96	1.09
775	0.7384	0.0	0.7384	0.7679	0.8711	0.993
776	0.4504	0.0	0.4504	0.4466	0.6308	0.5883
777	0.8707	0.0	0.8707	0.653	1.084	0.7232
778	0.8208	0.0	0.8208	0.7829	0.9248	1.03
779	0.8447	0.0	0.8447	0.9113	1.036	0.9939
780	0.3151	0.0	0.3151	0.2775	0.4009	0.3993
781	0.5021	0.0	0.5021	0.8222	0.4951	0.9443
782	0.6016	0.0	0.6016	1.091	0.7678	1.199
783	0.4143	0.0	0.4143	0.376	0.5313	0.4453
784	0.5921	0.0	0.5921	0.8138	0.725	1.014
785	0.4025	0.0	0.4025	0.426	0.5429	0.6509
786	0.2096	0.0	0.2096	0.222	0.2803	0.3118
787	0.793	0.0	0.793	0.5652	0.9626	0.6783
788	0.5336	0.0	0.5336	0.3349	0.6464	0.4243
789	0.8371	0.0	0.8371	0.8602	0.9735	1.045
790	0.6901	0.0	0.6901	0.9017	0.7419	1.051
791	0.9651	0.0	0.9651	0.7037	1.206	0.833
792	0.568	0.0	0.568	0.4399	0.5508	0.4944
793	0.4679	0.0	0.4679	0.3419	0.5921	0.4461
794	0.8842	0.0	0.8842	0.4902	0.9604	0.5591
795	0.3189	0.0	0.3189	0.3031	0.4949	0.4555
796	0.514	0.0	0.514	0.8497	0.6372	0.9989
797	0.8048	0.0	0.8048	0.63	0.9129	0.7032
798	1.247	0.0	1.247	1.055	1.4	1.276
799	1.077	0.0	1.077	0.5996	1.308	0.8489
800	0.4969	0.0	0.4969	0.5011	0.5394	0.583
801	0.9226	0.0	0.9226	0.9792	1.038	1.226
802	0.5282	0.0	0.5282	0.8056	0.5357	1.06
803	0.3699	0.0	0.3699	0.349	0.4776	0.5104
804	0.7224	0.0	0.7224	0.5032	0.7318	0.5726
805	0.8614	0.0	0.8614	0.4466	1.084	0.6007
806	0.3018	0.0	0.3018	0.3772	0.3987	0.4812
807	0.5527	0.0	0.5527	0.4435	0.7314	0.6186
808	0.5161	0.0	0.5161	0.6862	0.5593	0.7108
809	0.513	0.0	0.513	0.6944	0.6586	0.8043
810	0.4336	0.0	0.4336	0.4122	0.6031	0.5958
811	0.9498	0.0	0.9498	0.7681	1.064	1.038
812	0.3386	0.0	0.3386	0.3731	0.4269	0.4777
813	0.4577	0.0	0.4577	0.3141	0.6317	0.4646
814	0.389	0.0	0.389	0.7532	0.4631	1.031
815	0.3833	0.0	0.3833	0.3467	0.5217	0.4934
816	0.3134	0.0	0.3134	0.4275	0.3584	0.4912
817	0.4478	0.0	0.4478	0.2949	0.5459	0.3542
818	0.5698	0.0	0.5698	0.7599	0.6344	0.8913
819	0.5701	0.0	0.5701	0.7663	0.6269	0.9021
820	0.537	0.0	0.537	0.6449	0.7563	0.7578
821	0.3383	0.0	0.3383	0.3797	0.5104	0.5821
822	0.9152	0.0	0.9152	0.7729	0.9642	0.9008
823	0.4196	0.0	0.4196	0.5032	0.4694	0.6143
824	0.3751	0.0	0.3751	0.4462	0.4434	0.4928
825	0.537	0.0	0.537	0.6857	0.6937	0.8185
826	0.54	0.0	0.54	0.5026	0.681	0.7232
827	0.7734	0.0	0.7734	0.9895	0.8952	1.284
828	0.4819	0.0	0.4819	0.5699	0.5936	0.7128
829	0.7509	0.0	0.7509	0.6304	0.894	1.07
830	0.6748	0.0	0.6748	0.7586	0.7332	1.472
831	0.6549	0.0	0.6549	0.5242	0.7596	0.6341
832	0.8681	0.0	0.8681	0.8637	1.193	1.234
833	0.5221	0.0	0.5221	0.429	0.5928	0.6848
834	0.4141	0.0	0.4141	0.5118	0.5208	0.6789
835	0.8291	0.0	0.8291	0.4857	0.9152	0.6052
836	0.3833	0.0	0.3833	0.4129	0.4463	0.4866
837	0.7713	0.0	0.7713	0.6111	1.02	0.7418
838	0.704	0.0	0.704	0.4275	0.8231	0.4794
839	0.4436	0.0	0.4436	0.2944	0.5939	0.4883
840	0.4669	0.0	0.4669	0.8355	0.4955	1.041
841	0.5957	0.0	0.5957	0.7549	0.6688	0.8408
842	0.4293	0.0	0.4293	0.2179	0.523	0.3161
843	0.7671	0.0	0.7671	0.9725	0.9041	1.041
844	0.4926	0.0	0.4926	0.6963	0.5605	0.7746
845	0.8373	0.0	0.8373	1.013	1.088	1.67
846	0.5887	0.0	0.5887	0.4001	0.6581	0.5031
847	0.9626	0.0	0.9626	0.717	1.105	0.7831
848	0.4649	0.0	0.4649	0.4212	0.5761	0.5521
849	0.3297	0.0	0.3297	0.6417	0.4421	0.8098
850	0.9409	0.0	0.9409	0.553	1.032	0.7318
851	0.5156	0.0	0.5156	0.815	0.5575	0.9881
852	0.5582	0.0	0.5582	0.7677	0.5945	0.8876
853	0.4796	0.0	0.4796	0.601	0.5151	0.7096
854	0.7168	0.0	0.7168	0.8434	0.7761	0.9407
855	0.7275	0.0	0.7275	0.6828	0.7516	0.7977
856	0.5857	0.0	0.5857	0.5987	0.7305	0.8555
857	0.7382	0.0	0.7382	0.4542	0.8087	0.5724
858	0.7473	0.0	0.7473	0.5093	0.9474	0.5597
859	0.5878	0.0	0.5878	0.5909	0.8517	0.7137
860	0.2185	0.0	0.2185	0.3515	0.2951	0.5579
861	0.8027	0.0	0.8027	0.9678	0.9522	1.107
862	0.6691	0.0	0.6691	0.8537	0.7858	1.056
863	0.8313	0.0	0.8313	0.5321	0.9146	0.6426
864	0.3527	0.0	0.3527	0.2951	0.4182	0.4381
865	0.8054	0.0	0.8054	0.8897	0.9722	1.083
866	0.7529	0.0	0.7529	0.6513	0.8312	0.7175
867	0.6969	0.0	0.6969	0.6883	0.7613	0.9049
868	0.4738	0.0	0.4738	0.4803	0.5936	0.639
869	0.6108	0.0	0.6108	0.26	0.9089	0.3662
870	0.4786	0.0	0.4786	0.6687	0.5202	0.8584
871	0.33	0.0	0.33	0.3297	0.4083	0.4747
872	0.4421	0.0	0.4421	0.5974	0.5364	0.716
873	0.4416	0.0	0.4416	0.2837	0.4957	0.3849
874	0.4853	0.0	0.4853	0.3664	0.615	0.4898
875	0.6918	0.0	0.6918	0.3521	0.8713	0.4246
876	0.4233	0.0	0.4233	0.3784	0.4753	0.4864
877	0.368	0.0	0.368	0.2847	0.5314	0.4795
878	0.8671	0.0	0.8671	0.6683	1.132	0.8173
879	0.8715	0.0	0.8715	0.6199	0.9867	0.7704
880	0.327	0.0	0.327	0.2284	0.4098	0.2943
881	0.66	0.0	0.66	0.6849	0.9484	0.791
882	0.5433	0.0	0.5433	0.6581	0.6216	0.7516
883	0.969	0.0	0.969	0.6346	1.131	0.7527
884	0.8839	0.0	0.8839	0.4626	0.94	0.6471
885	0.7452	0.0	0.7452	0.7385	0.8804	0.8529
886	0.503	0.0	0.503	0.6942	0.6085	0.7735
887	0.3929	0.0	0.3929	0.8494	0.4861	0.994
888	0.6682	0.0	0.6682	0.6514	0.7281	0.7163
889	0.4105	0.0	0.4105	0.4229	0.4794	0.5489
890	0.2196	0.0	0.2196	0.3816	0.298	0.5386
891	0.7218	0.0	0.7218	0.6322	0.8372	0.7324
892	0.477	0.0	0.477	0.2694	0.5683	0.4183
893	1.159	0.0	1.159	0.5976	1.301	0.7539
894	0.6199	0.0	0.6199	0.767	0.7613	0.8975
895	0.7071	0.0	0.7071	0.42	0.8	0.4686
896	0.489	0.0	0.489	0.4382	0.535	0.5029
897	0.5815	0.0	0.5815	0.5334	0.6919	0.6813
898	0.6211	0.0	0.6211	0.6695	0.7134	0.7778
899	0.5338	0.0	0.5338	0.34	0.7688	0.543
900	0.6033	0.0	0.6033	0.5463	0.7099	0.6513
901	0.7193	0.0	0.7193	0.7061	0.8212	0.8023
902	0.5948	0.0	0.5948	0.8186	0.6922	0.8687
903	0.6868	0.0	0.6868	0.7571	0.8583	1.005
904	0.286	0.0	0.286	0.5862	0.3607	0.8809
905	0.7686	0.0	0.7686	0.7143	0.8778	0.8021
906	0.4314	0.0	0.4314	0.7386	0.6009	0.8036
907	0.3013	0.0	0.3013	0.2807	0.4291	0.3744
908	0.6811	0.0	0.6811	0.7557	0.7522	0.9039
909	0.7215	0.0	0.7215	0.7593	0.888	0.9073
910	0.3369	0.0	0.3369	0.3573	0.4368	0.4463
911	0.4025	0.0	0.4025	0.2601	0.5141	0.3599
912	0.552	0.0	0.552	0.734	0.5771	0.8895
913	0.5898	0.0	0.5898	0.7401	0.6649	1.024
914	0.3479	0.0	0.3479	0.3414	0.5059	0.5032
915	0.4427	0.0	0.4427	0.9168	0.5603	1.195
916	0.4592	0.0	0.4592	0.3661	0.5335	0.5189
917	0.403	0.0	0.403	0.6043	0.5473	0.7361
918	0.3657	0.0	0.3657	0.4521	0.4951	0.511
919	0.2978	0.0	0.2978	0.2705	0.4585	0.337
920	0.447	0.0	0.447	0.4796	0.524	0.5545
921	0.4675	0.0	0.4675	0.2413	0.6017	0.3199
922	0.7164	0.0	0.7164	0.7048	0.8503	0.8341
923	0.5381	0.0	0.5381	0.5281	0.5753	0.581
924	0.8046	0.0	0.8046	0.7225	0.8821	0.8671
925	0.8788	0.0	0.8788	0.7524	1.02	0.9646
926	0.5701	0.0	0.5701	0.6648	0.6026	0.7258
927	0.4344	0.0	0.4344	0.4771	0.5875	0.6568
928	0.3753	0.0	0.3753	0.3954	0.4177	0.4917
929	0.5671	0.0	0.5671	0.6162	0.7157	0.8271
930	0.4109	0.0	0.4109	0.9977	0.4935	1.164
931	0.9705	0.0	0.9705	1.087	1.06	1.258
932	0.4817	0.0	0.4817	0.6379	0.524	0.7323
933	0.5899	0.0	0.5899	0.3671	0.7684	0.5947
934	0.6648	0.0	0.6648	0.7252	0.8158	0.9748
935	0.3967	0.0	0.3967	0.5619	0.4272	0.6421
936	0.4869	0.0	0.4869	0.969	0.5556	1.245
937	0.4256	0.0	0.4256	0.3605	0.5353	0.5558
938	0.2595	0.0	0.2595	0.5336	0.3794	0.6851
939	0.177	0.0	0.177	0.4876	0.2032	0.5937
940	0.3752	0.0	0.3752	0.5189	0.4251	0.808
941	0.5774	0.0	0.5774	0.4426	0.7451	0.6109
942	0.9732	0.0	0.9732	0.5925	1.094	0.6588
943	0.3705	0.0	0.3705	0.2514	0.551	0.3392
944	0.6094	0.0	0.6094	1.013	0.7855	1.253
945	0.5966	0.0	0.5966	0.8219	0.7733	0.9985
946	0.3213	0.0	0.3213	0.2185	0.4508	0.3584
947	0.9545	0.0	0.9545	0.5895	1.138	0.6987
948	0.3993	0.0	0.3993	0.5312	0.4322	0.652
949	0.8687	0.0	0.8687	0.6155	1.215	1.027
950	0.7695	0.0	0.7695	0.3758	0.8774	0.4743
951	0.693	0.0	0.693	1.099	0.7663	1.273
952	0.4796	0.0	0.4796	0.3746	0.5181	0.5016
953	0.4188	0.0	0.4188	0.4004	0.5035	0.4878
954	0.8314	0.0	0.8314	0.4312	1.025	0.5435
955	0.518	0.0	0.518	0.533	0.653	0.5998
956	0.6762	0.0	0.6762	0.7064	0.7735	0.832
957	0.5469	0.0	0.5469	0.4032	0.6142	0.4228
958	0.6431	0.0	0.6431	0.6957	0.6383	0.7257
959	0.5544	0.0	0.5544	1.008	0.6154	1.202
960	0.8802	0.0	0.8802	0.725	1.039	0.9698
961	0.4448	0.0	0.4448	0.7119	0.5572	0.8099
962	0.4642	0.0	0.4642	0.7492	0.5004	1.091
963	0.731	0.0	0.731	0.2892	0.8774	0.4576
964	0.4602	0.0	0.4602	0.2784	0.5823	0.461
965	0.4614	0.0	0.4614	0.9992	0.4937	1.191
966	0.886	0.0	0.886	0.8007	0.9253	0.8511
967	0.6439	0.0	0.6439	0.5	0.7076	0.5609
968	0.8968	0.0	0.8968	0.2534	1.021	0.3186
969	0.3475	0.0	0.3475	0.5385	0.43	0.6771
970	0.5794	0.0	0.5794	1.052	0.62	1.287
971	0.4894	0.0	0.4894	0.9236	0.5748	1.085
972	0.5087	0.0	0.5087	0.4255	0.69	0.5673
973	0.5937	0.0	0.5937	0.2697	0.7279	0.3296
974	0.7504	0.0	0.7504	0.4999	0.8253	0.5687
975	0.3496	0.0	0.3496	0.3456	0.5084	0.5021
976	0.3725	0.0	0.3725	0.4662	0.5377	0.5766
977	0.1703	0.0	0.1703	0.2964	0.2333	0.3717
978	0.4426	0.0	0.4426	0.4779	0.5368	0.6412
979	0.5142	0.0	0.5142	0.2801	0.6107	0.3397
980	0.2752	0.0	0.2752	0.3685	0.459	0.4898
981	0.4404	0.0	0.4404	0.3349	0.5591	0.401
982	0.8817	0.0	0.8817	0.7946	1.115	0.973
983	0.5506	0.0	0.5506	0.7011	0.6228	0.8444
984	0.4358	0.0	0.4358	0.207	0.4631	0.2711
985	0.8652	0.0	0.8652	0.4986	0.9734	0.6002
986	0.5695	0.0	0.5695	0.7885	0.6226	0.8823
987	0.7027	0.0	0.7027	1.122	0.792	1.378
988	0.3334	0.0	0.3334	0.6385	0.379	0.7827
989	0.7113	0.0	0.7113	0.7354	0.8175	0.9298
990	0.6706	0.0	0.6706	0.7548	0.7579	0.8773
991	0.2295	0.0	0.2295	0.435	0.3186	0.615
992	0.7902	0.0	0.7902	0.8913	0.9733	1.082
993	0.4206	0.0	0.4206	0.4285	0.6229	0.658
994	0.3469	0.0	0.3469	0.3421	0.4756	0.4997
995	1.182	0.0	1.182	0.7179	1.307	0.913
996	0.42	0.0	0.42	0.3902	0.5619	0.5467
997	1.08	0.0	1.08	0.9515	1.241	1.185
998	0.4942	0.0	0.4942	0.3468	0.5356	0.3888
999	0.4393	0.0	0.4393	0.4767	0.469	0.5244
1000	0.3586	0.0	0.3586	0.3913	0.3824	0.4469
1001	0.289	0.0	0.289	0.2658	0.3315	0.3237
1002	0.6551	0.0	0.6551	0.5872	0.7966	0.7431
1003	0.4901	0.0	0.4901	0.2155	0.6588	0.3344
1004	0.6645	0.0	0.6645	0.4035	0.7821	0.5057
1005	0.7672	0.0	0.7672	0.7788	0.8533	0.889
1006	0.393	0.0	0.393	0.7039	0.4538	0.9843
1007	0.6431	0.0	0.6431	0.8143	0.7553	1.031
1008	0.5948	0.0	0.5948	0.6111	0.654	0.6959
1009	0.7273	0.0	0.7273	1.034	0.8613	1.438
1010	0.2142	0.0	0.2142	0.1848	0.2413	0.2449
1011	0.3199	0.0	0.3199	0.4357	0.3445	0.5332
1012	0.5428	0.0	0.5428	0.624	0.6768	0.734
1013	0.5053	0.0	0.5053	0.7107	0.6355	0.8927
1014	0.3364	0.0	0.3364	0.2214	0.4013	0.3084
1015	0.4297	0.0	0.4297	0.6139	0.5936	0.7057
1016	0.8424	0.0	0.8424	0.6513	1.131	0.8957
1017	0.5815	0.0	0.5815	0.8071	0.6738	1.015
1018	0.3135	0.0	0.3135	0.4226	0.3755	0.4949
1019	0.4866	0.0	0.4866	0.6312	0.554	0.7355
1020	0.378	0.0	0.378	0.3845	0.4897	0.5467
1021	0.454	0.0	0.454	0.3755	0.5262	0.6221
1022	0.5471	0.0	0.5471	0.6569	0.7111	0.876
1023	0.3762	0.0	0.3762	0.2977	0.5374	0.4533
1024	0.1713	0.0	0.1713	0.3224	0.2338	0.3892
1025	0.821	0.0	0.821	0.2894	0.9346	0.3817
1026	0.6214	0.0	0.6214	0.662	0.6682	0.8048
1027	0.4981	0.0	0.4981	0.7323	0.5084	0.8452
1028	0.4508	0.0	0.4508	0.6673	0.4796	0.7499
1029	0.7087	0.0	0.7087	0.5065	0.8409	0.5572
1030	0.5407	0.0	0.5407	0.6173	0.5535	0.7221
1031	0.3315	0.0	0.3315	0.3644	0.3763	0.4544
1032	0.4418	0.0	0.4418	0.5902	0.4854	0.7807
1033	0.453	0.0	0.453	0.5578	0.5534	0.6613
1034	0.4892	0.0	0.4892	0.6141	0.539	0.8177
1035	0.7019	0.0	0.7019	0.7423	0.854	1.048
1036	0.4224	0.0	0.4224	0.3072	0.4866	0.516
1037	0.6767	0.0	0.6767	0.5284	0.9947	0.946
1038	0.7395	0.0	0.7395	0.7338	0.8246	0.8933
1039	0.3742	0.0	0.3742	1.035	0.4625	1.624
1040	0.8192	0.0	0.8192	0.7308	1.107	1.084
