Step	Loss(S)	Loss(T)	fwd_S	fwd_T	rev_S	rev_T
1	3.97	0.0	3.082	4.227	3.97	4.598
2	1.293	0.0	1.33	3.587	1.293	3.438
3	3.675	0.0	3.122	2.659	3.675	2.498
4	2.856	0.0	2.967	3.472	2.856	3.156
5	3.084	0.0	3.687	4.546	3.084	3.202
6	1.599	0.0	1.964	2.88	1.599	2.927
7	2.275	0.0	3.943	3.181	2.275	1.696
8	2.005	0.0	2.676	2.755	2.005	1.918
9	1.973	0.0	2.77	2.609	1.973	1.824
10	2.479	0.0	4.529	6.778	2.479	3.568
11	1.984	0.0	2.216	1.623	1.984	1.484
12	1.465	0.0	1.725	1.52	1.465	1.233
13	2.286	0.0	1.988	1.89	2.286	1.817
14	1.726	0.0	2.574	2.201	1.726	1.438
15	1.639	0.0	1.815	1.111	1.639	1.068
16	2.406	0.0	3.18	2.21	2.406	1.451
17	1.502	0.0	2.236	1.58	1.502	1.205
18	1.799	0.0	2.839	2.863	1.799	2.028
19	1.576	0.0	1.942	2.01	1.576	1.529
20	2.136	0.0	2.51	2.679	2.136	1.531
21	0.6787	0.0	0.729	1.101	0.6787	0.8924
22	1.181	0.0	1.488	1.64	1.181	1.609
23	1.321	0.0	1.722	1.225	1.321	1.139
24	0.7091	0.0	0.9368	2.499	0.7091	2.212
25	1.402	0.0	1.604	1.538	1.402	1.256
26	1.888	0.0	2.565	2.211	1.888	1.952
27	1.559	0.0	2.324	2.99	1.559	1.761
28	1.581	0.0	2.277	2.272	1.581	1.592
29	0.6683	0.0	0.8744	1.319	0.6683	1.04
30	0.7339	0.0	1.148	1.376	0.7339	0.9741
31	1.354	0.0	1.774	2.268	1.354	2.293
32	1.127	0.0	1.674	3.126	1.127	1.957
33	1.258	0.0	1.536	1.87	1.258	1.393
34	1.084	0.0	1.404	1.253	1.084	0.876
35	0.8218	0.0	1.075	0.9282	0.8218	0.7894
36	1.575	0.0	2.458	3.263	1.575	1.655
37	1.667	0.0	2.27	2.779	1.667	1.755
38	0.9507	0.0	1.052	1.076	0.9507	0.9458
39	1.081	0.0	2.172	2.367	1.081	1.452
40	0.7136	0.0	1.042	0.9569	0.7136	0.6305
41	1.427	0.0	1.867	1.526	1.427	1.091
42	0.8849	0.0	1.551	0.8331	0.8849	0.6984
43	1.197	0.0	1.694	0.6398	1.197	0.4746
44	0.4973	0.0	0.7474	1.223	0.4973	0.8871
45	0.9406	0.0	1.285	1.436	0.9406	1.078
46	1.39	0.0	1.535	1.615	1.39	1.427
47	0.5138	0.0	0.5685	0.6335	0.5138	0.5353
48	1.531	0.0	1.883	1.384	1.531	0.8881
49	0.9644	0.0	1.271	1.598	0.9644	1.299
50	1.224	0.0	1.324	0.6883	1.224	0.599
51	1.137	0.0	1.22	1.028	1.137	0.9657
52	1.331	0.0	1.405	0.2511	1.331	0.2003
53	1.062	0.0	1.278	1.243	1.062	1.05
54	1.027	0.0	1.19	0.9861	1.027	0.8767
55	1.247	0.0	1.515	1.779	1.247	1.191
56	0.6093	0.0	0.7592	1.109	0.6093	0.9707
57	0.9141	0.0	1.642	1.258	0.9141	0.743
58	1.127	0.0	1.56	1.475	1.127	0.9156
59	1.397	0.0	1.885	2.249	1.397	1.575
60	0.9416	0.0	1.654	0.7483	0.9416	0.4865
61	1.083	0.0	1.231	2.118	1.083	1.892
62	0.9782	0.0	1.186	0.9174	0.9782	0.8011
63	1.307	0.0	1.371	0.7923	1.307	0.5632
64	0.8483	0.0	1.001	1.479	0.8483	1.279
65	0.6466	0.0	0.7953	1.663	0.6466	1.101
66	0.4389	0.0	0.5083	1.179	0.4389	0.9795
67	0.7361	0.0	1.131	1.179	0.7361	1.081
68	0.9868	0.0	1.589	1.6	0.9868	1.28
69	0.721	0.0	0.8575	1.1	0.721	0.8524
70	0.8763	0.0	1.126	1.213	0.8763	0.889
71	0.9736	0.0	1.237	1.413	0.9736	1.063
72	0.7308	0.0	0.9975	1.317	0.7308	1.133
73	0.9426	0.0	0.9706	0.6441	0.9426	0.6522
74	1.238	0.0	1.764	1.831	1.238	1.476
75	0.5263	0.0	0.7297	1.994	0.5263	1.092
76	1.055	0.0	1.456	1.311	1.055	0.9601
77	1.25	0.0	1.59	1.582	1.25	1.552
78	0.7623	0.0	1.175	0.9895	0.7623	0.6001
79	1.429	0.0	1.653	1.995	1.429	1.613
80	0.7437	0.0	0.937	0.9706	0.7437	0.8292
81	1.423	0.0	1.85	1.589	1.423	1.407
82	0.7407	0.0	1.333	1.745	0.7407	0.8716
83	1.306	0.0	1.401	1.695	1.306	1.351
84	0.8044	0.0	1.084	0.8559	0.8044	0.5119
85	0.6342	0.0	0.9755	1.699	0.6342	1.295
86	0.665	0.0	0.9005	1.339	0.665	1.004
87	1.622	0.0	2.018	1.699	1.622	1.441
88	0.6201	0.0	0.8673	1.757	0.6201	1.219
89	0.9663	0.0	1.151	1.139	0.9663	0.9907
90	0.9687	0.0	1.191	0.873	0.9687	0.702
91	0.54	0.0	0.6739	0.7781	0.54	0.7113
92	1.124	0.0	1.202	1.43	1.124	1.151
93	0.8302	0.0	1.062	1.2	0.8302	1.025
94	1.044	0.0	1.056	0.9356	1.044	0.8723
95	0.6483	0.0	0.9049	1.142	0.6483	0.8319
96	0.9907	0.0	1.145	1.055	0.9907	0.7864
97	0.8174	0.0	1.001	0.7675	0.8174	0.622
98	1.317	0.0	1.273	1.546	1.317	1.355
99	1.153	0.0	1.087	0.8839	1.153	0.9403
100	0.7669	0.0	1.003	1.009	0.7669	0.7915
101	0.739	0.0	0.9038	0.5257	0.739	0.4554
102	0.3273	0.0	0.3752	0.758	0.3273	0.7263
103	0.509	0.0	0.7144	1.021	0.509	0.8651
104	1.112	0.0	1.479	1.699	1.112	1.181
105	1.414	0.0	1.517	1.473	1.414	1.028
106	1.234	0.0	1.555	1.705	1.234	1.308
107	0.7321	0.0	0.9815	1.417	0.7321	1.052
108	0.9283	0.0	1.313	1.806	0.9283	1.295
109	1.049	0.0	1.915	1.741	1.049	0.9695
110	0.9061	0.0	1.094	0.9006	0.9061	0.8158
111	1.061	0.0	2.09	1.156	1.061	0.7997
112	1.172	0.0	1.61	1.423	1.172	1.15
113	0.9231	0.0	1.016	0.8614	0.9231	0.6954
114	1.332	0.0	1.841	2.449	1.332	1.423
115	0.7914	0.0	0.9714	0.9254	0.7914	0.8129
116	0.902	0.0	0.9768	0.4601	0.902	0.3771
117	1.206	0.0	1.143	0.946	1.206	0.8506
118	1.143	0.0	1.18	1.412	1.143	1.235
119	0.4294	0.0	0.5574	0.5456	0.4294	0.4384
120	1.1	0.0	1.241	1.79	1.1	1.461
121	0.6462	0.0	0.6904	1.127	0.6462	0.937
122	1.058	0.0	1.181	1.346	1.058	1.227
123	0.7716	0.0	0.8591	0.6315	0.7716	0.5688
124	1.242	0.0	1.4	1.45	1.242	1.242
125	0.5237	0.0	0.5072	1.245	0.5237	1.032
126	0.3656	0.0	0.4	1.18	0.3656	1.003
127	0.9065	0.0	1.031	0.7345	0.9065	0.5828
128	0.7873	0.0	1.109	1.159	0.7873	1.046
129	0.5914	0.0	0.7372	0.5536	0.5914	0.4728
130	0.7993	0.0	1.056	1.433	0.7993	1.165
131	1.266	0.0	1.528	1.429	1.266	1.072
132	0.7744	0.0	0.9996	1.685	0.7744	1.3
133	0.6529	0.0	0.7291	0.5399	0.6529	0.492
134	0.9241	0.0	1.171	1.461	0.9241	1.275
135	1.056	0.0	1.106	1.448	1.056	1.157
136	1.392	0.0	2.105	2.078	1.392	1.464
137	0.6866	0.0	0.7851	1.251	0.6866	1.059
138	0.8937	0.0	1.019	1.095	0.8937	1.007
139	0.6822	0.0	0.8782	1.108	0.6822	0.8608
140	0.8182	0.0	0.9723	1.402	0.8182	1.261
141	1.25	0.0	1.449	1.301	1.25	1.037
142	0.6172	0.0	0.7303	0.4797	0.6172	0.3884
143	0.8535	0.0	1.586	1.184	0.8535	0.7575
144	0.6136	0.0	0.7961	0.7861	0.6136	0.5973
145	1.222	0.0	1.361	1.624	1.222	1.313
146	0.8509	0.0	1.124	0.9143	0.8509	0.6396
147	0.6513	0.0	0.9335	0.5694	0.6513	0.5279
148	0.4431	0.0	0.5358	1.464	0.4431	0.8918
149	0.9269	0.0	1.29	1.101	0.9269	0.6607
150	0.4893	0.0	0.5274	1.132	0.4893	1.046
151	1.109	0.0	1.212	0.8981	1.109	0.7288
152	0.9145	0.0	1.162	1.174	0.9145	0.9981
153	1.157	0.0	1.217	1.094	1.157	0.9532
154	0.7979	0.0	0.8833	0.6205	0.7979	0.567
155	0.8412	0.0	0.9584	0.9299	0.8412	0.8061
156	0.5943	0.0	0.764	0.7765	0.5943	0.5044
157	0.7208	0.0	0.8231	0.9369	0.7208	0.7705
158	0.5422	0.0	0.6081	0.7822	0.5422	0.6792
159	0.946	0.0	1.136	1.514	0.946	1.226
160	0.5578	0.0	0.6626	0.8801	0.5578	0.723
161	0.7916	0.0	1.204	0.9954	0.7916	0.5199
162	0.8289	0.0	1.311	0.9479	0.8289	0.6566
163	0.7991	0.0	0.9709	1.357	0.7991	1.138
164	0.4965	0.0	0.7316	1.072	0.4965	0.5635
165	0.8223	0.0	1.193	1.696	0.8223	1.891
166	0.6892	0.0	0.8022	0.8286	0.6892	0.7633
167	0.8504	0.0	0.9239	0.8542	0.8504	0.7709
168	1.073	0.0	1.182	1.034	1.073	0.9778
169	0.5694	0.0	0.792	1.219	0.5694	0.8972
170	0.5831	0.0	0.6072	0.5286	0.5831	0.5741
171	0.607	0.0	0.8366	1.171	0.607	0.9524
172	0.8299	0.0	1.019	1.171	0.8299	1.087
173	0.7198	0.0	0.8304	0.8754	0.7198	0.7372
174	0.8042	0.0	0.8645	0.7009	0.8042	0.5854
175	0.9305	0.0	1.03	1.389	0.9305	1.067
176	0.8524	0.0	0.9836	0.8347	0.8524	0.8411
177	0.8587	0.0	1.03	0.5756	0.8587	0.6135
178	0.6134	0.0	0.7616	1.275	0.6134	1.051
179	0.8262	0.0	1.469	2.084	0.8262	1.009
180	1.163	0.0	1.21	0.7321	1.163	0.894
181	1.094	0.0	1.168	1.183	1.094	1.035
182	0.5425	0.0	0.8896	1.008	0.5425	0.555
183	1.192	0.0	1.257	1.34	1.192	1.049
184	0.811	0.0	0.8613	1.315	0.811	1.437
185	1.111	0.0	1.207	0.7443	1.111	0.5304
186	0.442	0.0	0.5262	1.512	0.442	1.035
187	0.819	0.0	0.8648	1.445	0.819	1.291
188	0.9317	0.0	1.232	0.5908	0.9317	0.4226
189	0.7658	0.0	1.879	0.9999	0.7658	0.7301
190	0.943	0.0	1.164	0.8209	0.943	0.7867
191	1.452	0.0	1.913	1.154	1.452	1.03
192	0.3409	0.0	0.5368	0.8155	0.3409	0.5723
193	0.7932	0.0	1.14	0.6858	0.7932	0.549
194	1.158	0.0	1.245	0.8754	1.158	0.7083
195	0.85	0.0	0.9091	0.7681	0.85	0.673
196	0.3107	0.0	0.3527	1.045	0.3107	0.8267
197	0.3671	0.0	0.413	0.9183	0.3671	0.7787
198	0.6295	0.0	0.6182	0.7733	0.6295	0.7185
199	0.7282	0.0	0.9492	1.455	0.7282	1.241
200	0.8042	0.0	0.9004	0.5298	0.8042	0.4025
201	0.7548	0.0	0.9975	0.9287	0.7548	0.7503
202	0.4255	0.0	0.4886	1.137	0.4255	1.007
203	1.021	0.0	1.007	0.6595	1.021	0.6344
204	0.5238	0.0	0.7259	0.9234	0.5238	0.6922
205	0.7426	0.0	0.6866	0.8165	0.7426	0.756
206	0.4635	0.0	0.5173	0.5765	0.4635	0.5439
207	0.4468	0.0	0.5331	0.7394	0.4468	0.851
208	0.5744	0.0	0.6158	0.6992	0.5744	0.5892
209	0.7032	0.0	0.9858	1.293	0.7032	1.225
210	1.235	0.0	1.395	1.339	1.235	1.122
211	0.7743	0.0	1.057	1.423	0.7743	1.111
212	0.9117	0.0	1.15	0.9613	0.9117	0.7165
213	0.8162	0.0	1.027	1.687	0.8162	1.302
214	0.8642	0.0	1.098	0.8048	0.8642	0.7435
215	0.6083	0.0	0.8708	1.097	0.6083	0.4817
216	0.8671	0.0	1.008	1.421	0.8671	1.383
217	0.8571	0.0	0.9281	0.9497	0.8571	0.8131
218	1.18	0.0	1.487	1.641	1.18	1.126
219	0.6356	0.0	0.7457	0.6303	0.6356	0.5754
220	0.4518	0.0	0.4678	1.026	0.4518	0.8805
221	1.205	0.0	0.7886	0.8302	1.205	0.9365
222	1.085	0.0	1.07	1.106	1.085	1.003
223	0.4751	0.0	0.5401	0.5998	0.4751	0.5058
224	0.3603	0.0	0.6815	0.7301	0.3603	0.5613
225	1.161	0.0	1.365	1.475	1.161	1.178
226	1.089	0.0	1.163	0.8978	1.089	0.8598
227	0.7178	0.0	0.7601	0.4047	0.7178	0.3601
228	0.7941	0.0	0.853	0.8998	0.7941	0.8245
229	0.6587	0.0	0.7992	0.705	0.6587	0.6129
230	0.6115	0.0	0.7417	0.9558	0.6115	0.8387
231	0.8099	0.0	0.8865	0.8205	0.8099	0.7033
232	0.9274	0.0	1.07	0.6895	0.9274	0.5903
233	0.6408	0.0	0.7108	0.5394	0.6408	0.5026
234	0.5647	0.0	0.6517	1.115	0.5647	0.9853
235	0.9669	0.0	1.157	1.011	0.9669	0.8982
236	0.5583	0.0	0.6893	0.9862	0.5583	0.773
237	0.564	0.0	0.6482	0.5213	0.564	0.47
238	1.139	0.0	1.155	1.24	1.139	1.252
239	0.9716	0.0	0.9927	1.147	0.9716	1.052
240	1.022	0.0	1.254	1.348	1.022	1.133
241	0.7674	0.0	0.8868	0.9019	0.7674	0.8471
242	0.6912	0.0	0.7587	0.671	0.6912	0.6591
243	0.4959	0.0	0.5888	0.5219	0.4959	0.518
244	1.033	0.0	1.188	0.7841	1.033	0.675
245	1.053	0.0	1.181	1.053	1.053	0.8449
246	1.013	0.0	1.153	0.428	1.013	0.4169
247	0.7448	0.0	1.463	1.242	0.7448	0.7321
248	0.5366	0.0	0.7615	0.5877	0.5366	0.4171
249	0.6599	0.0	0.7619	0.968	0.6599	0.8501
250	0.8229	0.0	1.11	0.6518	0.8229	0.4271
251	0.8037	0.0	0.8716	0.4425	0.8037	0.4036
252	0.6376	0.0	0.7849	0.7261	0.6376	0.4979
253	0.8823	0.0	1.123	0.7613	0.8823	0.5446
254	0.7253	0.0	0.7484	0.8657	0.7253	0.772
255	0.2635	0.0	0.318	0.5657	0.2635	0.5606
256	1.092	0.0	1.288	1.161	1.092	1.098
257	0.8535	0.0	1.045	1.212	0.8535	1.05
258	0.5896	0.0	0.6475	0.666	0.5896	0.5698
259	0.6923	0.0	0.7634	0.7318	0.6923	0.6038
260	0.7495	0.0	0.9916	0.2461	0.7495	0.2016
261	0.6591	0.0	0.7076	0.8626	0.6591	0.7409
262	0.7121	0.0	0.7307	0.7107	0.7121	0.6343
263	1.235	0.0	1.408	1.005	1.235	0.9275
264	0.5433	0.0	0.6402	0.7123	0.5433	0.6582
265	0.946	0.0	1.226	0.9414	0.946	0.5886
266	0.742	0.0	0.9663	1.085	0.742	0.8756
267	0.7158	0.0	0.7644	1.177	0.7158	1.007
268	0.5537	0.0	0.7977	0.8063	0.5537	0.5734
269	0.9926	0.0	1.17	1.305	0.9926	1.295
270	0.641	0.0	0.6783	0.7033	0.641	0.6685
271	0.6332	0.0	0.5919	0.8115	0.6332	0.7972
272	0.9312	0.0	1.011	1.009	0.9312	0.7406
273	0.6261	0.0	0.7851	1.179	0.6261	0.8668
274	0.5146	0.0	0.5864	0.6271	0.5146	0.5894
275	0.473	0.0	0.586	0.4129	0.473	0.2985
276	0.9196	0.0	0.9635	0.875	0.9196	0.8959
277	0.6978	0.0	0.8087	0.527	0.6978	0.4929
278	0.7275	0.0	0.9058	0.7374	0.7275	0.6748
279	0.8101	0.0	0.8993	0.8025	0.8101	0.7666
280	0.448	0.0	0.5997	1.09	0.448	0.9783
281	0.6735	0.0	0.7454	1.262	0.6735	0.9176
282	0.9206	0.0	0.9762	0.9277	0.9206	0.7445
283	0.4066	0.0	0.6114	1.892	0.4066	0.9694
284	0.7748	0.0	0.907	0.7825	0.7748	0.7374
285	0.9897	0.0	1.113	1.107	0.9897	0.8871
286	0.5658	0.0	1.017	1.942	0.5658	1.121
287	1.239	0.0	1.209	1.28	1.239	1.083
288	0.9329	0.0	0.9414	0.8356	0.9329	0.7852
289	0.6046	0.0	0.7676	0.9896	0.6046	0.903
290	0.7296	0.0	1.168	0.7399	0.7296	0.5061
291	0.4577	0.0	0.5591	0.8796	0.4577	0.8625
292	0.3554	0.0	0.4637	0.4294	0.3554	0.2739
293	0.5008	0.0	0.6834	1.079	0.5008	0.8698
294	0.7154	0.0	0.7897	0.8151	0.7154	0.806
295	0.921	0.0	1.139	1.16	0.921	0.9863
296	1.019	0.0	1.258	1.204	1.019	1.064
297	0.6897	0.0	0.9073	0.817	0.6897	0.6588
298	0.4164	0.0	0.4831	0.511	0.4164	0.5089
299	0.3447	0.0	0.3957	0.7234	0.3447	0.6709
300	0.885	0.0	0.9761	1.102	0.885	0.9744
301	0.7399	0.0	0.8134	1.207	0.7399	0.9516
302	0.6298	0.0	0.6866	0.7069	0.6298	0.6597
303	0.6823	0.0	0.8672	1.094	0.6823	0.9973
304	0.5347	0.0	0.6477	0.568	0.5347	0.4508
305	0.8334	0.0	0.9374	0.3778	0.8334	0.332
306	0.9597	0.0	0.9633	0.9886	0.9597	1.099
307	0.7089	0.0	0.7762	0.9229	0.7089	0.8426
308	0.4259	0.0	0.5765	0.2107	0.4259	0.2061
309	0.8148	0.0	0.8532	0.5059	0.8148	0.434
310	0.6698	0.0	0.8113	0.6361	0.6698	0.5972
311	0.667	0.0	0.7491	0.7498	0.667	0.6229
312	1.027	0.0	1.177	0.8447	1.027	0.6484
313	0.5959	0.0	0.6582	0.7707	0.5959	0.7328
314	0.9501	0.0	1.073	1.351	0.9501	1.046
315	0.873	0.0	1.169	1.256	0.873	0.9357
316	1.009	0.0	1.261	0.9612	1.009	0.8255
317	0.6785	0.0	0.8478	1.357	0.6785	1.084
318	0.5627	0.0	0.5744	0.5473	0.5627	0.4774
319	1.239	0.0	2.689	1.103	1.239	0.7434
320	0.9412	0.0	1.002	1.141	0.9412	0.8814
321	0.6104	0.0	0.6511	1.221	0.6104	0.8976
322	1.141	0.0	1.465	1.656	1.141	1.383
323	0.8371	0.0	0.9735	0.7728	0.8371	0.6823
324	0.6135	0.0	0.5351	0.7065	0.6135	0.6391
325	0.5947	0.0	0.9712	0.7688	0.5947	0.5974
326	0.7532	0.0	0.818	0.9673	0.7532	0.8999
327	0.9788	0.0	1.165	0.8786	0.9788	0.8172
328	0.9702	0.0	1.181	0.8869	0.9702	0.7614
329	0.7993	0.0	0.9934	1.115	0.7993	1.038
330	1.025	0.0	1.135	0.9708	1.025	0.8433
331	0.6267	0.0	0.701	0.6801	0.6267	0.6379
332	0.9336	0.0	0.9871	0.777	0.9336	0.6496
333	0.4195	0.0	0.4166	0.945	0.4195	0.7867
334	0.9153	0.0	1.118	0.8986	0.9153	0.7426
335	0.5984	0.0	0.6571	0.6832	0.5984	0.6634
336	0.8914	0.0	1.066	1.238	0.8914	1.12
337	0.6319	0.0	0.7281	0.702	0.6319	0.6248
338	0.7616	0.0	1.072	1.018	0.7616	1.037
339	0.6409	0.0	0.7668	1.221	0.6409	0.8762
340	0.6691	0.0	0.9239	0.7714	0.6691	0.6456
341	0.872	0.0	0.8357	0.5291	0.872	0.4443
342	1.143	0.0	1.238	1.486	1.143	1.371
343	0.7569	0.0	0.8783	0.9391	0.7569	0.8788
344	1.144	0.0	1.313	1.039	1.144	0.7183
345	0.5009	0.0	0.5048	0.4611	0.5009	0.4641
346	0.6094	0.0	0.7152	0.9393	0.6094	0.8035
347	0.5535	0.0	0.7007	0.7888	0.5535	0.6924
348	1.197	0.0	1.565	0.7865	1.197	0.616
349	0.9654	0.0	0.989	1.183	0.9654	1.053
350	0.5346	0.0	0.5453	1.034	0.5346	0.9514
351	0.5662	0.0	0.9164	1.379	0.5662	0.8424
352	0.5018	0.0	0.7049	0.7546	0.5018	0.5658
353	1.043	0.0	1.154	1.394	1.043	1.155
354	0.7624	0.0	0.9448	0.7058	0.7624	0.5236
355	0.5003	0.0	0.522	0.427	0.5003	0.3557
356	0.5857	0.0	0.9458	0.4201	0.5857	0.3485
357	0.7118	0.0	0.8549	0.7051	0.7118	0.5866
358	0.6168	0.0	0.6689	1.052	0.6168	0.9863
359	0.4337	0.0	0.5038	0.582	0.4337	0.4592
360	0.9861	0.0	1.05	1.296	0.9861	1.126
361	0.8392	0.0	1.007	0.7247	0.8392	0.5537
362	0.5235	0.0	0.5667	0.4816	0.5235	0.443
363	0.6665	0.0	0.7141	0.9894	0.6665	0.7931
364	0.4844	0.0	0.6044	0.4225	0.4844	0.3576
365	0.7916	0.0	0.8597	0.7651	0.7916	0.6347
366	0.6285	0.0	0.8427	0.5794	0.6285	0.538
367	1.032	0.0	1.055	1.577	1.032	1.252
368	0.6349	0.0	0.6812	0.7145	0.6349	0.6391
369	0.8701	0.0	1.079	0.9855	0.8701	0.7763
370	0.352	0.0	0.4441	0.8813	0.352	0.7643
371	0.7948	0.0	0.9044	1.233	0.7948	1.143
372	0.6496	0.0	1.046	0.7734	0.6496	0.5001
373	0.5943	0.0	0.6616	0.8215	0.5943	0.6294
374	0.5058	0.0	0.5873	0.6602	0.5058	0.6294
375	0.5714	0.0	0.6513	0.7066	0.5714	0.7094
376	0.324	0.0	0.382	1.117	0.324	1.021
377	0.6928	0.0	0.9915	0.8991	0.6928	0.6687
378	0.5687	0.0	0.5841	0.5942	0.5687	0.5962
379	0.9676	0.0	1.355	0.8624	0.9676	0.6545
380	0.7976	0.0	0.9466	1.152	0.7976	0.9425
381	0.6	0.0	0.6589	0.668	0.6	0.5994
382	0.8441	0.0	0.9604	0.7561	0.8441	0.6786
383	0.7832	0.0	0.9161	0.8245	0.7832	0.8016
384	0.595	0.0	0.6665	0.596	0.595	0.5463
385	0.4462	0.0	0.4904	0.7101	0.4462	0.7772
386	1.137	0.0	1.452	0.9382	1.137	0.8745
387	0.7837	0.0	1.451	1.021	0.7837	0.5971
388	1.029	0.0	0.9647	1.108	1.029	0.8713
389	0.7264	0.0	0.8142	1.098	0.7264	0.9825
390	0.587	0.0	1.036	0.9761	0.587	0.6383
391	0.732	0.0	0.8788	0.9746	0.732	0.7568
392	0.6748	0.0	0.7347	0.8265	0.6748	0.6211
393	0.8342	0.0	0.8109	1.201	0.8342	1.112
394	0.6976	0.0	1.192	0.8774	0.6976	0.5521
395	0.8862	0.0	0.9587	1.045	0.8862	1.045
396	1.008	0.0	1.218	1.261	1.008	1.085
397	0.4127	0.0	0.5241	0.636	0.4127	0.5471
398	0.5936	0.0	0.6702	0.6876	0.5936	0.8126
399	1.169	0.0	1.45	1.063	1.169	1.176
400	0.8841	0.0	1.098	1.049	0.8841	0.674
401	0.5093	0.0	0.8013	1.171	0.5093	0.8876
402	0.7491	0.0	0.9374	0.8474	0.7491	0.7598
403	0.5677	0.0	0.6671	0.6692	0.5677	0.5647
404	0.6984	0.0	0.6845	0.7529	0.6984	0.71
405	0.7462	0.0	0.8185	0.7463	0.7462	0.7209
406	0.581	0.0	0.6475	1.017	0.581	0.873
407	0.3031	0.0	0.3725	0.8291	0.3031	0.7213
408	0.6324	0.0	0.6724	1.12	0.6324	1.057
409	0.8727	0.0	1.17	0.7225	0.8727	0.62
410	0.8311	0.0	0.9045	1.022	0.8311	0.9615
411	0.4632	0.0	0.5409	0.7027	0.4632	0.6481
412	0.7431	0.0	0.8866	0.5794	0.7431	0.4609
413	0.3734	0.0	0.4141	0.3957	0.3734	0.4156
414	0.5736	0.0	0.6195	0.5419	0.5736	0.5009
415	1.491	0.0	1.963	0.9563	1.491	0.8933
416	0.9359	0.0	0.9042	0.8274	0.9359	0.6911
417	0.7742	0.0	0.9884	0.9101	0.7742	0.8649
418	0.9853	0.0	1.107	1.055	0.9853	0.9303
419	0.8435	0.0	1.214	1.532	0.8435	1.161
420	0.2224	0.0	0.2424	0.8658	0.2224	0.7045
421	0.4759	0.0	0.5931	0.9661	0.4759	0.6639
422	0.6791	0.0	0.7536	0.9717	0.6791	0.794
423	0.355	0.0	0.4787	0.6087	0.355	0.429
424	0.6866	0.0	0.821	1.166	0.6866	1.025
425	0.8358	0.0	0.8811	0.8011	0.8358	0.6451
426	0.6484	0.0	0.7539	0.9188	0.6484	0.7097
427	0.612	0.0	0.6586	0.9144	0.612	0.8709
428	0.546	0.0	0.6098	0.6184	0.546	0.5696
429	0.8959	0.0	0.9429	0.8058	0.8959	0.8243
430	0.9788	0.0	1.055	0.9486	0.9788	0.7906
431	0.3171	0.0	0.3656	0.5394	0.3171	0.574
432	0.4546	0.0	0.5569	0.9542	0.4546	0.9664
433	1.048	0.0	1.12	1.31	1.048	1.112
434	0.9175	0.0	1.017	0.8593	0.9175	0.7492
435	0.7946	0.0	0.9042	0.4959	0.7946	0.4711
436	0.605	0.0	0.6882	0.8122	0.605	0.6777
437	0.6423	0.0	0.7571	0.454	0.6423	0.3644
438	0.4601	0.0	0.6288	0.9536	0.4601	0.8679
439	0.4694	0.0	0.5461	0.9754	0.4694	0.7572
440	0.9492	0.0	1.113	0.8172	0.9492	0.668
441	0.5031	0.0	0.5777	0.5515	0.5031	0.4958
442	0.5462	0.0	0.6047	0.7362	0.5462	0.6738
443	0.6969	0.0	0.8516	1.542	0.6969	1.267
444	0.8398	0.0	1.178	1.199	0.8398	0.9823
445	0.417	0.0	0.4117	0.4309	0.417	0.3826
446	0.9927	0.0	1.081	1.304	0.9927	1.011
447	0.9254	0.0	0.8745	0.8629	0.9254	0.7689
448	1.038	0.0	1.171	0.8353	1.038	0.7074
449	0.592	0.0	0.641	0.8624	0.592	0.7416
450	0.4216	0.0	0.4667	0.7713	0.4216	0.657
451	0.5608	0.0	0.5628	0.9616	0.5608	0.827
452	0.6159	0.0	0.6025	0.6052	0.6159	0.5483
453	0.9579	0.0	1.074	1.068	0.9579	0.9145
454	0.4632	0.0	0.5172	0.8993	0.4632	0.8397
455	0.7001	0.0	1.115	1.39	0.7001	0.8693
456	0.9855	0.0	1.217	0.8663	0.9855	0.6952
457	0.2792	0.0	0.378	0.957	0.2792	0.8233
458	0.4153	0.0	0.4232	0.9187	0.4153	0.6578
459	0.7238	0.0	0.7757	0.7595	0.7238	0.6845
460	0.3532	0.0	0.4377	0.4818	0.3532	0.4473
461	0.5715	0.0	0.6729	0.539	0.5715	0.4593
462	0.8278	0.0	0.8188	0.7826	0.8278	0.7129
463	0.3028	0.0	0.2894	0.3549	0.3028	0.3289
464	0.892	0.0	0.9516	1.001	0.892	0.9209
465	0.4343	0.0	0.4071	0.877	0.4343	0.7564
466	0.6241	0.0	0.7268	0.6299	0.6241	0.5924
467	0.7362	0.0	0.7994	0.7222	0.7362	0.7193
468	0.7516	0.0	0.8462	0.9821	0.7516	0.7417
469	0.7349	0.0	0.8953	0.7248	0.7349	0.5946
470	0.4841	0.0	0.5292	0.4286	0.4841	0.3609
471	0.9956	0.0	1.22	1.343	0.9956	1.115
472	0.5502	0.0	0.6196	0.6713	0.5502	0.6238
473	0.5065	0.0	0.7231	0.626	0.5065	0.4746
474	1.041	0.0	1.149	0.6426	1.041	0.5389
475	0.7929	0.0	1.114	1.205	0.7929	0.9889
476	0.5776	0.0	0.8631	0.6412	0.5776	0.5506
477	0.7302	0.0	0.7998	0.5892	0.7302	0.574
478	0.632	0.0	0.6824	0.6679	0.632	0.6282
479	0.9334	0.0	1.058	0.4256	0.9334	0.3932
480	0.5991	0.0	0.6314	1.101	0.5991	0.9273
481	0.3673	0.0	0.4373	0.5075	0.3673	0.3727
482	0.9057	0.0	1.104	0.5576	0.9057	0.4737
483	0.5191	0.0	0.742	0.6049	0.5191	0.4756
484	0.6556	0.0	0.8463	1.079	0.6556	1.106
485	0.607	0.0	0.6847	0.5597	0.607	0.5038
486	0.646	0.0	0.7295	0.9215	0.646	0.8591
487	0.8456	0.0	0.9298	0.777	0.8456	0.7953
488	0.6807	0.0	0.8135	0.3981	0.6807	0.3448
489	0.8078	0.0	0.9446	1.509	0.8078	1.242
490	0.6002	0.0	0.7344	0.784	0.6002	0.7366
491	0.9437	0.0	1.668	1.296	0.9437	0.7818
492	0.6367	0.0	0.6534	1.406	0.6367	1.364
493	1.094	0.0	1.308	1.192	1.094	1.117
494	0.3295	0.0	0.5204	0.9976	0.3295	0.6541
495	0.8894	0.0	0.957	0.6689	0.8894	0.5166
496	1.001	0.0	0.9548	0.5285	1.001	0.4705
497	0.9404	0.0	1.131	1.068	0.9404	1.003
498	0.7199	0.0	1.14	1.304	0.7199	0.7558
499	0.8924	0.0	0.9352	0.9846	0.8924	0.9379
500	0.2785	0.0	0.3432	0.5584	0.2785	0.36
501	0.5371	0.0	0.6733	0.932	0.5371	0.9223
502	0.7122	0.0	0.8862	0.9471	0.7122	0.8159
503	1.046	0.0	1.089	1.057	1.046	0.8845
504	0.4353	0.0	0.5131	1.166	0.4353	0.8228
505	0.577	0.0	0.7105	0.6966	0.577	0.5475
506	0.4924	0.0	0.5535	0.6058	0.4924	0.5497
507	0.6375	0.0	0.7042	0.789	0.6375	0.6662
508	0.8671	0.0	0.8807	0.6306	0.8671	0.6295
509	0.7359	0.0	0.8312	0.9015	0.7359	0.862
510	0.6807	0.0	0.7437	0.8192	0.6807	1.09
511	0.8563	0.0	0.9502	1.03	0.8563	0.8742
512	0.5619	0.0	0.5427	0.9417	0.5619	0.6999
513	0.6083	0.0	0.7182	1.072	0.6083	0.9191
514	0.8987	0.0	1.005	0.8628	0.8987	0.9049
515	0.8482	0.0	0.9332	0.8027	0.8482	0.704
516	0.7356	0.0	0.8293	0.5616	0.7356	0.4965
517	0.7223	0.0	0.8769	0.8352	0.7223	1.017
518	0.6409	0.0	0.7512	0.5919	0.6409	0.6714
519	0.8467	0.0	0.8845	0.3454	0.8467	0.2844
520	0.8542	0.0	0.9603	0.9472	0.8542	0.7842
521	1.039	0.0	1.376	1.2	1.039	0.9974
522	1.178	0.0	1.311	1.06	1.178	0.9413
523	0.6949	0.0	0.8533	0.6058	0.6949	0.5693
524	0.7645	0.0	0.9172	0.9675	0.7645	0.8772
525	1.272	0.0	1.769	0.6516	1.272	0.4808
526	0.6338	0.0	0.6654	0.8782	0.6338	0.8133
527	0.5689	0.0	0.8868	1.238	0.5689	0.6262
528	0.9016	0.0	0.9862	0.871	0.9016	0.8722
529	0.3688	0.0	0.4073	0.5128	0.3688	0.4643
530	0.8871	0.0	1.092	1.033	0.8871	0.7307
531	0.4304	0.0	0.4599	0.7304	0.4304	0.6928
532	0.4681	0.0	0.4998	0.7082	0.4681	0.6773
533	0.5719	0.0	0.6062	0.609	0.5719	0.6072
534	0.3086	0.0	0.3484	0.8913	0.3086	0.8757
535	0.3416	0.0	0.4122	0.5834	0.3416	0.5033
536	0.927	0.0	1.108	0.9149	0.927	0.864
537	0.8791	0.0	0.9645	1.115	0.8791	1.048
538	0.9125	0.0	1.064	0.8158	0.9125	0.7051
539	0.8086	0.0	0.9583	0.457	0.8086	0.4223
540	0.3427	0.0	0.45	0.8729	0.3427	0.7244
541	0.4014	0.0	0.4632	0.5951	0.4014	0.5172
542	0.6233	0.0	0.6069	0.3466	0.6233	0.3326
543	1.117	0.0	1.316	0.7439	1.117	0.6782
544	0.5838	0.0	0.7107	0.9878	0.5838	0.8442
545	0.7247	0.0	0.7861	0.6448	0.7247	0.5888
546	0.7875	0.0	0.8421	0.8633	0.7875	0.8278
547	1.073	0.0	1.238	1.031	1.073	0.9638
548	0.5826	0.0	0.7227	0.9101	0.5826	0.7844
549	0.4447	0.0	0.4964	0.8115	0.4447	0.7527
550	1.038	0.0	0.9779	1.001	1.038	0.8099
551	0.6528	0.0	0.7003	0.737	0.6528	0.7589
552	0.7663	0.0	0.9267	0.8058	0.7663	0.6425
553	0.7646	0.0	0.8788	0.5264	0.7646	0.4583
554	0.4286	0.0	0.481	0.5892	0.4286	0.5675
555	0.5799	0.0	0.6443	0.5805	0.5799	0.5153
556	0.5604	0.0	0.4968	0.477	0.5604	0.4029
557	0.9416	0.0	1.048	1.206	0.9416	0.9328
558	0.7367	0.0	0.7135	0.6323	0.7367	0.6039
559	0.6372	0.0	0.7459	0.6821	0.6372	0.4963
560	0.5123	0.0	0.7548	0.4217	0.5123	0.3322
561	0.9569	0.0	1.174	0.8684	0.9569	0.6915
562	0.441	0.0	0.5964	0.6143	0.441	0.452
563	0.6529	0.0	0.7847	0.6243	0.6529	0.6414
564	0.4143	0.0	0.5193	0.5206	0.4143	0.453
565	0.9902	0.0	1.231	1.071	0.9902	0.9891
566	0.3577	0.0	0.4104	0.7874	0.3577	0.6449
567	0.4922	0.0	0.5822	0.8583	0.4922	0.8375
568	0.7344	0.0	0.8246	0.705	0.7344	0.5483
569	0.7448	0.0	0.7818	0.8367	0.7448	0.7923
570	0.5974	0.0	0.6305	0.8345	0.5974	0.7508
571	0.5391	0.0	0.5536	0.6877	0.5391	0.5726
572	0.5092	0.0	0.5979	0.7798	0.5092	0.5502
573	0.7259	0.0	0.8189	0.6909	0.7259	0.6076
574	0.4211	0.0	0.4411	0.6628	0.4211	0.6736
575	0.8381	0.0	0.8814	1.168	0.8381	1.125
576	0.5236	0.0	0.5549	0.6191	0.5236	0.551
577	0.6483	0.0	1.019	0.6311	0.6483	0.5337
578	0.8494	0.0	0.9282	0.8278	0.8494	0.7576
579	0.4942	0.0	0.601	1.169	0.4942	1.071
580	0.5114	0.0	0.7425	1.148	0.5114	0.9847
581	0.569	0.0	0.7391	0.65	0.569	0.5862
582	0.5645	0.0	0.5863	0.7246	0.5645	0.6143
583	0.604	0.0	0.6675	0.7986	0.604	0.733
584	0.6492	0.0	0.7116	0.3306	0.6492	0.1968
585	0.6931	0.0	0.8523	0.6329	0.6931	0.5377
586	0.4081	0.0	0.4162	0.3855	0.4081	0.3671
587	0.5382	0.0	0.5228	1.237	0.5382	0.8321
588	0.7334	0.0	0.8552	0.8044	0.7334	0.6922
589	0.4312	0.0	0.4828	0.3818	0.4312	0.3322
590	0.4408	0.0	0.5732	0.9864	0.4408	0.8401
591	0.8675	0.0	0.982	0.8687	0.8675	0.7811
592	0.8526	0.0	0.93	0.987	0.8526	0.9344
593	0.794	0.0	0.9006	0.7677	0.794	0.7186
594	0.5438	0.0	0.6162	0.8967	0.5438	0.7728
595	0.6715	0.0	1.053	1.281	0.6715	0.9223
596	0.859	0.0	1.092	0.7414	0.859	0.6195
597	0.4821	0.0	0.498	0.9764	0.4821	0.9333
598	0.4284	0.0	0.6781	0.7684	0.4284	0.559
599	0.7458	0.0	0.8177	0.5911	0.7458	0.4908
600	0.8481	0.0	0.9072	0.4321	0.8481	0.3734
601	0.9807	0.0	1.021	0.5014	0.9807	0.4994
602	0.6015	0.0	0.9197	1.065	0.6015	0.6708
603	1.067	0.0	1.092	1.06	1.067	1.222
604	0.7785	0.0	0.9005	0.4784	0.7785	0.4026
605	0.3489	0.0	0.415	0.8411	0.3489	0.587
606	0.3827	0.0	0.4212	0.5173	0.3827	0.4616
607	0.9284	0.0	1.067	0.9874	0.9284	0.8454
608	0.3529	0.0	0.438	0.7518	0.3529	0.6658
609	0.912	0.0	1.078	0.5956	0.912	0.4814
610	0.6126	0.0	0.6877	0.5501	0.6126	0.481
611	0.5499	0.0	0.6121	0.6433	0.5499	0.5888
612	0.858	0.0	0.8722	0.4328	0.858	0.4075
613	0.7025	0.0	0.7777	0.8082	0.7025	0.7536
614	0.5066	0.0	0.5762	0.7326	0.5066	0.6803
615	0.4645	0.0	0.5857	0.7745	0.4645	0.8199
616	0.739	0.0	0.8484	0.5433	0.739	0.4917
617	0.6615	0.0	0.787	0.4174	0.6615	0.3331
618	0.9076	0.0	1.019	1.153	0.9076	1.175
619	0.549	0.0	0.6319	0.66	0.549	0.6821
620	0.7171	0.0	0.8659	0.7843	0.7171	0.6203
621	0.783	0.0	1.115	0.4502	0.783	0.3873
622	0.4192	0.0	0.459	0.6264	0.4192	0.4933
623	0.6152	0.0	0.6526	1.064	0.6152	1.059
624	0.725	0.0	0.8687	0.4829	0.725	0.4083
625	0.9118	0.0	1.035	0.7074	0.9118	0.7404
626	1.11	0.0	1.229	1.029	1.11	0.9085
627	0.5017	0.0	0.6288	1.056	0.5017	0.9052
628	0.4176	0.0	0.5236	0.3123	0.4176	0.2493
629	0.5312	0.0	0.7166	0.7605	0.5312	0.5873
630	0.4834	0.0	0.5428	0.8182	0.4834	0.7655
631	0.5438	0.0	1.078	0.8022	0.5438	0.4699
632	0.9372	0.0	0.9486	1.247	0.9372	1.196
633	0.5623	0.0	0.6919	0.5643	0.5623	0.4173
634	0.8658	0.0	0.9297	0.3622	0.8658	0.3208
635	0.6306	0.0	0.6985	0.6083	0.6306	0.509
636	0.576	0.0	0.5775	0.635	0.576	0.6391
637	0.5369	0.0	0.6882	1.188	0.5369	0.6098
638	1.132	0.0	1.398	0.907	1.132	0.7964
639	0.561	0.0	0.6067	0.6675	0.561	0.5908
640	0.5278	0.0	0.6315	0.473	0.5278	0.4113
641	0.7149	0.0	0.8721	0.8985	0.7149	0.8672
642	0.8828	0.0	0.9063	0.8515	0.8828	0.8374
643	0.6069	0.0	0.607	0.5324	0.6069	0.4439
644	0.5208	0.0	0.5645	0.3546	0.5208	0.3102
645	0.6254	0.0	0.7211	0.8435	0.6254	0.7224
646	0.6839	0.0	0.7415	0.323	0.6839	0.2837
647	0.5643	0.0	0.6948	0.7566	0.5643	0.66
648	0.5045	0.0	0.5626	1.068	0.5045	0.977
649	0.7758	0.0	0.7728	0.7129	0.7758	0.5926
650	0.9503	0.0	1.044	0.5691	0.9503	0.5195
651	0.7855	0.0	0.848	0.972	0.7855	0.8766
652	0.8773	0.0	1.183	0.9994	0.8773	0.7351
653	0.8933	0.0	0.9326	0.3449	0.8933	0.308
654	0.9074	0.0	0.9486	1.063	0.9074	1.071
655	0.9944	0.0	0.9127	0.7237	0.9944	0.8
656	0.3821	0.0	0.454	0.7816	0.3821	0.5501
657	0.7445	0.0	0.7871	0.5489	0.7445	0.5085
658	0.5162	0.0	0.5513	0.507	0.5162	0.4104
659	0.7192	0.0	0.8299	0.324	0.7192	0.2931
660	0.6816	0.0	0.8813	0.8964	0.6816	0.6911
661	0.8666	0.0	0.9386	1.02	0.8666	0.92
662	0.9476	0.0	1.009	0.4391	0.9476	0.3974
663	0.5483	0.0	0.8367	0.4205	0.5483	0.3276
664	0.4855	0.0	0.4962	0.7356	0.4855	0.5737
665	0.5309	0.0	0.7889	1.011	0.5309	0.9953
666	0.3825	0.0	0.4719	0.84	0.3825	0.6765
667	0.6579	0.0	0.8117	0.7874	0.6579	0.622
668	0.6195	0.0	0.9878	1.204	0.6195	0.7285
669	0.6593	0.0	0.7888	1.08	0.6593	0.8307
670	0.5773	0.0	0.5924	0.5432	0.5773	0.4774
671	0.5799	0.0	0.6708	0.3633	0.5799	0.3421
672	0.9018	0.0	1.025	1.045	0.9018	0.9471
673	0.6211	0.0	0.6699	1.047	0.6211	0.8852
674	0.5348	0.0	0.5781	0.7634	0.5348	0.7322
675	0.6513	0.0	0.7199	0.8802	0.6513	0.8082
676	0.4583	0.0	0.5683	1.051	0.4583	0.9248
677	0.5506	0.0	0.6378	0.7303	0.5506	0.7067
678	0.3953	0.0	0.4348	0.3925	0.3953	0.3829
679	0.9181	0.0	1.067	0.4474	0.9181	0.3865
680	0.5503	0.0	0.6262	0.5437	0.5503	0.4499
681	0.4632	0.0	0.6657	2.095	0.4632	1.283
682	0.7555	0.0	0.8412	0.658	0.7555	0.5726
683	1.214	0.0	1.587	0.7146	1.214	0.6037
684	0.6094	0.0	0.6998	1.424	0.6094	0.8882
685	0.7937	0.0	0.8964	0.6687	0.7937	0.6038
686	0.5351	0.0	0.5786	0.2889	0.5351	0.2905
687	0.4212	0.0	0.4212	0.6428	0.4212	0.6254
688	0.4905	0.0	0.5572	0.5032	0.4905	0.5115
689	0.6732	0.0	0.7602	0.7592	0.6732	0.5899
690	0.577	0.0	0.6913	0.4044	0.577	0.3802
691	0.9802	0.0	0.9808	0.7314	0.9802	0.5998
692	0.869	0.0	0.9865	0.559	0.869	0.559
693	0.3682	0.0	0.4034	0.4569	0.3682	0.3971
694	0.6232	0.0	0.7007	0.8682	0.6232	0.799
695	1.037	0.0	1.172	1.095	1.037	0.9783
696	0.7952	0.0	0.7972	0.7252	0.7952	0.634
697	1.699	0.0	1.856	0.7163	1.699	0.7324
698	0.7096	0.0	0.8023	0.7945	0.7096	0.7194
699	0.7663	0.0	1.191	1.07	0.7663	0.6598
700	0.7999	0.0	0.9303	0.8488	0.7999	0.839
701	0.9326	0.0	1.072	1.13	0.9326	0.9193
702	0.6663	0.0	1.082	0.994	0.6663	0.6301
703	0.6972	0.0	0.8154	0.9899	0.6972	0.9844
704	0.6303	0.0	0.637	1.038	0.6303	0.9245
705	0.9493	0.0	1.134	1.055	0.9493	1.068
706	0.7937	0.0	1.422	0.8983	0.7937	0.6976
707	0.9163	0.0	0.9753	0.7759	0.9163	0.716
708	0.2951	0.0	0.4053	0.3204	0.2951	0.2713
709	0.3883	0.0	0.5197	0.7019	0.3883	0.5153
710	0.9565	0.0	1.057	0.6401	0.9565	0.6873
711	1.013	0.0	1.286	1.06	1.013	1.023
712	0.5165	0.0	0.6025	0.6447	0.5165	0.5316
713	0.8838	0.0	1.109	1.262	0.8838	1.091
714	0.5937	0.0	0.6672	0.7655	0.5937	0.6175
715	0.3578	0.0	0.3847	0.8456	0.3578	0.9006
716	0.6746	0.0	0.745	0.6295	0.6746	0.5414
717	0.8772	0.0	0.9974	0.4964	0.8772	0.5147
718	0.6999	0.0	0.7871	0.7426	0.6999	0.6936
719	0.2518	0.0	0.3038	0.7473	0.2518	0.6747
720	0.4644	0.0	0.546	0.324	0.4644	0.3121
721	0.8635	0.0	0.8844	0.656	0.8635	0.5598
722	0.5242	0.0	0.5521	0.7729	0.5242	0.7376
723	0.5151	0.0	0.5833	0.7336	0.5151	0.67
724	0.7272	0.0	0.8094	0.4366	0.7272	0.361
725	0.3181	0.0	0.4252	0.3353	0.3181	0.2968
726	0.2895	0.0	0.3236	0.5593	0.2895	0.5348
727	1.355	0.0	1.406	1.097	1.355	1.101
728	0.8543	0.0	0.7865	0.9709	0.8543	0.8316
729	0.8326	0.0	0.928	0.6146	0.8326	0.5012
730	1.142	0.0	1.255	1.183	1.142	1.038
731	0.8826	0.0	0.8758	0.8908	0.8826	0.8656
732	0.8356	0.0	0.9119	0.5871	0.8356	0.5116
733	0.9562	0.0	1.359	0.9536	0.9562	0.5417
734	0.6117	0.0	0.6708	0.5292	0.6117	0.5349
735	0.8184	0.0	1.291	0.858	0.8184	0.5355
736	0.8401	0.0	0.8489	0.8352	0.8401	0.7697
737	0.7662	0.0	0.7962	0.9036	0.7662	0.8969
738	1.113	0.0	1.312	0.9875	1.113	0.9568
739	0.5131	0.0	0.5521	0.8055	0.5131	0.7709
740	0.3411	0.0	0.4432	0.4942	0.3411	0.481
741	0.5083	0.0	0.5223	0.8127	0.5083	0.6278
742	0.4729	0.0	0.5594	0.972	0.4729	0.93
743	0.5848	0.0	0.6919	0.647	0.5848	0.6545
744	0.8252	0.0	0.9257	0.7019	0.8252	0.6017
745	0.8266	0.0	0.7754	0.3936	0.8266	0.3559
746	0.8216	0.0	0.747	0.8443	0.8216	0.7846
747	0.5212	0.0	0.5652	0.3482	0.5212	0.3197
748	0.609	0.0	0.6138	0.9224	0.609	0.8742
749	0.7571	0.0	0.8451	0.7897	0.7571	0.6032
750	0.5238	0.0	0.5339	0.7279	0.5238	0.7066
751	0.5896	0.0	0.6404	0.4822	0.5896	0.4391
752	0.9041	0.0	0.9368	0.8655	0.9041	0.8397
753	0.571	0.0	0.5609	0.6512	0.571	0.5749
754	0.8975	0.0	0.9845	0.7038	0.8975	0.6722
755	1.286	0.0	1.306	0.925	1.286	0.8037
756	0.8358	0.0	0.9814	0.5658	0.8358	0.5074
757	0.6944	0.0	0.8442	0.8269	0.6944	0.829
758	1.023	0.0	1.082	0.849	1.023	0.9082
759	0.7553	0.0	0.7146	0.685	0.7553	0.6235
760	0.3482	0.0	0.3982	1.009	0.3482	0.7676
761	0.5131	0.0	0.5559	0.308	0.5131	0.3031
762	0.6591	0.0	0.7898	1.032	0.6591	0.8812
763	0.6779	0.0	0.8288	0.3433	0.6779	0.3196
764	0.4525	0.0	0.5194	0.8131	0.4525	0.7036
765	0.7507	0.0	0.8249	0.7893	0.7507	0.6817
766	0.752	0.0	0.8677	1.193	0.752	1.025
767	0.7279	0.0	0.9364	0.9576	0.7279	0.6951
768	0.4167	0.0	0.5709	0.5675	0.4167	0.3674
769	0.802	0.0	0.8304	0.6326	0.802	0.5505
770	0.2912	0.0	0.3255	0.5977	0.2912	0.5261
771	0.5389	0.0	0.5575	0.9731	0.5389	0.9546
772	0.471	0.0	0.7899	0.6348	0.471	0.5103
773	0.2862	0.0	0.3632	0.846	0.2862	0.6162
774	0.4319	0.0	0.4826	0.4782	0.4319	0.4022
775	0.3471	0.0	0.3848	0.5886	0.3471	0.5132
776	0.7903	0.0	0.9778	1.054	0.7903	0.9571
777	0.6353	0.0	0.8039	0.6407	0.6353	0.5006
778	0.7303	0.0	0.7819	0.5988	0.7303	0.5502
779	0.9241	0.0	1.027	0.5685	0.9241	0.5587
780	0.3113	0.0	0.3123	0.5377	0.3113	0.4739
781	0.6568	0.0	0.7194	0.7183	0.6568	0.6686
782	0.3724	0.0	0.4356	0.5042	0.3724	0.4879
783	0.9189	0.0	0.9891	0.4691	0.9189	0.4041
784	0.524	0.0	0.6538	0.4808	0.524	0.4492
785	0.2935	0.0	0.3068	0.7531	0.2935	0.4835
786	0.4893	0.0	0.6042	0.7571	0.4893	0.5778
787	0.8379	0.0	1.113	1.059	0.8379	0.9495
788	0.6368	0.0	0.8607	0.7376	0.6368	0.5923
789	0.8116	0.0	0.8878	1.194	0.8116	0.9228
790	0.5808	0.0	0.6053	0.6236	0.5808	0.5536
791	0.5994	0.0	0.5969	0.6084	0.5994	0.5298
792	0.7812	0.0	0.8187	0.4691	0.7812	0.4256
793	0.5775	0.0	0.6066	0.7009	0.5775	0.6077
794	0.4964	0.0	0.4912	0.8284	0.4964	0.7495
795	0.4084	0.0	0.484	0.4486	0.4084	0.4182
796	0.6966	0.0	0.7182	0.8615	0.6966	0.921
797	0.6726	0.0	0.765	0.97	0.6726	0.8757
798	0.6418	0.0	0.6989	0.7153	0.6418	0.7116
799	0.6485	0.0	0.716	0.871	0.6485	0.8323
800	0.7195	0.0	0.8108	0.4496	0.7195	0.4382
801	0.5126	0.0	0.5719	0.5141	0.5126	0.4855
802	0.9215	0.0	1.033	0.8525	0.9215	0.7515
803	0.7163	0.0	1.233	1.087	0.7163	0.645
804	1.081	0.0	1.2	0.8108	1.081	0.7087
805	0.7794	0.0	1.019	0.9363	0.7794	0.836
806	0.4258	0.0	0.5826	1.227	0.4258	0.7087
807	0.8474	0.0	0.9677	0.9801	0.8474	0.9134
808	0.6998	0.0	0.729	0.5581	0.6998	0.4721
809	0.722	0.0	0.7595	1.039	0.722	0.9368
810	0.4975	0.0	0.7171	1.104	0.4975	0.6601
811	0.9412	0.0	1.074	0.9503	0.9412	0.9082
812	0.4295	0.0	0.4915	0.4033	0.4295	0.3752
813	0.4504	0.0	0.6557	0.439	0.4504	0.3383
814	0.496	0.0	0.5794	0.897	0.496	0.8607
815	1.013	0.0	1.15	0.5475	1.013	0.4517
816	0.6063	0.0	0.7375	0.6048	0.6063	0.5717
817	0.438	0.0	0.5112	0.6271	0.438	0.7666
818	0.5839	0.0	0.683	0.5589	0.5839	0.4744
819	0.4261	0.0	0.4594	0.6911	0.4261	0.6158
820	0.8068	0.0	0.8523	0.766	0.8068	0.8012
821	0.2609	0.0	0.3489	0.9252	0.2609	0.8261
822	0.6979	0.0	0.8296	0.5601	0.6979	0.5194
823	0.3843	0.0	0.5207	0.7147	0.3843	0.7516
824	0.6323	0.0	0.7138	0.497	0.6323	0.4434
825	0.7147	0.0	0.8203	0.7901	0.7147	0.7256
826	0.9213	0.0	0.821	0.928	0.9213	0.8632
827	0.5766	0.0	0.6713	0.6647	0.5766	0.5486
828	0.7229	0.0	0.9153	0.609	0.7229	0.5787
829	0.5756	0.0	0.5697	0.9773	0.5756	0.6627
830	0.3214	0.0	0.3499	0.7699	0.3214	0.6111
831	0.4607	0.0	0.539	0.8176	0.4607	0.6569
832	0.8519	0.0	1.024	0.9566	0.8519	0.7093
833	0.7417	0.0	0.8493	0.9674	0.7417	0.8183
834	0.6748	0.0	0.772	1.203	0.6748	1.037
835	0.4489	0.0	0.5856	0.5804	0.4489	0.5441
836	0.6194	0.0	0.6162	0.7833	0.6194	0.6912
837	0.8036	0.0	1.093	0.404	0.8036	0.3092
838	0.7846	0.0	0.8192	0.7975	0.7846	0.7359
839	0.4554	0.0	0.5003	0.6427	0.4554	0.4966
840	0.9262	0.0	1.069	0.8248	0.9262	0.8366
841	0.6876	0.0	0.7616	0.6967	0.6876	0.5263
842	0.9502	0.0	1.336	0.4366	0.9502	0.3375
843	0.5636	0.0	0.7131	0.9395	0.5636	0.7783
844	0.6721	0.0	0.7388	0.7291	0.6721	0.6984
845	0.5561	0.0	0.7513	0.9085	0.5561	0.8617
846	0.6938	0.0	0.7445	1.063	0.6938	0.9127
847	0.4053	0.0	0.4444	0.5262	0.4053	0.531
848	0.5921	0.0	0.7801	0.999	0.5921	0.9255
849	0.3272	0.0	0.3869	0.8541	0.3272	0.7482
850	0.9096	0.0	1.109	0.763	0.9096	0.6903
851	0.7204	0.0	0.751	0.6208	0.7204	0.6295
852	0.4052	0.0	0.5334	0.7503	0.4052	0.653
853	0.3298	0.0	0.3759	0.5657	0.3298	0.5432
854	0.4258	0.0	0.5246	0.7785	0.4258	0.7209
855	0.5958	0.0	0.6557	0.6203	0.5958	0.6002
856	0.498	0.0	0.5755	0.9045	0.498	0.76
857	0.5049	0.0	0.5397	0.5187	0.5049	0.4679
858	0.8517	0.0	0.828	0.9529	0.8517	0.8681
859	0.6994	0.0	0.7921	0.6393	0.6994	0.5965
860	0.9582	0.0	1.099	0.8032	0.9582	0.6952
861	0.618	0.0	0.6326	0.897	0.618	0.853
862	0.4783	0.0	0.5674	0.9216	0.4783	0.9118
863	0.7939	0.0	0.8516	0.614	0.7939	0.5912
864	0.5537	0.0	0.561	0.6232	0.5537	0.4917
865	0.6006	0.0	0.7114	1.083	0.6006	0.9947
866	0.6224	0.0	0.692	0.6122	0.6224	0.5513
867	0.4221	0.0	0.4849	0.4391	0.4221	0.3991
868	0.8503	0.0	1.063	0.8056	0.8503	0.723
869	0.8406	0.0	1.146	0.6079	0.8406	0.4994
870	0.6538	0.0	0.7192	0.4533	0.6538	0.4002
871	1.067	0.0	1.181	0.4028	1.067	0.3579
872	0.5041	0.0	0.6909	0.7982	0.5041	0.5166
873	0.64	0.0	0.7186	1.002	0.64	0.8431
874	0.469	0.0	0.6046	0.469	0.469	0.3549
875	0.5129	0.0	0.5651	0.5657	0.5129	0.5368
876	0.3896	0.0	0.6098	0.5681	0.3896	0.4359
877	0.2598	0.0	0.4036	0.824	0.2598	0.6977
878	0.5868	0.0	0.628	0.973	0.5868	0.791
879	0.3022	0.0	0.3497	0.3984	0.3022	0.3854
880	0.4734	0.0	0.4747	0.6287	0.4734	0.5484
881	0.8588	0.0	0.9441	0.7698	0.8588	0.7342
882	0.5748	0.0	0.6238	0.6886	0.5748	0.6283
883	0.5015	0.0	0.5973	0.6857	0.5015	0.6437
884	0.6181	0.0	0.7061	0.357	0.6181	0.3187
885	0.5632	0.0	0.6367	0.5344	0.5632	0.5063
886	0.4727	0.0	0.5477	0.4967	0.4727	0.4527
887	0.9025	0.0	1.018	1.034	0.9025	0.8937
888	0.6133	0.0	0.6732	0.757	0.6133	0.5871
889	0.5206	0.0	0.6319	0.6171	0.5206	0.4787
890	0.6787	0.0	0.8244	0.6192	0.6787	0.5359
891	0.3816	0.0	0.4084	1.268	0.3816	1.004
892	0.355	0.0	0.4433	0.6547	0.355	0.556
893	0.4618	0.0	0.5398	0.8304	0.4618	0.7318
894	0.7186	0.0	0.6334	0.7104	0.7186	0.653
895	0.6139	0.0	0.7025	0.4889	0.6139	0.5006
896	0.7191	0.0	0.7494	0.6391	0.7191	0.5195
897	0.615	0.0	0.7692	0.5067	0.615	0.4206
898	0.3288	0.0	0.357	0.6463	0.3288	0.6413
899	0.7429	0.0	0.9148	0.6572	0.7429	0.517
900	0.6559	0.0	0.7355	0.4835	0.6559	0.482
901	0.6497	0.0	0.7362	0.3969	0.6497	0.3715
902	0.6368	0.0	0.6897	0.8938	0.6368	0.7989
903	0.7362	0.0	0.899	0.7558	0.7362	0.669
904	0.6793	0.0	0.7457	0.7475	0.6793	0.621
905	0.5018	0.0	0.5423	0.4421	0.5018	0.416
906	0.6917	0.0	0.7669	0.6989	0.6917	0.5758
907	0.5958	0.0	0.8576	0.7588	0.5958	0.5053
908	0.4284	0.0	0.4778	0.3484	0.4284	0.2686
909	0.7907	0.0	0.9152	0.9398	0.7907	0.8205
910	0.2508	0.0	0.288	0.3012	0.2508	0.2529
911	0.6775	0.0	0.667	0.8365	0.6775	0.7559
912	0.5759	0.0	0.6683	0.5959	0.5759	0.4967
913	0.6257	0.0	0.6658	0.8561	0.6257	0.8547
914	0.555	0.0	0.6957	0.628	0.555	0.4803
915	0.803	0.0	0.8396	0.5564	0.803	0.5529
916	0.4687	0.0	0.5371	0.741	0.4687	0.5239
917	0.5597	0.0	0.8189	0.5684	0.5597	0.4722
918	0.6549	0.0	0.6259	0.7455	0.6549	0.6027
919	0.8247	0.0	0.8869	0.8982	0.8247	0.7665
920	0.8798	0.0	0.9015	0.5471	0.8798	0.4748
921	0.3325	0.0	0.3919	0.6643	0.3325	0.6243
922	0.4881	0.0	0.5666	0.5462	0.4881	0.5146
923	0.4	0.0	0.4493	0.6026	0.4	0.5798
924	0.3478	0.0	0.3999	0.5801	0.3478	0.5219
925	0.6133	0.0	0.6493	0.539	0.6133	0.4683
926	0.5588	0.0	0.5981	0.5815	0.5588	0.5331
927	0.4848	0.0	0.5689	0.5044	0.4848	0.4756
928	0.4711	0.0	0.4901	0.3947	0.4711	0.389
929	0.3242	0.0	0.3553	0.5937	0.3242	0.5975
930	0.9463	0.0	0.9798	1.018	0.9463	0.9273
931	0.7056	0.0	0.7904	0.8703	0.7056	0.7759
932	0.972	0.0	1.059	0.9595	0.972	0.8632
933	0.5526	0.0	0.7449	0.3501	0.5526	0.3231
934	0.5306	0.0	0.5181	0.3823	0.5306	0.3562
935	0.8239	0.0	0.8213	0.6842	0.8239	0.5717
936	0.5636	0.0	0.7041	0.8789	0.5636	0.7409
937	0.6758	0.0	0.7392	0.9071	0.6758	0.7823
938	0.8376	0.0	0.9786	0.9506	0.8376	0.8316
939	0.7087	0.0	0.7503	0.9366	0.7087	0.8114
940	0.7873	0.0	0.9037	0.6449	0.7873	0.5838
941	0.6212	0.0	0.9333	0.5692	0.6212	0.3924
942	0.5426	0.0	0.5967	0.8365	0.5426	0.7634
943	0.4793	0.0	0.8172	0.5292	0.4793	0.4014
944	0.8056	0.0	0.8951	0.9365	0.8056	0.7483
945	0.3864	0.0	0.4568	0.433	0.3864	0.3693
946	0.9968	0.0	1.3	0.9222	0.9968	0.8453
947	0.8626	0.0	0.8886	0.6148	0.8626	0.5508
948	0.4648	0.0	0.5268	0.678	0.4648	0.7189
949	0.5702	0.0	0.8056	0.7838	0.5702	0.6001
950	0.7636	0.0	0.8654	0.8726	0.7636	0.8095
951	0.6142	0.0	0.571	0.4276	0.6142	0.4062
952	0.7103	0.0	0.8833	1.064	0.7103	0.8543
953	0.5723	0.0	0.6367	0.5123	0.5723	0.4381
954	0.9281	0.0	1.1	1.12	0.9281	1.106
955	0.5515	0.0	0.5933	0.5813	0.5515	0.5065
956	0.5785	0.0	0.6829	0.9305	0.5785	0.7865
957	0.5112	0.0	0.569	0.5068	0.5112	0.44
958	0.3659	0.0	0.437	0.7873	0.3659	0.7
959	0.5203	0.0	0.619	0.7502	0.5203	0.6472
960	0.4871	0.0	0.5879	0.5984	0.4871	0.4986
961	0.5422	0.0	0.5538	0.5959	0.5422	0.5897
962	0.6322	0.0	0.6875	1.009	0.6322	0.8413
963	0.5744	0.0	0.6938	0.9277	0.5744	0.8645
964	0.6206	0.0	0.8865	1.282	0.6206	0.9591
965	0.4699	0.0	0.5202	1.17	0.4699	1.153
966	0.8529	0.0	0.9648	1.039	0.8529	1.011
967	0.8357	0.0	0.9528	1.325	0.8357	1.402
968	0.6457	0.0	0.92	0.5051	0.6457	0.4007
969	0.5895	0.0	0.6856	0.6566	0.5895	0.6167
970	0.5517	0.0	0.5763	0.5081	0.5517	0.4326
971	0.867	0.0	0.8392	0.6788	0.867	0.6409
972	0.4476	0.0	0.5238	0.9897	0.4476	0.8288
973	0.9107	0.0	1.006	0.7896	0.9107	0.7294
974	0.5784	0.0	0.6326	0.6107	0.5784	0.6098
975	0.37	0.0	0.3781	0.6511	0.37	0.5421
976	0.4122	0.0	0.5244	0.4271	0.4122	0.3092
977	0.7811	0.0	0.8953	0.9389	0.7811	0.9099
978	0.3876	0.0	0.5147	0.5186	0.3876	0.4025
979	0.51	0.0	0.574	0.6817	0.51	0.6324
980	0.3392	0.0	0.4394	0.499	0.3392	0.3458
981	0.5811	0.0	0.7236	0.8271	0.5811	0.6967
982	0.3124	0.0	0.3569	0.9582	0.3124	0.8315
983	0.5504	0.0	0.6461	0.6226	0.5504	0.6169
984	0.7141	0.0	0.7465	0.838	0.7141	0.8323
985	0.6905	0.0	0.8134	0.7665	0.6905	0.6478
986	0.5974	0.0	0.6227	0.6303	0.5974	0.5471
987	0.6408	0.0	0.7056	0.6239	0.6408	0.5802
988	0.2756	0.0	0.3604	0.3196	0.2756	0.2369
989	0.5834	0.0	0.6908	0.5842	0.5834	0.5369
990	0.3956	0.0	0.5023	0.6963	0.3956	0.5596
991	0.476	0.0	0.5331	0.9256	0.476	0.7148
992	0.5388	0.0	0.6377	0.6733	0.5388	0.6178
993	0.5973	0.0	0.8554	0.6182	0.5973	0.3838
994	0.5693	0.0	0.6954	0.8007	0.5693	0.7419
995	1.117	0.0	1.193	0.8342	1.117	0.8485
996	0.3677	0.0	0.4766	0.9664	0.3677	0.7578
997	0.7642	0.0	0.9017	0.7393	0.7642	0.7527
998	0.5128	0.0	0.5708	0.3823	0.5128	0.3832
999	0.5205	0.0	0.5318	0.643	0.5205	0.6119
1000	0.6884	0.0	0.7538	0.837	0.6884	0.7862
1001	0.669	0.0	0.7792	0.6322	0.669	0.5431
1002	0.5751	0.0	0.6115	0.7416	0.5751	0.635
1003	0.4568	0.0	0.4254	0.5927	0.4568	0.4786
1004	0.8022	0.0	0.8434	0.9897	0.8022	0.8326
1005	0.5491	0.0	0.5672	0.4436	0.5491	0.4097
1006	0.7088	0.0	0.7508	0.6884	0.7088	0.6198
1007	0.6214	0.0	0.6847	0.5099	0.6214	0.4504
1008	0.4383	0.0	0.4758	0.714	0.4383	0.6738
1009	0.6252	0.0	0.7162	0.4344	0.6252	0.4804
1010	0.688	0.0	0.7707	0.7593	0.688	0.6766
1011	0.5881	0.0	0.8889	0.871	0.5881	0.5947
1012	0.7179	0.0	0.8766	0.884	0.7179	0.7385
1013	0.445	0.0	0.5124	1.037	0.445	0.9463
1014	0.6686	0.0	1.098	0.6308	0.6686	0.4476
1015	0.3441	0.0	0.3793	0.749	0.3441	0.6578
1016	0.8417	0.0	0.9167	0.6901	0.8417	0.6139
1017	0.7626	0.0	0.8479	1.025	0.7626	0.7684
1018	0.7102	0.0	1.132	0.6273	0.7102	0.5144
1019	0.8737	0.0	1.158	1.116	0.8737	1.115
1020	0.6876	0.0	0.7387	0.2862	0.6876	0.1985
1021	0.3031	0.0	0.3707	0.4813	0.3031	0.3936
1022	0.5692	0.0	0.6311	0.6634	0.5692	0.633
1023	0.8276	0.0	0.938	1.253	0.8276	0.9368
1024	0.455	0.0	0.5338	0.2709	0.455	0.2032
1025	0.3317	0.0	0.4542	0.5804	0.3317	0.4974
1026	0.609	0.0	0.6817	0.6159	0.609	0.5253
1027	0.4131	0.0	0.449	0.4071	0.4131	0.3944
1028	0.6741	0.0	0.7863	0.7645	0.6741	0.7043
1029	0.3658	0.0	0.4341	0.6488	0.3658	0.635
1030	0.6212	0.0	0.6472	0.5852	0.6212	0.5282
1031	0.6687	0.0	0.707	0.6727	0.6687	0.4766
1032	0.5131	0.0	0.5425	0.8124	0.5131	0.6419
1033	0.7234	0.0	0.8466	0.8569	0.7234	0.7062
1034	0.3393	0.0	0.375	0.3999	0.3393	0.3476
1035	0.6461	0.0	0.8535	0.7019	0.6461	0.6585
1036	0.5676	0.0	0.6335	0.5474	0.5676	0.4927
1037	0.3264	0.0	0.4028	0.2936	0.3264	0.2535
1038	0.4739	0.0	0.5193	0.3886	0.4739	0.335
1039	0.6673	0.0	0.7111	0.581	0.6673	0.6013
1040	0.8133	0.0	0.9167	0.7435	0.8133	0.6573
