Step	Loss(S)	Loss(T)	fwd_S	fwd_T	rev_S	rev_T
1	0.0	2.99	4.304	2.99	3.927	2.81
2	0.0	4.781	4.109	4.781	3.61	4.612
3	0.0	5.02	2.78	5.02	2.889	5.12
4	0.0	2.9	3.782	2.9	4.371	3.22
5	0.0	2.275	4.748	2.275	5.288	2.674
6	0.0	3.174	3.809	3.174	3.856	3.108
7	0.0	3.365	2.76	3.365	3.963	3.372
8	0.0	3.067	2.911	3.067	2.102	2.631
9	0.0	4.365	3.743	4.365	3.193	3.352
10	0.0	1.968	1.203	1.968	1.43	2.142
11	0.0	2.494	2.547	2.494	2.443	2.502
12	0.0	2.093	2.214	2.093	2.426	1.8
13	0.0	2.495	2.927	2.495	3.076	2.632
14	0.0	3.603	1.458	3.603	1.37	4.332
15	0.0	2.03	1.407	2.03	1.405	2.128
16	0.0	2.079	2.14	2.079	2.237	2.09
17	0.0	2.433	1.844	2.433	2.432	3.199
18	0.0	0.7335	3.139	0.7335	3.66	0.9184
19	0.0	2.035	1.768	2.035	1.733	2.635
20	0.0	1.825	1.842	1.825	2.79	2.249
21	0.0	0.7041	0.8186	0.7041	1.102	1.167
22	0.0	2.205	2.297	2.205	2.596	2.26
23	0.0	1.207	1.878	1.207	1.729	1.431
24	0.0	0.5874	2.976	0.5874	3.117	0.8453
25	0.0	1.686	1.839	1.686	2.192	1.7
26	0.0	1.463	1.861	1.463	1.869	1.457
27	0.0	1.616	2.05	1.616	2.246	1.655
28	0.0	1.95	2.006	1.95	2.125	1.813
29	0.0	1.084	1.278	1.084	1.154	1.275
30	0.0	3.414	0.9692	3.414	1.759	4.035
31	0.0	2.172	2.449	2.172	3.679	2.744
32	0.0	0.5985	1.19	0.5985	1.153	0.6583
33	0.0	1.458	1.498	1.458	1.529	1.517
34	0.0	0.7675	1.071	0.7675	1.097	0.919
35	0.0	1.272	1.019	1.272	1.095	1.396
36	0.0	1.606	2.928	1.606	2.147	1.873
37	0.0	1.861	1.586	1.861	1.87	2.031
38	0.0	1.574	1.169	1.574	1.226	1.731
39	0.0	2.677	1.786	2.677	2.133	2.735
40	0.0	0.9662	0.7081	0.9662	0.9071	1.343
41	0.0	1.64	1.132	1.64	1.224	1.57
42	0.0	1.362	1.029	1.362	1.081	1.248
43	0.0	0.935	0.4168	0.935	0.7941	1.216
44	0.0	1.293	0.9772	1.293	1.458	1.534
45	0.0	1.399	1.446	1.399	1.565	1.465
46	0.0	0.9253	1.627	0.9253	2.245	1.116
47	0.0	1.044	0.6039	1.044	0.7468	1.23
48	0.0	0.9512	1.435	0.9512	1.397	1.04
49	0.0	1.883	1.579	1.883	1.734	2.195
50	0.0	1.11	0.5616	1.11	0.5967	1.294
51	0.0	1.191	1.221	1.191	1.262	1.243
52	0.0	0.4309	0.2925	0.4309	0.497	0.8897
53	0.0	1.055	1.137	1.055	1.399	1.245
54	0.0	0.7021	0.9515	0.7021	1.107	0.8245
55	0.0	1.516	0.8332	1.516	1.259	1.75
56	0.0	1.239	0.8674	1.239	1.028	1.442
57	0.0	1.631	1.463	1.631	1.965	1.725
58	0.0	1.466	0.7164	1.466	1.025	1.651
59	0.0	1.577	1.813	1.577	2.557	1.977
60	0.0	1.169	0.974	1.169	0.94	1.318
61	0.0	0.8694	1.518	0.8694	2.198	1.309
62	0.0	1.178	0.9678	1.178	1.089	1.411
63	0.0	0.7259	0.75	0.7259	0.769	0.9156
64	0.0	1.364	1.383	1.364	1.719	1.559
65	0.0	1.025	1.244	1.025	1.264	1.022
66	0.0	0.9666	1.016	0.9666	1.36	1.121
67	0.0	1.72	1.459	1.72	1.96	1.882
68	0.0	1.28	1.309	1.28	1.454	1.448
69	0.0	0.9115	0.8686	0.9115	1.072	1.053
70	0.0	0.4623	1.022	0.4623	1.261	0.6458
71	0.0	1.149	1.001	1.149	1.49	1.294
72	0.0	1.061	1.189	1.061	1.551	1.601
73	0.0	0.9694	0.442	0.9694	0.5427	1.245
74	0.0	1.238	1.172	1.238	1.425	1.399
75	0.0	2.236	1.508	2.236	2.139	3.112
76	0.0	1.01	1.053	1.01	1.315	1.226
77	0.0	1.841	1.265	1.841	1.691	2.918
78	0.0	2.026	0.9349	2.026	0.9966	2.449
79	0.0	1.008	0.8736	1.008	1.305	1.559
80	0.0	0.6078	1.062	0.6078	1.812	0.7758
81	0.0	0.8593	0.9238	0.8593	1.429	1.182
82	0.0	1.01	1.512	1.01	2.025	1.092
83	0.0	1.2	1.249	1.2	1.649	1.686
84	0.0	0.959	0.9884	0.959	1.128	1.112
85	0.0	1.692	1.187	1.692	1.516	2.279
86	0.0	1.085	0.9845	1.085	1.097	1.232
87	0.0	0.834	1.14	0.834	1.337	0.9986
88	0.0	1.774	2.016	1.774	1.8	1.765
89	0.0	0.7997	1.774	0.7997	1.728	1.286
90	0.0	1.033	0.7094	1.033	0.9658	1.247
91	0.0	0.6509	0.7358	0.6509	0.7773	0.8321
92	0.0	1.121	1.033	1.121	1.306	1.299
93	0.0	0.5944	0.8833	0.5944	1.126	0.661
94	0.0	0.7905	1.165	0.7905	1.462	1.026
95	0.0	1.095	1.038	1.095	1.219	1.161
96	0.0	0.9306	0.9259	0.9306	1.268	0.9448
97	0.0	0.846	0.8795	0.846	1.187	0.9926
98	0.0	1.143	1.261	1.143	1.689	1.401
99	0.0	0.8267	0.8863	0.8267	0.9901	0.9585
100	0.0	0.9465	1.346	0.9465	1.499	1.069
101	0.0	1.004	0.8409	1.004	0.9028	1.389
102	0.0	0.9084	0.7492	0.9084	0.8555	1.047
103	0.0	0.6913	1.328	0.6913	1.535	0.7777
104	0.0	0.6833	0.7997	0.6833	1.204	1.118
105	0.0	0.8364	1.089	0.8364	1.18	1.045
106	0.0	1.088	0.8811	1.088	0.9433	1.27
107	0.0	1.153	1.202	1.153	1.633	1.121
108	0.0	1.114	1.38	1.114	1.506	1.294
109	0.0	1.9	2.047	1.9	3.418	2.285
110	0.0	1.063	0.9913	1.063	1.233	1.327
111	0.0	1.238	1.167	1.238	1.944	1.97
112	0.0	1.126	0.7493	1.126	0.9146	1.306
113	0.0	1.272	1.682	1.272	1.94	1.974
114	0.0	0.4708	0.7257	0.4708	0.9421	0.808
115	0.0	0.575	0.829	0.575	0.9599	0.7177
116	0.0	1.052	0.6753	1.052	0.7904	1.119
117	0.0	0.8292	0.8913	0.8292	1.288	1.075
118	0.0	0.7497	0.7308	0.7497	0.9681	0.8911
119	0.0	0.5138	1.089	0.5138	1.142	0.6155
120	0.0	1.342	1.268	1.342	1.326	1.305
121	0.0	1.052	0.7489	1.052	0.9916	1.364
122	0.0	0.9683	0.8387	0.9683	1.015	0.8991
123	0.0	0.7736	0.6526	0.7736	0.7176	1.006
124	0.0	0.4781	0.5645	0.4781	0.8307	0.7097
125	0.0	0.6875	0.7496	0.6875	1.277	1.091
126	0.0	0.5285	0.9668	0.5285	1.077	0.6169
127	0.0	0.7509	0.999	0.7509	1.098	0.9124
128	0.0	0.5986	0.8409	0.5986	0.9575	0.5928
129	0.0	0.6673	0.7388	0.6673	0.8758	0.7515
130	0.0	0.5805	0.6279	0.5805	0.812	0.6515
131	0.0	0.8467	0.8249	0.8467	0.9726	0.9519
132	0.0	0.9738	1.031	0.9738	1.179	1.138
133	0.0	0.9286	0.9573	0.9286	1.049	0.9727
134	0.0	1.093	0.7498	1.093	1.064	1.291
135	0.0	0.7121	0.7969	0.7121	1.072	1.094
136	0.0	1.223	0.6212	1.223	0.8191	1.431
137	0.0	0.7305	0.6546	0.7305	0.9837	0.9703
138	0.0	0.7167	0.8211	0.7167	0.9747	0.8684
139	0.0	0.7383	0.8169	0.7383	1.016	0.851
140	0.0	0.9079	1.28	0.9079	1.508	1.052
141	0.0	0.9143	0.8969	0.9143	1.111	1.167
142	0.0	1.098	0.4706	1.098	0.516	1.433
143	0.0	1.257	1.264	1.257	1.604	1.67
144	0.0	1.253	1.194	1.253	1.556	1.789
145	0.0	1.026	0.7857	1.026	0.918	1.183
146	0.0	0.9921	1.146	0.9921	1.362	1.133
147	0.0	1.079	0.9605	1.079	1.199	1.348
148	0.0	1.192	1.358	1.192	1.748	1.331
149	0.0	0.9129	0.9137	0.9129	1.203	1.151
150	0.0	0.4628	0.5071	0.4628	0.6712	0.597
151	0.0	0.4063	0.7262	0.4063	0.9611	0.5725
152	0.0	0.6205	0.9293	0.6205	1.014	0.7034
153	0.0	0.916	0.8264	0.916	0.8472	1.446
154	0.0	0.5492	0.4291	0.5492	0.549	0.7657
155	0.0	0.5093	0.7034	0.5093	0.8479	0.6257
156	0.0	0.8376	0.5637	0.8376	0.7142	1.258
157	0.0	0.9109	0.6977	0.9109	0.7436	0.9458
158	0.0	0.5945	0.5036	0.5945	0.5925	0.6447
159	0.0	0.796	0.9734	0.796	1.084	0.9147
160	0.0	0.6949	0.4697	0.6949	0.5226	0.725
161	0.0	0.924	1.136	0.924	1.223	1.186
162	0.0	0.6836	0.5498	0.6836	0.7095	0.9436
163	0.0	0.7931	0.8825	0.7931	1.013	0.8902
164	0.0	0.9007	1.21	0.9007	1.175	1.232
165	0.0	0.7255	0.8726	0.7255	1.105	0.8713
166	0.0	0.653	0.7493	0.653	0.9233	0.7819
167	0.0	0.4729	0.5646	0.4729	0.7097	0.5384
168	0.0	0.5378	0.6661	0.5378	0.7857	0.6033
169	0.0	0.6075	1.051	0.6075	1.07	0.8349
170	0.0	0.579	0.8075	0.579	0.9321	0.6452
171	0.0	1.422	1.351	1.422	1.505	1.755
172	0.0	0.6908	0.8275	0.6908	1.142	0.7896
173	0.0	0.6709	0.6957	0.6709	0.9234	0.8925
174	0.0	0.5291	0.7097	0.5291	0.7891	0.7137
175	0.0	0.6111	0.6636	0.6111	0.9943	0.882
176	0.0	0.5926	0.7143	0.5926	1.08	0.7909
177	0.0	0.772	0.5874	0.772	0.6746	1.042
178	0.0	0.7128	0.8032	0.7128	0.6681	0.8393
179	0.0	1.283	1.324	1.283	2.005	1.569
180	0.0	0.8863	0.9877	0.8863	1.185	1.121
181	0.0	0.6039	0.7952	0.6039	1.344	1.117
182	0.0	0.7788	1.081	0.7788	1.391	0.794
183	0.0	0.6546	0.3534	0.6546	0.5954	0.8047
184	0.0	0.5581	0.5112	0.5581	0.6616	0.7819
185	0.0	0.6257	0.6728	0.6257	0.8451	0.7651
186	0.0	1.443	1.519	1.443	1.86	1.64
187	0.0	0.6794	0.9623	0.6794	1.122	0.7246
188	0.0	0.4554	0.558	0.4554	0.6584	0.5344
189	0.0	0.9233	1.06	0.9233	1.587	1.351
190	0.0	0.5967	0.7008	0.5967	0.7973	0.7634
191	0.0	0.6505	0.5748	0.6505	0.6679	0.7597
192	0.0	1.337	1.367	1.337	1.661	1.848
193	0.0	0.9581	0.693	0.9581	0.7637	1.17
194	0.0	0.4744	0.4325	0.4744	0.4934	0.6741
195	0.0	0.6462	0.7878	0.6462	0.794	0.7078
196	0.0	0.7538	0.5466	0.7538	0.5842	0.9015
197	0.0	0.8389	0.6809	0.8389	0.934	0.9508
198	0.0	0.881	0.6983	0.881	0.75	1.03
199	0.0	0.7366	0.979	0.7366	1.166	0.8619
200	0.0	0.5016	0.6557	0.5016	0.7376	0.6153
201	0.0	0.7654	0.9065	0.7654	1.18	1.02
202	0.0	0.6619	0.6242	0.6619	0.8073	0.9524
203	0.0	0.7191	0.7526	0.7191	0.8468	0.874
204	0.0	1.033	0.711	1.033	0.7981	1.443
205	0.0	0.3884	0.699	0.3884	0.9203	0.469
206	0.0	0.6237	0.6142	0.6237	0.7285	0.7847
207	0.0	0.9173	0.7458	0.9173	1.056	1.327
208	0.0	0.6329	0.8226	0.6329	1.01	0.7825
209	0.0	0.6491	0.603	0.6491	0.6584	0.7012
210	0.0	0.7054	0.767	0.7054	1.044	0.8355
211	0.0	0.9145	1.022	0.9145	1.246	1.076
212	0.0	0.8078	0.6999	0.8078	1.024	1.215
213	0.0	1.063	0.9966	1.063	1.611	1.903
214	0.0	0.781	0.635	0.781	0.6979	0.8968
215	0.0	0.3027	1.126	0.3027	1.708	0.508
216	0.0	0.5857	0.7769	0.5857	0.9206	0.7002
217	0.0	0.9546	1.13	0.9546	1.304	1.148
218	0.0	0.5859	0.5801	0.5859	0.6502	0.6333
219	0.0	0.7248	0.6501	0.7248	0.8194	0.7995
220	0.0	0.6578	0.5488	0.6578	0.5807	0.7597
221	0.0	0.5524	0.4842	0.5524	0.6226	0.8367
222	0.0	0.567	0.4263	0.567	0.4887	0.714
223	0.0	0.6704	0.5713	0.6704	0.7101	0.7372
224	0.0	0.5492	0.8066	0.5492	0.8829	0.659
225	0.0	0.5062	0.5727	0.5062	0.8781	0.5342
226	0.0	0.5312	0.7885	0.5312	0.8555	0.6093
227	0.0	0.3686	0.6137	0.3686	0.732	0.472
228	0.0	0.45	0.4847	0.45	0.5609	0.5218
229	0.0	0.5054	0.4002	0.5054	0.5248	0.6848
230	0.0	0.5303	0.8772	0.5303	1.18	0.6636
231	0.0	0.7304	0.7253	0.7304	0.8978	0.8992
232	0.0	0.7599	0.5375	0.7599	0.5234	0.873
233	0.0	0.5256	0.5729	0.5256	0.6745	0.5691
234	0.0	0.6925	0.6053	0.6925	0.8726	0.7674
235	0.0	0.5735	0.8386	0.5735	1.087	0.7614
236	0.0	0.7917	0.839	0.7917	1.014	0.9214
237	0.0	0.4335	0.7975	0.4335	0.8486	0.4863
238	0.0	0.6293	0.5819	0.6293	0.88	0.8062
239	0.0	0.7141	0.5936	0.7141	0.9057	1.017
240	0.0	0.7649	0.6193	0.7649	0.7135	0.9064
241	0.0	0.6017	0.5148	0.6017	0.6597	0.8815
242	0.0	0.5131	0.7059	0.5131	0.8047	0.5223
243	0.0	0.731	0.61	0.731	0.7042	0.8742
244	0.0	0.9433	0.7716	0.9433	0.8946	1.062
245	0.0	0.4851	0.5926	0.4851	0.7027	0.5634
246	0.0	0.3871	0.4848	0.3871	0.581	0.5393
247	0.0	1.181	0.9095	1.181	1.222	1.41
248	0.0	0.4783	0.4612	0.4783	0.7389	0.6447
249	0.0	0.6215	0.4386	0.6215	0.5259	0.6313
250	0.0	0.8633	0.6147	0.8633	0.671	0.9565
251	0.0	0.7365	0.6493	0.7365	0.777	1.016
252	0.0	0.6583	0.9071	0.6583	1.165	0.842
253	0.0	0.3085	0.5528	0.3085	0.8363	0.6858
254	0.0	0.5286	0.6656	0.5286	0.8883	0.7022
255	0.0	0.4892	0.5725	0.4892	0.6702	0.6199
256	0.0	0.6414	0.8273	0.6414	0.9245	0.6345
257	0.0	0.5598	0.7818	0.5598	0.933	0.6574
258	0.0	0.4166	0.5613	0.4166	0.7036	0.4672
259	0.0	0.47	0.7222	0.47	0.7751	0.528
260	0.0	0.2886	0.1524	0.2886	0.1849	0.3064
261	0.0	0.491	0.7286	0.491	0.8619	0.5739
262	0.0	0.4188	0.5341	0.4188	0.637	0.4636
263	0.0	0.6144	0.7631	0.6144	0.8272	0.6345
264	0.0	0.6088	0.6502	0.6088	0.7326	0.6849
265	0.0	0.7643	1.01	0.7643	1.191	0.8704
266	0.0	0.3974	0.532	0.3974	0.6618	0.4411
267	0.0	0.7819	0.7073	0.7819	0.9592	1.392
268	0.0	0.9006	0.8315	0.9006	1.185	1.081
269	0.0	0.9498	0.752	0.9498	1.113	1.142
270	0.0	0.4777	0.578	0.4777	0.6634	0.5688
271	0.0	0.8105	0.6568	0.8105	0.8047	1.014
272	0.0	0.6235	0.6887	0.6235	0.905	0.712
273	0.0	0.7314	0.3962	0.7314	0.4109	0.7578
274	0.0	0.6802	0.6012	0.6802	0.7105	0.8398
275	0.0	0.7095	1.007	0.7095	1.234	0.8608
276	0.0	0.8722	0.7096	0.8722	0.8393	1.025
277	0.0	0.4503	0.6661	0.4503	0.7864	0.5317
278	0.0	0.493	0.6097	0.493	0.6462	0.6005
279	0.0	0.4082	0.7512	0.4082	0.9501	0.4347
280	0.0	0.6596	0.7032	0.6596	0.9816	0.8368
281	0.0	0.5838	0.4815	0.5838	0.4986	0.5898
282	0.0	0.5042	0.3742	0.5042	0.3983	0.5515
283	0.0	1.258	1.252	1.258	1.511	1.57
284	0.0	0.6078	0.6546	0.6078	0.9737	0.82
285	0.0	0.4642	0.8552	0.4642	1.134	0.7255
286	0.0	1.083	0.9446	1.083	1.371	1.548
287	0.0	0.6732	0.4124	0.6732	0.6173	0.8001
288	0.0	0.3825	0.4918	0.3825	0.5843	0.4844
289	0.0	0.5699	0.8034	0.5699	0.9301	0.6818
290	0.0	1.142	1.125	1.142	1.535	1.5
291	0.0	0.6456	0.7163	0.6456	0.8879	0.7419
292	0.0	0.7792	0.4747	0.7792	0.5949	0.9571
293	0.0	1.066	0.852	1.066	1.231	1.39
294	0.0	0.6316	0.4888	0.6316	0.6398	0.7162
295	0.0	0.5958	0.8032	0.5958	0.8475	0.7922
296	0.0	1.155	1.157	1.155	1.622	1.46
297	0.0	0.6877	0.7506	0.6877	1.02	1.014
298	0.0	0.458	0.6371	0.458	0.715	0.581
299	0.0	0.424	0.5339	0.424	0.5962	0.4849
300	0.0	0.5536	0.7877	0.5536	0.8987	0.6573
301	0.0	0.4204	0.7722	0.4204	0.7361	0.6506
302	0.0	0.6334	0.7125	0.6334	0.826	0.7119
303	0.0	0.733	0.9327	0.733	0.9989	0.8961
304	0.0	0.7877	0.3675	0.7877	0.3949	1.0
305	0.0	0.5946	0.6087	0.5946	0.7597	0.6752
306	0.0	0.501	0.7226	0.501	0.8676	0.5765
307	0.0	0.7416	0.4374	0.7416	0.5692	0.9269
308	0.0	0.5152	0.3924	0.5152	0.5895	0.7359
309	0.0	0.6138	0.5412	0.6138	0.8797	1.118
310	0.0	0.6574	0.4969	0.6574	0.5676	0.7901
311	0.0	0.4967	0.596	0.4967	0.6584	0.5011
312	0.0	0.4744	0.5216	0.4744	0.6471	0.5486
313	0.0	0.5915	0.4653	0.5915	0.6573	0.6703
314	0.0	0.752	0.5154	0.752	0.716	0.8049
315	0.0	0.4486	0.5777	0.4486	0.6736	0.5591
316	0.0	0.6214	0.8376	0.6214	1.006	0.848
317	0.0	0.8038	0.9642	0.8038	1.272	1.169
318	0.0	0.6511	0.2546	0.6511	0.3557	0.8749
319	0.0	0.4318	0.3133	0.4318	0.4908	0.6346
320	0.0	0.8483	0.8872	0.8483	1.166	1.02
321	0.0	1.061	1.018	1.061	1.038	1.25
322	0.0	0.2619	0.4694	0.2619	0.6356	0.3788
323	0.0	0.7559	0.5172	0.7559	0.5247	0.8498
324	0.0	0.6255	0.5849	0.6255	0.7298	0.711
325	0.0	0.6955	0.7643	0.6955	0.8464	0.8507
326	0.0	0.5097	0.3115	0.5097	0.351	0.5951
327	0.0	0.5438	0.7472	0.5438	0.9079	0.6145
328	0.0	0.7128	0.7709	0.7128	0.8151	0.7855
329	0.0	0.7562	0.3837	0.7562	0.3993	0.9679
330	0.0	0.8645	0.5427	0.8645	0.5734	0.8463
331	0.0	0.4215	0.4078	0.4215	0.4871	0.4535
332	0.0	0.315	0.3761	0.315	0.4483	0.4122
333	0.0	0.3842	0.3582	0.3842	0.4749	0.5568
334	0.0	0.5216	0.5211	0.5216	0.5675	0.6331
335	0.0	0.7667	0.4171	0.7667	0.498	0.958
336	0.0	0.7941	0.626	0.7941	0.7267	0.9171
337	0.0	0.6317	0.4352	0.6317	0.5559	0.6989
338	0.0	0.5462	0.5034	0.5462	0.6337	0.7192
339	0.0	0.6739	0.6782	0.6739	0.8611	0.8828
340	0.0	0.6055	0.426	0.6055	0.5827	0.6967
341	0.0	0.4239	0.5316	0.4239	0.5902	0.4625
342	0.0	0.741	0.7291	0.741	0.8644	0.9153
343	0.0	0.5486	0.4885	0.5486	0.6646	0.8035
344	0.0	0.8547	0.5671	0.8547	0.6841	1.107
345	0.0	0.3609	0.4448	0.3609	0.5222	0.5057
346	0.0	0.4284	0.7173	0.4284	0.8319	0.5269
347	0.0	0.3908	0.5819	0.3908	0.7219	0.4182
348	0.0	0.7826	0.6949	0.7826	0.7923	0.9686
349	0.0	0.5691	0.8109	0.5691	0.9169	0.5855
350	0.0	0.4405	0.3394	0.4405	0.3744	0.545
351	0.0	0.9482	0.9938	0.9482	1.221	1.192
352	0.0	0.8141	1.109	0.8141	1.346	0.8581
353	0.0	0.6182	0.3685	0.6182	0.4055	0.7643
354	0.0	0.5954	0.469	0.5954	0.6145	0.6916
355	0.0	0.416	0.3212	0.416	0.4275	0.6241
356	0.0	0.7874	0.9118	0.7874	1.032	1.057
357	0.0	0.679	0.3544	0.679	0.5126	0.6415
358	0.0	0.7012	0.6443	0.7012	0.9046	0.9198
359	0.0	0.5103	0.5246	0.5103	0.6284	0.6494
360	0.0	0.6153	0.3951	0.6153	0.4543	0.6815
361	0.0	0.7407	0.6227	0.7407	0.9554	0.8682
362	0.0	0.333	0.506	0.333	0.5477	0.3961
363	0.0	0.5699	0.4809	0.5699	0.5905	0.726
364	0.0	0.3065	0.4683	0.3065	0.5114	0.4392
365	0.0	0.633	0.6913	0.633	0.7624	0.7434
366	0.0	0.6578	0.4642	0.6578	0.5075	0.7726
367	0.0	0.4246	0.7312	0.4246	0.9171	0.4713
368	0.0	0.494	0.3893	0.494	0.4133	0.5521
369	0.0	0.7216	0.7513	0.7216	0.8853	0.9264
370	0.0	0.7038	0.6282	0.7038	0.6134	0.7936
371	0.0	0.5012	0.7321	0.5012	0.8098	0.5938
372	0.0	0.7136	0.7833	0.7136	0.9679	1.07
373	0.0	0.8571	0.5584	0.8571	0.6968	1.076
374	0.0	0.5851	0.4793	0.5851	0.6217	0.6498
375	0.0	0.5028	0.5216	0.5028	0.7195	0.5947
376	0.0	0.4587	0.5097	0.4587	0.7143	0.6183
377	0.0	0.4868	0.4534	0.4868	0.6029	0.5885
378	0.0	0.7819	0.5628	0.7819	0.6341	0.8827
379	0.0	0.8905	0.7634	0.8905	0.8786	1.08
380	0.0	0.4761	0.6455	0.4761	0.6616	0.5378
381	0.0	0.3111	0.434	0.3111	0.5402	0.3906
382	0.0	0.6592	0.5382	0.6592	0.6701	0.7389
383	0.0	0.6078	0.6403	0.6078	0.785	0.774
384	0.0	0.3358	0.5943	0.3358	0.803	0.4369
385	0.0	0.3955	0.5226	0.3955	0.5941	0.565
386	0.0	0.5034	0.631	0.5034	0.716	0.525
387	0.0	1.058	0.9581	1.058	1.189	1.201
388	0.0	0.6048	0.6188	0.6048	0.8242	0.7191
389	0.0	0.6848	0.626	0.6848	0.8883	0.7907
390	0.0	0.6958	0.8899	0.6958	1.054	0.7716
391	0.0	0.2674	0.7926	0.2674	0.8469	0.289
392	0.0	0.3611	0.4751	0.3611	0.7165	0.4847
393	0.0	0.238	0.3927	0.238	0.6211	0.3546
394	0.0	0.8448	0.8756	0.8448	1.257	1.349
395	0.0	0.6625	0.6374	0.6625	0.6601	0.7581
396	0.0	0.4208	0.5916	0.4208	0.694	0.5697
397	0.0	0.8597	0.6842	0.8597	1.041	1.052
398	0.0	0.3672	0.3894	0.3672	0.467	0.379
399	0.0	0.6149	0.4442	0.6149	0.435	0.5841
400	0.0	0.461	1.102	0.461	1.396	0.5288
401	0.0	0.5551	0.5104	0.5551	0.4856	0.5199
402	0.0	0.5517	0.3559	0.5517	0.492	0.6099
403	0.0	0.6052	0.5754	0.6052	0.6387	0.7125
404	0.0	0.7462	0.7034	0.7462	0.8632	0.8199
405	0.0	0.5125	0.6588	0.5125	0.7353	0.5479
406	0.0	0.59	0.4254	0.59	0.4343	0.6725
407	0.0	0.7484	0.7294	0.7484	0.8121	0.8583
408	0.0	0.5316	0.599	0.5316	0.6433	0.5135
409	0.0	0.3768	0.6448	0.3768	0.7597	0.4031
410	0.0	0.676	0.7081	0.676	0.9009	0.8403
411	0.0	0.7351	0.7126	0.7351	0.8083	0.9436
412	0.0	0.7877	0.7189	0.7877	0.9406	0.862
413	0.0	0.467	0.5244	0.467	0.6696	1.018
414	0.0	0.3412	0.7436	0.3412	0.9276	0.4036
415	0.0	0.6816	0.6028	0.6816	0.83	0.9173
416	0.0	0.4377	0.6588	0.4377	0.7696	0.7827
417	0.0	0.5523	0.8829	0.5523	0.9947	0.6165
418	0.0	0.6595	0.2172	0.6595	0.2448	0.7607
419	0.0	0.5128	0.6353	0.5128	0.7827	0.6609
420	0.0	0.6405	0.6082	0.6405	0.8084	0.7252
421	0.0	0.9204	0.8262	0.9204	1.141	1.111
422	0.0	0.4337	0.4736	0.4337	0.5491	0.5841
423	0.0	0.5335	0.7023	0.5335	0.9106	1.029
424	0.0	0.5085	0.6912	0.5085	0.9097	0.692
425	0.0	0.7279	0.9248	0.7279	1.202	0.8764
426	0.0	0.4363	0.681	0.4363	0.7803	0.4792
427	0.0	0.5481	0.5117	0.5481	0.6439	0.6414
428	0.0	0.4787	0.5948	0.4787	0.746	0.6142
429	0.0	0.4232	0.4841	0.4232	0.6164	0.4478
430	0.0	0.7309	0.4268	0.7309	0.6823	0.846
431	0.0	0.3173	0.5714	0.3173	0.6226	0.3384
432	0.0	0.5894	0.5013	0.5894	0.5623	0.7125
433	0.0	0.5323	0.3958	0.5323	0.5579	0.7162
434	0.0	0.7069	0.7497	0.7069	0.7824	0.6033
435	0.0	0.3927	0.7349	0.3927	0.9232	0.4369
436	0.0	0.2747	0.8504	0.2747	0.8693	0.3573
437	0.0	0.2668	0.2951	0.2668	0.3249	0.3476
438	0.0	0.7575	0.5134	0.7575	0.6946	0.7707
439	0.0	0.3887	0.4635	0.3887	0.5764	0.4213
440	0.0	0.8036	0.417	0.8036	0.4491	0.817
441	0.0	0.5926	0.6799	0.5926	0.7701	0.6416
442	0.0	0.6274	0.5654	0.6274	0.8344	0.7182
443	0.0	0.4204	0.2451	0.4204	0.3301	0.6021
444	0.0	0.3642	0.5211	0.3642	0.649	0.4017
445	0.0	0.379	0.3679	0.379	0.414	0.436
446	0.0	0.7012	0.7875	0.7012	0.8775	0.907
447	0.0	0.3715	0.4055	0.3715	0.5637	0.5929
448	0.0	0.515	0.5728	0.515	0.6746	0.577
449	0.0	0.7812	0.7836	0.7812	0.9175	0.8651
450	0.0	0.4384	0.4561	0.4384	0.4959	0.5181
451	0.0	0.7239	0.4256	0.7239	0.4818	0.7677
452	0.0	0.6252	0.782	0.6252	0.8956	0.7179
453	0.0	0.4438	0.4712	0.4438	0.6558	0.7137
454	0.0	0.6108	0.7934	0.6108	1.058	0.7242
455	0.0	0.8916	0.832	0.8916	1.069	1.195
456	0.0	0.7328	0.5246	0.7328	0.6617	0.988
457	0.0	0.5496	0.4394	0.5496	0.473	0.5682
458	0.0	0.4916	0.6194	0.4916	0.6197	0.5731
459	0.0	0.3501	0.3607	0.3501	0.5429	0.3673
460	0.0	0.549	0.6385	0.549	0.6423	0.6927
461	0.0	0.2992	0.5145	0.2992	0.5782	0.449
462	0.0	0.4524	0.4296	0.4524	0.5788	0.5004
463	0.0	0.3689	0.3355	0.3689	0.3476	0.4495
464	0.0	0.6419	0.844	0.6419	1.019	0.7159
465	0.0	0.92	0.8592	0.92	0.8875	1.041
466	0.0	0.46	0.5036	0.46	0.6261	0.5102
467	0.0	0.3591	0.68	0.3591	0.8285	0.4231
468	0.0	0.5481	0.3956	0.5481	0.4062	0.7028
469	0.0	0.5523	0.6201	0.5523	0.7188	0.6877
470	0.0	0.4848	0.449	0.4848	0.4895	0.5268
471	0.0	0.6718	0.674	0.6718	0.7895	0.8817
472	0.0	0.4689	0.5796	0.4689	0.6806	0.5268
473	0.0	0.7173	0.62	0.7173	0.8625	0.8081
474	0.0	0.4669	0.566	0.4669	0.7077	0.6004
475	0.0	0.5417	0.7777	0.5417	0.9936	0.5852
476	0.0	0.6576	0.6717	0.6576	0.8049	0.7948
477	0.0	0.7004	0.4339	0.7004	0.5473	0.8746
478	0.0	0.516	0.4587	0.516	0.5282	0.5844
479	0.0	0.4863	0.6072	0.4863	0.7334	0.5362
480	0.0	0.8098	0.593	0.8098	0.7832	0.9243
481	0.0	0.7262	0.6804	0.7262	0.7142	0.8326
482	0.0	0.8271	0.5135	0.8271	0.6057	1.084
483	0.0	0.6571	0.9605	0.6571	1.029	0.9101
484	0.0	0.3793	0.4847	0.3793	0.4517	0.4266
485	0.0	0.3302	0.5239	0.3302	0.6672	0.3569
486	0.0	0.469	0.6209	0.469	0.811	0.566
487	0.0	0.2977	0.7073	0.2977	0.8147	0.3121
488	0.0	0.3554	0.5945	0.3554	0.7263	0.4768
489	0.0	0.5067	0.5885	0.5067	0.7753	0.6146
490	0.0	0.5788	0.4172	0.5788	0.5793	0.7126
491	0.0	0.997	0.8145	0.997	1.136	1.342
492	0.0	0.1028	0.6951	0.1028	0.8313	0.1588
493	0.0	0.8776	0.2692	0.8776	0.3279	1.19
494	0.0	0.7835	0.8899	0.7835	1.047	0.9819
495	0.0	0.6214	0.5042	0.6214	0.5307	0.7604
496	0.0	0.637	0.4742	0.637	0.5219	0.8014
497	0.0	0.6477	0.7029	0.6477	0.9024	0.888
498	0.0	0.6789	0.9027	0.6789	1.329	0.9551
499	0.0	0.6825	0.5513	0.6825	0.7099	0.8694
500	0.0	0.3347	0.1939	0.3347	0.3205	0.523
501	0.0	0.6712	0.5446	0.6712	1.151	1.037
502	0.0	0.4065	0.4032	0.4065	0.4387	0.4463
503	0.0	0.7104	0.409	0.7104	0.4249	0.7569
504	0.0	0.9803	0.9712	0.9803	0.9567	1.125
505	0.0	0.7192	0.8738	0.7192	0.9021	0.9671
506	0.0	0.5222	0.5712	0.5222	0.6532	0.6131
507	0.0	0.4501	0.4976	0.4501	0.6048	0.5456
508	0.0	0.3515	0.3086	0.3515	0.4156	0.4013
509	0.0	0.6852	0.6221	0.6852	0.7389	0.8042
510	0.0	0.6003	0.3725	0.6003	0.4432	0.6863
511	0.0	0.5798	0.5278	0.5798	0.5967	0.6648
512	0.0	0.5174	0.7617	0.5174	0.9693	0.608
513	0.0	0.4775	0.5445	0.4775	0.6548	0.5967
514	0.0	0.7149	0.7273	0.7149	0.897	0.8876
515	0.0	0.4507	0.54	0.4507	0.7135	0.5327
516	0.0	1.085	0.4852	1.085	0.6502	1.193
517	0.0	0.433	0.6767	0.433	0.8888	0.5579
518	0.0	0.494	0.4286	0.494	0.4202	0.5555
519	0.0	0.521	0.7008	0.521	0.8104	0.8718
520	0.0	0.3013	0.55	0.3013	0.6181	0.3673
521	0.0	0.6098	0.5821	0.6098	0.608	0.6341
522	0.0	0.6814	0.7083	0.6814	0.8583	0.7431
523	0.0	0.6679	0.506	0.6679	0.4398	0.7542
524	0.0	0.7703	0.4529	0.7703	0.6945	0.8783
525	0.0	0.8305	0.6128	0.8305	0.9479	1.051
526	0.0	0.6224	0.6999	0.6224	0.877	0.7419
527	0.0	0.4104	0.3842	0.4104	0.7404	0.672
528	0.0	0.7479	0.752	0.7479	1.009	0.9318
529	0.0	0.8671	0.7076	0.8671	0.9611	1.104
530	0.0	0.4603	0.8542	0.4603	0.9535	0.5654
531	0.0	0.5008	0.5792	0.5008	0.609	0.5215
532	0.0	0.6431	0.3682	0.6431	0.4237	0.7103
533	0.0	0.7704	0.805	0.7704	1.043	0.9389
534	0.0	0.272	0.6173	0.272	0.7236	0.3268
535	0.0	0.51	0.6594	0.51	0.7317	0.5834
536	0.0	0.6994	0.6368	0.6994	0.7775	0.7823
537	0.0	0.5128	0.5717	0.5128	0.7415	0.5776
538	0.0	0.7521	0.4121	0.7521	0.5478	0.7792
539	0.0	0.5622	0.589	0.5622	0.6932	0.6773
540	0.0	0.2547	0.7118	0.2547	0.7568	0.2747
541	0.0	0.2905	0.865	0.2905	0.9989	0.3413
542	0.0	0.64	0.5715	0.64	0.715	0.6853
543	0.0	0.6106	0.5963	0.6106	0.8251	0.7447
544	0.0	0.594	0.4467	0.594	0.5086	0.7483
545	0.0	0.5452	0.5953	0.5452	0.6537	0.6025
546	0.0	0.7367	0.6509	0.7367	0.7243	0.8274
547	0.0	0.6529	0.512	0.6529	0.6345	0.812
548	0.0	0.5813	0.4616	0.5813	0.5398	0.6898
549	0.0	0.6894	0.5204	0.6894	0.6105	0.7627
550	0.0	0.4225	0.8466	0.4225	1.306	0.6971
551	0.0	0.6361	0.8944	0.6361	1.012	0.7579
552	0.0	0.4491	0.2952	0.4491	0.4458	0.4809
553	0.0	0.6052	0.1792	0.6052	0.2096	0.6332
554	0.0	0.5823	0.4183	0.5823	0.4445	0.6546
555	0.0	0.411	0.6631	0.411	0.7522	0.4832
556	0.0	0.7403	0.5041	0.7403	0.6362	0.8612
557	0.0	0.66	0.585	0.66	0.6704	0.6746
558	0.0	0.3201	0.5775	0.3201	0.6345	0.3864
559	0.0	0.8173	0.792	0.8173	0.9459	0.9682
560	0.0	0.8558	0.3831	0.8558	0.5003	0.9941
561	0.0	0.4595	0.4557	0.4595	0.5836	0.5478
562	0.0	0.4942	0.6682	0.4942	0.7698	0.6032
563	0.0	0.3947	0.4178	0.3947	0.5604	0.515
564	0.0	0.5017	0.6692	0.5017	0.7773	0.5786
565	0.0	0.5267	0.2764	0.5267	0.3061	0.736
566	0.0	0.5718	0.7158	0.5718	0.9	0.6879
567	0.0	0.4732	0.428	0.4732	0.5013	0.5566
568	0.0	0.5831	0.4093	0.5831	0.5233	0.5867
569	0.0	0.585	0.5982	0.585	0.7966	0.669
570	0.0	0.545	0.3926	0.545	0.4958	0.6098
571	0.0	0.3823	0.4746	0.3823	0.5114	0.423
572	0.0	0.4332	0.6634	0.4332	0.8339	0.5795
573	0.0	0.6041	0.3721	0.6041	0.4542	0.715
574	0.0	0.3467	0.3173	0.3467	0.354	0.3498
575	0.0	0.4669	0.4552	0.4669	0.5118	0.5515
576	0.0	0.5171	0.4064	0.5171	0.4535	0.5718
577	0.0	0.4697	0.7414	0.4697	0.976	0.6052
578	0.0	0.4866	0.5911	0.4866	0.5222	0.6243
579	0.0	1.117	0.9075	1.117	1.2	1.282
580	0.0	0.9196	0.6254	0.9196	0.7997	1.135
581	0.0	0.6913	1.051	0.6913	1.257	0.8926
582	0.0	0.6173	0.5455	0.6173	0.608	0.6829
583	0.0	0.5207	0.4624	0.5207	0.6621	0.6089
584	0.0	0.3503	0.1099	0.3503	0.1355	0.4179
585	0.0	0.5033	0.4502	0.5033	0.568	0.7102
586	0.0	0.427	0.4209	0.427	0.4925	0.4946
587	0.0	0.667	0.6993	0.667	0.8244	0.9074
588	0.0	0.6578	0.5128	0.6578	0.7498	0.8225
589	0.0	0.5783	0.3168	0.5783	0.33	0.7307
590	0.0	0.4686	0.4197	0.4686	0.449	0.5315
591	0.0	0.5586	0.7456	0.5586	0.9448	0.6949
592	0.0	0.4564	0.3428	0.4564	0.4282	0.6032
593	0.0	0.4205	0.5378	0.4205	0.6203	0.5293
594	0.0	0.512	0.6433	0.512	0.7536	0.6643
595	0.0	0.9589	0.8641	0.9589	1.185	1.356
596	0.0	0.4307	0.5269	0.4307	0.6352	0.6526
597	0.0	0.8566	0.3028	0.8566	0.4388	0.9159
598	0.0	0.751	1.029	0.751	0.9716	0.8767
599	0.0	0.4532	0.5345	0.4532	0.7115	0.6391
600	0.0	0.3591	0.382	0.3591	0.4093	0.4915
601	0.0	0.3951	0.6064	0.3951	0.7455	0.4346
602	0.0	0.6497	0.6167	0.6497	0.7777	0.93
603	0.0	0.5425	0.6661	0.5425	0.8366	0.6688
604	0.0	0.7254	0.3661	0.7254	0.4069	0.8499
605	0.0	0.8349	0.9356	0.8349	1.078	0.9856
606	0.0	0.445	0.4371	0.445	0.6222	0.3959
607	0.0	0.5098	0.3349	0.5098	0.4317	0.6654
608	0.0	0.9317	0.5729	0.9317	0.6613	1.154
609	0.0	0.6094	0.368	0.6094	0.5454	0.8832
610	0.0	0.6088	0.5271	0.6088	0.6324	0.7135
611	0.0	0.4606	0.4709	0.4606	0.5662	0.5284
612	0.0	0.4915	0.7567	0.4915	0.9012	0.6189
613	0.0	0.6691	0.4655	0.6691	0.5407	0.7936
614	0.0	0.5681	0.4285	0.5681	0.4701	0.6404
615	0.0	0.55	0.5855	0.55	0.6224	0.6275
616	0.0	0.5511	0.5144	0.5511	0.5784	0.6141
617	0.0	0.5521	0.6897	0.5521	0.7856	0.7298
618	0.0	0.6915	0.6192	0.6915	0.7474	0.7648
619	0.0	0.5175	0.5814	0.5175	0.6896	0.6209
620	0.0	0.7207	0.7133	0.7207	0.7254	0.9359
621	0.0	0.3193	0.5327	0.3193	0.7585	0.3543
622	0.0	0.499	0.6021	0.499	0.749	0.6059
623	0.0	0.6875	0.4593	0.6875	0.6073	0.9358
624	0.0	0.4681	0.4925	0.4681	0.6983	0.6732
625	0.0	0.631	0.6421	0.631	0.6485	0.7151
626	0.0	0.3418	0.4504	0.3418	0.5189	0.4408
627	0.0	0.5191	0.5357	0.5191	0.7588	0.5807
628	0.0	0.6317	0.5077	0.6317	0.6155	0.7903
629	0.0	0.7361	0.869	0.7361	1.308	0.8115
630	0.0	0.3032	0.5307	0.3032	0.583	0.3732
631	0.0	0.289	0.2984	0.289	0.5427	0.5868
632	0.0	0.6899	0.8102	0.6899	0.9982	0.7689
633	0.0	0.3104	0.7166	0.3104	1.098	0.5314
634	0.0	0.7387	0.6273	0.7387	0.7005	0.8226
635	0.0	0.4523	0.6179	0.4523	0.7209	0.526
636	0.0	0.3536	0.5729	0.3536	0.694	0.3984
637	0.0	0.7169	0.5765	0.7169	0.6502	0.8118
638	0.0	0.4971	0.4591	0.4971	0.5045	0.5732
639	0.0	0.49	0.4174	0.49	0.6114	0.5786
640	0.0	0.4133	0.8682	0.4133	0.8579	0.4543
641	0.0	0.559	0.4282	0.559	0.4836	0.5757
642	0.0	0.4245	0.9201	0.4245	1.035	0.4912
643	0.0	0.4046	0.4797	0.4046	0.6015	0.5088
644	0.0	0.3795	0.3768	0.3795	0.5543	0.5418
645	0.0	0.3992	0.6016	0.3992	0.8041	0.5041
646	0.0	0.7396	0.4773	0.7396	0.5124	0.8628
647	0.0	0.75	0.6989	0.75	0.8937	0.8493
648	0.0	0.5244	0.4246	0.5244	0.4139	0.6122
649	0.0	0.4683	0.5838	0.4683	0.6375	0.523
650	0.0	0.3832	0.3374	0.3832	0.4133	0.419
651	0.0	0.4944	0.5068	0.4944	0.7052	0.6261
652	0.0	0.2809	0.502	0.2809	0.4593	0.3434
653	0.0	0.3744	0.5584	0.3744	0.6247	0.442
654	0.0	0.6831	0.5449	0.6831	0.7651	0.7894
655	0.0	0.5487	0.4183	0.5487	0.6423	0.7241
656	0.0	0.55	0.4863	0.55	0.6609	0.6531
657	0.0	0.509	0.4855	0.509	0.5305	0.5124
658	0.0	0.5833	0.6479	0.5833	0.7336	0.6723
659	0.0	0.5544	0.6698	0.5544	0.7508	0.6604
660	0.0	0.6516	0.5976	0.6516	0.9285	0.7754
661	0.0	0.6709	0.4088	0.6709	0.4859	0.8581
662	0.0	0.3889	0.8246	0.3889	0.9835	0.5039
663	0.0	0.6958	0.6872	0.6958	0.9433	0.7543
664	0.0	0.6984	0.4004	0.6984	0.473	0.8036
665	0.0	0.4814	0.438	0.4814	0.4145	0.5492
666	0.0	0.7749	0.454	0.7749	0.4816	0.8162
667	0.0	0.3092	0.747	0.3092	0.8523	0.349
668	0.0	0.7633	0.4382	0.7633	0.4604	1.036
669	0.0	0.5555	0.5318	0.5555	0.6197	0.624
670	0.0	0.3571	0.4194	0.3571	0.5989	0.383
671	0.0	0.4323	0.4373	0.4323	0.4167	0.5471
672	0.0	0.6213	0.4444	0.6213	0.5105	0.7083
673	0.0	0.641	0.4675	0.641	0.4957	0.8382
674	0.0	0.3453	0.3652	0.3453	0.4298	0.3692
675	0.0	0.3336	0.6499	0.3336	0.7424	0.4114
676	0.0	0.3551	0.3375	0.3551	0.3855	0.3879
677	0.0	0.5882	0.5887	0.5882	0.7115	0.7083
678	0.0	0.4591	0.3213	0.4591	0.342	0.5071
679	0.0	0.7892	0.7525	0.7892	0.9899	0.8925
680	0.0	0.4571	0.2884	0.4571	0.2936	0.5378
681	0.0	0.643	0.6159	0.643	0.7441	0.8307
682	0.0	0.6684	0.577	0.6684	0.6008	0.7098
683	0.0	0.5096	0.6709	0.5096	0.8592	0.6065
684	0.0	0.5666	0.8023	0.5666	0.8836	0.683
685	0.0	0.8125	0.9977	0.8125	1.187	1.268
686	0.0	0.3321	0.3018	0.3321	0.3851	0.4055
687	0.0	0.2789	0.5674	0.2789	0.6618	0.2893
688	0.0	0.5004	0.474	0.5004	0.5801	0.5766
689	0.0	0.5053	0.4422	0.5053	0.4646	0.6407
690	0.0	0.5424	0.5159	0.5424	0.6271	0.6801
691	0.0	0.7326	0.8023	0.7326	0.9598	0.9308
692	0.0	0.3835	0.4019	0.3835	0.4301	0.3849
693	0.0	0.4353	0.3314	0.4353	0.383	0.5238
694	0.0	0.4281	0.4958	0.4281	0.6658	0.5463
695	0.0	0.4634	0.7214	0.4634	0.9585	0.59
696	0.0	0.5991	0.5837	0.5991	0.739	0.6565
697	0.0	0.3507	0.7476	0.3507	0.8687	0.4075
698	0.0	0.6668	0.2397	0.6668	0.357	0.7078
699	0.0	0.7613	0.7913	0.7613	0.9973	0.9527
700	0.0	0.4184	1.004	0.4184	1.108	0.566
701	0.0	0.3662	0.7176	0.3662	1.073	0.5452
702	0.0	0.7179	0.7893	0.7179	0.9438	0.9252
703	0.0	0.5461	0.4802	0.5461	0.6093	0.6898
704	0.0	0.53	0.346	0.53	0.7087	0.6812
705	0.0	0.402	0.3344	0.402	0.465	0.5434
706	0.0	0.6594	0.6914	0.6594	0.8991	0.908
707	0.0	0.4657	0.4652	0.4657	0.5637	0.5157
708	0.0	0.3179	0.5781	0.3179	0.6977	0.3536
709	0.0	0.5682	0.4107	0.5682	0.5962	0.8345
710	0.0	0.6962	0.3978	0.6962	0.537	0.7589
711	0.0	0.6651	0.4203	0.6651	0.4332	0.8304
712	0.0	0.5066	1.364	0.5066	1.489	0.6762
713	0.0	0.533	0.6009	0.533	0.4829	0.6068
714	0.0	0.6833	0.5613	0.6833	0.6568	0.766
715	0.0	0.5545	0.3102	0.5545	0.3709	0.696
716	0.0	0.4684	0.4701	0.4684	0.5467	0.6033
717	0.0	0.2868	0.5899	0.2868	0.8076	0.4214
718	0.0	0.6001	0.453	0.6001	0.5064	0.6273
719	0.0	0.6112	0.4959	0.6112	0.5621	0.7253
720	0.0	0.3793	0.598	0.3793	0.6198	0.4213
721	0.0	0.4246	0.6911	0.4246	0.6723	0.5453
722	0.0	0.6299	0.5592	0.6299	0.6681	0.7707
723	0.0	0.4533	0.4348	0.4533	0.5236	0.5198
724	0.0	0.4281	0.3304	0.4281	0.5117	0.5342
725	0.0	0.371	0.407	0.371	0.5057	0.8218
726	0.0	0.5225	0.4909	0.5225	0.4938	0.6425
727	0.0	0.5178	0.752	0.5178	0.958	0.6125
728	0.0	0.5291	0.3995	0.5291	0.7234	0.8051
729	0.0	0.5218	0.6424	0.5218	0.7602	0.8133
730	0.0	0.4173	0.7537	0.4173	0.8159	0.4162
731	0.0	0.5596	0.7205	0.5596	0.9012	0.5824
732	0.0	0.582	0.5641	0.582	0.7008	0.7184
733	0.0	0.6272	0.7427	0.6272	0.9239	0.942
734	0.0	0.5228	0.5682	0.5228	0.648	0.5779
735	0.0	0.6452	0.6023	0.6452	0.7695	0.828
736	0.0	0.7387	0.581	0.7387	0.6295	0.8189
737	0.0	0.5804	0.6951	0.5804	0.9122	0.7439
738	0.0	0.5689	0.6104	0.5689	0.6741	0.623
739	0.0	0.5116	0.4728	0.5116	0.5674	0.659
740	0.0	0.5892	0.4368	0.5892	0.5241	0.7015
741	0.0	0.5658	0.5048	0.5658	0.5942	0.7111
742	0.0	0.596	0.4882	0.596	0.5229	0.7267
743	0.0	0.397	0.6204	0.397	0.72	0.4472
744	0.0	0.5626	0.5057	0.5626	0.5366	0.6077
745	0.0	0.4658	0.5926	0.4658	0.6456	0.5457
746	0.0	0.7483	0.5599	0.7483	0.6298	0.8149
747	0.0	0.4477	0.4962	0.4477	0.589	0.5034
748	0.0	0.4292	0.3722	0.4292	0.3867	0.5817
749	0.0	0.7061	0.5376	0.7061	0.6131	0.8984
750	0.0	0.6228	0.3667	0.6228	0.4248	0.6619
751	0.0	0.6989	0.4941	0.6989	0.5615	0.9047
752	0.0	0.5893	0.499	0.5893	0.6476	0.7532
753	0.0	0.5287	0.4585	0.5287	0.4971	0.6308
754	0.0	0.5944	0.4296	0.5944	0.5042	0.7936
755	0.0	0.4579	0.5922	0.4579	0.6725	0.551
756	0.0	0.5545	0.5824	0.5545	0.6528	0.605
757	0.0	0.5151	0.7424	0.5151	0.7374	0.556
758	0.0	0.4034	0.6525	0.4034	0.8962	0.5106
759	0.0	0.4687	0.4658	0.4687	0.5756	0.5586
760	0.0	0.2829	1.012	0.2829	1.08	0.4457
761	0.0	0.5102	0.437	0.5102	0.5647	0.623
762	0.0	0.4349	0.536	0.4349	0.6134	0.4425
763	0.0	0.5364	0.42	0.5364	0.4937	0.6038
764	0.0	0.6739	0.8683	0.6739	1.045	0.8305
765	0.0	0.5105	0.4409	0.5105	0.489	0.6541
766	0.0	0.4877	0.3346	0.4877	0.4284	0.5562
767	0.0	0.7203	0.5572	0.7203	0.685	0.8762
768	0.0	0.3793	0.6048	0.3793	0.831	0.4461
769	0.0	0.5716	0.5043	0.5716	0.5413	0.6217
770	0.0	0.5369	0.4215	0.5369	0.4704	0.5857
771	0.0	0.4653	0.4181	0.4653	0.471	0.4941
772	0.0	0.7331	0.6468	0.7331	0.7018	0.9036
773	0.0	0.6143	0.6285	0.6143	0.7136	0.78
774	0.0	0.4059	0.3197	0.4059	0.3965	0.4483
775	0.0	0.4187	0.5909	0.4187	0.7172	0.5059
776	0.0	0.7044	0.5664	0.7044	0.6729	0.7134
777	0.0	0.5214	0.7346	0.5214	0.7774	0.6343
778	0.0	0.3646	0.6923	0.3646	0.8083	0.4
779	0.0	0.6338	0.6288	0.6338	0.8823	0.7358
780	0.0	0.4613	0.3834	0.4613	0.4668	0.5837
781	0.0	0.549	0.4348	0.549	0.555	0.6626
782	0.0	0.4937	0.4536	0.4937	0.5266	0.6032
783	0.0	0.4931	0.3684	0.4931	0.5165	0.5631
784	0.0	0.3754	0.4468	0.3754	0.5075	0.3993
785	0.0	0.7238	0.4226	0.7238	0.5553	0.8084
786	0.0	0.4989	0.3469	0.4989	0.4537	0.5969
787	0.0	0.6336	0.7763	0.6336	0.9625	0.791
788	0.0	0.6945	0.6421	0.6945	0.6666	0.8478
789	0.0	0.5511	0.6529	0.5511	0.9091	0.7241
790	0.0	0.3664	0.4138	0.3664	0.4827	0.4247
791	0.0	0.5798	0.6139	0.5798	0.6929	0.6361
792	0.0	0.3475	0.5794	0.3475	0.7156	0.4103
793	0.0	0.3882	0.4824	0.3882	0.5233	0.4901
794	0.0	0.4991	0.6935	0.4991	0.8273	0.5254
795	0.0	0.7428	0.6971	0.7428	0.8976	0.8597
796	0.0	0.6099	0.5172	0.6099	0.6457	0.7022
797	0.0	0.5815	0.4451	0.5815	0.52	0.6575
798	0.0	0.5448	0.4971	0.5448	0.5749	0.6866
799	0.0	0.2989	0.4625	0.2989	0.5312	0.3604
800	0.0	0.5468	0.5613	0.5468	0.6944	0.7103
801	0.0	0.6835	0.7053	0.6835	0.8148	0.7954
802	0.0	0.614	0.4513	0.614	0.6103	0.7892
803	0.0	0.7369	0.7284	0.7369	0.9338	0.9995
804	0.0	1.093	0.7732	1.093	0.9379	1.402
805	0.0	0.3765	0.4694	0.3765	0.7892	0.5638
806	0.0	0.746	0.5598	0.746	0.7652	0.8466
807	0.0	0.6178	0.3338	0.6178	0.3954	0.7397
808	0.0	0.4732	0.5796	0.4732	0.9179	0.7439
809	0.0	0.4366	0.5631	0.4366	0.7252	0.5216
810	0.0	0.5558	0.5844	0.5558	0.8475	0.8429
811	0.0	0.6457	0.6416	0.6457	0.7576	0.7592
812	0.0	0.5145	0.566	0.5145	0.6069	0.5723
813	0.0	0.6458	0.7708	0.6458	1.077	0.7392
814	0.0	0.5161	0.4604	0.5161	0.524	0.6204
815	0.0	0.5374	0.4586	0.5374	0.5255	0.5705
816	0.0	0.5314	0.5371	0.5314	0.638	0.7713
817	0.0	0.3376	0.6727	0.3376	0.7713	0.4639
818	0.0	0.6755	0.4685	0.6755	0.5674	0.8061
819	0.0	0.4733	0.3961	0.4733	0.4708	0.5538
820	0.0	0.5109	0.4831	0.5109	0.5991	0.6083
821	0.0	0.3558	0.3829	0.3558	0.4681	0.3777
822	0.0	0.6663	0.718	0.6663	0.8379	0.7587
823	0.0	0.5074	0.7476	0.5074	0.764	0.6118
824	0.0	0.6509	0.4283	0.6509	0.4695	0.715
825	0.0	0.5393	0.6295	0.5393	0.7064	0.7656
826	0.0	0.3668	0.7428	0.3668	1.003	0.5021
827	0.0	0.3487	0.3834	0.3487	0.462	0.4021
828	0.0	0.5352	0.5463	0.5352	0.6094	0.7526
829	0.0	0.6324	0.3559	0.6324	0.4038	0.8017
830	0.0	0.5337	0.3912	0.5337	0.4056	0.6164
831	0.0	0.4132	0.4269	0.4132	0.5721	0.5109
832	0.0	0.2758	0.7023	0.2758	0.7689	0.4442
833	0.0	0.5565	0.5388	0.5565	0.6635	0.7601
834	0.0	0.436	0.3399	0.436	0.3582	0.4759
835	0.0	0.4091	0.5304	0.4091	0.6479	0.5245
836	0.0	0.586	0.4351	0.586	0.7566	0.8103
837	0.0	0.7246	0.4554	0.7246	0.5474	1.048
838	0.0	0.5642	0.4408	0.5642	0.4912	0.6881
839	0.0	0.5452	0.7055	0.5452	0.8919	0.7227
840	0.0	0.4708	0.5116	0.4708	0.6243	0.686
841	0.0	0.7162	0.5993	0.7162	0.7169	0.9288
842	0.0	0.3945	0.3305	0.3945	0.3061	0.3894
843	0.0	0.5471	0.699	0.5471	0.8232	0.6791
844	0.0	0.5928	0.3769	0.5928	0.413	0.6789
845	0.0	0.3932	0.42	0.3932	0.4246	0.4478
846	0.0	0.5737	0.708	0.5737	0.8929	0.6675
847	0.0	0.4968	0.5728	0.4968	0.6716	0.5344
848	0.0	0.6264	0.3839	0.6264	0.426	0.7462
849	0.0	0.3956	0.5268	0.3956	0.5661	0.455
850	0.0	0.5487	0.644	0.5487	0.6485	0.5542
851	0.0	0.304	0.2043	0.304	0.2625	0.3761
852	0.0	0.5572	0.3465	0.5572	0.4526	0.7058
853	0.0	0.6377	0.5615	0.6377	0.6668	0.8007
854	0.0	0.4074	0.5293	0.4074	0.5833	0.4967
855	0.0	0.4516	0.6252	0.4516	0.8479	0.5098
856	0.0	0.4906	0.5667	0.4906	0.697	0.563
857	0.0	0.4819	0.5307	0.4819	0.5867	0.5588
858	0.0	0.689	0.5067	0.689	0.6259	0.8213
859	0.0	0.382	0.4712	0.382	0.5389	0.4647
860	0.0	0.4515	0.5512	0.4515	0.6019	0.4716
861	0.0	0.3193	0.7391	0.3193	0.7924	0.3677
862	0.0	0.6232	0.5935	0.6232	0.6079	0.7547
863	0.0	0.4826	0.3735	0.4826	0.4778	0.5646
864	0.0	0.4039	0.3591	0.4039	0.4124	0.4492
865	0.0	0.5863	0.504	0.5863	0.5919	0.6863
866	0.0	0.4792	0.4616	0.4792	0.4979	0.5576
867	0.0	0.4103	0.4228	0.4103	0.4229	0.4641
868	0.0	0.5531	0.4727	0.5531	0.574	0.6579
869	0.0	0.467	0.3075	0.467	0.4132	0.5211
870	0.0	0.5224	0.5187	0.5224	0.5846	0.6195
871	0.0	0.8933	0.8134	0.8933	0.9858	1.095
872	0.0	0.3992	0.4095	0.3992	0.5696	0.5558
873	0.0	0.6297	0.4467	0.6297	0.5116	0.7929
874	0.0	0.6135	0.4529	0.6135	0.6826	0.717
875	0.0	0.3356	0.2815	0.3356	0.327	0.3569
876	0.0	0.6048	0.6623	0.6048	0.7958	0.7722
877	0.0	0.4588	0.3271	0.4588	0.3502	0.4751
878	0.0	0.3671	0.6485	0.3671	0.6782	0.4672
879	0.0	0.524	0.4397	0.524	0.5046	0.5836
880	0.0	0.5689	0.6253	0.5689	0.7403	0.7096
881	0.0	0.58	0.667	0.58	0.7893	0.7176
882	0.0	0.4292	0.4324	0.4292	0.5263	0.4483
883	0.0	0.4231	0.8011	0.4231	0.794	0.5203
884	0.0	0.2171	0.4923	0.2171	0.6042	0.2509
885	0.0	0.2837	0.4331	0.2837	0.4561	0.3329
886	0.0	0.5023	0.4962	0.5023	0.5651	0.5801
887	0.0	0.5871	0.7876	0.5871	0.9504	0.7165
888	0.0	0.4842	0.493	0.4842	0.5278	0.5516
889	0.0	0.6535	0.5729	0.6535	0.6483	0.7727
890	0.0	0.6615	0.6702	0.6615	0.7723	0.7716
891	0.0	0.4974	0.6052	0.4974	0.9551	0.7003
892	0.0	0.7695	0.497	0.7695	0.601	0.8527
893	0.0	0.6996	0.5345	0.6996	0.6333	0.9546
894	0.0	0.483	0.3934	0.483	0.4315	0.5975
895	0.0	0.5484	0.5311	0.5484	0.5545	0.5902
896	0.0	0.3963	0.4722	0.3963	0.5497	0.4573
897	0.0	0.4715	0.644	0.4715	0.7109	0.6347
898	0.0	0.3749	0.4059	0.3749	0.4706	0.4225
899	0.0	0.6253	0.6853	0.6253	0.7674	0.7424
900	0.0	0.3815	0.4748	0.3815	0.7209	0.5722
901	0.0	0.3327	0.4971	0.3327	0.5538	0.3837
902	0.0	0.4424	0.4104	0.4424	0.4168	0.5235
903	0.0	0.3688	0.3898	0.3688	0.4441	0.4836
904	0.0	0.4092	0.6291	0.4092	0.8009	0.5224
905	0.0	0.3957	0.5433	0.3957	0.5933	0.5571
906	0.0	0.4038	0.3034	0.4038	0.3587	0.4292
907	0.0	0.7283	0.7874	0.7283	0.9674	0.8749
908	0.0	0.5768	0.2731	0.5768	0.5784	0.6844
909	0.0	0.6385	0.4237	0.6385	0.5174	0.9496
910	0.0	0.7142	0.8467	0.7142	1.192	0.927
911	0.0	0.508	0.5395	0.508	0.7206	0.6201
912	0.0	0.5474	0.348	0.5474	0.3732	0.6752
913	0.0	0.3616	0.5826	0.3616	0.7111	0.4936
914	0.0	0.7082	0.7891	0.7082	0.9095	0.941
915	0.0	0.5042	0.5727	0.5042	0.6733	0.5651
916	0.0	0.5195	0.4151	0.5195	0.4842	0.62
917	0.0	0.685	0.5481	0.685	0.6997	0.9447
918	0.0	0.631	0.4272	0.631	0.4602	0.6755
919	0.0	0.4275	0.4286	0.4275	0.4652	0.5253
920	0.0	0.8708	0.5474	0.8708	0.5796	1.123
921	0.0	0.4932	0.3346	0.4932	0.3535	0.5649
922	0.0	0.3021	0.407	0.3021	0.5002	0.3389
923	0.0	0.2199	0.2906	0.2199	0.3639	0.2822
924	0.0	0.5625	0.5686	0.5625	0.6608	0.678
925	0.0	0.6687	0.595	0.6687	0.6226	0.8233
926	0.0	0.3284	0.5971	0.3284	0.7374	0.3477
927	0.0	0.6163	0.533	0.6163	0.6602	0.773
928	0.0	0.4351	0.3956	0.4351	0.438	0.4479
929	0.0	0.648	0.4107	0.648	0.5918	0.7612
930	0.0	0.561	0.4789	0.561	0.5659	0.6705
931	0.0	0.5617	0.631	0.5617	0.7982	0.704
932	0.0	0.419	0.4393	0.419	0.627	0.4635
933	0.0	0.3447	0.3479	0.3447	0.4907	0.4256
934	0.0	0.4541	0.3474	0.4541	0.3631	0.5175
935	0.0	0.4787	0.3246	0.4787	0.3499	0.687
936	0.0	0.4953	0.333	0.4953	0.5436	0.6743
937	0.0	0.5521	0.6332	0.5521	0.8151	0.6773
938	0.0	0.6244	0.6334	0.6244	0.7208	0.6421
939	0.0	0.4046	0.8378	0.4046	0.842	0.4634
940	0.0	0.6546	0.6918	0.6546	0.7827	0.7167
941	0.0	0.5234	0.282	0.5234	0.4313	0.9184
942	0.0	0.6636	0.7208	0.6636	0.8305	0.766
943	0.0	0.6978	0.6368	0.6978	0.8793	0.7895
944	0.0	0.5978	0.6028	0.5978	0.6882	0.7549
945	0.0	0.5371	0.7398	0.5371	0.817	0.7388
946	0.0	0.4428	0.3406	0.4428	0.404	0.4933
947	0.0	0.525	0.4823	0.525	0.5273	0.631
948	0.0	0.5158	0.3613	0.5158	0.4144	0.6065
949	0.0	0.594	0.5857	0.594	0.8203	0.7455
950	0.0	0.617	0.7697	0.617	0.9091	0.6426
951	0.0	0.3055	0.9008	0.3055	0.9586	0.3756
952	0.0	0.6455	0.489	0.6455	0.5344	0.7633
953	0.0	0.5666	0.4164	0.5666	0.4789	0.6963
954	0.0	0.5608	0.6167	0.5608	0.702	0.74
955	0.0	0.6934	0.692	0.6934	0.8558	0.775
956	0.0	0.369	0.1603	0.369	0.259	0.4367
957	0.0	0.5329	0.1747	0.5329	0.2471	0.6092
958	0.0	0.6499	0.6351	0.6499	0.542	0.6629
959	0.0	0.583	0.5622	0.583	0.6916	0.6234
960	0.0	0.3578	0.5089	0.3578	0.6163	0.4576
961	0.0	0.3532	0.4293	0.3532	0.5096	0.4028
962	0.0	0.4891	0.5439	0.4891	0.6555	0.5971
963	0.0	0.7506	0.5576	0.7506	0.6602	0.8384
964	0.0	0.7606	0.4597	0.7606	0.4965	0.7643
965	0.0	0.5903	0.3717	0.5903	0.4342	0.7106
966	0.0	0.6081	0.5539	0.6081	0.771	0.724
967	0.0	0.6593	0.6759	0.6593	0.7116	0.7832
968	0.0	0.422	0.7115	0.422	0.9711	0.4612
969	0.0	0.4942	0.4646	0.4942	0.5395	0.5171
970	0.0	0.5848	0.6035	0.5848	0.674	0.7247
971	0.0	0.7585	0.3655	0.7585	0.4163	0.9109
972	0.0	0.3845	0.5539	0.3845	0.7409	0.4392
973	0.0	0.4292	0.3693	0.4292	0.5145	0.546
974	0.0	0.3897	0.5004	0.3897	0.7473	0.499
975	0.0	0.822	0.7122	0.822	0.8733	0.9225
976	0.0	0.5658	0.4198	0.5658	0.6741	0.7338
977	0.0	0.4928	0.3293	0.4928	0.4182	0.5518
978	0.0	0.6039	0.4794	0.6039	0.5382	0.7068
979	0.0	0.3534	0.571	0.3534	0.711	0.4204
980	0.0	0.5402	0.4943	0.5402	0.5175	0.7643
981	0.0	0.4754	0.241	0.4754	0.3207	0.5136
982	0.0	0.2899	0.6729	0.2899	0.796	0.3226
983	0.0	0.3468	0.2818	0.3468	0.3385	0.4009
984	0.0	0.5891	0.4582	0.5891	0.4605	0.6827
985	0.0	0.6219	0.554	0.6219	0.6717	0.7289
986	0.0	0.2766	0.4161	0.2766	0.4613	0.2866
987	0.0	0.5718	0.5456	0.5718	0.5985	0.6928
988	0.0	0.2399	0.3607	0.2399	0.4834	0.4895
989	0.0	0.4574	0.5431	0.4574	0.6097	0.5538
990	0.0	0.3441	0.4111	0.3441	0.5204	0.3806
991	0.0	0.6804	0.5891	0.6804	0.7101	0.7762
992	0.0	0.5887	0.5173	0.5887	0.5916	0.6756
993	0.0	0.5672	0.6217	0.5672	0.7383	0.7012
994	0.0	0.69	0.4953	0.69	0.6009	0.82
995	0.0	0.7448	0.757	0.7448	0.9317	0.8868
996	0.0	0.638	0.6259	0.638	0.6664	0.6874
997	0.0	0.6426	0.7893	0.6426	0.9269	0.7686
998	0.0	0.3527	0.4713	0.3527	0.5621	0.4212
999	0.0	0.4082	0.4573	0.4082	0.5139	0.4799
1000	0.0	0.6655	0.5932	0.6655	0.71	0.8273
1001	0.0	0.4396	0.5563	0.4396	0.6516	0.5127
1002	0.0	0.4879	0.5839	0.4879	0.6464	0.5525
1003	0.0	0.8524	0.6565	0.8524	0.7584	1.009
1004	0.0	0.5837	0.5823	0.5837	0.6045	0.664
1005	0.0	0.3897	0.5426	0.3897	0.6606	0.4495
1006	0.0	0.3291	0.2729	0.3291	0.3934	0.4309
1007	0.0	0.5164	0.5111	0.5164	0.5938	0.5995
1008	0.0	0.5486	0.4763	0.5486	0.5633	0.63
1009	0.0	0.2728	0.3262	0.2728	0.3567	0.3739
1010	0.0	0.5769	0.5767	0.5769	0.606	0.5965
1011	0.0	0.6784	0.7832	0.6784	1.017	0.8663
1012	0.0	0.4828	0.3273	0.4828	0.4051	0.5674
1013	0.0	0.5505	0.5881	0.5505	0.8997	0.7223
1014	0.0	0.6131	1.023	0.6131	1.217	0.7185
1015	0.0	0.4822	0.3746	0.4822	0.5037	0.4249
1016	0.0	0.2981	0.4621	0.2981	0.7492	0.3632
1017	0.0	0.5902	0.3833	0.5902	0.4725	0.8178
1018	0.0	0.53	0.5042	0.53	0.6123	0.7243
1019	0.0	0.7277	0.6204	0.7277	0.7017	0.9448
1020	0.0	0.457	0.3219	0.457	0.3267	0.5852
1021	0.0	0.5793	0.5636	0.5793	0.7159	0.6746
1022	0.0	0.5431	0.6927	0.5431	0.7875	0.6391
1023	0.0	0.5205	0.4893	0.5205	0.603	0.5218
1024	0.0	0.8315	0.7937	0.8315	1.014	1.018
1025	0.0	0.6392	0.5364	0.6392	0.5561	0.7957
1026	0.0	0.671	0.6079	0.671	0.6884	0.7233
1027	0.0	0.597	0.5774	0.597	0.6514	0.6936
1028	0.0	0.5922	0.6968	0.5922	0.828	0.6868
1029	0.0	0.5279	0.3779	0.5279	0.447	0.5987
1030	0.0	0.5571	0.4844	0.5571	0.5563	0.6279
1031	0.0	0.4545	0.5663	0.4545	0.6864	0.547
1032	0.0	0.5402	0.5122	0.5402	0.5621	0.6438
1033	0.0	0.4267	0.6643	0.4267	0.7744	0.5292
1034	0.0	0.4202	0.3391	0.4202	0.3965	0.4895
1035	0.0	0.4825	0.4448	0.4825	0.5427	0.5863
1036	0.0	0.6477	0.6724	0.6477	0.8296	0.9153
1037	0.0	0.4684	0.4741	0.4684	0.612	0.5978
1038	0.0	0.3141	0.3911	0.3141	0.4583	0.3717
1039	0.0	0.5883	0.5175	0.5883	0.5943	0.8934
1040	0.0	0.5476	0.7476	0.5476	0.9665	0.7161
