Step	Loss(S)	Loss(T)	fwd_S	fwd_T	rev_S	rev_T
1	0.0	3.458	2.98	2.971	4.12	3.458
2	0.0	3.984	1.869	3.714	2.136	3.984
3	0.0	3.028	4.402	2.963	3.84	3.028
4	0.0	2.556	3.053	2.902	2.424	2.556
5	0.0	2.142	8.257	3.184	4.613	2.142
6	0.0	1.256	1.891	3.523	1.41	1.256
7	0.0	1.085	1.102	2.591	0.3312	1.085
8	0.0	2.486	5.314	3.366	2.336	2.486
9	0.0	3.168	5.618	4.668	4.16	3.168
10	0.0	1.137	2.336	2.409	0.6045	1.137
11	0.0	1.671	2.005	1.959	1.805	1.671
12	0.0	1.338	1.724	2.175	1.562	1.338
13	0.0	1.81	2.048	1.744	2.094	1.81
14	0.0	2.043	3.68	3.14	2.608	2.043
15	0.0	1.837	1.744	2.111	1.352	1.837
16	0.0	1.629	3.436	2.85	2.209	1.629
17	0.0	1.672	2.1	2.438	0.7773	1.672
18	0.0	0.6369	2.268	0.8866	1.322	0.6369
19	0.0	1.402	2.246	1.54	1.709	1.402
20	0.0	1.047	2.034	2.283	1.486	1.047
21	0.0	0.3532	0.7332	0.7564	0.6112	0.3532
22	0.0	1.498	1.954	2.53	1.61	1.498
23	0.0	0.9406	1.388	0.9684	1.176	0.9406
24	0.0	0.4907	1.685	0.5942	1.149	0.4907
25	0.0	1.02	1.489	1.167	1.388	1.02
26	0.0	1.053	1.727	1.101	1.386	1.053
27	0.0	1.136	2.354	2.439	1.304	1.136
28	0.0	1.466	2.62	3.387	1.271	1.466
29	0.0	0.8288	0.9293	1.016	0.7493	0.8288
30	0.0	2.563	2.243	2.29	1.034	2.563
31	0.0	1.68	2.155	2.345	1.162	1.68
32	0.0	0.6558	2.975	0.8189	1.307	0.6558
33	0.0	0.9518	1.145	1.657	0.7878	0.9518
34	0.0	0.6415	1.169	1.052	0.8051	0.6415
35	0.0	0.9557	1.014	1.205	1.019	0.9557
36	0.0	1.191	2.268	1.354	1.434	1.191
37	0.0	1.238	2.154	1.5	1.215	1.238
38	0.0	1.38	0.9947	1.819	0.9587	1.38
39	0.0	2.307	3.012	3.179	1.906	2.307
40	0.0	0.873	2.119	0.968	2.541	0.873
41	0.0	1.171	1.293	1.808	0.9629	1.171
42	0.0	1.021	1.937	2.053	1.242	1.021
43	0.0	0.7169	0.9619	0.7121	0.9402	0.7169
44	0.0	1.355	1.344	1.664	1.006	1.355
45	0.0	0.9764	1.432	1.378	0.8919	0.9764
46	0.0	0.5584	1.544	0.672	1.166	0.5584
47	0.0	0.7222	0.6456	0.8933	0.6856	0.7222
48	0.0	0.6815	1.206	0.891	1.126	0.6815
49	0.0	1.338	0.9855	1.457	0.6168	1.338
50	0.0	0.895	1.177	1.105	0.8876	0.895
51	0.0	0.9675	1.018	1.352	0.7157	0.9675
52	0.0	0.1607	1.274	0.2606	0.9143	0.1607
53	0.0	0.8886	1.402	1.207	0.9017	0.8886
54	0.0	0.5714	0.9901	0.7925	0.7756	0.5714
55	0.0	0.921	1.232	1.268	0.8853	0.921
56	0.0	1.045	0.556	1.394	0.4878	1.045
57	0.0	1.117	1.758	1.63	1.394	1.117
58	0.0	1.018	1.207	1.532	0.772	1.018
59	0.0	1.047	1.092	1.283	0.9663	1.047
60	0.0	1.051	1.406	1.369	1.154	1.051
61	0.0	0.629	1.065	0.74	0.8427	0.629
62	0.0	0.8268	0.6983	0.9986	0.5429	0.8268
63	0.0	0.5941	1.128	0.7148	0.9268	0.5941
64	0.0	0.9798	1.137	1.294	0.9632	0.9798
65	0.0	0.6919	0.3809	1.003	0.2791	0.6919
66	0.0	0.7573	0.5327	0.9719	0.4215	0.7573
67	0.0	1.033	0.9907	1.411	0.8805	1.033
68	0.0	0.7488	0.6054	1.123	0.4357	0.7488
69	0.0	0.7197	0.715	0.9315	0.6055	0.7197
70	0.0	0.3001	0.7319	0.5398	0.4945	0.3001
71	0.0	0.915	0.8634	1.204	0.535	0.915
72	0.0	0.5905	0.5806	0.7193	0.4469	0.5905
73	0.0	0.6965	0.8282	0.8107	0.6479	0.6965
74	0.0	0.8176	0.8203	1.111	0.5264	0.8176
75	0.0	1.385	1.386	1.645	0.9554	1.385
76	0.0	0.7058	1.071	0.9976	0.7855	0.7058
77	0.0	0.6984	0.9169	0.8609	0.6883	0.6984
78	0.0	1.292	1.62	1.803	1.27	1.292
79	0.0	0.6579	1.114	0.8578	0.701	0.6579
80	0.0	0.4929	0.7495	0.6799	0.5739	0.4929
81	0.0	0.5466	0.7948	0.8007	0.6783	0.5466
82	0.0	0.8512	1.2	1.134	1.009	0.8512
83	0.0	0.6915	0.9308	0.8698	0.7645	0.6915
84	0.0	0.5787	1.032	0.9196	0.8415	0.5787
85	0.0	1.234	0.8743	1.619	0.6394	1.234
86	0.0	0.7713	0.5443	0.9606	0.3121	0.7713
87	0.0	0.595	1.305	0.7724	0.8427	0.595
88	0.0	1.441	1.571	2.137	1.024	1.441
89	0.0	0.6784	1.122	0.8327	0.7109	0.6784
90	0.0	0.7461	1.104	0.9738	0.9098	0.7461
91	0.0	0.5447	0.4532	0.7062	0.385	0.5447
92	0.0	0.7986	1.184	1.143	0.9886	0.7986
93	0.0	0.5057	0.7646	0.6847	0.5404	0.5057
94	0.0	0.5865	0.7323	0.7473	0.6333	0.5865
95	0.0	0.8248	0.909	0.9824	0.6585	0.8248
96	0.0	0.5517	1.097	0.8996	0.8453	0.5517
97	0.0	0.685	0.9608	0.8245	0.6436	0.685
98	0.0	0.7901	0.8212	1.081	0.6538	0.7901
99	0.0	0.7461	1.385	0.9215	1.021	0.7461
100	0.0	0.7736	0.9549	1.186	0.8171	0.7736
101	0.0	0.7401	0.8282	1.015	0.5185	0.7401
102	0.0	0.7131	0.4643	0.9062	0.4029	0.7131
103	0.0	0.3862	0.5256	0.4825	0.4432	0.3862
104	0.0	0.3768	0.7982	0.3355	0.6805	0.3768
105	0.0	0.5387	0.6481	0.7311	0.5247	0.5387
106	0.0	0.8094	1.113	1.178	0.7702	0.8094
107	0.0	0.735	1.293	1.493	0.8955	0.735
108	0.0	0.7966	1.146	0.9848	0.8982	0.7966
109	0.0	1.138	1.172	1.595	0.998	1.138
110	0.0	0.7448	0.5492	0.84	0.4518	0.7448
111	0.0	0.8011	1.19	0.9727	0.9681	0.8011
112	0.0	0.8523	0.7741	1.107	0.5687	0.8523
113	0.0	0.8948	0.2995	1.167	0.2818	0.8948
114	0.0	0.213	0.8036	0.6077	0.4485	0.213
115	0.0	0.56	0.6837	0.7079	0.5159	0.56
116	0.0	0.8646	0.6512	1.193	0.5498	0.8646
117	0.0	0.8532	0.4815	0.9762	0.3532	0.8532
118	0.0	0.5678	0.9665	0.7069	0.8473	0.5678
119	0.0	0.4068	0.6377	0.4649	0.5334	0.4068
120	0.0	1.061	1.025	1.455	0.7608	1.061
121	0.0	0.5773	0.82	1.008	0.5217	0.5773
122	0.0	0.837	1.328	1.463	0.7088	0.837
123	0.0	0.5759	0.7219	0.7128	0.6179	0.5759
124	0.0	0.2959	0.7275	0.487	0.5628	0.2959
125	0.0	0.63	0.4832	0.6492	0.5075	0.63
126	0.0	0.5442	0.8909	0.6402	0.5819	0.5442
127	0.0	0.5236	0.7251	0.7195	0.6654	0.5236
128	0.0	0.4442	0.7393	0.6765	0.6087	0.4442
129	0.0	0.5448	0.7973	0.718	0.6445	0.5448
130	0.0	0.4495	0.6788	0.6658	0.5531	0.4495
131	0.0	0.6567	0.8796	1.12	0.7413	0.6567
132	0.0	0.707	0.7927	1.022	0.6238	0.707
133	0.0	0.8196	0.7391	1.138	0.556	0.8196
134	0.0	0.9	0.6319	1.009	0.4153	0.9
135	0.0	0.5496	1.616	0.7964	0.9231	0.5496
136	0.0	1.103	1.005	1.504	0.7352	1.103
137	0.0	0.5759	0.5576	0.7011	0.4858	0.5759
138	0.0	0.6156	0.5524	0.8032	0.5092	0.6156
139	0.0	0.6583	0.6526	0.8708	0.5525	0.6583
140	0.0	0.7061	0.8543	1.058	0.6879	0.7061
141	0.0	0.7592	0.4794	0.9624	0.3667	0.7592
142	0.0	1.098	0.9483	1.123	0.6852	1.098
143	0.0	1.046	1.279	1.425	1.045	1.046
144	0.0	0.9151	1.127	1.642	0.821	0.9151
145	0.0	0.7516	1.235	0.9785	0.9799	0.7516
146	0.0	0.6743	0.8291	0.8393	0.6746	0.6743
147	0.0	0.8274	0.9228	1.148	0.7513	0.8274
148	0.0	0.8025	1.007	0.9053	0.8994	0.8025
149	0.0	0.6249	0.6251	0.9964	0.4216	0.6249
150	0.0	0.4283	0.6227	0.5094	0.4855	0.4283
151	0.0	0.3631	0.6949	0.4416	0.5387	0.3631
152	0.0	0.4479	0.9951	0.7337	0.6783	0.4479
153	0.0	0.7443	0.8485	0.8315	0.5456	0.7443
154	0.0	0.4265	0.606	0.5225	0.4672	0.4265
155	0.0	0.4359	0.7441	0.5077	0.6507	0.4359
156	0.0	0.7093	0.5737	0.8707	0.3868	0.7093
157	0.0	0.7501	0.6465	0.9874	0.5214	0.7501
158	0.0	0.5509	0.5924	0.6337	0.4607	0.5509
159	0.0	0.6599	0.8869	0.8498	0.7338	0.6599
160	0.0	0.5828	0.5048	0.7218	0.4142	0.5828
161	0.0	0.6737	0.8613	0.8403	0.662	0.6737
162	0.0	0.4234	0.6013	0.583	0.3266	0.4234
163	0.0	0.6455	0.4209	0.9567	0.3665	0.6455
164	0.0	0.6	0.8943	0.9388	0.8598	0.6
165	0.0	0.7102	0.8752	0.7733	0.6489	0.7102
166	0.0	0.5872	0.549	0.6817	0.5182	0.5872
167	0.0	0.4014	0.6336	0.4587	0.6108	0.4014
168	0.0	0.4523	0.7935	0.5824	0.6518	0.4523
169	0.0	0.4935	0.6429	0.5983	0.6205	0.4935
170	0.0	0.5313	0.8875	0.6572	0.7505	0.5313
171	0.0	0.8389	1.153	1.223	0.9015	0.8389
172	0.0	0.5282	0.7769	0.7132	0.7245	0.5282
173	0.0	0.5584	0.3999	0.6654	0.3529	0.5584
174	0.0	0.4159	0.7995	0.5275	0.6384	0.4159
175	0.0	0.4259	0.7077	0.7312	0.5989	0.4259
176	0.0	0.4005	0.6842	0.6031	0.5192	0.4005
177	0.0	0.7205	0.5507	0.8621	0.5296	0.7205
178	0.0	0.6375	0.4922	0.8774	0.2797	0.6375
179	0.0	0.8636	0.8209	1.002	0.8352	0.8636
180	0.0	0.6516	0.3782	0.9586	0.2852	0.6516
181	0.0	0.4235	0.6705	0.6717	0.4101	0.4235
182	0.0	0.5985	1.016	0.8392	0.8692	0.5985
183	0.0	0.415	0.7357	0.6175	0.6191	0.415
184	0.0	0.5212	0.5573	0.5188	0.4704	0.5212
185	0.0	0.5008	0.7525	0.5893	0.705	0.5008
186	0.0	1.032	0.9232	1.229	0.8229	1.032
187	0.0	0.587	0.5158	0.8547	0.4212	0.587
188	0.0	0.3872	0.89	0.4868	0.6969	0.3872
189	0.0	0.9002	0.9238	1.311	0.7008	0.9002
190	0.0	0.514	0.548	0.6077	0.4323	0.514
191	0.0	0.4164	0.8909	0.5648	0.6723	0.4164
192	0.0	0.6088	0.8855	0.7815	0.6598	0.6088
193	0.0	0.8474	0.8811	1.128	0.5073	0.8474
194	0.0	0.3472	0.5943	0.3966	0.4687	0.3472
195	0.0	0.5597	0.6493	0.7997	0.5226	0.5597
196	0.0	0.7048	0.7073	0.8081	0.5439	0.7048
197	0.0	0.6163	0.7201	0.7096	0.5568	0.6163
198	0.0	0.7847	0.6342	0.904	0.541	0.7847
199	0.0	0.499	0.8378	0.601	0.6336	0.499
200	0.0	0.3681	0.7183	0.5202	0.5896	0.3681
201	0.0	0.6147	0.8236	0.7955	0.589	0.6147
202	0.0	0.5774	0.5629	0.7392	0.5139	0.5774
203	0.0	0.7342	0.524	0.886	0.4297	0.7342
204	0.0	0.746	0.7214	1.13	0.6107	0.746
205	0.0	0.365	0.9598	0.4132	0.7942	0.365
206	0.0	0.4677	0.3562	0.4604	0.3214	0.4677
207	0.0	0.5797	0.7261	0.7719	0.5521	0.5797
208	0.0	0.4031	0.6427	0.6354	0.5099	0.4031
209	0.0	0.4816	0.7755	0.7197	0.5776	0.4816
210	0.0	0.5615	0.8702	0.8295	0.7003	0.5615
211	0.0	0.7456	0.4517	0.9394	0.4075	0.7456
212	0.0	0.5473	0.675	0.5531	0.6207	0.5473
213	0.0	0.9256	0.5579	1.243	0.5148	0.9256
214	0.0	0.6902	0.7755	0.8387	0.7005	0.6902
215	0.0	0.2465	0.2899	0.3069	0.2566	0.2465
216	0.0	0.4961	0.7643	0.6137	0.5751	0.4961
217	0.0	0.7887	0.5885	1.221	0.5707	0.7887
218	0.0	0.4068	0.5976	0.6535	0.4526	0.4068
219	0.0	0.6904	0.6455	0.8413	0.4935	0.6904
220	0.0	0.5728	0.7969	0.6493	0.6389	0.5728
221	0.0	0.5562	0.8192	0.6319	0.7909	0.5562
222	0.0	0.4208	0.7933	0.489	0.6423	0.4208
223	0.0	0.6001	0.6387	0.7711	0.4566	0.6001
224	0.0	0.4756	0.9025	0.7618	0.7534	0.4756
225	0.0	0.4548	0.5099	0.5621	0.4457	0.4548
226	0.0	0.4753	0.6695	0.5122	0.4691	0.4753
227	0.0	0.345	0.8015	0.4047	0.7001	0.345
228	0.0	0.4106	0.9767	0.4865	0.6429	0.4106
229	0.0	0.4638	0.65	0.4971	0.5485	0.4638
230	0.0	0.4899	0.5949	0.6489	0.5004	0.4899
231	0.0	0.6178	0.5345	0.6929	0.4707	0.6178
232	0.0	0.707	0.5675	0.8924	0.5037	0.707
233	0.0	0.4454	0.3969	0.5506	0.3547	0.4454
234	0.0	0.5162	0.9308	0.7321	0.7655	0.5162
235	0.0	0.4247	0.88	0.5509	0.7538	0.4247
236	0.0	0.6441	0.6539	0.7931	0.5944	0.6441
237	0.0	0.4327	0.4629	0.4893	0.4175	0.4327
238	0.0	0.6545	0.4731	0.7954	0.4832	0.6545
239	0.0	0.7019	0.6585	0.8089	0.4669	0.7019
240	0.0	0.6315	0.7036	0.7707	0.4182	0.6315
241	0.0	0.7431	0.5554	0.8043	0.4534	0.7431
242	0.0	0.4297	0.5026	0.503	0.4393	0.4297
243	0.0	0.6747	0.5535	0.7691	0.4452	0.6747
244	0.0	0.7565	0.7908	1.035	0.6191	0.7565
245	0.0	0.3767	0.5955	0.5212	0.4945	0.3767
246	0.0	0.3586	0.7787	0.3823	0.6312	0.3586
247	0.0	0.9089	1.246	1.067	0.9225	0.9089
248	0.0	0.3349	0.6316	0.4473	0.4018	0.3349
249	0.0	0.4762	0.9065	0.6284	0.6379	0.4762
250	0.0	0.6207	0.6318	0.8455	0.4254	0.6207
251	0.0	0.59	0.3446	0.6897	0.3363	0.59
252	0.0	0.499	0.5407	0.6464	0.4964	0.499
253	0.0	0.1873	0.6682	0.3015	0.5073	0.1873
254	0.0	0.4328	0.8621	0.533	0.6814	0.4328
255	0.0	0.4757	0.6178	0.5018	0.6458	0.4757
256	0.0	0.4616	0.7059	0.6632	0.5646	0.4616
257	0.0	0.3865	0.7909	0.5256	0.6684	0.3865
258	0.0	0.3897	0.4535	0.4356	0.36	0.3897
259	0.0	0.446	0.6123	0.5208	0.5098	0.446
260	0.0	0.2363	0.04254	0.3238	0.04021	0.2363
261	0.0	0.4928	0.4248	0.6249	0.3602	0.4928
262	0.0	0.3482	0.7098	0.414	0.5809	0.3482
263	0.0	0.501	0.6554	0.6756	0.5521	0.501
264	0.0	0.5234	0.516	0.6346	0.4638	0.5234
265	0.0	0.6336	0.621	0.7331	0.5736	0.6336
266	0.0	0.3585	0.708	0.4048	0.5308	0.3585
267	0.0	0.5489	0.4065	0.6666	0.3581	0.5489
268	0.0	0.6324	0.7094	0.8002	0.5801	0.6324
269	0.0	0.743	0.8046	0.9047	0.6835	0.743
270	0.0	0.4327	0.4007	0.4754	0.3591	0.4327
271	0.0	0.6203	0.6381	0.7464	0.4775	0.6203
272	0.0	0.5582	0.5476	0.6781	0.4492	0.5582
273	0.0	0.5393	0.5001	0.6511	0.3954	0.5393
274	0.0	0.5646	0.3499	0.5968	0.3176	0.5646
275	0.0	0.5311	0.8708	0.6877	0.7563	0.5311
276	0.0	0.7088	0.6975	0.8348	0.4192	0.7088
277	0.0	0.4067	0.7003	0.4834	0.5789	0.4067
278	0.0	0.4379	0.7194	0.6219	0.4647	0.4379
279	0.0	0.3128	0.6205	0.4926	0.5515	0.3128
280	0.0	0.5934	0.5984	0.5942	0.4744	0.5934
281	0.0	0.5421	0.6791	0.7159	0.5798	0.5421
282	0.0	0.4513	0.6953	0.6464	0.5749	0.4513
283	0.0	0.8181	0.7851	0.9755	0.655	0.8181
284	0.0	0.6163	0.6926	0.7332	0.5861	0.6163
285	0.0	0.4401	0.5476	0.5229	0.4747	0.4401
286	0.0	0.8762	1.002	0.9187	0.7645	0.8762
287	0.0	0.59	0.542	0.7889	0.4156	0.59
288	0.0	0.3487	0.3702	0.3804	0.3292	0.3487
289	0.0	0.5221	0.6463	0.6332	0.4309	0.5221
290	0.0	0.7682	0.8151	0.9248	0.5946	0.7682
291	0.0	0.5569	0.5795	0.6571	0.4211	0.5569
292	0.0	0.6559	0.633	0.7806	0.4871	0.6559
293	0.0	0.7096	0.8746	0.7604	0.6382	0.7096
294	0.0	0.5886	0.5054	0.6658	0.3988	0.5886
295	0.0	0.3639	0.442	0.545	0.383	0.3639
296	0.0	0.7485	1.154	1.055	1.109	0.7485
297	0.0	0.5431	0.9278	0.8145	0.5913	0.5431
298	0.0	0.3946	0.4907	0.4066	0.4174	0.3946
299	0.0	0.4048	0.8596	0.4873	0.6605	0.4048
300	0.0	0.4869	0.7356	0.5698	0.6122	0.4869
301	0.0	0.4017	0.5861	0.5493	0.3703	0.4017
302	0.0	0.5202	0.5267	0.6105	0.4216	0.5202
303	0.0	0.5701	0.7528	0.6992	0.6785	0.5701
304	0.0	0.6855	0.4931	0.7845	0.4246	0.6855
305	0.0	0.4662	0.3317	0.7758	0.2327	0.4662
306	0.0	0.4341	0.8264	0.4775	0.6729	0.4341
307	0.0	0.6953	0.436	0.7662	0.3553	0.6953
308	0.0	0.4678	0.4911	0.5369	0.3455	0.4678
309	0.0	0.4412	0.4447	0.4001	0.4034	0.4412
310	0.0	0.5817	0.4979	0.7579	0.3928	0.5817
311	0.0	0.4798	0.6597	0.6777	0.5292	0.4798
312	0.0	0.3353	0.6565	0.3946	0.5767	0.3353
313	0.0	0.4646	0.7911	0.5625	0.6596	0.4646
314	0.0	0.6344	0.7075	0.8163	0.5666	0.6344
315	0.0	0.3765	0.576	0.55	0.3251	0.3765
316	0.0	0.5771	0.6567	0.6796	0.6617	0.5771
317	0.0	0.6259	0.8303	0.7802	0.6431	0.6259
318	0.0	0.5427	0.4395	0.5747	0.3557	0.5427
319	0.0	0.2973	0.3245	0.3435	0.3116	0.2973
320	0.0	0.8146	0.7955	1.095	0.6114	0.8146
321	0.0	0.9578	0.5952	1.118	0.5438	0.9578
322	0.0	0.2035	0.7168	0.3186	0.5568	0.2035
323	0.0	0.63	0.5631	0.7946	0.5047	0.63
324	0.0	0.5372	0.6091	0.5579	0.5421	0.5372
325	0.0	0.7068	0.5576	0.8341	0.4814	0.7068
326	0.0	0.4528	0.4599	0.5289	0.3925	0.4528
327	0.0	0.5116	0.6624	0.5662	0.4998	0.5116
328	0.0	0.5612	0.5554	0.8618	0.3429	0.5612
329	0.0	0.737	0.53	0.7979	0.4616	0.737
330	0.0	0.621	0.6117	0.9202	0.4289	0.621
331	0.0	0.4271	0.407	0.4815	0.3901	0.4271
332	0.0	0.2508	0.5195	0.2744	0.3881	0.2508
333	0.0	0.265	0.3522	0.3017	0.3197	0.265
334	0.0	0.448	0.7305	0.6231	0.6412	0.448
335	0.0	0.7134	0.5319	0.777	0.4678	0.7134
336	0.0	0.7611	0.3318	0.9236	0.3058	0.7611
337	0.0	0.5747	0.5922	0.6456	0.577	0.5747
338	0.0	0.4206	0.6435	0.5515	0.4847	0.4206
339	0.0	0.6798	0.6745	0.8037	0.5226	0.6798
340	0.0	0.4881	0.4512	0.6003	0.3815	0.4881
341	0.0	0.3838	0.3718	0.4399	0.2839	0.3838
342	0.0	0.7036	0.7005	0.7604	0.6241	0.7036
343	0.0	0.4319	0.5189	0.5742	0.3662	0.4319
344	0.0	0.7827	0.5262	1.033	0.3705	0.7827
345	0.0	0.3037	0.3984	0.2811	0.3449	0.3037
346	0.0	0.4241	0.574	0.446	0.525	0.4241
347	0.0	0.3616	0.4772	0.3981	0.3933	0.3616
348	0.0	0.6614	0.7701	0.8346	0.6048	0.6614
349	0.0	0.4433	0.4013	0.6413	0.2622	0.4433
350	0.0	0.3698	0.461	0.3868	0.4424	0.3698
351	0.0	0.8847	0.6215	1.085	0.5411	0.8847
352	0.0	0.6476	0.6087	0.8826	0.5866	0.6476
353	0.0	0.5864	0.4129	0.6249	0.3282	0.5864
354	0.0	0.4801	0.7514	0.5784	0.634	0.4801
355	0.0	0.3037	0.2339	0.3262	0.2109	0.3037
356	0.0	0.601	0.7785	0.6776	0.6379	0.601
357	0.0	0.5222	0.7705	0.7887	0.5564	0.5222
358	0.0	0.6024	0.5914	0.6525	0.451	0.6024
359	0.0	0.4954	0.6041	0.6381	0.5685	0.4954
360	0.0	0.5297	0.5883	0.7511	0.4747	0.5297
361	0.0	0.622	0.6677	0.7332	0.5638	0.622
362	0.0	0.2805	0.4853	0.3091	0.4725	0.2805
363	0.0	0.5362	0.662	0.5885	0.503	0.5362
364	0.0	0.1815	0.3817	0.4058	0.2909	0.1815
365	0.0	0.5826	0.4818	0.6521	0.398	0.5826
366	0.0	0.6516	0.4536	0.7501	0.4269	0.6516
367	0.0	0.3805	0.6124	0.4144	0.4218	0.3805
368	0.0	0.447	0.6222	0.5053	0.5524	0.447
369	0.0	0.5202	0.396	0.5155	0.3902	0.5202
370	0.0	0.551	0.436	0.6128	0.4138	0.551
371	0.0	0.4359	0.6485	0.4983	0.5225	0.4359
372	0.0	0.5083	0.8172	0.7783	0.7028	0.5083
373	0.0	0.6773	0.4295	0.9616	0.4012	0.6773
374	0.0	0.484	0.5104	0.5197	0.4611	0.484
375	0.0	0.4597	0.3735	0.5647	0.4383	0.4597
376	0.0	0.427	0.3995	0.4717	0.3687	0.427
377	0.0	0.3524	0.5291	0.4771	0.4865	0.3524
378	0.0	0.7574	0.624	0.8928	0.512	0.7574
379	0.0	0.8045	1.041	0.9641	0.7944	0.8045
380	0.0	0.3932	0.6495	0.5409	0.5312	0.3932
381	0.0	0.2776	0.5166	0.2957	0.4778	0.2776
382	0.0	0.5716	0.8974	0.7742	0.6184	0.5716
383	0.0	0.523	0.467	0.625	0.3916	0.523
384	0.0	0.3284	0.4447	0.3547	0.3713	0.3284
385	0.0	0.3144	0.5482	0.3436	0.5257	0.3144
386	0.0	0.4967	0.9004	0.7155	0.6101	0.4967
387	0.0	0.7465	0.8332	1.09	0.6589	0.7465
388	0.0	0.5964	0.3344	0.6766	0.2776	0.5964
389	0.0	0.5555	0.7456	0.7801	0.4907	0.5555
390	0.0	0.5217	0.7049	0.7705	0.5877	0.5217
391	0.0	0.1647	0.4983	0.276	0.4414	0.1647
392	0.0	0.3555	0.4632	0.4323	0.3904	0.3555
393	0.0	0.205	0.792	0.2382	0.704	0.205
394	0.0	0.6011	0.735	0.6145	0.6678	0.6011
395	0.0	0.5607	0.7883	0.6822	0.6964	0.5607
396	0.0	0.3336	0.4873	0.4148	0.4386	0.3336
397	0.0	0.7752	0.6435	0.9926	0.6463	0.7752
398	0.0	0.3219	0.5021	0.4061	0.4049	0.3219
399	0.0	0.5059	0.788	0.8336	0.5446	0.5059
400	0.0	0.3893	0.9411	0.4805	0.739	0.3893
401	0.0	0.3774	0.6135	0.6811	0.482	0.3774
402	0.0	0.4243	0.3485	0.5368	0.311	0.4243
403	0.0	0.517	0.5184	0.5337	0.4327	0.517
404	0.0	0.6317	0.5208	0.7395	0.4096	0.6317
405	0.0	0.4935	0.6812	0.6799	0.495	0.4935
406	0.0	0.5941	0.6768	0.6457	0.5449	0.5941
407	0.0	0.76	0.7804	1.048	0.5672	0.76
408	0.0	0.439	0.6415	0.5902	0.6128	0.439
409	0.0	0.2724	0.5921	0.4391	0.4817	0.2724
410	0.0	0.6784	0.2426	0.7679	0.2175	0.6784
411	0.0	0.6926	0.4202	0.7378	0.3769	0.6926
412	0.0	0.6155	0.7401	0.9119	0.5858	0.6155
413	0.0	0.2333	0.8051	0.3341	0.5897	0.2333
414	0.0	0.3154	0.4653	0.3421	0.4159	0.3154
415	0.0	0.5853	0.9392	0.7197	0.9526	0.5853
416	0.0	0.3536	0.4602	0.4917	0.3741	0.3536
417	0.0	0.5094	0.5603	0.6353	0.4712	0.5094
418	0.0	0.6033	0.5885	0.6692	0.5595	0.6033
419	0.0	0.42	0.7361	0.5113	0.7265	0.42
420	0.0	0.551	0.5082	0.6699	0.5121	0.551
421	0.0	0.7766	1.099	1.081	0.8843	0.7766
422	0.0	0.4004	0.7421	0.5062	0.5671	0.4004
423	0.0	0.332	0.3946	0.3949	0.3231	0.332
424	0.0	0.4876	0.6757	0.5837	0.5433	0.4876
425	0.0	0.6271	0.2255	0.8768	0.2019	0.6271
426	0.0	0.3107	0.3778	0.5169	0.2787	0.3107
427	0.0	0.5346	0.5645	0.6469	0.5175	0.5346
428	0.0	0.4201	0.4279	0.4375	0.4076	0.4201
429	0.0	0.4702	0.791	0.5592	0.5663	0.4702
430	0.0	0.7097	0.5236	0.7911	0.3772	0.7097
431	0.0	0.2891	0.3774	0.3955	0.3376	0.2891
432	0.0	0.5829	0.7701	0.658	0.6602	0.5829
433	0.0	0.426	0.4173	0.4406	0.4103	0.426
434	0.0	0.541	0.7611	0.9521	0.6406	0.541
435	0.0	0.4307	0.5235	0.4966	0.5066	0.4307
436	0.0	0.1775	0.4184	0.234	0.2855	0.1775
437	0.0	0.2379	0.2411	0.2631	0.2129	0.2379
438	0.0	0.6853	0.5891	1.007	0.5088	0.6853
439	0.0	0.3904	0.3924	0.4557	0.3163	0.3904
440	0.0	0.6922	0.6208	0.9045	0.4588	0.6922
441	0.0	0.4733	0.6288	0.5616	0.5468	0.4733
442	0.0	0.6409	0.4473	0.7619	0.3957	0.6409
443	0.0	0.4217	0.3663	0.5374	0.3398	0.4217
444	0.0	0.3456	0.4785	0.3812	0.402	0.3456
445	0.0	0.3585	0.5804	0.4181	0.4494	0.3585
446	0.0	0.61	0.8475	0.6821	0.7055	0.61
447	0.0	0.396	0.535	0.4943	0.3658	0.396
448	0.0	0.3711	0.4656	0.6483	0.3189	0.3711
449	0.0	0.683	0.3648	0.8171	0.3478	0.683
450	0.0	0.366	0.5004	0.4075	0.4738	0.366
451	0.0	0.5917	0.6063	0.7242	0.5121	0.5917
452	0.0	0.5692	0.7507	0.7045	0.6387	0.5692
453	0.0	0.3815	0.298	0.4366	0.2475	0.3815
454	0.0	0.534	0.3295	0.7012	0.278	0.534
455	0.0	0.7607	0.789	0.8794	0.6932	0.7607
456	0.0	0.4858	0.3212	0.7768	0.2503	0.4858
457	0.0	0.4794	0.1978	0.6516	0.1382	0.4794
458	0.0	0.3994	0.5885	0.451	0.4621	0.3994
459	0.0	0.3342	0.7082	0.3816	0.6078	0.3342
460	0.0	0.464	0.5869	0.5122	0.5627	0.464
461	0.0	0.2452	0.8188	0.3086	0.4496	0.2452
462	0.0	0.4564	0.3942	0.5366	0.3477	0.4564
463	0.0	0.4192	0.6775	0.4498	0.421	0.4192
464	0.0	0.6343	0.4747	0.8105	0.3223	0.6343
465	0.0	0.8642	0.6322	1.016	0.4598	0.8642
466	0.0	0.3794	0.5405	0.4312	0.4905	0.3794
467	0.0	0.3341	0.4508	0.3699	0.3965	0.3341
468	0.0	0.4717	0.429	0.5427	0.3488	0.4717
469	0.0	0.467	0.4628	0.587	0.3583	0.467
470	0.0	0.4518	0.5139	0.5504	0.4632	0.4518
471	0.0	0.5428	0.5845	0.6492	0.5164	0.5428
472	0.0	0.3822	0.5918	0.444	0.502	0.3822
473	0.0	0.5581	0.5799	0.6212	0.4872	0.5581
474	0.0	0.3505	0.2861	0.4377	0.2572	0.3505
475	0.0	0.5234	0.9536	0.6635	0.836	0.5234
476	0.0	0.5731	0.3551	0.6458	0.321	0.5731
477	0.0	0.6088	0.4358	0.6875	0.3572	0.6088
478	0.0	0.4566	0.3482	0.5189	0.2966	0.4566
479	0.0	0.4466	0.533	0.5171	0.5287	0.4466
480	0.0	0.676	0.4236	0.7708	0.3778	0.676
481	0.0	0.6388	0.4173	0.8291	0.3227	0.6388
482	0.0	0.9343	0.3212	1.057	0.2726	0.9343
483	0.0	0.5618	1.483	0.7058	1.005	0.5618
484	0.0	0.2647	0.345	0.4048	0.3245	0.2647
485	0.0	0.2992	0.4528	0.3383	0.3556	0.2992
486	0.0	0.4168	0.596	0.4913	0.4764	0.4168
487	0.0	0.2686	0.564	0.3878	0.522	0.2686
488	0.0	0.2448	0.4496	0.3352	0.3875	0.2448
489	0.0	0.4163	0.3167	0.4932	0.3111	0.4163
490	0.0	0.5128	0.4949	0.706	0.4252	0.5128
491	0.0	0.8114	0.848	0.9383	0.7621	0.8114
492	0.0	0.0824	0.3524	0.1212	0.2339	0.0824
493	0.0	0.8917	0.698	1.164	0.3795	0.8917
494	0.0	0.5666	0.7524	0.6572	0.6512	0.5666
495	0.0	0.5618	0.8456	0.6668	0.6793	0.5618
496	0.0	0.5428	0.5011	0.6785	0.4386	0.5428
497	0.0	0.5201	0.3618	0.6961	0.2795	0.5201
498	0.0	0.5004	0.8027	0.6161	0.6855	0.5004
499	0.0	0.5141	0.6168	0.7962	0.5464	0.5141
500	0.0	0.2368	0.181	0.2647	0.1458	0.2368
501	0.0	0.6297	0.9476	0.604	0.7767	0.6297
502	0.0	0.3747	0.6062	0.4079	0.5075	0.3747
503	0.0	0.5628	0.5365	0.6739	0.4527	0.5628
504	0.0	0.8031	0.5761	1.12	0.5077	0.8031
505	0.0	0.6646	0.8684	0.6849	0.9685	0.6646
506	0.0	0.4222	0.652	0.4939	0.5197	0.4222
507	0.0	0.4171	0.4514	0.467	0.3977	0.4171
508	0.0	0.3731	0.3803	0.4899	0.3284	0.3731
509	0.0	0.6586	0.2309	0.7583	0.1391	0.6586
510	0.0	0.5357	0.5062	0.6028	0.4557	0.5357
511	0.0	0.4978	0.5781	0.5632	0.4593	0.4978
512	0.0	0.3901	0.5993	0.5286	0.5739	0.3901
513	0.0	0.4138	0.6511	0.5366	0.5522	0.4138
514	0.0	0.5961	0.7597	0.7082	0.5686	0.5961
515	0.0	0.382	0.4309	0.4294	0.3833	0.382
516	0.0	0.8467	0.8857	1.399	0.7036	0.8467
517	0.0	0.4211	0.6252	0.5335	0.5474	0.4211
518	0.0	0.4421	0.4396	0.5205	0.3858	0.4421
519	0.0	0.4304	0.657	0.5419	0.5516	0.4304
520	0.0	0.3138	0.689	0.3381	0.5703	0.3138
521	0.0	0.5067	0.7758	0.648	0.6653	0.5067
522	0.0	0.5984	0.862	0.7502	0.7935	0.5984
523	0.0	0.6044	0.3313	0.7874	0.3049	0.6044
524	0.0	0.8032	0.5292	0.8474	0.5548	0.8032
525	0.0	0.7693	1.044	0.8606	0.7655	0.7693
526	0.0	0.5156	0.5774	0.5921	0.4833	0.5156
527	0.0	0.3427	0.182	0.3588	0.1664	0.3427
528	0.0	0.7953	0.8373	1.041	0.6671	0.7953
529	0.0	0.7451	0.8068	0.8237	0.7466	0.7451
530	0.0	0.3422	0.6491	0.5154	0.4821	0.3422
531	0.0	0.4845	0.6132	0.5454	0.5725	0.4845
532	0.0	0.5542	0.5734	0.6528	0.5544	0.5542
533	0.0	0.6183	0.7448	0.9377	0.5394	0.6183
534	0.0	0.3016	0.6412	0.4025	0.5796	0.3016
535	0.0	0.4062	0.3631	0.5816	0.3232	0.4062
536	0.0	0.7177	0.5504	0.8494	0.402	0.7177
537	0.0	0.4711	0.5241	0.5231	0.4435	0.4711
538	0.0	0.7063	0.5274	0.9267	0.4419	0.7063
539	0.0	0.5331	0.5709	0.6342	0.522	0.5331
540	0.0	0.1967	0.2818	0.341	0.1405	0.1967
541	0.0	0.276	0.3602	0.33	0.3046	0.276
542	0.0	0.5442	0.7306	0.699	0.6112	0.5442
543	0.0	0.4954	0.8077	0.5677	0.5475	0.4954
544	0.0	0.5353	0.5773	0.5913	0.5238	0.5353
545	0.0	0.493	0.5717	0.5673	0.5262	0.493
546	0.0	0.6983	0.5263	0.7917	0.3511	0.6983
547	0.0	0.561	0.6765	0.7322	0.5241	0.561
548	0.0	0.5305	0.6284	0.6763	0.4451	0.5305
549	0.0	0.6217	0.4866	0.7137	0.4056	0.6217
550	0.0	0.4106	0.4976	0.4546	0.4435	0.4106
551	0.0	0.5163	0.9304	0.6742	0.7772	0.5163
552	0.0	0.3694	0.8	0.4824	0.7055	0.3694
553	0.0	0.5255	0.5194	0.7484	0.4537	0.5255
554	0.0	0.5062	0.6105	0.6151	0.4688	0.5062
555	0.0	0.3768	0.4994	0.4542	0.4067	0.3768
556	0.0	0.6353	0.8012	0.7545	0.6617	0.6353
557	0.0	0.5293	0.4808	0.7131	0.4822	0.5293
558	0.0	0.3338	0.4648	0.3357	0.3989	0.3338
559	0.0	0.7075	0.8183	0.8213	0.6446	0.7075
560	0.0	0.7277	0.5951	1.151	0.477	0.7277
561	0.0	0.3572	0.8412	0.3954	0.6103	0.3572
562	0.0	0.3883	0.667	0.4774	0.5506	0.3883
563	0.0	0.3027	0.4619	0.418	0.3554	0.3027
564	0.0	0.3677	0.6594	0.4043	0.5721	0.3677
565	0.0	0.4114	0.5911	0.5047	0.4729	0.4114
566	0.0	0.505	0.5163	0.6132	0.4324	0.505
567	0.0	0.4568	0.438	0.6148	0.4057	0.4568
568	0.0	0.5299	0.6976	0.7277	0.5516	0.5299
569	0.0	0.5797	0.6553	0.7381	0.5591	0.5797
570	0.0	0.5209	0.5701	0.6097	0.5382	0.5209
571	0.0	0.3548	0.5833	0.4245	0.5017	0.3548
572	0.0	0.372	0.529	0.5639	0.3407	0.372
573	0.0	0.5124	0.6644	0.5683	0.5419	0.5124
574	0.0	0.3247	0.4467	0.4114	0.4057	0.3247
575	0.0	0.4603	0.6795	0.4936	0.5592	0.4603
576	0.0	0.484	0.3909	0.5487	0.3427	0.484
577	0.0	0.32	0.5135	0.3813	0.465	0.32
578	0.0	0.4284	0.5328	0.57	0.4045	0.4284
579	0.0	0.8627	0.7892	1.384	0.6552	0.8627
580	0.0	0.8548	0.8532	0.9136	0.7177	0.8548
581	0.0	0.7175	0.3735	0.7426	0.3181	0.7175
582	0.0	0.5641	0.4356	0.6325	0.3802	0.5641
583	0.0	0.4171	0.5765	0.5092	0.4898	0.4171
584	0.0	0.3452	0.4345	0.3713	0.3771	0.3452
585	0.0	0.5756	0.5692	0.6029	0.4827	0.5756
586	0.0	0.3693	0.6277	0.433	0.5325	0.3693
587	0.0	0.6348	0.7987	0.7692	0.7149	0.6348
588	0.0	0.5839	0.3216	0.804	0.2679	0.5839
589	0.0	0.5728	0.4036	0.6055	0.3767	0.5728
590	0.0	0.3553	0.5985	0.4694	0.4509	0.3553
591	0.0	0.5211	0.5827	0.5315	0.4894	0.5211
592	0.0	0.3147	0.611	0.4302	0.514	0.3147
593	0.0	0.3998	0.786	0.4002	0.6129	0.3998
594	0.0	0.5177	0.6468	0.566	0.5748	0.5177
595	0.0	0.8179	0.9498	0.8414	0.7171	0.8179
596	0.0	0.3628	0.4146	0.5073	0.3452	0.3628
597	0.0	0.7679	0.5137	1.359	0.3741	0.7679
598	0.0	0.6709	0.8634	0.8049	0.6998	0.6709
599	0.0	0.3862	0.5882	0.4551	0.4857	0.3862
600	0.0	0.3531	0.5228	0.3752	0.4594	0.3531
601	0.0	0.3658	0.6515	0.4042	0.5526	0.3658
602	0.0	0.5255	0.5415	0.5885	0.4851	0.5255
603	0.0	0.378	0.6236	0.5832	0.4636	0.378
604	0.0	0.6467	0.7007	0.8183	0.5352	0.6467
605	0.0	0.7066	0.2187	0.7997	0.1799	0.7066
606	0.0	0.3332	0.4316	0.5018	0.3666	0.3332
607	0.0	0.4647	0.5728	0.6198	0.4829	0.4647
608	0.0	0.7008	0.9835	1.067	0.7134	0.7008
609	0.0	0.6513	0.606	0.6657	0.5428	0.6513
610	0.0	0.5001	0.3396	0.595	0.3052	0.5001
611	0.0	0.4337	0.4694	0.5234	0.3925	0.4337
612	0.0	0.3938	0.6218	0.4964	0.5198	0.3938
613	0.0	0.6122	0.7829	0.8086	0.65	0.6122
614	0.0	0.5249	0.5796	0.6103	0.5393	0.5249
615	0.0	0.467	0.5547	0.5377	0.4958	0.467
616	0.0	0.4943	0.5489	0.5849	0.4362	0.4943
617	0.0	0.5719	0.7531	0.5996	0.5937	0.5719
618	0.0	0.622	0.482	0.7583	0.5182	0.622
619	0.0	0.472	0.5391	0.5503	0.4674	0.472
620	0.0	0.6423	1.117	0.8075	0.609	0.6423
621	0.0	0.3024	0.455	0.3546	0.3715	0.3024
622	0.0	0.4611	0.4635	0.5285	0.4221	0.4611
623	0.0	0.5579	0.4041	0.6486	0.3379	0.5579
624	0.0	0.3651	0.32	0.4147	0.2518	0.3651
625	0.0	0.6052	0.6497	0.7133	0.4979	0.6052
626	0.0	0.3232	0.8246	0.337	0.6827	0.3232
627	0.0	0.4629	0.8917	0.5343	0.715	0.4629
628	0.0	0.6027	0.4267	0.6405	0.3411	0.6027
629	0.0	0.5675	0.6197	0.8062	0.4978	0.5675
630	0.0	0.3213	0.3758	0.3215	0.3203	0.3213
631	0.0	0.1805	0.6907	0.1743	0.4762	0.1805
632	0.0	0.6146	0.5501	0.8131	0.4062	0.6146
633	0.0	0.3008	0.395	0.3454	0.3624	0.3008
634	0.0	0.6709	0.4587	0.8378	0.2985	0.6709
635	0.0	0.4168	0.5686	0.4636	0.445	0.4168
636	0.0	0.3285	0.5357	0.3543	0.4234	0.3285
637	0.0	0.5263	0.5952	0.6436	0.5844	0.5263
638	0.0	0.4117	0.3688	0.5193	0.2701	0.4117
639	0.0	0.3854	0.5233	0.431	0.4898	0.3854
640	0.0	0.4216	0.7876	0.4778	0.6413	0.4216
641	0.0	0.4843	0.6704	0.6643	0.5837	0.4843
642	0.0	0.419	0.644	0.4382	0.5237	0.419
643	0.0	0.441	0.8242	0.4471	0.6866	0.441
644	0.0	0.3571	0.609	0.4433	0.5257	0.3571
645	0.0	0.3692	0.6287	0.3998	0.5473	0.3692
646	0.0	0.6578	0.7236	0.8993	0.5113	0.6578
647	0.0	0.7136	0.8407	0.9137	0.6625	0.7136
648	0.0	0.5061	0.7426	0.6156	0.56	0.5061
649	0.0	0.4536	0.463	0.5005	0.4194	0.4536
650	0.0	0.3794	0.3782	0.4282	0.2573	0.3794
651	0.0	0.4117	0.5715	0.4707	0.4907	0.4117
652	0.0	0.2039	0.6178	0.3002	0.5208	0.2039
653	0.0	0.3446	0.5534	0.3676	0.4599	0.3446
654	0.0	0.5326	0.2813	0.7281	0.2221	0.5326
655	0.0	0.5626	0.5186	0.7584	0.431	0.5626
656	0.0	0.5098	0.648	0.5924	0.5618	0.5098
657	0.0	0.468	0.2692	0.595	0.2113	0.468
658	0.0	0.5776	0.6349	0.7927	0.6328	0.5776
659	0.0	0.5698	0.3037	0.6505	0.2695	0.5698
660	0.0	0.5895	0.4134	0.6658	0.3699	0.5895
661	0.0	0.5483	0.4912	0.6999	0.4433	0.5483
662	0.0	0.3447	0.5666	0.3543	0.4603	0.3447
663	0.0	0.6661	0.8715	0.8449	0.7317	0.6661
664	0.0	0.6553	0.6071	0.8389	0.4994	0.6553
665	0.0	0.3931	0.5618	0.5029	0.4841	0.3931
666	0.0	0.6986	0.7692	0.8899	0.6507	0.6986
667	0.0	0.3072	0.362	0.361	0.3389	0.3072
668	0.0	0.6395	0.7502	0.7805	0.6786	0.6395
669	0.0	0.5105	0.677	0.8279	0.3826	0.5105
670	0.0	0.331	0.4885	0.4542	0.4279	0.331
671	0.0	0.4264	0.4208	0.5134	0.2604	0.4264
672	0.0	0.5497	0.5	0.6158	0.3851	0.5497
673	0.0	0.5671	0.5288	0.6438	0.4133	0.5671
674	0.0	0.3076	0.4811	0.3855	0.4307	0.3076
675	0.0	0.3352	0.7867	0.3573	0.5692	0.3352
676	0.0	0.3064	0.3138	0.3898	0.2821	0.3064
677	0.0	0.6133	0.5719	0.7437	0.4944	0.6133
678	0.0	0.4844	0.4975	0.5508	0.4279	0.4844
679	0.0	0.9305	0.6107	1.045	0.5447	0.9305
680	0.0	0.457	0.4594	0.5034	0.479	0.457
681	0.0	0.5571	0.5935	0.584	0.4994	0.5571
682	0.0	0.5659	0.7327	0.7204	0.5843	0.5659
683	0.0	0.5375	0.9462	0.6162	0.6728	0.5375
684	0.0	0.5337	0.5367	0.6107	0.4805	0.5337
685	0.0	0.6742	0.3177	0.799	0.2699	0.6742
686	0.0	0.3462	0.5322	0.3562	0.413	0.3462
687	0.0	0.2653	0.5118	0.2915	0.4264	0.2653
688	0.0	0.4513	0.398	0.5925	0.3487	0.4513
689	0.0	0.4569	0.4131	0.5382	0.3534	0.4569
690	0.0	0.4793	0.8125	0.6298	0.7381	0.4793
691	0.0	0.7697	0.6751	0.8373	0.6854	0.7697
692	0.0	0.2892	0.3243	0.4166	0.2307	0.2892
693	0.0	0.331	0.5828	0.3681	0.5138	0.331
694	0.0	0.32	0.7608	0.4749	0.626	0.32
695	0.0	0.3528	0.7196	0.5875	0.5674	0.3528
696	0.0	0.5305	0.5623	0.6587	0.4688	0.5305
697	0.0	0.3327	0.3017	0.4174	0.2613	0.3327
698	0.0	0.547	0.2693	0.714	0.2267	0.547
699	0.0	0.5629	0.7533	0.702	0.6647	0.5629
700	0.0	0.4416	0.394	0.4711	0.3349	0.4416
701	0.0	0.2562	0.6708	0.4323	0.5361	0.2562
702	0.0	0.7345	0.825	0.8765	0.7332	0.7345
703	0.0	0.4829	0.5898	0.6585	0.4265	0.4829
704	0.0	0.5118	0.5774	0.6008	0.5302	0.5118
705	0.0	0.359	0.4058	0.5175	0.3596	0.359
706	0.0	0.5352	0.537	0.6063	0.4477	0.5352
707	0.0	0.443	0.4756	0.4869	0.4166	0.443
708	0.0	0.2871	0.4399	0.3482	0.373	0.2871
709	0.0	0.6989	0.5846	0.6858	0.5036	0.6989
710	0.0	0.6275	0.636	0.7372	0.5835	0.6275
711	0.0	0.5723	0.4077	0.7368	0.2615	0.5723
712	0.0	0.448	0.4506	0.5667	0.396	0.448
713	0.0	0.4504	0.5578	0.5539	0.3514	0.4504
714	0.0	0.6086	0.4317	0.7007	0.383	0.6086
715	0.0	0.5794	0.4958	0.5881	0.4613	0.5794
716	0.0	0.4344	0.4339	0.4955	0.3876	0.4344
717	0.0	0.2631	0.7997	0.3382	0.6595	0.2631
718	0.0	0.6193	0.4995	0.7198	0.4596	0.6193
719	0.0	0.5185	0.4104	0.6215	0.3715	0.5185
720	0.0	0.3229	0.5413	0.3742	0.4233	0.3229
721	0.0	0.3478	0.5287	0.4749	0.4032	0.3478
722	0.0	0.5722	0.3389	0.6851	0.285	0.5722
723	0.0	0.447	0.6486	0.4961	0.6	0.447
724	0.0	0.4259	0.6847	0.4655	0.5248	0.4259
725	0.0	0.1707	0.4373	0.276	0.3868	0.1707
726	0.0	0.4364	0.4211	0.4768	0.4327	0.4364
727	0.0	0.4002	0.6057	0.5615	0.4268	0.4002
728	0.0	0.6426	0.6424	0.6496	0.5221	0.6426
729	0.0	0.4164	0.4801	0.586	0.4051	0.4164
730	0.0	0.3609	0.6003	0.4332	0.4885	0.3609
731	0.0	0.4662	0.3882	0.6033	0.3647	0.4662
732	0.0	0.5157	0.3695	0.5871	0.3371	0.5157
733	0.0	0.5795	0.7535	0.5598	0.6655	0.5795
734	0.0	0.5038	0.3863	0.589	0.2831	0.5038
735	0.0	0.5388	0.5453	0.6213	0.412	0.5388
736	0.0	0.6296	0.6696	0.8352	0.5922	0.6296
737	0.0	0.7505	0.6436	0.7272	0.5597	0.7505
738	0.0	0.5059	0.5679	0.655	0.5066	0.5059
739	0.0	0.4694	0.5425	0.5233	0.4103	0.4694
740	0.0	0.5741	0.3572	0.6178	0.2621	0.5741
741	0.0	0.5253	0.666	0.5689	0.4903	0.5253
742	0.0	0.598	0.6669	0.8504	0.5177	0.598
743	0.0	0.3561	0.6341	0.4074	0.5001	0.3561
744	0.0	0.494	0.4762	0.5993	0.414	0.494
745	0.0	0.4505	0.4577	0.5427	0.4306	0.4505
746	0.0	0.6103	0.7311	0.7735	0.6366	0.6103
747	0.0	0.4359	0.6501	0.5344	0.59	0.4359
748	0.0	0.344	0.5328	0.438	0.4211	0.344
749	0.0	0.6235	0.3662	0.6745	0.3305	0.6235
750	0.0	0.5141	0.6492	0.7969	0.5626	0.5141
751	0.0	0.6527	0.5842	0.6837	0.5234	0.6527
752	0.0	0.5318	0.6115	0.5467	0.5409	0.5318
753	0.0	0.487	0.5261	0.5611	0.4603	0.487
754	0.0	0.4407	0.3183	0.518	0.2909	0.4407
755	0.0	0.4274	0.5354	0.4708	0.467	0.4274
756	0.0	0.3997	0.6272	0.4872	0.4104	0.3997
757	0.0	0.5013	0.3262	0.5782	0.3038	0.5013
758	0.0	0.3019	0.4064	0.4029	0.327	0.3019
759	0.0	0.4344	0.4993	0.5795	0.4146	0.4344
760	0.0	0.232	0.4108	0.3599	0.3572	0.232
761	0.0	0.4625	0.4739	0.5489	0.3905	0.4625
762	0.0	0.3595	0.4642	0.4506	0.3884	0.3595
763	0.0	0.4648	0.4413	0.5378	0.4058	0.4648
764	0.0	0.6394	0.5121	0.7313	0.4513	0.6394
765	0.0	0.4774	0.3918	0.6408	0.3059	0.4774
766	0.0	0.4225	0.7333	0.5594	0.6642	0.4225
767	0.0	0.5726	0.6979	0.6837	0.6103	0.5726
768	0.0	0.343	0.5325	0.3869	0.4706	0.343
769	0.0	0.4718	0.2728	0.5938	0.1981	0.4718
770	0.0	0.5107	0.448	0.5922	0.4234	0.5107
771	0.0	0.4295	0.395	0.5101	0.3119	0.4295
772	0.0	0.6674	0.8447	0.8087	0.6338	0.6674
773	0.0	0.5632	0.4724	0.6508	0.3873	0.5632
774	0.0	0.4403	0.4102	0.5438	0.3353	0.4403
775	0.0	0.3909	0.6968	0.4706	0.6384	0.3909
776	0.0	0.6412	0.4237	0.8036	0.3474	0.6412
777	0.0	0.4785	0.4101	0.5207	0.3141	0.4785
778	0.0	0.3358	0.4149	0.3753	0.3773	0.3358
779	0.0	0.5438	0.4208	0.6813	0.3655	0.5438
780	0.0	0.3568	0.142	0.4477	0.1035	0.3568
781	0.0	0.5055	0.593	0.6057	0.5139	0.5055
782	0.0	0.5458	0.7541	0.5595	0.5223	0.5458
783	0.0	0.3461	0.4533	0.4805	0.4148	0.3461
784	0.0	0.3208	0.5519	0.4127	0.5136	0.3208
785	0.0	0.6477	0.4794	0.6951	0.4212	0.6477
786	0.0	0.4439	0.4964	0.5385	0.4458	0.4439
787	0.0	0.6764	0.6155	0.726	0.4837	0.6764
788	0.0	0.5898	0.5688	0.7051	0.44	0.5898
789	0.0	0.5295	0.8585	0.5702	0.7536	0.5295
790	0.0	0.3342	0.2895	0.3985	0.2715	0.3342
791	0.0	0.512	0.4876	0.6398	0.4218	0.512
792	0.0	0.3377	0.5572	0.3679	0.5047	0.3377
793	0.0	0.3634	0.5149	0.5084	0.4392	0.3634
794	0.0	0.4448	0.491	0.5638	0.4377	0.4448
795	0.0	0.7311	0.7131	0.8953	0.5864	0.7311
796	0.0	0.499	0.6687	0.7054	0.5431	0.499
797	0.0	0.5349	0.4151	0.6176	0.3494	0.5349
798	0.0	0.4804	0.3336	0.5248	0.2648	0.4804
799	0.0	0.278	0.518	0.3025	0.4396	0.278
800	0.0	0.4873	0.47	0.5495	0.3845	0.4873
801	0.0	0.7412	0.3553	0.7578	0.2999	0.7412
802	0.0	0.6299	0.4775	0.95	0.3678	0.6299
803	0.0	0.6354	0.7101	0.736	0.5708	0.6354
804	0.0	0.974	0.826	1.123	0.666	0.974
805	0.0	0.3927	0.8781	0.4902	0.6427	0.3927
806	0.0	0.6526	0.7176	0.8483	0.6062	0.6526
807	0.0	0.597	0.6346	0.8169	0.4849	0.597
808	0.0	0.5216	0.4446	0.4868	0.3472	0.5216
809	0.0	0.3483	0.3724	0.4532	0.3053	0.3483
810	0.0	0.4656	0.6324	0.4956	0.5338	0.4656
811	0.0	0.5944	0.5697	0.7635	0.494	0.5944
812	0.0	0.4792	0.5634	0.6474	0.4433	0.4792
813	0.0	0.6115	0.6523	0.6682	0.5917	0.6115
814	0.0	0.5423	0.3399	0.6206	0.313	0.5423
815	0.0	0.436	0.5294	0.5498	0.4852	0.436
816	0.0	0.6057	0.4175	0.6761	0.3195	0.6057
817	0.0	0.2955	0.4662	0.3816	0.394	0.2955
818	0.0	0.7037	0.5736	0.7351	0.5026	0.7037
819	0.0	0.4214	0.5317	0.4922	0.4758	0.4214
820	0.0	0.4534	0.4334	0.5429	0.3545	0.4534
821	0.0	0.299	0.437	0.3691	0.3157	0.299
822	0.0	0.5999	0.415	0.6859	0.389	0.5999
823	0.0	0.4553	0.6128	0.5852	0.5241	0.4553
824	0.0	0.598	0.4023	0.7405	0.3496	0.598
825	0.0	0.4616	0.4238	0.5204	0.2519	0.4616
826	0.0	0.2965	0.3903	0.318	0.3759	0.2965
827	0.0	0.3	0.3806	0.3291	0.3431	0.3
828	0.0	0.516	0.4529	0.564	0.4211	0.516
829	0.0	0.4804	0.6946	0.7755	0.466	0.4804
830	0.0	0.5139	0.5925	0.5555	0.5577	0.5139
831	0.0	0.4494	0.6176	0.4816	0.3798	0.4494
832	0.0	0.1905	0.497	0.2206	0.4588	0.1905
833	0.0	0.5363	0.586	0.5674	0.5696	0.5363
834	0.0	0.4255	0.6487	0.4933	0.5561	0.4255
835	0.0	0.3314	0.6038	0.4908	0.4448	0.3314
836	0.0	0.5184	0.7664	0.5251	0.6851	0.5184
837	0.0	0.547	0.6197	0.6414	0.5885	0.547
838	0.0	0.5557	0.4459	0.6433	0.4079	0.5557
839	0.0	0.4008	0.5727	0.4559	0.4231	0.4008
840	0.0	0.4921	0.7489	0.4866	0.6279	0.4921
841	0.0	0.6347	0.6784	0.7779	0.6581	0.6347
842	0.0	0.3437	0.2833	0.446	0.1797	0.3437
843	0.0	0.5258	0.4913	0.5511	0.4366	0.5258
844	0.0	0.5843	0.45	0.634	0.4122	0.5843
845	0.0	0.372	0.4276	0.4144	0.4011	0.372
846	0.0	0.5425	0.6469	0.6231	0.4714	0.5425
847	0.0	0.4144	0.996	0.5214	0.7528	0.4144
848	0.0	0.553	0.5815	0.6842	0.4395	0.553
849	0.0	0.3528	0.4223	0.446	0.3736	0.3528
850	0.0	0.4732	0.5587	0.666	0.4607	0.4732
851	0.0	0.2923	0.6183	0.3403	0.5429	0.2923
852	0.0	0.4716	0.1634	0.5126	0.1371	0.4716
853	0.0	0.5741	0.3779	0.5938	0.3647	0.5741
854	0.0	0.3313	0.3174	0.4408	0.2618	0.3313
855	0.0	0.5042	0.3507	0.5672	0.314	0.5042
856	0.0	0.4482	0.3789	0.5895	0.3587	0.4482
857	0.0	0.4436	0.5465	0.4877	0.4532	0.4436
858	0.0	0.5609	0.5221	0.6524	0.3667	0.5609
859	0.0	0.3878	0.3128	0.4389	0.2495	0.3878
860	0.0	0.3483	0.464	0.4659	0.4022	0.3483
861	0.0	0.2828	0.4832	0.3399	0.4357	0.2828
862	0.0	0.5477	0.5117	0.6674	0.4228	0.5477
863	0.0	0.4119	0.422	0.5283	0.253	0.4119
864	0.0	0.3053	0.6638	0.4231	0.6318	0.3053
865	0.0	0.499	0.4986	0.6711	0.3936	0.499
866	0.0	0.3981	0.4934	0.493	0.426	0.3981
867	0.0	0.3932	0.5362	0.4935	0.48	0.3932
868	0.0	0.4788	0.3122	0.5222	0.2756	0.4788
869	0.0	0.4013	0.5967	0.4762	0.4456	0.4013
870	0.0	0.4926	0.3019	0.6061	0.26	0.4926
871	0.0	0.8489	0.5672	0.8688	0.5122	0.8489
872	0.0	0.2915	0.5926	0.4412	0.6005	0.2915
873	0.0	0.6269	0.2854	0.6246	0.2063	0.6269
874	0.0	0.5833	0.5499	0.7246	0.4987	0.5833
875	0.0	0.3038	0.4778	0.3903	0.4339	0.3038
876	0.0	0.5361	0.3171	0.6672	0.2765	0.5361
877	0.0	0.3357	0.2768	0.5318	0.1575	0.3357
878	0.0	0.4295	0.5511	0.3968	0.5522	0.4295
879	0.0	0.5043	0.3952	0.6361	0.3613	0.5043
880	0.0	0.5025	0.6002	0.65	0.4945	0.5025
881	0.0	0.4874	0.8225	0.5858	0.7851	0.4874
882	0.0	0.3435	0.5764	0.3991	0.555	0.3435
883	0.0	0.4083	0.5116	0.435	0.4558	0.4083
884	0.0	0.2229	0.2051	0.3915	0.158	0.2229
885	0.0	0.2773	0.4719	0.3234	0.4069	0.2773
886	0.0	0.5047	0.3208	0.5622	0.2866	0.5047
887	0.0	0.5331	0.6337	0.6366	0.545	0.5331
888	0.0	0.4084	0.4458	0.4772	0.3982	0.4084
889	0.0	0.5329	0.5961	0.6371	0.5654	0.5329
890	0.0	0.6322	0.5633	0.6491	0.4882	0.6322
891	0.0	0.3825	0.4561	0.3948	0.2224	0.3825
892	0.0	0.6419	0.6968	0.755	0.5607	0.6419
893	0.0	0.7253	0.639	0.7136	0.5418	0.7253
894	0.0	0.4115	0.3976	0.442	0.3579	0.4115
895	0.0	0.5362	0.4373	0.6069	0.4296	0.5362
896	0.0	0.3972	0.6751	0.4384	0.5667	0.3972
897	0.0	0.4131	0.4201	0.4291	0.377	0.4131
898	0.0	0.2991	0.551	0.3499	0.4469	0.2991
899	0.0	0.5578	1.106	0.7137	0.8674	0.5578
900	0.0	0.3284	0.4102	0.4092	0.3445	0.3284
901	0.0	0.2902	0.4415	0.3352	0.3867	0.2902
902	0.0	0.4188	0.4281	0.4743	0.3709	0.4188
903	0.0	0.3078	0.4731	0.4125	0.3771	0.3078
904	0.0	0.3902	0.4855	0.4862	0.4491	0.3902
905	0.0	0.2982	0.6549	0.3179	0.5994	0.2982
906	0.0	0.3608	0.5053	0.4833	0.4027	0.3608
907	0.0	0.6769	0.5944	0.7745	0.5529	0.6769
908	0.0	0.5383	0.2944	0.5796	0.246	0.5383
909	0.0	0.6332	0.5172	0.7721	0.3162	0.6332
910	0.0	0.5824	0.6981	0.5951	0.6269	0.5824
911	0.0	0.546	0.4927	0.7399	0.422	0.546
912	0.0	0.5427	0.6335	0.6168	0.5448	0.5427
913	0.0	0.2795	0.6385	0.3892	0.4367	0.2795
914	0.0	0.6269	0.5821	0.6894	0.519	0.6269
915	0.0	0.4518	0.4852	0.5851	0.4016	0.4518
916	0.0	0.4853	0.5103	0.547	0.4548	0.4853
917	0.0	0.6328	0.6466	0.7586	0.5842	0.6328
918	0.0	0.5538	0.529	0.6099	0.4952	0.5538
919	0.0	0.3891	0.5502	0.4534	0.4472	0.3891
920	0.0	0.7665	0.6509	0.8598	0.437	0.7665
921	0.0	0.4345	0.9631	0.5654	0.6306	0.4345
922	0.0	0.282	0.4395	0.3348	0.3494	0.282
923	0.0	0.19	0.4515	0.1992	0.4111	0.19
924	0.0	0.523	0.5585	0.5685	0.4426	0.523
925	0.0	0.4981	0.245	1.0	0.1542	0.4981
926	0.0	0.2953	0.614	0.3861	0.5162	0.2953
927	0.0	0.624	0.4579	0.6711	0.4165	0.624
928	0.0	0.3992	0.2715	0.5223	0.2354	0.3992
929	0.0	0.6506	0.4879	0.791	0.4266	0.6506
930	0.0	0.5142	0.4313	0.5903	0.3427	0.5142
931	0.0	0.5069	0.629	0.5639	0.5559	0.5069
932	0.0	0.3735	0.5445	0.4863	0.4719	0.3735
933	0.0	0.3517	0.3515	0.3711	0.3401	0.3517
934	0.0	0.3921	0.4654	0.4551	0.4126	0.3921
935	0.0	0.3594	0.2821	0.5066	0.2465	0.3594
936	0.0	0.3885	0.8041	0.5486	0.6036	0.3885
937	0.0	0.4875	0.5136	0.5452	0.4318	0.4875
938	0.0	0.5705	0.5731	0.7532	0.4525	0.5705
939	0.0	0.394	0.6132	0.4712	0.5021	0.394
940	0.0	0.5441	0.462	0.691	0.4001	0.5441
941	0.0	0.4546	0.7339	0.5127	0.4959	0.4546
942	0.0	0.6174	0.5153	0.689	0.4429	0.6174
943	0.0	0.65	0.2395	0.7619	0.1887	0.65
944	0.0	0.6043	0.8657	0.6741	0.7579	0.6043
945	0.0	0.5337	0.8956	0.6181	0.6898	0.5337
946	0.0	0.4192	0.8933	0.5047	0.5595	0.4192
947	0.0	0.4634	0.5615	0.561	0.4733	0.4634
948	0.0	0.5034	0.5664	0.5191	0.5087	0.5034
949	0.0	0.5697	0.471	0.6455	0.3973	0.5697
950	0.0	0.4815	0.4448	0.676	0.39	0.4815
951	0.0	0.2782	0.6855	0.3063	0.5993	0.2782
952	0.0	0.5764	0.6475	0.7202	0.58	0.5764
953	0.0	0.4927	0.4185	0.6184	0.3425	0.4927
954	0.0	0.5599	0.6188	0.6391	0.45	0.5599
955	0.0	0.5904	0.5114	0.75	0.4734	0.5904
956	0.0	0.3485	0.5934	0.5029	0.4512	0.3485
957	0.0	0.4487	0.1177	0.5043	0.1132	0.4487
958	0.0	0.5251	0.5149	0.6646	0.4682	0.5251
959	0.0	0.5138	0.4941	0.5902	0.4747	0.5138
960	0.0	0.3449	0.2451	0.4033	0.1457	0.3449
961	0.0	0.351	0.4878	0.3907	0.4501	0.351
962	0.0	0.4789	0.2892	0.5337	0.2124	0.4789
963	0.0	0.6488	0.4889	0.791	0.3669	0.6488
964	0.0	0.6628	0.5084	0.8914	0.3254	0.6628
965	0.0	0.6387	0.7839	0.678	0.7708	0.6387
966	0.0	0.5857	0.5986	0.6691	0.6184	0.5857
967	0.0	0.6149	0.5317	0.7047	0.4055	0.6149
968	0.0	0.3705	0.4045	0.4557	0.2787	0.3705
969	0.0	0.488	0.4666	0.6066	0.4219	0.488
970	0.0	0.5362	0.6604	0.5753	0.5534	0.5362
971	0.0	0.8724	0.7946	0.9066	0.6116	0.8724
972	0.0	0.3781	0.667	0.4245	0.5724	0.3781
973	0.0	0.4315	0.3888	0.4243	0.388	0.4315
974	0.0	0.3176	0.3419	0.3755	0.2963	0.3176
975	0.0	0.7441	0.5184	0.7948	0.4633	0.7441
976	0.0	0.498	0.5489	0.5218	0.4866	0.498
977	0.0	0.4464	0.3394	0.5529	0.2563	0.4464
978	0.0	0.5488	0.7068	0.6641	0.5865	0.5488
979	0.0	0.333	0.3314	0.37	0.3011	0.333
980	0.0	0.5489	0.4276	0.5336	0.3965	0.5489
981	0.0	0.4447	0.3942	0.5253	0.1689	0.4447
982	0.0	0.2823	0.4839	0.3381	0.4177	0.2823
983	0.0	0.3466	0.7167	0.3743	0.6392	0.3466
984	0.0	0.5762	0.5987	0.6099	0.494	0.5762
985	0.0	0.5931	0.5298	0.6981	0.4374	0.5931
986	0.0	0.2452	0.5345	0.2821	0.4534	0.2452
987	0.0	0.5102	0.4842	0.5675	0.4384	0.5102
988	0.0	0.2218	0.06203	0.3061	0.03226	0.2218
989	0.0	0.4403	0.5854	0.5006	0.5317	0.4403
990	0.0	0.3035	0.3749	0.3456	0.3504	0.3035
991	0.0	0.6146	0.5965	0.6949	0.4872	0.6146
992	0.0	0.5317	0.4815	0.6028	0.4555	0.5317
993	0.0	0.4556	0.5199	0.5162	0.4475	0.4556
994	0.0	0.6197	0.4552	0.6575	0.3863	0.6197
995	0.0	0.7173	0.6651	0.8312	0.556	0.7173
996	0.0	0.6084	0.5678	0.7854	0.4933	0.6084
997	0.0	0.6131	0.3025	0.766	0.2446	0.6131
998	0.0	0.3468	0.2854	0.383	0.2392	0.3468
999	0.0	0.3881	0.4247	0.4371	0.3734	0.3881
1000	0.0	0.5767	0.4936	0.6192	0.3946	0.5767
1001	0.0	0.4062	0.3517	0.5097	0.2842	0.4062
1002	0.0	0.4692	0.3467	0.5445	0.3134	0.4692
1003	0.0	0.9065	0.7242	1.145	0.6267	0.9065
1004	0.0	0.5315	0.7222	0.6627	0.6224	0.5315
1005	0.0	0.3466	0.3683	0.382	0.3377	0.3466
1006	0.0	0.3105	0.5246	0.3796	0.4229	0.3105
1007	0.0	0.4779	0.4326	0.5326	0.3918	0.4779
1008	0.0	0.4827	0.3617	0.6273	0.3493	0.4827
1009	0.0	0.2682	0.6764	0.3009	0.6249	0.2682
1010	0.0	0.4929	0.5119	0.651	0.3979	0.4929
1011	0.0	0.6216	0.6948	0.7664	0.6202	0.6216
1012	0.0	0.4577	0.7738	0.5814	0.6788	0.4577
1013	0.0	0.5388	0.5939	0.6542	0.462	0.5388
1014	0.0	0.5239	0.7306	0.5942	0.5963	0.5239
1015	0.0	0.3585	0.3278	0.5684	0.2118	0.3585
1016	0.0	0.2771	0.5419	0.3338	0.5109	0.2771
1017	0.0	0.6314	0.2932	0.7658	0.2641	0.6314
1018	0.0	0.3616	0.6083	0.3891	0.5508	0.3616
1019	0.0	0.706	0.5938	0.8943	0.5043	0.706
1020	0.0	0.416	0.4908	0.4586	0.4426	0.416
1021	0.0	0.4617	0.6696	0.5927	0.5308	0.4617
1022	0.0	0.4987	0.3507	0.5337	0.2897	0.4987
1023	0.0	0.3901	0.7377	0.5464	0.5942	0.3901
1024	0.0	0.6865	0.5975	0.8371	0.626	0.6865
1025	0.0	0.5618	0.4971	0.8033	0.3591	0.5618
1026	0.0	0.6175	0.3646	0.7879	0.3129	0.6175
1027	0.0	0.5314	0.2887	0.6417	0.2561	0.5314
1028	0.0	0.5895	0.678	0.6246	0.5538	0.5895
1029	0.0	0.5502	0.5161	0.6543	0.4001	0.5502
1030	0.0	0.4851	0.51	0.5628	0.448	0.4851
1031	0.0	0.3507	0.5668	0.4135	0.5185	0.3507
1032	0.0	0.5004	0.4488	0.5746	0.3876	0.5004
1033	0.0	0.4093	0.4779	0.5544	0.4303	0.4093
1034	0.0	0.4634	0.3653	0.5145	0.3466	0.4634
1035	0.0	0.4754	0.4774	0.5491	0.4512	0.4754
1036	0.0	0.633	1.254	0.7798	0.9086	0.633
1037	0.0	0.4765	0.7188	0.5974	0.678	0.4765
1038	0.0	0.2822	0.3699	0.3015	0.334	0.2822
1039	0.0	0.5246	0.4436	0.6252	0.3765	0.5246
1040	0.0	0.5452	0.7801	0.6794	0.5709	0.5452
