Step	Loss
1	3.0768
2	3.8888
3	4.2223
4	3.0652
5	1.6779
6	3.1373
7	3.9716
8	2.4654
9	5.2002
10	2.1047
11	5.2169
12	4.0922
13	1.2509
14	3.6222
15	3.3744
16	3.9526
17	4.3119
18	3.4464
19	3.9751
20	4.3822
21	4.1771
22	5.1122
23	3.6915
24	4.2755
25	4.0094
26	5.3106
27	4.1337
28	3.4668
29	3.9949
30	4.2573
31	2.7394
32	4.1462
33	4.9911
34	2.9148
35	3.8286
36	4.2586
37	1.8617
38	3.3095
39	2.9723
40	3.8696
41	5.667
42	2.5153
43	4.7146
44	2.3971
45	4.6002
46	1.9311
47	6.3043
48	3.8031
49	3.975
50	3.3375
51	1.2341
52	3.93
53	3.1639
54	4.0726
55	4.1447
56	0.8786
57	1.7488
58	4.1537
59	4.3102
60	3.2585
61	2.2469
62	3.9705
63	2.897
64	3.972
65	4.0285
66	3.2781
67	1.6864
68	3.1594
69	4.1357
70	4.2018
71	4.5306
72	4.2508
73	3.315
74	3.4502
75	2.306
76	4.2173
77	1.493
78	3.3729
79	2.9029
80	5.2499
81	4.1621
82	3.8125
83	6.6192
84	2.0833
85	4.3081
86	3.3159
87	4.0538
88	3.5047
89	6.6095
90	1.5106
91	4.3792
92	4.1577
93	0.556
94	3.0361
95	4.0222
96	3.8953
97	2.1237
98	2.9183
99	3.3964
100	3.5016
101	3.6554
102	4.916
103	4.1978
104	3.755
105	2.4133
106	3.3008
107	3.8761
108	2.4216
109	1.5361
110	2.5044
111	3.6969
112	2.376
113	5.3681
114	1.9353
115	4.9601
116	3.8959
117	1.1433
118	3.4189
119	2.8193
120	3.7466
121	4.0195
122	3.5247
123	3.8156
124	4.2179
125	3.9517
126	4.9124
127	3.3904
128	4.2508
129	3.7301
130	5.0035
131	3.9945
132	3.4523
133	3.8144
134	4.0874
135	2.6203
136	4.0848
137	4.8273
138	2.7348
139	3.6789
140	4.0834
141	1.7669
142	3.2853
143	2.6355
144	3.6676
145	5.5213
146	2.4481
147	4.6185
148	2.2833
149	4.3228
150	1.8801
151	3.9839
152	3.6001
153	3.7914
154	3.2834
155	1.0099
156	3.7966
157	2.589
158	4.0307
159	3.9797
160	0.7892
161	1.4122
162	4.0832
163	4.0738
164	3.2131
165	2.0433
166	3.9284
167	2.7663
168	3.9738
169	3.8186
170	3.1786
171	1.5585
172	2.9506
173	3.9658
174	3.9037
175	4.1654
176	4.1737
177	3.2359
178	3.3414
179	2.1263
180	4.002
181	1.5459
182	2.6712
183	2.789
184	5.4782
185	4.1626
186	3.7664
187	6.1779
188	1.6791
189	4.2124
190	3.0968
191	4.0276
192	3.4416
193	5.3328
194	0.7224
195	4.3475
196	3.8454
197	0.7069
198	2.5643
199	3.7744
200	3.8162
201	2.4186
202	2.952
203	2.6078
204	3.41
205	3.5981
206	4.7209
207	4.0843
208	4.0088
209	2.5073
210	3.4696
211	3.8706
212	2.6598
213	1.4266
214	2.4334
215	3.5391
216	2.0347
217	4.6533
218	1.8665
219	4.5805
220	3.8132
221	1.0594
222	3.3218
223	2.558
224	3.6836
225	3.798
226	3.2678
227	3.6801
228	4.1652
229	3.8317
230	4.8598
231	3.2207
232	3.9793
233	3.6494
234	4.6507
235	3.8973
236	3.3954
237	3.6283
238	3.8679
239	2.7796
240	3.8888
241	4.3338
242	2.6775
243	3.6151
244	4.0991
245	1.6903
246	3.1359
247	2.3597
248	3.5023
249	5.3745
250	2.1584
251	4.437
252	2.209
253	4.3734
254	1.6534
255	2.6423
256	3.4528
257	3.81
258	3.0719
259	0.8384
260	3.7531
261	2.5783
262	3.7001
263	3.8229
264	0.6066
265	1.4438
266	4.0312
267	4.0094
268	3.1567
269	1.8045
270	3.9064
271	2.6855
272	3.8496
273	3.6974
274	3.1449
275	1.5426
276	2.5813
277	3.988
278	3.6087
279	4.3222
280	3.9689
281	3.2035
282	2.9325
283	2.4166
284	3.9078
285	1.4403
286	2.8376
287	2.805
288	5.2366
289	3.9961
290	3.5939
291	5.9216
292	1.3678
293	4.2599
294	2.9537
295	3.9442
296	3.303
297	5.2085
298	0.5959
299	4.4049
300	3.8236
301	0.4719
302	2.2787
303	3.7399
304	3.6606
305	2.493
306	2.8089
307	2.284
308	3.3695
309	3.4319
310	4.6809
311	3.9373
312	3.7641
313	2.3986
314	2.882
315	3.7396
316	2.4041
317	1.2415
318	2.2745
319	3.5607
320	2.2634
321	4.7233
322	1.794
323	4.7243
324	3.6653
325	1.0756
326	3.1769
327	2.6
328	3.6068
329	3.875
330	3.2554
331	3.6202
332	4.0543
333	3.6837
334	4.6923
335	3.285
336	3.977
337	3.5202
338	4.9316
339	3.8254
340	3.3583
341	3.6544
342	3.8095
343	2.8555
344	3.921
345	4.2401
346	2.5562
347	3.5445
348	4.0485
349	1.8138
350	3.0595
351	2.3385
352	3.4836
353	5.2258
354	1.9982
355	4.3901
356	2.1907
357	4.1947
358	1.6987
359	1.8556
360	3.359
361	3.7285
362	3.1903
363	0.9078
364	3.6495
365	1.8692
366	3.6945
367	3.7294
368	0.5602
369	1.2588
370	3.8543
371	3.9616
372	3.0777
373	1.7068
374	3.839
375	2.7264
376	3.6662
377	3.5663
378	3.0435
379	1.367
380	2.6406
381	3.7872
382	3.2466
383	4.1495
384	3.8645
385	3.0572
386	3.098
387	2.3215
388	3.821
389	1.3494
390	2.7957
391	2.6767
392	5.2955
393	3.758
394	3.559
395	5.9647
396	1.7597
397	4.1251
398	2.7891
399	3.9219
400	3.2271
401	5.7043
402	0.5143
403	4.1966
404	3.6964
405	0.746
406	2.2434
407	3.6401
408	3.5892
409	2.1422
410	2.8218
411	2.2357
412	3.3275
413	3.4623
414	4.4568
415	3.9542
416	3.7486
417	2.5072
418	3.1773
419	3.6157
420	2.3026
421	1.2965
422	2.3509
423	3.3328
424	2.44
425	4.4756
426	1.6944
427	4.4043
428	3.6566
429	1.0132
430	3.1994
431	2.3387
432	3.5476
433	3.8871
434	3.2891
435	3.5779
436	4.0059
437	3.6916
438	4.6277
439	3.1431
440	3.9002
441	3.4185
442	4.5982
443	3.7865
444	3.4673
445	3.6567
446	3.7662
447	2.9816
448	3.764
449	3.952
450	2.5782
451	3.4706
452	4.0968
453	1.7226
454	3.0508
455	1.9985
456	3.4397
457	5.1313
458	2.0158
459	3.6659
460	2.2781
461	4.2444
462	1.672
463	1.8381
464	3.2489
465	3.6345
466	2.859
467	0.7544
468	3.6815
469	2.3876
470	3.5227
471	3.6974
472	0.557
473	1.2659
474	3.8254
475	4.1219
476	2.9279
477	1.6557
478	3.8117
479	2.6363
480	3.7139
481	3.5251
482	3.0772
483	1.3025
484	2.6956
485	3.7064
486	2.9725
487	3.9146
488	3.7587
489	3.1177
490	3.1174
491	2.2245
492	3.8106
493	1.4619
494	2.6875
495	2.6914
496	4.9272
497	3.7045
498	3.6285
499	5.695
500	1.5102
501	4.0499
502	2.6046
503	4.0004
504	3.1273
505	4.632
506	0.3538
507	4.2148
508	3.579
509	0.5418
510	1.7224
511	3.567
512	3.5018
513	1.5964
514	2.6887
515	1.9783
516	3.3104
517	3.3321
518	4.4676
519	3.8505
520	3.7675
521	2.5223
522	2.8951
523	3.6536
524	2.4115
525	1.3017
526	2.1145
527	3.2707
528	1.8861
529	4.5937
530	1.9887
531	4.4288
532	3.535
533	1.0568
534	3.2383
535	2.2477
536	3.5083
537	3.7071
538	3.1948
539	3.4883
540	4.0964
541	3.7134
542	4.502
543	3.1945
544	3.9157
545	3.404
546	4.5429
547	3.8219
548	3.2495
549	3.5911
550	3.6106
551	2.9171
552	3.7459
553	4.1382
554	2.5338
555	3.3848
556	4.0359
557	1.6849
558	3.0601
559	2.1936
560	3.38
561	5.0278
562	1.8652
563	3.8091
564	2.338
565	4.1213
566	1.7002
567	0.9371
568	3.2595
569	3.5482
570	2.8474
571	0.7242
572	3.4787
573	2.38
574	3.5484
575	3.5565
576	0.4662
577	1.1539
578	3.766
579	4.0405
580	2.8878
581	1.5602
582	3.6541
583	2.5574
584	3.6301
585	3.4947
586	2.9781
587	1.1651
588	2.6336
589	3.7735
590	2.6671
591	3.9787
592	3.7139
593	3.0437
594	2.7859
595	2.1088
596	3.7176
597	1.3689
598	2.487
599	2.7525
600	5.0772
601	3.832
602	3.5895
603	5.2866
604	2.1552
605	4.0939
606	2.613
607	3.859
608	3.1169
609	4.8705
610	0.2879
611	4.1766
612	3.5977
613	0.5659
614	2.1903
615	3.5771
616	3.3666
617	2.2184
618	2.7262
619	2.0651
620	3.2825
621	3.3019
622	4.4352
623	3.8311
624	3.6628
625	2.548
626	2.7168
627	3.6815
628	2.1679
629	1.336
630	2.257
631	3.325
632	1.9086
633	4.4885
634	1.9681
635	4.3239
636	3.5049
637	1.0717
638	2.9435
639	2.3781
640	3.5137
641	3.6714
642	3.1599
643	3.474
644	4.041
645	3.6777
646	4.4955
647	3.1621
648	3.7994
649	3.3488
650	4.6812
651	3.7903
652	3.3567
653	3.5586
654	3.7201
655	2.6893
656	3.7202
657	4.2963
658	2.4839
659	3.3622
660	3.8468
661	1.6179
662	2.8438
663	2.1474
664	3.258
665	4.9992
666	1.8537
667	4.2328
668	2.1642
669	4.2201
670	1.5664
671	0.3035
672	3.2139
673	3.4936
674	3.0093
675	0.7697
676	3.5411
677	1.957
678	3.2752
679	3.5381
680	0.4266
681	1.0401
682	3.8309
683	3.9394
684	2.6563
685	1.4341
686	3.7779
687	2.6142
688	3.5707
689	3.3716
690	3.0597
691	1.3346
692	2.5355
693	3.7294
694	2.5917
695	3.8247
696	3.6185
697	3.1191
698	3.0382
699	2.2298
700	3.6587
701	1.2253
702	2.547
703	2.6357
704	5.0786
705	3.8203
706	3.4626
707	5.317
708	1.8324
709	4.0605
710	2.5504
711	3.8706
712	3.0833
713	4.7935
714	0.3245
715	3.9682
716	3.4912
717	1.2992
718	0.8328
719	3.5387
720	3.4019
721	2.0218
722	2.5649
723	2.2922
724	3.3149
725	3.2436
726	4.4235
727	3.8033
728	3.5264
729	2.4306
730	2.8148
731	3.5961
732	2.3407
733	1.2948
734	2.2081
735	3.2015
736	1.8008
737	4.386
738	1.6394
739	4.3479
740	3.5381
741	1.0486
742	2.885
743	1.9295
744	3.4497
745	3.6456
746	3.151
747	3.3779
748	3.8808
749	3.5337
750	4.3664
751	2.9536
752	3.7666
753	3.3073
754	4.6302
755	3.7292
756	3.268
757	3.55
758	3.6453
759	2.5882
760	3.708
761	4.0083
762	2.5142
763	3.3355
764	3.8426
765	1.5024
766	2.8596
767	1.8899
768	3.2984
769	4.784
770	1.7394
771	3.7173
772	2.115
773	4.0905
774	1.6045
775	0.5629
776	3.2704
777	3.488
778	2.7777
779	0.7008
780	3.4093
781	1.5009
782	3.3416
783	3.5201
784	0.4491
785	1.3211
786	3.6862
787	3.9529
788	2.7838
789	1.4405
790	3.7173
791	2.5979
792	3.5171
793	3.3477
794	3.0686
795	1.2567
796	2.5759
797	3.5875
798	2.4547
799	3.8785
800	3.6547
801	3.1027
802	3.0659
803	2.1723
804	3.7042
805	1.3025
806	2.6562
807	2.6294
808	4.9144
809	3.7459
810	3.4655
811	5.5862
812	1.0103
813	4.0643
814	2.5362
815	3.7474
816	3.0826
817	4.5458
818	0.2987
819	4.059
820	3.4339
821	1.0042
822	0.9526
823	3.417
824	3.4175
825	1.7283
826	2.6747
827	2.0181
828	3.229
829	3.2336
830	4.4402
831	3.7381
832	3.5227
833	1.8411
834	2.8413
835	3.619
836	2.1343
837	1.2271
838	2.2181
839	3.2614
840	1.9642
841	4.2236
842	1.7381
843	4.2565
844	3.4573
845	0.923
846	2.8557
847	2.0638
848	3.4128
849	3.5259
850	3.0219
851	3.4076
852	3.9601
853	3.5285
854	4.392
855	3.092
856	3.7029
857	3.2181
858	4.2721
859	3.7627
860	3.3711
861	3.4306
862	3.5649
863	2.8906
864	3.6057
865	3.7381
866	2.4812
867	3.333
868	3.757
869	1.6835
870	2.7917
871	2.029
872	3.2556
873	4.8789
874	1.6847
875	3.945
876	2.2358
877	4.1564
878	1.749
879	0.1904
880	3.0771
881	3.4467
882	2.9128
883	0.8948
884	3.4538
885	1.858
886	3.2877
887	3.4496
888	0.4532
889	1.0984
890	3.7136
891	3.8447
892	2.7078
893	1.4288
894	3.6817
895	2.5586
896	3.5763
897	3.2364
898	3.068
899	1.1742
900	2.4669
901	3.5924
902	3.4914
903	3.6794
904	3.7079
905	2.9743
906	3.1092
907	2.1416
908	3.5731
909	1.3029
910	1.7301
911	2.6344
912	5.0583
913	3.6408
914	3.3498
915	5.497
916	1.0125
917	4.0342
918	2.4789
919	3.8217
920	3.176
921	4.4659
922	0.2469
923	3.9065
924	3.4823
925	0.705
926	1.1384
927	3.615
928	3.2959
929	1.5829
930	2.6669
931	1.6873
932	3.2537
933	3.1123
934	4.3728
935	3.7155
936	3.4539
937	2.2214
938	2.7009
939	3.6095
940	2.4543
941	1.2777
942	2.0291
943	3.2515
944	1.8421
945	4.0616
946	1.5672
947	4.3302
948	3.4079
949	1.0294
950	2.8182
951	2.0436
952	3.3879
953	3.5727
954	3.0433
955	3.3016
956	3.9083
957	3.5504
958	4.2658
959	3.0584
960	3.7938
961	3.1214
962	4.351
963	3.6305
964	3.2936
965	3.5033
966	3.6494
967	2.523
968	3.5747
969	3.779
970	2.4057
971	3.3661
972	3.8956
973	1.6277
974	2.9701
975	1.9796
976	3.2262
977	4.834
978	1.5231
979	3.9821
980	2.2094
981	4.1273
982	1.6829
983	0.1172
984	3.1136
985	3.4253
986	2.8744
987	0.7358
988	3.3903
989	1.8709
990	3.404
991	3.5009
992	0.4234
993	1.0085
994	3.6519
995	3.7264
996	2.7023
997	1.4548
998	3.6329
999	2.5078
1000	3.5371
1001	3.3661
1002	2.9366
1003	1.3042
1004	2.4859
1005	3.5821
1006	2.6796
1007	3.7592
1008	3.5975
1009	3.0237
1010	2.3109
1011	1.9801
1012	3.5522
1013	1.2275
1014	1.7832
1015	2.5686
1016	4.9879
1017	3.5722
1018	3.3555
1019	4.7767
1020	0.9472
1021	4.0515
1022	2.2509
1023	3.8258
1024	3.0521
1025	3.8226
1026	0.2123
1027	3.9814
1028	3.4023
1029	0.7355
1030	2.7099
1031	3.4353
1032	3.3904
1033	2.0202
1034	2.5579
1035	1.8436
1036	3.231
1037	3.1329
1038	4.2246
1039	3.7004
1040	3.333
