Step	Loss(S)	Loss(T)	fwd_S	fwd_T	rev_S	rev_T
1	0.1189	0.0	2.078	3.12	2.337	2.782
2	0.1411	0.0	2.526	2.382	2.511	2.009
3	0.2223	0.0	5.059	3.885	4.186	3.643
4	0.2052	0.0	5.165	3.761	3.971	3.356
5	0.1788	0.0	3.93	4.715	3.369	3.361
6	0.1259	0.0	2.167	2.029	2.173	1.853
7	0.1061	0.0	1.856	1.409	1.707	1.489
8	0.1548	0.0	2.823	3.169	2.721	2.292
9	0.1344	0.0	2.698	3.132	2.143	2.337
10	0.1025	0.0	1.582	2.601	1.619	2.454
11	0.1373	0.0	2.193	3.481	2.516	3.923
12	0.1195	0.0	1.808	2.334	1.928	1.942
13	0.1499	0.0	2.928	2.686	2.966	3.587
14	0.1564	0.0	3.045	2.059	2.907	2.634
15	0.09459	0.0	1.544	1.789	1.563	1.795
16	0.1208	0.0	2.14	2.528	1.92	1.998
17	0.07774	0.0	1.332	1.617	1.06	1.514
18	0.07038	0.0	1.023	2.359	0.9823	2.134
19	0.144	0.0	2.476	2.758	2.173	2.168
20	0.1542	0.0	2.711	3.055	2.634	2.827
21	0.1152	0.0	1.987	1.391	1.879	1.378
22	0.1061	0.0	1.892	1.143	1.517	1.227
23	0.1212	0.0	1.864	2.424	1.856	2.338
24	0.1193	0.0	2.081	1.291	1.712	1.18
25	0.1313	0.0	2.059	2.056	2.046	2.024
26	0.09337	0.0	1.622	1.586	1.248	1.688
27	0.1086	0.0	1.608	1.786	1.605	1.739
28	0.1316	0.0	2.505	1.964	2.022	1.51
29	0.1214	0.0	2.216	2.391	1.792	1.813
30	0.08984	0.0	1.553	0.9212	1.286	0.9399
31	0.1136	0.0	1.818	2.393	1.716	2.403
32	0.06007	0.0	0.9219	1.782	0.7916	1.96
33	0.06998	0.0	1.085	2.739	0.9267	1.913
34	0.07287	0.0	1.202	2.031	0.9844	2.793
35	0.11	0.0	1.806	2.019	1.755	1.867
36	0.1291	0.0	1.999	2.508	1.88	1.797
37	0.1323	0.0	2.148	2.416	1.957	1.636
38	0.1313	0.0	2.155	2.997	2.314	3.067
39	0.1376	0.0	2.172	2.059	1.997	1.624
40	0.07042	0.0	1.091	1.532	1.011	1.372
41	0.08929	0.0	1.448	1.413	1.203	1.208
42	0.07169	0.0	1.256	2.006	0.9934	1.58
43	0.1001	0.0	1.556	2.355	1.485	2.316
44	0.102	0.0	1.859	1.353	1.369	1.074
45	0.1164	0.0	2.334	2.403	1.643	1.914
46	0.1024	0.0	1.546	2.228	1.594	2.412
47	0.1142	0.0	1.769	1.443	1.656	1.513
48	0.05424	0.0	0.8428	2.326	0.6883	2.112
49	0.1133	0.0	1.916	2.558	1.634	2.256
50	0.09671	0.0	1.492	1.515	1.373	1.677
51	0.1134	0.0	1.754	2.214	1.788	2.183
52	0.08301	0.0	1.401	2.529	1.297	2.099
53	0.1366	0.0	2.207	2.11	2.187	2.158
54	0.05888	0.0	0.9581	1.491	0.7995	1.487
55	0.09646	0.0	1.651	1.269	1.291	1.239
56	0.1374	0.0	2.247	1.444	2.277	1.562
57	0.1092	0.0	2.252	2.093	1.427	1.435
58	0.1282	0.0	2.546	2.48	1.826	1.922
59	0.1109	0.0	1.74	1.819	1.75	1.709
60	0.09347	0.0	1.621	2.099	1.535	1.684
61	0.1184	0.0	1.891	1.69	1.81	1.836
62	0.07681	0.0	1.211	1.429	1.04	1.195
63	0.09506	0.0	1.494	2.182	1.325	2.094
64	0.132	0.0	2.071	2.221	2.014	1.833
65	0.09756	0.0	1.667	1.617	1.323	1.226
66	0.1308	0.0	2.226	1.665	2.036	2.135
67	0.1167	0.0	1.858	1.935	1.723	1.766
68	0.1244	0.0	2.145	1.99	1.726	1.745
69	0.1341	0.0	1.983	1.99	2.002	1.834
70	0.06074	0.0	1.099	2.092	0.997	1.649
71	0.08046	0.0	1.363	1.957	1.089	1.484
72	0.1326	0.0	1.869	1.66	2.051	1.609
73	0.09787	0.0	1.669	2.517	1.381	1.757
74	0.1092	0.0	1.822	2.07	1.711	2.262
75	0.1726	0.0	2.928	1.245	2.746	1.1
76	0.1078	0.0	1.754	2.026	1.533	1.934
77	0.1069	0.0	1.878	1.642	1.482	1.295
78	0.1088	0.0	1.613	1.672	1.7	1.843
79	0.07426	0.0	1.187	2.142	0.9802	1.688
80	0.08269	0.0	1.345	1.796	1.154	1.621
81	0.107	0.0	1.754	1.844	1.537	1.712
82	0.09737	0.0	1.534	1.699	1.333	1.3
83	0.1232	0.0	2.015	2.003	1.727	1.754
84	0.1237	0.0	1.993	1.083	1.755	0.8636
85	0.1312	0.0	2.026	1.97	2.03	2.657
86	0.08545	0.0	1.39	0.6344	1.215	0.673
87	0.1394	0.0	2.313	1.723	2.032	1.423
88	0.08766	0.0	1.366	1.342	1.215	2.213
89	0.08929	0.0	1.454	1.823	1.426	1.567
90	0.1102	0.0	1.651	1.801	1.755	1.618
91	0.08214	0.0	1.194	1.616	1.246	1.738
92	0.1164	0.0	1.926	2.207	1.634	1.922
93	0.1046	0.0	1.696	1.949	1.44	1.88
94	0.09814	0.0	1.495	1.513	1.416	1.323
95	0.08403	0.0	1.324	1.604	1.165	1.275
96	0.1035	0.0	1.815	1.643	1.363	1.38
97	0.1182	0.0	2.21	2.044	1.735	1.592
98	0.08589	0.0	1.539	1.43	1.171	1.038
99	0.1185	0.0	1.882	2.207	1.641	1.854
100	0.1145	0.0	1.702	1.796	1.59	1.614
101	0.09752	0.0	1.532	0.87	1.421	0.7603
102	0.1085	0.0	1.904	1.133	1.565	0.9691
103	0.09035	0.0	1.483	1.837	1.281	1.475
104	0.1072	0.0	1.879	2.381	1.593	1.856
105	0.08134	0.0	1.328	1.528	1.118	1.416
106	0.09939	0.0	1.517	1.412	1.44	1.408
107	0.08118	0.0	1.265	1.454	1.065	1.2
108	0.09886	0.0	1.679	1.693	1.422	1.445
109	0.09019	0.0	1.353	1.398	1.244	1.268
110	0.06684	0.0	0.9986	1.777	0.8817	1.88
111	0.1057	0.0	1.452	2.073	1.824	2.383
112	0.08819	0.0	1.456	2.017	1.272	1.841
113	0.09293	0.0	1.56	1.404	1.283	1.032
114	0.09742	0.0	1.497	1.515	1.422	1.745
115	0.1055	0.0	1.745	1.885	1.601	1.876
116	0.1031	0.0	1.542	1.565	1.54	1.542
117	0.1109	0.0	1.921	1.635	1.838	1.869
118	0.05611	0.0	1.094	1.148	0.7565	1.415
119	0.1021	0.0	1.632	1.549	1.547	1.505
120	0.05678	0.0	0.846	1.715	0.9406	1.494
121	0.1158	0.0	1.821	1.49	1.766	1.411
122	0.07898	0.0	1.26	1.822	1.059	1.614
123	0.1033	0.0	1.73	2.231	1.456	2.149
124	0.1049	0.0	1.693	1.545	1.457	1.541
125	0.07524	0.0	1.149	1.684	1.011	1.596
126	0.1053	0.0	1.965	1.791	1.457	1.774
127	0.1032	0.0	1.663	1.693	1.595	2.061
128	0.05698	0.0	0.8272	1.404	0.7351	1.059
129	0.1073	0.0	1.72	1.504	1.583	1.328
130	0.07702	0.0	1.233	1.4	1.037	1.426
131	0.1048	0.0	1.562	1.746	1.559	1.61
132	0.08152	0.0	1.469	1.519	1.106	1.292
133	0.0982	0.0	1.452	2.106	1.443	1.57
134	0.06799	0.0	0.9799	0.5555	0.9066	0.6089
135	0.07737	0.0	1.172	1.617	1.052	1.682
136	0.09179	0.0	1.631	1.51	1.225	1.476
137	0.1018	0.0	1.738	1.81	1.348	1.596
138	0.1179	0.0	1.886	1.898	1.885	1.867
139	0.09432	0.0	1.557	2.207	1.534	1.923
140	0.105	0.0	1.867	1.813	1.358	1.345
141	0.1057	0.0	1.723	1.502	1.445	1.176
142	0.1191	0.0	1.8	2.685	2.196	2.377
143	0.1017	0.0	1.44	1.313	1.358	1.092
144	0.07451	0.0	1.127	1.672	0.9956	1.496
145	0.09283	0.0	1.437	1.675	1.33	1.52
146	0.08734	0.0	1.473	1.344	1.294	1.122
147	0.06524	0.0	1.101	1.768	0.842	1.872
148	0.07696	0.0	1.285	1.403	0.9974	1.084
149	0.09545	0.0	1.759	1.821	1.32	1.352
150	0.07564	0.0	1.212	1.725	0.9643	1.666
151	0.07578	0.0	1.175	1.092	1.008	1.091
152	0.085	0.0	1.244	1.096	1.225	0.9453
153	0.1052	0.0	1.956	1.968	1.441	1.73
154	0.09327	0.0	1.456	1.181	1.363	1.132
155	0.1293	0.0	2.063	1.724	1.978	1.678
156	0.1173	0.0	2.179	1.39	1.762	1.143
157	0.07607	0.0	1.238	1.524	0.9955	1.644
158	0.09064	0.0	1.39	1.434	1.315	1.351
159	0.08972	0.0	1.452	1.591	1.341	1.507
160	0.1186	0.0	1.915	1.558	1.867	1.539
161	0.08906	0.0	1.497	1.727	1.186	1.311
162	0.1107	0.0	1.874	1.733	1.566	1.532
163	0.1148	0.0	1.882	1.142	1.762	1.042
164	0.07069	0.0	1.084	2.923	0.9699	2.09
165	0.08742	0.0	1.598	1.862	1.184	2.12
166	0.09017	0.0	1.265	1.445	1.303	1.262
167	0.07134	0.0	1.061	1.347	0.9504	1.057
168	0.07681	0.0	1.34	1.819	1.137	1.868
169	0.08196	0.0	1.379	1.57	1.085	1.254
170	0.08813	0.0	1.358	1.281	1.247	1.718
171	0.112	0.0	1.695	1.867	1.644	1.808
172	0.1034	0.0	1.681	1.519	1.452	1.321
173	0.1	0.0	1.447	1.239	1.413	1.274
174	0.072	0.0	1.07	1.675	0.9484	1.315
175	0.07591	0.0	1.221	1.613	1.045	1.364
176	0.08478	0.0	1.42	1.04	1.226	0.9739
177	0.09818	0.0	1.631	0.7427	1.349	0.7286
178	0.09537	0.0	1.51	2.561	1.394	2.561
179	0.08432	0.0	1.241	1.442	1.117	1.322
180	0.1009	0.0	1.67	2.076	1.417	1.685
181	0.1016	0.0	1.776	1.654	1.382	1.318
182	0.07452	0.0	1.102	1.38	1.046	1.277
183	0.06765	0.0	1.101	1.306	0.9351	1.236
184	0.09966	0.0	1.553	1.621	1.493	1.526
185	0.08234	0.0	1.198	1.456	1.098	1.435
186	0.08798	0.0	1.434	1.203	1.188	1.161
187	0.0861	0.0	1.349	1.91	1.208	1.592
188	0.1001	0.0	1.492	1.658	1.399	1.383
189	0.08806	0.0	1.349	1.784	1.31	1.891
190	0.07664	0.0	1.24	0.9516	0.9925	0.8955
191	0.0565	0.0	0.8607	1.476	0.7569	1.2
192	0.1198	0.0	2.227	1.703	2.01	1.801
193	0.1042	0.0	1.687	0.9115	1.462	0.8859
194	0.07196	0.0	1.111	1.481	0.969	1.289
195	0.08285	0.0	1.253	1.625	1.113	1.538
196	0.129	0.0	2.298	1.877	2.391	1.65
197	0.09377	0.0	1.463	1.016	1.564	1.003
198	0.09868	0.0	1.601	1.314	1.442	1.2
199	0.06644	0.0	0.9525	1.031	0.8502	1.015
200	0.08046	0.0	1.47	1.363	1.035	1.157
201	0.1029	0.0	1.668	1.989	1.423	1.549
202	0.07891	0.0	1.304	1.607	1.02	1.299
203	0.09697	0.0	1.596	1.705	1.347	1.408
204	0.1047	0.0	1.902	1.696	1.395	1.485
205	0.1035	0.0	1.818	1.37	1.543	1.196
206	0.07108	0.0	1.118	1.204	0.9704	1.086
207	0.1085	0.0	1.906	1.595	1.57	1.372
208	0.06073	0.0	0.9436	2.609	0.8543	2.483
209	0.07336	0.0	1.173	0.4212	0.99	0.4744
210	0.0827	0.0	1.198	1.172	1.108	1.094
211	0.1132	0.0	1.667	1.58	1.594	1.352
212	0.08444	0.0	1.384	1.151	1.088	1.073
213	0.08524	0.0	1.275	1.381	1.105	1.321
214	0.0603	0.0	0.9564	1.307	0.7865	1.292
215	0.1209	0.0	1.792	1.872	2.343	2.087
216	0.0983	0.0	1.611	1.911	1.292	1.502
217	0.08613	0.0	1.375	0.9899	1.137	1.151
218	0.09616	0.0	1.531	1.076	1.395	0.9467
219	0.04826	0.0	0.6808	1.238	0.6025	1.138
220	0.08639	0.0	1.268	1.196	1.235	1.143
221	0.0973	0.0	1.545	2.368	1.572	2.588
222	0.06062	0.0	1.065	1.533	1.205	1.511
223	0.0541	0.0	0.8007	1.539	0.6979	1.717
224	0.08601	0.0	1.29	1.166	1.143	0.9547
225	0.06725	0.0	1.058	1.337	0.8971	1.128
226	0.102	0.0	1.656	1.693	1.385	1.504
227	0.06137	0.0	1.061	2.811	0.873	2.034
228	0.08387	0.0	1.218	1.324	1.164	1.407
229	0.05767	0.0	0.816	2.162	0.7477	2.644
230	0.08635	0.0	1.273	1.117	1.196	1.045
231	0.06568	0.0	0.9225	1.521	0.8523	1.328
232	0.09729	0.0	1.547	1.647	1.312	1.553
233	0.08114	0.0	1.27	1.479	1.09	1.369
234	0.08219	0.0	1.328	1.284	1.139	1.124
235	0.09833	0.0	1.623	1.069	1.488	1.016
236	0.09726	0.0	1.637	1.297	1.279	1.203
237	0.06079	0.0	0.8874	1.689	0.8581	1.471
238	0.04565	0.0	0.6206	1.615	0.553	1.317
239	0.09021	0.0	1.505	1.485	1.331	1.539
240	0.06491	0.0	0.9528	1.376	0.9162	1.356
241	0.07291	0.0	1.195	1.154	0.9716	1.231
242	0.1069	0.0	1.769	1.508	1.668	1.704
243	0.07931	0.0	1.374	1.743	1.277	1.788
244	0.09506	0.0	1.66	1.587	1.301	1.371
245	0.07416	0.0	1.206	1.361	0.9833	1.185
246	0.08445	0.0	1.404	1.991	1.253	1.744
247	0.07056	0.0	1.147	1.244	0.8649	1.095
248	0.09045	0.0	1.503	1.808	1.307	1.397
249	0.0563	0.0	0.8389	1.559	0.7089	1.362
250	0.08066	0.0	1.14	1.236	1.119	1.08
251	0.08956	0.0	1.492	1.532	1.262	1.082
252	0.07517	0.0	1.261	1.132	0.9852	1.226
253	0.05726	0.0	0.8333	1.251	0.7377	1.125
254	0.08474	0.0	1.401	1.521	1.28	1.346
255	0.07711	0.0	1.202	1.372	1.07	1.231
256	0.08656	0.0	1.266	1.468	1.159	1.254
257	0.1086	0.0	1.747	1.92	1.49	1.829
258	0.08479	0.0	1.28	1.22	1.205	1.249
259	0.0757	0.0	1.085	1.604	1.038	1.453
260	0.07698	0.0	1.12	1.326	1.074	1.241
261	0.1057	0.0	1.66	1.486	1.566	1.453
262	0.06686	0.0	1.039	1.609	0.8648	1.494
263	0.07545	0.0	1.16	1.308	1.139	1.34
264	0.101	0.0	1.616	1.603	1.536	1.441
265	0.06958	0.0	1.093	1.118	0.887	0.9618
266	0.09192	0.0	1.421	1.407	1.211	1.399
267	0.07245	0.0	1.199	1.097	1.007	1.133
268	0.07343	0.0	1.54	1.754	0.9827	1.556
269	0.09152	0.0	1.607	1.402	1.35	1.262
270	0.07157	0.0	1.069	1.217	0.947	1.113
271	0.1004	0.0	1.557	1.511	1.51	1.263
272	0.1124	0.0	1.76	1.33	1.904	1.275
273	0.07038	0.0	1.142	1.418	0.9954	1.113
274	0.1017	0.0	1.806	1.471	1.504	1.819
275	0.06573	0.0	0.9405	0.884	0.8554	0.8208
276	0.05909	0.0	0.8526	1.49	0.745	1.335
277	0.07494	0.0	1.094	1.33	1.099	1.404
278	0.07195	0.0	1.096	0.9041	0.9081	0.8909
279	0.06094	0.0	0.8941	2.268	0.7978	2.005
280	0.07143	0.0	0.9634	0.8785	0.9213	1.035
281	0.06687	0.0	0.9371	1.019	0.8645	1.005
282	0.06436	0.0	1.034	1.478	0.8994	1.31
283	0.0611	0.0	1.02	0.9008	0.8629	0.8296
284	0.1059	0.0	1.621	2.027	1.51	1.628
285	0.08032	0.0	1.094	1.148	1.071	1.024
286	0.08508	0.0	1.32	1.134	1.272	1.039
287	0.08286	0.0	1.276	1.303	1.117	1.186
288	0.06422	0.0	1.078	1.431	0.8598	1.332
289	0.06785	0.0	1.118	1.605	0.9269	1.348
290	0.06722	0.0	1.127	1.276	0.8972	1.097
291	0.08518	0.0	1.278	0.9699	1.172	0.891
292	0.07784	0.0	1.304	1.128	1.032	0.9338
293	0.08551	0.0	1.339	1.57	1.163	1.317
294	0.03061	0.0	0.4611	1.04	0.444	1.011
295	0.08831	0.0	1.511	1.212	1.155	1.126
296	0.04343	0.0	0.7097	1.105	0.5696	1.255
297	0.08041	0.0	1.246	1.243	1.142	1.051
298	0.08684	0.0	1.393	1.274	1.297	1.211
299	0.05797	0.0	0.8385	0.8699	0.7337	0.8834
300	0.04344	0.0	0.6558	1.672	0.6088	1.717
301	0.08104	0.0	1.233	1.336	1.114	1.123
302	0.06311	0.0	0.9226	1.229	0.818	1.08
303	0.09019	0.0	1.523	1.296	1.173	1.236
304	0.08564	0.0	1.384	1.535	1.118	1.3
305	0.09944	0.0	1.799	1.132	1.492	1.074
306	0.05319	0.0	0.8459	1.335	0.678	1.202
307	0.09557	0.0	1.429	1.442	1.288	1.23
308	0.1059	0.0	1.583	1.677	1.447	1.566
309	0.08393	0.0	1.269	1.292	1.205	1.364
310	0.07399	0.0	1.178	1.462	0.9553	1.155
311	0.04075	0.0	0.6687	1.528	0.6808	1.321
312	0.04513	0.0	0.747	2.21	0.6694	1.921
313	0.03849	0.0	0.5689	1.404	0.564	1.193
314	0.05386	0.0	0.7146	1.096	0.6782	1.009
315	0.03325	0.0	0.5262	0.4119	0.4234	0.3404
316	0.09106	0.0	1.401	1.165	1.2	1.006
317	0.06852	0.0	1.045	0.9222	0.8882	0.894
318	0.07151	0.0	1.05	1.573	0.9615	1.598
319	0.1009	0.0	1.333	2.092	1.671	1.983
320	0.09291	0.0	1.45	1.565	1.282	1.382
321	0.08557	0.0	1.477	0.8598	1.168	0.8046
322	0.1184	0.0	1.987	1.102	1.946	0.9227
323	0.08927	0.0	1.374	1.575	1.252	1.585
324	0.08114	0.0	1.269	1.595	1.174	1.21
325	0.1169	0.0	2.045	1.981	2.373	2.551
326	0.05953	0.0	1.021	1.043	0.8689	0.9365
327	0.08284	0.0	1.368	2.224	1.186	1.952
328	0.05964	0.0	0.8411	0.9171	0.8841	0.8556
329	0.07961	0.0	1.303	1.122	1.061	0.9387
330	0.08236	0.0	1.252	1.553	1.075	1.279
331	0.1037	0.0	1.56	1.878	1.426	1.75
332	0.07907	0.0	1.116	1.288	1.158	1.512
333	0.07843	0.0	1.188	1.806	1.061	1.933
334	0.105	0.0	1.72	2.202	1.411	2.224
335	0.1247	0.0	1.946	1.342	2.221	1.077
336	0.09534	0.0	1.537	1.529	1.311	1.334
337	0.08897	0.0	1.449	1.25	1.271	1.162
338	0.08777	0.0	1.277	1.175	1.298	1.158
339	0.08304	0.0	1.255	1.427	1.154	1.524
340	0.08577	0.0	1.24	1.124	1.126	0.921
341	0.09129	0.0	1.343	1.292	1.231	1.165
342	0.09891	0.0	1.586	1.756	1.316	1.451
343	0.07961	0.0	1.281	1.476	1.071	1.382
344	0.09242	0.0	1.473	1.433	1.268	1.263
345	0.09675	0.0	1.733	1.473	1.316	1.314
346	0.07678	0.0	1.301	1.067	1.032	1.027
347	0.08478	0.0	1.315	1.118	1.204	1.09
348	0.09351	0.0	1.51	1.658	1.226	1.419
349	0.08125	0.0	1.233	0.8196	1.1	0.8375
350	0.1095	0.0	1.744	2.3	1.622	2.481
351	0.07835	0.0	0.962	0.9857	0.9969	0.8784
352	0.105	0.0	1.638	0.721	1.558	0.7213
353	0.08802	0.0	1.322	1.083	1.29	0.9992
354	0.05475	0.0	0.7226	1.234	0.7041	1.094
355	0.08816	0.0	1.456	1.066	1.249	1.011
356	0.07024	0.0	1.074	0.9037	0.9071	0.7803
357	0.08286	0.0	1.179	0.897	1.105	0.7918
358	0.01625	0.0	0.2985	1.641	0.2228	1.494
359	0.09193	0.0	1.42	1.386	1.31	1.22
360	0.09586	0.0	1.637	1.501	1.273	1.242
361	0.1018	0.0	1.598	1.853	1.442	1.687
362	0.07321	0.0	1.082	1.368	0.9655	1.276
363	0.07368	0.0	1.168	1.452	1.002	1.351
364	0.08726	0.0	1.424	0.7673	1.247	0.7775
365	0.09184	0.0	1.554	1.377	1.322	1.162
366	0.08668	0.0	1.372	0.9937	1.262	0.9807
367	0.08673	0.0	1.375	1.668	1.317	1.432
368	0.08653	0.0	1.306	1.235	1.237	1.127
369	0.0691	0.0	1.055	0.8352	0.8578	0.92
370	0.09286	0.0	1.392	1.407	1.41	1.3
371	0.0765	0.0	1.325	1.517	1.057	1.157
372	0.1134	0.0	1.955	1.085	1.742	0.7488
373	0.1306	0.0	2.198	0.9553	2.085	0.8519
374	0.07592	0.0	1.111	1.064	1.036	1.0
375	0.09006	0.0	1.404	1.362	1.328	1.336
376	0.105	0.0	1.804	1.909	1.51	1.692
377	0.08319	0.0	1.304	1.011	1.164	0.7646
378	0.05398	0.0	0.8803	1.574	0.8255	1.924
379	0.08221	0.0	1.216	1.364	1.106	1.206
380	0.07958	0.0	1.143	1.465	1.033	1.341
381	0.09825	0.0	1.372	1.136	1.406	1.311
382	0.08048	0.0	1.237	1.348	1.062	1.196
383	0.05602	0.0	0.7793	1.742	0.6971	1.515
384	0.0661	0.0	0.9427	0.8748	0.8266	0.6885
385	0.07678	0.0	1.198	1.462	1.033	1.195
386	0.109	0.0	2.023	1.672	1.662	1.584
387	0.07878	0.0	1.308	1.389	1.045	1.069
388	0.09981	0.0	1.59	0.9872	1.415	0.8803
389	0.08778	0.0	1.306	1.485	1.177	1.301
390	0.07006	0.0	1.148	1.256	0.8976	1.1
391	0.07512	0.0	1.068	1.118	0.9877	1.106
392	0.06738	0.0	1.018	1.319	0.8609	1.244
393	0.0901	0.0	1.276	1.925	1.181	1.759
394	0.04488	0.0	0.7936	1.262	0.6391	1.296
395	0.08716	0.0	1.352	1.203	1.13	1.11
396	0.09591	0.0	1.604	1.635	1.322	1.392
397	0.07555	0.0	1.087	1.624	1.158	1.722
398	0.07153	0.0	1.043	0.7781	0.9215	0.795
399	0.09209	0.0	1.496	1.165	1.239	1.087
400	0.07373	0.0	1.414	2.173	1.252	2.14
401	0.09551	0.0	1.36	1.351	1.36	1.159
402	0.08059	0.0	1.381	1.188	1.098	0.9623
403	0.05134	0.0	0.7577	1.11	0.6307	1.104
404	0.1088	0.0	1.68	1.683	1.48	1.58
405	0.08637	0.0	1.189	0.8079	1.201	1.048
406	0.065	0.0	0.9764	1.18	0.8392	1.083
407	0.07652	0.0	1.185	0.8189	1.012	0.8381
408	0.08951	0.0	1.392	1.045	1.194	0.92
409	0.09016	0.0	1.649	1.141	1.183	1.066
410	0.08073	0.0	1.209	1.196	1.044	0.9917
411	0.1141	0.0	1.813	1.355	1.592	1.034
412	0.09456	0.0	1.444	1.374	1.267	1.187
413	0.09123	0.0	1.479	0.9889	1.416	1.002
414	0.07285	0.0	1.128	0.8133	1.057	0.7185
415	0.1084	0.0	1.995	1.384	1.552	1.454
416	0.1051	0.0	1.904	1.921	1.695	1.849
417	0.05495	0.0	0.9527	1.475	0.7749	1.283
418	0.1029	0.0	1.664	0.8008	1.496	0.7609
419	0.05942	0.0	0.8684	1.236	0.7547	0.9579
420	0.06295	0.0	0.8317	0.7869	0.8345	0.7345
421	0.06219	0.0	0.8818	1.106	0.787	0.9684
422	0.07421	0.0	1.081	0.9879	1.016	0.9228
423	0.08129	0.0	1.158	1.525	1.335	1.874
424	0.1079	0.0	1.856	1.576	1.564	1.28
425	0.03512	0.0	0.6102	1.085	0.45	1.02
426	0.09104	0.0	1.417	1.366	1.297	1.207
427	0.07544	0.0	1.064	1.24	1.086	1.279
428	0.0834	0.0	1.22	1.817	1.14	1.737
429	0.1108	0.0	2.01	2.236	1.933	1.837
430	0.1208	0.0	2.043	1.804	2.208	1.984
431	0.08527	0.0	1.361	1.225	1.264	1.223
432	0.07467	0.0	1.226	1.198	1.031	0.9888
433	0.07634	0.0	1.252	1.839	1.111	1.575
434	0.08784	0.0	1.416	1.62	1.122	1.401
435	0.06959	0.0	1.046	1.417	0.9007	1.188
436	0.07665	0.0	1.056	1.206	1.021	1.188
437	0.07536	0.0	1.173	1.876	1.18	2.381
438	0.09059	0.0	1.346	0.7527	1.22	0.7735
439	0.09582	0.0	1.542	1.29	1.419	0.9804
440	0.08746	0.0	1.301	1.496	1.182	1.258
441	0.07085	0.0	1.094	1.022	0.9463	0.9381
442	0.0903	0.0	1.436	1.026	1.264	1.012
443	0.08016	0.0	1.215	1.233	1.085	1.219
444	0.0683	0.0	1.018	1.101	0.8657	0.9042
445	0.05738	0.0	0.8532	0.9723	0.7636	0.8577
446	0.04575	0.0	0.6157	1.535	0.5645	1.367
447	0.07272	0.0	1.076	1.293	0.9562	1.328
448	0.05615	0.0	0.855	1.007	0.7422	0.9668
449	0.1035	0.0	1.574	1.342	1.431	1.232
450	0.0725	0.0	1.141	1.262	0.9403	1.035
451	0.06565	0.0	1.236	1.23	1.023	1.075
452	0.08626	0.0	1.302	1.568	1.126	1.216
453	0.09149	0.0	1.51	1.432	1.235	1.336
454	0.08588	0.0	1.673	2.037	1.355	1.564
455	0.06482	0.0	0.9537	1.463	0.8019	1.34
456	0.09676	0.0	1.649	0.9568	1.376	0.896
457	0.07892	0.0	1.23	1.502	1.054	1.356
458	0.08497	0.0	1.288	0.8734	1.117	0.7942
459	0.07735	0.0	1.202	1.38	1.012	1.367
460	0.05803	0.0	0.9949	1.228	0.7455	1.286
461	0.09894	0.0	1.552	1.308	1.374	1.12
462	0.06955	0.0	1.244	1.176	0.9521	1.086
463	0.07045	0.0	0.975	1.191	0.9586	1.102
464	0.07099	0.0	1.029	1.052	0.9334	0.9147
465	0.08942	0.0	1.262	2.065	1.297	1.553
466	0.07213	0.0	1.241	1.206	0.9698	1.141
467	0.08292	0.0	1.455	1.039	1.19	0.9935
468	0.08557	0.0	1.353	0.5117	1.196	0.5282
469	0.08321	0.0	1.359	1.311	1.2	1.209
470	0.08606	0.0	1.367	1.135	1.171	1.099
471	0.09407	0.0	1.495	1.294	1.294	1.187
472	0.06374	0.0	0.9735	1.258	0.8286	1.087
473	0.07107	0.0	0.9726	1.01	0.9166	0.8562
474	0.06248	0.0	0.9355	1.135	0.8545	1.298
475	0.06414	0.0	1.185	1.135	0.9598	1.124
476	0.06736	0.0	1.126	1.397	0.9313	1.221
477	0.07471	0.0	1.205	1.246	1.065	1.131
478	0.05973	0.0	0.7797	1.227	0.7578	1.098
479	0.06686	0.0	1.108	1.484	0.8818	1.339
480	0.1121	0.0	1.886	1.695	1.68	1.415
481	0.07535	0.0	1.161	1.32	0.9773	1.004
482	0.0469	0.0	0.6718	1.024	0.5803	0.9607
483	0.08666	0.0	1.469	1.097	1.218	1.045
484	0.09215	0.0	1.241	0.7606	1.29	0.7257
485	0.04211	0.0	0.6085	1.041	0.7531	1.182
486	0.09081	0.0	1.442	0.8445	1.241	0.8916
487	0.06351	0.0	0.9955	2.011	0.8475	1.679
488	0.0821	0.0	1.022	0.9165	1.091	0.9716
489	0.08056	0.0	1.251	1.283	1.071	1.196
490	0.07953	0.0	1.239	1.838	1.107	1.664
491	0.05412	0.0	0.716	0.9666	0.6992	0.8663
492	0.0692	0.0	1.092	1.546	0.9694	1.422
493	0.08739	0.0	1.249	1.093	1.115	1.08
494	0.0762	0.0	1.301	1.277	1.017	1.071
495	0.06788	0.0	0.9546	1.3	0.8908	1.245
496	0.06474	0.0	1.033	1.18	0.9037	1.104
497	0.07578	0.0	1.157	1.122	1.063	1.164
498	0.09534	0.0	1.437	0.8865	1.25	0.8138
499	0.0989	0.0	1.656	1.104	1.303	0.9689
500	0.03478	0.0	0.5968	1.58	0.5518	1.34
501	0.09305	0.0	1.454	1.596	1.337	1.426
502	0.1124	0.0	2.558	1.007	1.524	0.9471
503	0.1065	0.0	1.788	1.245	1.553	1.203
504	0.05709	0.0	0.9524	2.063	0.843	2.338
505	0.03869	0.0	0.5653	0.6036	0.4821	0.5511
506	0.06357	0.0	0.9421	1.362	0.8229	1.211
507	0.07528	0.0	1.177	0.9374	1.024	0.8785
508	0.1093	0.0	1.494	1.564	1.651	1.337
509	0.07985	0.0	1.113	1.314	1.339	1.343
510	0.0709	0.0	1.098	1.007	0.9089	0.888
511	0.08343	0.0	1.193	0.6043	1.096	0.524
512	0.07559	0.0	1.111	1.222	0.9616	1.008
513	0.1026	0.0	1.762	1.912	1.466	1.564
514	0.08731	0.0	1.275	0.9838	1.164	0.9825
515	0.06752	0.0	1.041	1.26	0.9094	1.096
516	0.07241	0.0	1.045	1.672	0.9391	1.339
517	0.09429	0.0	1.671	0.6751	1.587	0.6471
518	0.02082	0.0	0.2873	1.478	0.2766	1.377
519	0.06664	0.0	1.195	1.932	0.9109	2.239
520	0.03422	0.0	0.5214	1.363	0.4637	1.351
521	0.03198	0.0	0.4682	0.9923	0.4597	0.8235
522	0.06111	0.0	0.812	1.196	0.7746	1.119
523	0.0413	0.0	0.5568	1.142	0.5453	1.057
524	0.09228	0.0	1.349	1.221	1.284	1.131
525	0.08123	0.0	1.139	1.245	1.055	1.166
526	0.06496	0.0	0.9478	1.286	0.8525	1.198
527	0.09714	0.0	1.599	1.129	1.762	1.455
528	0.09265	0.0	1.41	1.378	1.287	1.151
529	0.09224	0.0	1.357	1.033	1.263	0.8606
530	0.0784	0.0	1.155	1.333	1.212	1.316
531	0.0915	0.0	1.484	1.943	1.303	2.157
532	0.07341	0.0	1.172	0.9959	0.9998	0.9824
533	0.01464	0.0	0.3189	1.72	0.2486	1.678
534	0.0959	0.0	1.745	1.326	1.417	1.435
535	0.08006	0.0	1.35	1.392	1.095	1.274
536	0.05356	0.0	0.7568	0.5921	0.689	0.6859
537	0.07344	0.0	1.118	1.28	1.014	1.315
538	0.0842	0.0	1.288	1.647	1.114	1.402
539	0.08754	0.0	1.372	2.003	1.202	1.77
540	0.08028	0.0	1.117	1.039	1.15	1.131
541	0.07069	0.0	1.047	1.674	0.9679	2.31
542	0.07754	0.0	1.237	1.105	0.9608	0.9853
543	0.07018	0.0	1.141	1.299	0.9093	1.105
544	0.06826	0.0	1.035	1.497	0.8836	1.329
545	0.07449	0.0	1.172	1.06	0.9605	1.026
546	0.08685	0.0	1.371	1.499	1.221	1.492
547	0.07237	0.0	1.051	0.8275	0.9624	0.7993
548	0.06978	0.0	0.9606	0.9367	0.9107	0.8617
549	0.0939	0.0	1.456	1.603	1.241	1.325
550	0.0782	0.0	1.262	0.6413	1.03	0.6639
551	0.05345	0.0	0.7662	1.386	0.6777	1.327
552	0.06805	0.0	0.9781	1.278	0.945	1.029
553	0.0921	0.0	1.524	1.091	1.369	1.011
554	0.07972	0.0	1.246	0.8977	1.057	0.8675
555	0.07929	0.0	1.385	1.308	1.162	0.9434
556	0.09421	0.0	1.441	1.318	1.323	0.9986
557	0.05321	0.0	0.7719	1.485	0.7491	1.322
558	0.06626	0.0	0.9389	2.444	0.9049	1.657
559	0.07984	0.0	0.9922	0.8647	1.045	0.8874
560	0.09352	0.0	1.517	1.406	1.386	1.21
561	0.08548	0.0	1.257	1.212	1.191	1.09
562	0.06593	0.0	0.8748	1.02	0.8517	0.9
563	0.08109	0.0	1.245	1.419	1.101	1.134
564	0.0311	0.0	0.5921	0.9532	0.5236	0.7933
565	0.05804	0.0	0.8316	1.093	0.805	1.073
566	0.08126	0.0	1.225	1.89	1.098	1.73
567	0.08066	0.0	1.237	1.096	1.119	0.994
568	0.07926	0.0	1.167	1.142	1.027	1.058
569	0.09465	0.0	1.488	1.515	1.337	1.363
570	0.07394	0.0	1.146	1.153	1.076	1.046
571	0.08499	0.0	1.466	1.329	1.207	1.252
572	0.06267	0.0	1.094	0.7019	0.8546	0.6596
573	0.06544	0.0	0.9603	1.425	0.854	1.225
574	0.06295	0.0	0.9408	1.041	0.8386	0.9359
575	0.0732	0.0	1.131	1.295	1.07	1.198
576	0.07542	0.0	1.154	1.332	1.045	1.166
577	0.06401	0.0	0.8955	0.6085	0.8006	0.5769
578	0.07346	0.0	1.097	1.029	1.026	1.245
579	0.05166	0.0	0.7577	1.027	0.7017	0.8758
580	0.05063	0.0	0.8621	1.442	0.6628	1.283
581	0.08193	0.0	1.385	1.239	1.11	1.019
582	0.05783	0.0	0.8796	1.07	0.7397	0.9205
583	0.08314	0.0	1.325	0.9605	1.186	0.9238
584	0.05847	0.0	0.9839	0.9369	0.8229	0.8823
585	0.06764	0.0	1.006	1.098	0.8656	1.032
586	0.06645	0.0	1.035	1.187	0.8971	1.548
587	0.08878	0.0	1.348	1.468	1.179	1.264
588	0.09599	0.0	1.647	1.513	1.289	1.266
589	0.05945	0.0	0.8451	0.8752	1.007	0.9872
590	0.08341	0.0	1.196	1.523	1.178	1.425
591	0.05161	0.0	0.721	1.772	0.6476	1.34
592	0.07093	0.0	1.071	0.9017	1.011	0.7181
593	0.08495	0.0	1.667	1.526	1.132	1.179
594	0.06982	0.0	1.121	2.092	1.047	2.011
595	0.0956	0.0	1.522	0.9991	1.298	1.145
596	0.1043	0.0	1.563	1.334	1.494	1.291
597	0.07562	0.0	0.9932	1.001	1.021	1.059
598	0.08	0.0	1.398	1.831	1.153	1.673
599	0.06289	0.0	0.9324	1.461	0.8588	1.221
600	0.07929	0.0	1.293	1.256	1.129	1.13
601	0.09825	0.0	1.436	1.419	1.353	1.19
602	0.08374	0.0	1.182	0.8221	1.063	0.8058
603	0.07554	0.0	1.169	1.055	0.9762	0.9851
604	0.09861	0.0	1.765	1.609	1.364	1.248
605	0.08834	0.0	1.455	0.7234	1.274	0.707
606	0.06334	0.0	0.8733	0.9595	0.8233	0.9985
607	0.09124	0.0	1.487	1.095	1.193	0.9979
608	0.05537	0.0	0.7732	1.348	0.7248	1.707
609	0.06168	0.0	0.858	0.7709	0.7932	0.7673
610	0.08206	0.0	1.279	1.32	1.142	1.355
611	0.05265	0.0	0.7368	1.107	0.6571	0.9416
612	0.08938	0.0	1.393	1.383	1.343	1.33
613	0.06873	0.0	0.8249	0.7804	1.148	0.9893
614	0.07142	0.0	1.043	1.078	0.9356	0.9623
615	0.08313	0.0	1.144	0.8548	1.096	0.7531
616	0.08401	0.0	1.243	1.28	1.083	1.202
617	0.1005	0.0	1.578	0.7491	1.347	0.7817
618	0.08023	0.0	1.103	1.03	1.039	0.9099
619	0.07672	0.0	1.138	1.072	1.012	1.106
620	0.09025	0.0	1.567	1.41	1.162	1.149
621	0.05593	0.0	0.7939	0.8555	0.7082	0.7922
622	0.06374	0.0	0.9722	1.384	0.8125	1.276
623	0.09974	0.0	1.415	2.021	1.397	1.992
624	0.08758	0.0	1.347	1.524	1.311	1.175
625	0.05172	0.0	0.7764	1.397	0.7206	1.172
626	0.06766	0.0	0.9737	0.9706	0.8572	0.8799
627	0.06729	0.0	0.9577	1.045	0.8542	1.035
628	0.08469	0.0	1.258	1.052	1.109	0.9239
629	0.06816	0.0	0.9036	0.9178	0.8751	0.8762
630	0.05522	0.0	0.747	1.138	0.7067	0.9961
631	0.1208	0.0	1.897	1.268	1.816	1.605
632	0.1054	0.0	1.721	1.298	1.503	1.061
633	0.02812	0.0	0.4448	1.256	0.3479	1.049
634	0.0945	0.0	1.384	1.286	1.619	1.19
635	0.07816	0.0	1.137	1.222	1.058	1.15
636	0.07333	0.0	1.049	1.233	0.9968	1.184
637	0.1012	0.0	2.099	1.758	1.663	1.884
638	0.03779	0.0	0.4829	0.4021	0.6154	0.4208
639	0.07658	0.0	1.22	1.466	1.14	1.149
640	0.03847	0.0	0.5557	0.9567	0.6201	1.009
641	0.08608	0.0	1.314	0.9925	1.195	0.9194
642	0.06315	0.0	0.9932	0.7283	0.8174	0.6539
643	0.07791	0.0	1.141	1.786	1.049	1.617
644	0.08109	0.0	1.05	1.222	1.148	1.297
645	0.07251	0.0	1.104	1.446	0.9683	2.018
646	0.09326	0.0	1.451	0.8484	1.323	0.8137
647	0.1001	0.0	1.529	1.277	1.513	1.135
648	0.09593	0.0	1.394	1.057	1.295	0.9447
649	0.07347	0.0	1.115	1.491	0.9586	1.434
650	0.08259	0.0	1.266	1.139	1.156	1.059
651	0.07723	0.0	1.289	1.339	1.116	1.229
652	0.06939	0.0	0.9462	1.104	0.8879	0.9763
653	0.07386	0.0	1.029	1.408	0.9365	1.261
654	0.09731	0.0	1.55	0.9246	1.329	0.8577
655	0.07392	0.0	1.151	0.8489	0.9764	0.8257
656	0.07989	0.0	1.248	1.125	1.159	1.203
657	0.08498	0.0	1.326	1.453	1.06	1.242
658	0.07605	0.0	1.28	1.329	1.047	1.198
659	0.06082	0.0	1.113	0.7229	0.9597	0.6854
660	0.07061	0.0	1.011	1.423	0.9345	1.164
661	0.1142	0.0	1.858	1.433	1.872	1.337
662	0.07145	0.0	1.136	1.713	1.064	1.774
663	0.0679	0.0	0.9223	1.234	0.8469	1.119
664	0.06454	0.0	0.9653	1.337	0.8542	1.198
665	0.08773	0.0	1.269	1.121	1.26	1.018
666	0.06873	0.0	0.9081	0.9024	0.8969	0.9017
667	0.08904	0.0	1.49	1.76	1.232	1.659
668	0.06507	0.0	1.005	0.9998	0.828	0.8783
669	0.06943	0.0	1.061	1.24	0.9555	1.326
670	0.07367	0.0	1.127	1.181	1.01	1.156
671	0.04887	0.0	0.6624	0.9008	0.5924	0.7995
672	0.09283	0.0	1.427	0.9783	1.24	0.7893
673	0.08785	0.0	1.175	1.579	1.282	1.484
674	0.08173	0.0	1.353	0.9113	1.123	0.8872
675	0.07474	0.0	1.131	1.541	1.056	1.321
676	0.02634	0.0	0.4337	0.9737	0.4901	0.8898
677	0.08659	0.0	1.331	1.257	1.325	1.232
678	0.06898	0.0	1.03	1.077	0.9595	0.9897
679	0.07952	0.0	1.239	1.282	1.102	1.187
680	0.06802	0.0	0.9733	1.183	0.9426	1.141
681	0.05972	0.0	0.825	0.9111	0.7606	0.8881
682	0.07147	0.0	1.096	0.9912	0.9758	1.021
683	0.08486	0.0	1.375	1.51	1.37	1.384
684	0.07778	0.0	1.3	0.9173	1.045	0.8578
685	0.07731	0.0	1.189	1.416	1.172	1.451
686	0.06684	0.0	0.9241	1.202	0.872	1.115
687	0.07295	0.0	1.027	1.107	0.9669	1.035
688	0.07921	0.0	1.491	0.9604	1.051	0.9733
689	0.05416	0.0	0.7626	0.8116	0.6991	0.6719
690	0.07812	0.0	1.227	0.9894	1.122	0.9606
691	0.06787	0.0	1.01	1.138	0.8742	1.039
692	0.1124	0.0	2.046	1.608	1.559	1.487
693	0.07778	0.0	0.9983	0.7945	1.034	0.9113
694	0.07623	0.0	1.189	1.337	0.999	1.125
695	0.06968	0.0	1.026	1.64	0.9052	1.397
696	0.1005	0.0	1.471	0.6425	1.476	0.7462
697	0.08228	0.0	1.214	1.436	1.077	1.291
698	0.08207	0.0	1.278	0.8076	1.206	0.8183
699	0.06853	0.0	1.081	1.222	0.9654	0.9707
700	0.1044	0.0	1.526	1.356	1.525	1.207
701	0.05522	0.0	0.7571	1.117	0.7133	1.035
702	0.07506	0.0	1.383	1.121	1.049	1.067
703	0.06843	0.0	0.8888	1.043	0.9093	1.014
704	0.05826	0.0	0.873	1.069	0.7783	0.8601
705	0.05422	0.0	0.686	2.044	0.7273	1.673
706	0.06295	0.0	0.8262	1.143	0.8237	1.168
707	0.08419	0.0	1.207	1.255	1.155	1.058
708	0.08907	0.0	1.454	1.719	1.202	1.448
709	0.07534	0.0	1.297	1.558	1.004	1.6
710	0.06768	0.0	1.129	1.483	0.921	1.278
711	0.08064	0.0	1.212	1.113	1.121	1.08
712	0.02546	0.0	0.3701	0.9603	0.3771	1.064
713	0.03781	0.0	0.5673	1.122	0.5829	1.088
714	0.05123	0.0	0.7474	1.57	0.6472	1.244
715	0.07843	0.0	1.342	1.355	1.134	1.309
716	0.1102	0.0	1.91	1.702	1.648	1.432
717	0.06481	0.0	0.6829	0.8137	1.037	0.849
718	0.06242	0.0	0.9272	1.081	0.8046	0.9905
719	0.1059	0.0	1.595	0.9049	1.427	0.8377
720	0.05529	0.0	0.7729	1.353	0.6951	1.116
721	0.08958	0.0	1.298	0.7991	1.217	0.7096
722	0.03829	0.0	0.4874	1.215	0.5127	1.095
723	0.07761	0.0	1.162	1.102	1.036	1.145
724	0.1006	0.0	1.556	1.794	1.39	1.339
725	0.06302	0.0	0.8442	1.15	0.841	0.986
726	0.05408	0.0	0.7468	0.7497	0.7668	0.6367
727	0.08921	0.0	1.267	1.074	1.247	0.8818
728	0.06581	0.0	0.9142	1.01	1.004	1.032
729	0.07651	0.0	1.075	0.4753	1.058	0.5629
730	0.08335	0.0	1.27	1.14	1.146	0.9853
731	0.07238	0.0	0.9445	1.12	0.9343	1.01
732	0.09718	0.0	1.365	0.9569	1.334	0.9321
733	0.03659	0.0	0.5161	1.105	0.4325	1.047
734	0.07747	0.0	1.142	1.085	1.061	1.039
735	0.06085	0.0	0.8304	1.886	0.993	1.633
736	0.08616	0.0	1.301	1.652	1.17	1.457
737	0.06949	0.0	1.006	1.18	0.8925	1.198
738	0.08576	0.0	1.29	1.547	1.193	1.513
739	0.0892	0.0	1.316	1.49	1.364	1.952
740	0.06226	0.0	0.8387	0.9319	0.8626	0.8288
741	0.1104	0.0	1.887	1.759	1.83	1.961
742	0.06172	0.0	0.9016	1.194	0.9084	1.121
743	0.06538	0.0	1.061	1.692	0.8793	1.622
744	0.07502	0.0	1.086	1.277	0.9652	1.03
745	0.06823	0.0	1.036	1.243	0.9174	0.9869
746	0.09108	0.0	1.362	1.503	1.248	1.359
747	0.09837	0.0	1.541	1.964	1.371	1.685
748	0.06734	0.0	0.8706	1.105	1.034	1.333
749	0.07773	0.0	1.197	1.274	1.176	1.202
750	0.09308	0.0	1.48	1.328	1.275	1.133
751	0.08107	0.0	1.244	1.81	1.1	1.614
752	0.05188	0.0	0.6777	1.508	0.6704	1.393
753	0.08033	0.0	1.209	1.332	1.097	1.279
754	0.06568	0.0	0.9453	1.413	0.8629	1.273
755	0.07762	0.0	1.205	1.056	1.053	1.033
756	0.07049	0.0	1.021	0.9706	0.9135	0.8899
757	0.07834	0.0	1.082	1.365	1.044	1.191
758	0.08319	0.0	1.36	1.485	1.179	1.253
759	0.07986	0.0	1.171	1.048	1.124	0.8834
760	0.06809	0.0	1.017	1.598	0.8928	1.366
761	0.09319	0.0	1.386	1.039	1.268	0.9052
762	0.07549	0.0	1.038	1.254	1.112	1.064
763	0.0667	0.0	0.9791	1.011	0.8895	0.9168
764	0.08163	0.0	1.191	1.339	1.1	1.133
765	0.1258	0.0	1.921	1.245	1.936	1.362
766	0.04362	0.0	0.6411	1.798	0.7028	1.508
767	0.07192	0.0	0.9542	0.8057	0.9296	0.7878
768	0.08574	0.0	1.354	1.392	1.205	1.419
769	0.09065	0.0	1.394	1.008	1.266	0.9859
770	0.06982	0.0	0.9638	0.6309	0.8814	0.6415
771	0.0648	0.0	1.053	1.065	0.855	1.067
772	0.07205	0.0	1.066	1.121	0.9084	0.9444
773	0.0653	0.0	0.894	0.6373	0.8595	0.7512
774	0.0876	0.0	1.437	1.337	1.206	1.232
775	0.07247	0.0	1.128	1.025	1.03	1.047
776	0.1172	0.0	2.267	0.9351	1.868	1.042
777	0.08799	0.0	1.27	1.229	1.256	1.073
778	0.07231	0.0	1.111	1.023	0.9647	0.9489
779	0.06746	0.0	1.056	1.35	0.8942	1.284
780	0.05261	0.0	0.8342	1.202	0.6884	1.009
781	0.0601	0.0	0.8212	0.7998	0.7825	0.8834
782	0.05804	0.0	0.876	1.162	0.7679	1.189
783	0.0743	0.0	1.163	1.264	1.012	1.07
784	0.0727	0.0	1.175	0.8534	0.9568	0.9283
785	0.07158	0.0	0.9686	0.8604	0.9068	0.8099
786	0.08188	0.0	1.23	1.224	1.249	1.225
787	0.07708	0.0	1.169	1.378	1.167	1.177
788	0.07976	0.0	1.305	1.405	1.112	1.291
789	0.08252	0.0	1.312	1.586	1.169	1.491
790	0.06706	0.0	0.9846	1.39	0.9058	1.315
791	0.07179	0.0	1.072	1.425	1.053	1.221
792	0.08032	0.0	1.378	1.628	1.102	1.437
793	0.07813	0.0	1.053	0.8609	1.036	0.6992
794	0.05881	0.0	0.8173	0.793	0.7966	0.8714
795	0.0894	0.0	1.443	1.362	1.334	1.269
796	0.08979	0.0	1.228	1.26	1.23	1.199
797	0.06228	0.0	0.7142	0.8175	0.8786	1.158
798	0.08531	0.0	1.281	1.036	1.149	1.043
799	0.04629	0.0	0.624	1.211	0.551	1.188
800	0.05651	0.0	0.7833	0.6294	0.702	0.6557
801	0.0742	0.0	1.072	0.9282	0.9964	0.9112
802	0.06191	0.0	0.9264	1.901	0.8474	1.635
803	0.05645	0.0	0.8884	1.089	0.7085	1.206
804	0.09295	0.0	1.542	1.6	1.293	1.438
805	0.0755	0.0	1.063	1.218	0.9903	1.175
806	0.05258	0.0	0.8825	1.29	0.7151	1.249
807	0.07589	0.0	0.9559	1.427	1.003	1.321
808	0.06534	0.0	0.8903	1.272	0.936	1.109
809	0.06274	0.0	0.869	1.238	0.9139	1.188
810	0.06377	0.0	0.8206	1.165	0.9219	1.01
811	0.09998	0.0	1.517	1.188	1.382	1.044
812	0.08373	0.0	1.365	1.514	1.244	1.245
813	0.08442	0.0	1.341	1.013	1.202	0.9997
814	0.08088	0.0	1.073	1.097	1.139	1.023
815	0.0837	0.0	1.212	1.191	1.201	1.147
816	0.03739	0.0	0.5575	0.8354	0.5255	0.8651
817	0.07821	0.0	1.058	1.578	1.038	1.336
818	0.08164	0.0	1.29	1.155	1.144	0.9906
819	0.06172	0.0	0.8429	1.254	0.7871	1.176
820	0.02554	0.0	0.4232	1.303	0.3156	1.327
821	0.06278	0.0	0.7941	0.8182	0.9783	0.8432
822	0.07942	0.0	1.194	0.9896	1.117	0.9722
823	0.0553	0.0	0.7634	1.026	0.718	1.035
824	0.09065	0.0	1.34	0.9045	1.206	0.7737
825	0.04393	0.0	0.6767	1.479	0.6128	1.202
826	0.0445	0.0	0.5892	0.9741	0.5636	0.9627
827	0.1049	0.0	1.512	1.207	1.599	1.051
828	0.06394	0.0	0.9111	1.863	0.8599	1.51
829	0.08446	0.0	1.331	1.061	1.19	0.9309
830	0.07121	0.0	1.14	1.193	0.9655	0.9392
831	0.07991	0.0	1.108	1.35	1.177	1.165
832	0.03407	0.0	0.4924	1.167	0.4652	0.9814
833	0.07399	0.0	1.028	1.115	1.15	0.8914
834	0.07642	0.0	1.141	1.059	1.064	0.9663
835	0.05071	0.0	0.7322	1.049	0.6248	0.9864
836	0.08553	0.0	1.324	1.16	1.075	1.146
837	0.06334	0.0	0.8052	0.9011	0.7943	0.8999
838	0.07413	0.0	1.081	1.239	0.9723	1.158
839	0.07815	0.0	1.293	1.739	1.075	1.509
840	0.06011	0.0	0.8663	1.463	0.7768	1.202
841	0.03956	0.0	0.5374	1.386	0.5088	1.274
842	0.07997	0.0	1.267	1.656	1.097	1.582
843	0.06844	0.0	0.9793	1.515	0.9196	1.474
844	0.1052	0.0	1.649	0.9867	1.499	0.9891
845	0.08947	0.0	1.683	1.769	1.386	2.015
846	0.08771	0.0	1.603	1.977	1.284	1.941
847	0.06057	0.0	1.093	0.9596	0.796	0.9243
848	0.05497	0.0	0.7983	1.039	0.6976	0.9764
849	0.0634	0.0	0.9904	1.03	0.8051	0.9863
850	0.08216	0.0	1.227	1.225	1.047	1.094
851	0.09702	0.0	1.584	1.164	1.393	1.008
852	0.07352	0.0	0.9854	1.038	0.9624	1.138
853	0.06902	0.0	0.9458	1.571	0.9138	1.703
854	0.05548	0.0	0.7962	0.8068	0.6824	0.7644
855	0.08423	0.0	1.201	1.52	1.237	2.044
856	0.04489	0.0	0.6241	1.49	0.5432	1.388
857	0.08069	0.0	1.248	0.8316	1.072	0.7532
858	0.06905	0.0	0.9726	0.8442	0.9512	0.8194
859	0.08305	0.0	1.251	1.07	1.234	1.028
860	0.05185	0.0	0.7225	0.6891	0.6298	0.5705
861	0.07522	0.0	1.025	1.308	0.9795	1.247
862	0.08553	0.0	1.316	0.8353	1.115	0.8045
863	0.07858	0.0	1.198	1.329	1.056	1.287
864	0.07065	0.0	1.004	1.454	0.944	1.216
865	0.07246	0.0	1.034	1.218	1.009	1.082
866	0.1071	0.0	1.746	1.623	1.703	1.783
867	0.07481	0.0	1.451	0.8888	1.055	0.8375
868	0.09011	0.0	1.363	1.115	1.156	0.9098
869	0.1029	0.0	1.396	1.138	1.452	1.003
870	0.0711	0.0	1.297	1.712	1.084	1.698
871	0.08196	0.0	0.9657	0.8714	1.076	0.931
872	0.07094	0.0	0.949	1.468	1.018	1.527
873	0.08349	0.0	1.281	1.215	1.115	1.081
874	0.07357	0.0	1.008	0.8155	0.9839	0.856
875	0.05224	0.0	0.7489	1.178	0.6736	0.9667
876	0.07979	0.0	1.18	0.9676	1.063	1.059
877	0.05786	0.0	0.849	1.131	0.7821	0.9961
878	0.06021	0.0	0.8336	1.248	0.7704	1.187
879	0.07341	0.0	1.054	0.9431	0.9942	0.9169
880	0.0755	0.0	1.148	0.6521	0.9745	0.6481
881	0.1007	0.0	1.606	1.36	1.373	1.177
882	0.07327	0.0	1.039	1.095	0.9844	0.9048
883	0.07047	0.0	1.034	1.337	0.9544	1.216
884	0.08401	0.0	1.333	0.8292	1.146	0.7863
885	0.06592	0.0	1.016	1.404	0.875	1.274
886	0.07236	0.0	1.073	1.119	0.9827	0.9967
887	0.06366	0.0	0.9604	1.078	0.8634	1.053
888	0.04736	0.0	0.6419	1.234	0.588	1.062
889	0.06108	0.0	0.8472	0.7861	0.7541	0.7396
890	0.04953	0.0	0.6542	1.2	0.6454	1.032
891	0.08668	0.0	1.336	1.019	1.265	0.9019
892	0.05613	0.0	0.9805	1.404	0.7287	1.1
893	0.06224	0.0	1.081	1.2	0.889	1.269
894	0.07516	0.0	1.156	1.052	1.022	0.9584
895	0.08887	0.0	1.401	1.331	1.239	1.121
896	0.05358	0.0	0.7385	1.183	0.6795	1.04
897	0.08009	0.0	1.2	1.198	1.089	1.117
898	0.07666	0.0	1.221	1.098	1.123	1.114
899	0.07968	0.0	1.199	1.116	1.102	1.046
900	0.09292	0.0	1.438	1.327	1.263	1.171
901	0.07466	0.0	0.8973	0.793	1.166	1.002
902	0.04458	0.0	0.6159	0.6196	0.5802	0.5809
903	0.06603	0.0	0.9188	1.579	0.8429	1.329
904	0.07364	0.0	0.9534	0.7059	1.053	0.5847
905	0.0914	0.0	1.318	0.9394	1.253	0.9011
906	0.08047	0.0	1.414	1.687	1.129	1.478
907	0.06741	0.0	1.035	1.157	0.8965	1.036
908	0.08242	0.0	1.337	1.326	1.065	1.094
909	0.08163	0.0	1.004	0.8829	1.151	0.8932
910	0.06974	0.0	1.054	1.346	0.9155	1.225
911	0.07445	0.0	0.9749	1.031	0.99	1.01
912	0.04886	0.0	0.7036	1.132	0.6311	1.014
913	0.07782	0.0	1.034	0.8453	1.035	0.8865
914	0.08174	0.0	1.115	1.219	1.102	1.167
915	0.09666	0.0	1.431	1.354	1.322	1.176
916	0.08443	0.0	1.419	1.297	1.127	1.069
917	0.08185	0.0	1.251	1.358	1.156	1.456
918	0.05659	0.0	0.6929	1.226	0.7834	1.248
919	0.07306	0.0	1.124	1.232	0.9351	1.135
920	0.07709	0.0	1.245	0.9207	1.078	0.7718
921	0.07372	0.0	1.012	1.117	0.9832	1.057
922	0.07318	0.0	1.082	1.352	0.9825	1.191
923	0.04936	0.0	0.6788	1.267	0.6231	1.132
924	0.0772	0.0	1.411	1.487	1.156	1.485
925	0.07312	0.0	1.206	0.7204	1.153	0.7804
926	0.06671	0.0	1.053	1.235	0.891	1.102
927	0.0492	0.0	0.6703	1.168	0.6113	1.09
928	0.07677	0.0	1.136	1.207	0.9819	1.097
929	0.02879	0.0	0.3536	1.772	0.4056	1.501
930	0.06617	0.0	0.9635	1.057	0.8279	0.9936
931	0.08667	0.0	1.22	0.9381	1.167	0.9379
932	0.08012	0.0	1.269	1.982	1.028	1.756
933	0.07754	0.0	1.103	0.8616	1.133	0.7778
934	0.06686	0.0	1.029	1.221	0.8899	1.059
935	0.07908	0.0	1.168	1.198	1.164	1.475
936	0.05722	0.0	1.026	1.207	0.8494	1.256
937	0.07222	0.0	1.053	1.29	0.973	0.9787
938	0.0711	0.0	1.067	0.9952	0.9208	0.9045
939	0.07284	0.0	1.069	0.8099	0.9203	0.8476
940	0.07988	0.0	1.108	0.6215	1.071	0.6035
941	0.06959	0.0	0.916	1.059	0.894	0.9575
942	0.07706	0.0	1.154	0.9722	1.045	0.8854
943	0.08608	0.0	1.12	1.749	1.572	1.925
944	0.07535	0.0	1.04	1.274	0.9989	1.056
945	0.06688	0.0	1.051	1.479	0.905	1.193
946	0.09704	0.0	1.785	1.305	1.448	1.424
947	0.05278	0.0	0.7107	1.263	0.6649	1.114
948	0.06638	0.0	0.9764	1.211	0.8801	1.174
949	0.08014	0.0	1.259	1.529	1.228	1.739
950	0.08023	0.0	1.086	1.206	1.155	1.129
951	0.06409	0.0	1.077	1.693	0.8929	1.703
952	0.07691	0.0	1.071	0.9942	0.9907	1.015
953	0.08163	0.0	1.223	1.583	1.125	1.375
954	0.0655	0.0	0.956	1.503	0.8473	1.362
955	0.09482	0.0	1.636	2.178	1.32	1.543
956	0.08014	0.0	1.122	1.113	1.031	1.201
957	0.08389	0.0	1.318	1.485	1.165	1.56
958	0.09255	0.0	1.393	0.7421	1.247	0.6845
959	0.06973	0.0	1.051	1.507	0.9787	1.385
960	0.08933	0.0	1.342	1.15	1.185	1.144
961	0.09177	0.0	1.648	1.153	1.379	0.9471
962	0.06211	0.0	0.8437	0.7555	0.7986	0.7693
963	0.07919	0.0	1.127	1.362	1.102	1.167
964	0.08437	0.0	1.165	0.7475	1.111	0.7134
965	0.07034	0.0	1.061	1.085	0.9313	1.018
966	0.0812	0.0	1.367	1.792	1.055	1.369
967	0.07379	0.0	1.079	1.121	1.055	1.075
968	0.06837	0.0	0.966	1.049	0.893	1.018
969	0.08025	0.0	1.089	1.31	1.05	1.137
970	0.08992	0.0	1.299	1.392	1.303	1.167
971	0.07023	0.0	1.365	1.285	1.033	1.219
972	0.06496	0.0	1.071	1.534	0.8575	1.18
973	0.09434	0.0	1.503	1.147	1.346	1.052
974	0.08612	0.0	1.427	1.598	1.255	1.347
975	0.07497	0.0	0.867	0.7704	0.9784	0.8811
976	0.07885	0.0	1.065	1.33	1.139	1.392
977	0.07503	0.0	1.169	0.9598	1.023	0.9678
978	0.05981	0.0	0.8091	0.5986	0.7722	0.6757
979	0.0736	0.0	1.258	1.461	0.9881	1.401
980	0.07585	0.0	0.9873	1.036	1.064	0.8034
981	0.0791	0.0	1.085	0.7093	1.056	0.6923
982	0.06467	0.0	0.9199	0.9819	0.8893	0.8202
983	0.06508	0.0	1.007	1.582	0.8467	1.441
984	0.06304	0.0	0.7975	0.865	0.831	0.6185
985	0.08593	0.0	1.355	1.06	1.215	1.007
986	0.07455	0.0	1.103	1.083	1.019	1.047
987	0.07435	0.0	1.106	1.121	1.027	1.012
988	0.05911	0.0	0.8969	1.053	0.7818	0.9409
989	0.08392	0.0	1.396	1.177	1.244	1.181
990	0.06653	0.0	1.006	0.7751	0.8695	0.7477
991	0.07775	0.0	1.195	1.087	1.081	0.9453
992	0.03479	0.0	0.5698	1.085	0.4684	0.9932
993	0.06376	0.0	0.9004	0.7797	0.8804	0.77
994	0.07566	0.0	1.024	1.081	1.073	1.178
995	0.05999	0.0	1.066	1.171	0.815	1.038
996	0.07412	0.0	1.297	1.392	0.9405	1.168
997	0.06984	0.0	1.14	0.718	0.9686	0.7232
998	0.05896	0.0	0.8002	0.9067	0.7653	0.7942
999	0.08041	0.0	1.263	1.089	1.147	1.066
1000	0.03578	0.0	0.4552	1.177	0.4576	1.018
1001	0.08531	0.0	1.271	0.9457	1.155	0.88
1002	0.04838	0.0	0.7937	1.13	0.718	1.186
1003	0.07545	0.0	1.204	1.237	1.066	1.142
1004	0.07685	0.0	1.134	1.246	1.041	1.199
1005	0.09022	0.0	1.283	0.9607	1.187	1.036
1006	0.03212	0.0	0.5052	1.23	0.4354	1.07
1007	0.05263	0.0	0.7575	1.263	0.6602	1.125
1008	0.05284	0.0	0.7352	0.7431	0.6552	0.6088
1009	0.07652	0.0	1.226	0.8609	0.9917	0.8035
1010	0.1019	0.0	1.828	1.891	1.469	1.435
1011	0.06484	0.0	0.8795	1.008	0.8985	0.8731
1012	0.05605	0.0	0.7906	1.182	0.7427	1.138
1013	0.07676	0.0	1.104	1.163	0.9645	1.065
1014	0.05227	0.0	0.7185	1.509	0.6592	1.184
1015	0.05377	0.0	0.7567	1.415	0.6787	1.205
1016	0.05349	0.0	0.7594	1.157	0.6733	1.183
1017	0.07791	0.0	1.06	1.157	1.015	1.137
1018	0.0704	0.0	0.9946	1.314	0.9267	1.196
1019	0.08601	0.0	1.212	0.979	1.122	0.9719
1020	0.0806	0.0	1.269	1.499	1.179	1.069
1021	0.04189	0.0	0.5694	1.87	0.5115	1.727
1022	0.05391	0.0	0.7522	0.6352	0.676	0.6764
1023	0.06458	0.0	0.9409	1.354	0.8294	1.168
1024	0.06002	0.0	1.181	1.672	0.7885	1.412
1025	0.0823	0.0	1.018	0.884	1.117	0.8428
1026	0.09063	0.0	1.525	1.064	1.226	0.974
1027	0.06299	0.0	0.8645	1.106	0.831	1.123
1028	0.0812	0.0	1.117	0.889	1.142	0.9148
1029	0.06264	0.0	0.7782	0.7841	0.9082	1.09
1030	0.07474	0.0	1.156	1.027	0.9771	1.014
1031	0.04063	0.0	0.6346	1.014	0.5395	1.041
1032	0.078	0.0	1.091	0.9606	1.023	0.9448
1033	0.08885	0.0	1.37	1.265	1.232	1.051
1034	0.05068	0.0	0.7349	0.804	0.7529	0.7345
1035	0.05749	0.0	0.8524	1.166	0.7398	1.041
1036	0.08295	0.0	1.277	1.496	1.069	1.2
1037	0.07364	0.0	1.128	0.9593	0.9903	0.8652
1038	0.05141	0.0	0.734	1.057	0.7437	0.8809
1039	0.08439	0.0	1.167	1.194	1.195	1.418
1040	0.09493	0.0	1.74	1.344	1.538	1.349
