Step	Loss(S)	Loss(T)	fwd_S	fwd_T	rev_S	rev_T
1	4.571	0.0	4.571	3.806	3.822	3.181
2	4.167	0.0	4.167	3.115	4.145	2.666
3	3.984	0.0	3.984	2.953	3.201	2.639
4	5.279	0.0	5.279	4.086	3.918	4.073
5	4.63	0.0	4.63	4.679	4.415	4.409
6	3.283	0.0	3.283	3.379	2.908	3.067
7	4.842	0.0	4.842	4.161	4.362	4.447
8	3.112	0.0	3.112	3.272	3.365	3.592
9	3.447	0.0	3.447	4.046	3.646	4.298
10	3.918	0.0	3.918	3.706	3.954	4.005
11	2.706	0.0	2.706	3.078	2.856	3.253
12	2.984	0.0	2.984	3.083	3.198	3.592
13	3.141	0.0	3.141	2.761	3.843	3.209
14	2.691	0.0	2.691	2.166	3.065	2.414
15	1.445	0.0	1.445	2.521	1.507	2.911
16	2.537	0.0	2.537	2.075	2.9	2.436
17	2.378	0.0	2.378	2.158	2.715	2.743
18	2.338	0.0	2.338	1.921	2.557	2.16
19	2.518	0.0	2.518	1.843	2.883	2.152
20	2.181	0.0	2.181	2.421	2.396	2.476
21	2.277	0.0	2.277	2.293	2.437	2.607
22	2.271	0.0	2.271	1.63	2.619	2.019
23	2.122	0.0	2.122	2.184	2.513	2.431
24	2.198	0.0	2.198	2.406	2.409	2.837
25	2.128	0.0	2.128	2.194	2.25	2.332
26	1.946	0.0	1.946	1.778	2.078	1.99
27	2.121	0.0	2.121	2.232	2.502	2.484
28	2.259	0.0	2.259	1.628	2.262	1.836
29	2.036	0.0	2.036	2.06	2.167	2.257
30	1.86	0.0	1.86	2.255	2.079	3.6
31	1.616	0.0	1.616	1.895	1.86	2.091
32	1.341	0.0	1.341	1.989	1.474	2.289
33	1.626	0.0	1.626	1.521	1.807	1.715
34	1.908	0.0	1.908	1.969	2.08	2.414
35	2.054	0.0	2.054	2.05	2.227	2.281
36	2.062	0.0	2.062	2.011	2.352	2.177
37	1.893	0.0	1.893	1.271	2.146	1.461
38	1.901	0.0	1.901	1.671	2.124	1.859
39	1.796	0.0	1.796	1.712	2.078	2.088
40	2.098	0.0	2.098	1.85	2.367	1.958
41	1.796	0.0	1.796	2.037	2.025	2.29
42	1.531	0.0	1.531	1.705	1.673	1.913
43	2.164	0.0	2.164	1.254	2.253	1.866
44	1.482	0.0	1.482	1.45	1.742	1.663
45	2.018	0.0	2.018	1.927	2.139	2.111
46	1.86	0.0	1.86	2.008	1.934	2.325
47	1.615	0.0	1.615	1.41	2.09	1.746
48	1.597	0.0	1.597	1.624	1.829	1.936
49	1.54	0.0	1.54	1.702	1.639	1.862
50	1.396	0.0	1.396	1.316	1.738	1.638
51	1.476	0.0	1.476	1.658	1.633	1.975
52	1.841	0.0	1.841	2.059	2.11	2.366
53	1.266	0.0	1.266	1.512	1.461	1.774
54	1.549	0.0	1.549	2.02	1.722	2.167
55	1.709	0.0	1.709	1.683	1.929	1.935
56	1.777	0.0	1.777	1.677	2.056	1.979
57	1.697	0.0	1.697	1.588	1.9	1.811
58	1.538	0.0	1.538	1.696	1.849	1.932
59	1.814	0.0	1.814	1.944	2.044	2.111
60	1.252	0.0	1.252	1.574	1.414	1.745
61	1.754	0.0	1.754	1.453	1.964	1.678
62	1.405	0.0	1.405	1.711	1.559	1.818
63	1.252	0.0	1.252	2.199	1.391	2.402
64	1.659	0.0	1.659	1.92	1.818	1.988
65	1.636	0.0	1.636	1.371	1.879	1.584
66	1.218	0.0	1.218	2.01	1.363	2.377
67	1.447	0.0	1.447	1.444	1.749	1.725
68	1.446	0.0	1.446	1.118	1.706	1.358
69	1.387	0.0	1.387	1.349	1.708	1.685
70	1.38	0.0	1.38	1.663	1.907	1.865
71	1.795	0.0	1.795	1.89	1.94	2.106
72	1.356	0.0	1.356	1.384	1.997	1.761
73	1.462	0.0	1.462	1.382	1.611	1.69
74	1.831	0.0	1.831	1.342	2.049	1.732
75	1.36	0.0	1.36	1.351	1.771	1.463
76	1.397	0.0	1.397	1.488	1.536	1.81
77	1.305	0.0	1.305	1.347	1.394	1.501
78	1.167	0.0	1.167	1.176	1.511	1.434
79	1.381	0.0	1.381	1.452	1.5	1.716
80	1.673	0.0	1.673	1.625	1.862	1.932
81	1.685	0.0	1.685	1.825	1.854	2.091
82	1.281	0.0	1.281	1.291	1.497	1.55
83	1.611	0.0	1.611	1.759	1.775	2.075
84	1.465	0.0	1.465	1.289	1.665	1.456
85	1.409	0.0	1.409	1.322	1.643	1.477
86	1.661	0.0	1.661	1.54	1.758	1.746
87	1.334	0.0	1.334	1.232	1.516	1.479
88	1.084	0.0	1.084	1.329	1.299	1.703
89	1.511	0.0	1.511	0.9998	1.87	1.14
90	1.325	0.0	1.325	1.486	1.523	1.859
91	1.411	0.0	1.411	1.483	1.549	1.728
92	1.429	0.0	1.429	1.408	1.613	1.675
93	1.445	0.0	1.445	1.283	1.566	1.599
94	1.809	0.0	1.809	1.823	1.965	1.94
95	1.421	0.0	1.421	1.406	1.672	1.618
96	1.546	0.0	1.546	1.598	1.702	1.977
97	1.242	0.0	1.242	1.24	1.457	1.492
98	1.338	0.0	1.338	1.361	1.547	1.546
99	1.768	0.0	1.768	1.488	1.93	1.775
100	1.22	0.0	1.22	1.272	1.39	1.515
101	1.76	0.0	1.76	1.164	1.869	1.471
102	1.154	0.0	1.154	0.8868	1.429	1.017
103	1.057	0.0	1.057	1.668	1.172	1.868
104	1.183	0.0	1.183	1.779	1.384	2.003
105	1.413	0.0	1.413	1.468	1.504	1.608
106	1.121	0.0	1.121	1.155	1.284	1.391
107	1.258	0.0	1.258	1.232	1.473	1.522
108	1.349	0.0	1.349	1.377	1.467	1.55
109	1.307	0.0	1.307	1.178	1.404	1.485
110	1.173	0.0	1.173	1.1	1.267	1.414
111	1.14	0.0	1.14	1.252	1.34	1.44
112	1.24	0.0	1.24	1.761	1.414	1.905
113	1.257	0.0	1.257	1.262	1.405	1.452
114	1.141	0.0	1.141	1.105	1.301	1.418
115	2.176	0.0	2.176	1.846	2.447	2.024
116	0.9189	0.0	0.9189	1.449	1.015	1.698
117	1.642	0.0	1.642	1.504	1.829	1.981
118	1.404	0.0	1.404	1.401	1.578	1.753
119	1.04	0.0	1.04	1.539	1.201	1.791
120	1.239	0.0	1.239	1.381	1.44	1.68
121	1.09	0.0	1.09	1.027	1.29	1.288
122	1.149	0.0	1.149	0.9998	1.322	1.219
123	1.288	0.0	1.288	1.426	1.401	1.866
124	1.062	0.0	1.062	1.003	1.218	1.336
125	1.562	0.0	1.562	1.226	1.652	1.44
126	1.16	0.0	1.16	1.545	1.286	1.892
127	1.356	0.0	1.356	1.38	1.544	1.668
128	1.157	0.0	1.157	1.045	1.212	1.396
129	1.015	0.0	1.015	1.525	1.203	1.627
130	0.9606	0.0	0.9606	1.245	1.086	1.367
131	1.312	0.0	1.312	1.343	1.618	1.667
132	1.332	0.0	1.332	1.135	1.465	1.357
133	1.339	0.0	1.339	1.099	1.489	1.47
134	1.191	0.0	1.191	1.184	1.377	1.395
135	1.05	0.0	1.05	1.539	1.292	1.814
136	1.033	0.0	1.033	1.128	1.298	1.331
137	1.318	0.0	1.318	1.217	1.473	1.518
138	1.316	0.0	1.316	1.084	1.516	1.322
139	1.158	0.0	1.158	1.336	1.487	1.659
140	1.415	0.0	1.415	1.246	1.496	1.437
141	1.158	0.0	1.158	1.024	1.458	1.282
142	1.129	0.0	1.129	0.9927	1.257	1.155
143	1.155	0.0	1.155	1.189	1.339	1.449
144	1.131	0.0	1.131	1.151	1.3	1.373
145	1.734	0.0	1.734	1.292	1.897	1.5
146	1.134	0.0	1.134	1.101	1.281	1.325
147	1.589	0.0	1.589	1.627	1.681	1.808
148	1.137	0.0	1.137	0.8861	1.411	1.063
149	1.074	0.0	1.074	1.198	1.197	1.49
150	1.352	0.0	1.352	1.394	1.553	1.641
151	1.067	0.0	1.067	1.036	1.198	1.165
152	1.152	0.0	1.152	1.106	1.305	1.245
153	1.351	0.0	1.351	1.363	1.506	1.529
154	1.049	0.0	1.049	1.144	1.208	1.353
155	1.219	0.0	1.219	1.149	1.397	1.303
156	1.292	0.0	1.292	1.322	1.474	1.553
157	1.217	0.0	1.217	1.356	1.368	1.443
158	0.8192	0.0	0.8192	1.05	0.9032	1.523
159	1.206	0.0	1.206	1.049	1.387	1.171
160	0.8606	0.0	0.8606	1.219	0.9689	1.416
161	1.068	0.0	1.068	1.026	1.231	1.159
162	1.015	0.0	1.015	1.107	1.189	1.346
163	0.8917	0.0	0.8917	1.071	1.053	1.387
164	1.097	0.0	1.097	0.9192	1.283	1.19
165	1.235	0.0	1.235	1.374	1.429	1.556
166	1.073	0.0	1.073	1.185	1.196	1.383
167	1.701	0.0	1.701	1.54	1.901	1.616
168	1.035	0.0	1.035	1.225	1.181	1.33
169	1.163	0.0	1.163	1.029	1.323	1.198
170	0.9072	0.0	0.9072	1.97	1.013	2.465
171	0.962	0.0	0.962	0.9316	1.131	1.079
172	1.091	0.0	1.091	0.8944	1.267	1.235
173	0.8638	0.0	0.8638	0.8929	1.038	1.204
174	1.24	0.0	1.24	1.479	1.381	1.659
175	1.405	0.0	1.405	1.783	1.585	1.956
176	1.294	0.0	1.294	0.8285	1.389	1.059
177	1.015	0.0	1.015	1.143	1.148	1.457
178	1.376	0.0	1.376	1.203	1.472	1.544
179	0.9679	0.0	0.9679	0.9246	1.151	1.106
180	0.8833	0.0	0.8833	1.264	0.9694	1.395
181	1.183	0.0	1.183	1.038	1.308	1.172
182	1.064	0.0	1.064	0.9026	1.268	1.166
183	0.9998	0.0	0.9998	1.358	1.12	1.506
184	0.853	0.0	0.853	1.575	0.9466	1.849
185	1.361	0.0	1.361	1.94	1.554	2.227
186	1.075	0.0	1.075	0.9482	1.298	1.224
187	1.342	0.0	1.342	1.446	1.415	1.775
188	1.364	0.0	1.364	1.083	1.57	1.273
189	0.9611	0.0	0.9611	0.8521	1.143	1.012
190	1.204	0.0	1.204	1.339	1.382	1.49
191	1.115	0.0	1.115	1.022	1.284	1.16
192	0.8587	0.0	0.8587	1.028	1.071	1.182
193	0.7948	0.0	0.7948	1.141	0.9565	1.281
194	1.074	0.0	1.074	0.9845	1.239	1.18
195	1.257	0.0	1.257	1.285	1.392	1.375
196	0.9857	0.0	0.9857	1.004	1.133	1.183
197	1.205	0.0	1.205	0.9228	1.442	1.251
198	1.442	0.0	1.442	1.486	1.631	1.646
199	0.9603	0.0	0.9603	0.8494	1.263	1.097
200	1.084	0.0	1.084	1.155	1.265	1.353
201	1.028	0.0	1.028	0.8672	1.321	1.118
202	1.024	0.0	1.024	1.201	1.181	1.416
203	0.9151	0.0	0.9151	1.442	1.111	1.715
204	1.094	0.0	1.094	0.9992	1.234	1.077
205	1.43	0.0	1.43	1.415	1.672	1.551
206	0.937	0.0	0.937	1.135	1.084	1.275
207	0.8132	0.0	0.8132	0.9688	0.9772	1.127
208	0.9126	0.0	0.9126	1.07	1.137	1.264
209	0.9588	0.0	0.9588	0.8411	1.177	1.144
210	0.9571	0.0	0.9571	1.45	1.052	1.63
211	1.313	0.0	1.313	1.022	1.533	1.198
212	1.408	0.0	1.408	1.113	1.575	1.306
213	1.11	0.0	1.11	0.9437	1.29	1.201
214	0.9793	0.0	0.9793	0.9253	1.231	1.183
215	0.8453	0.0	0.8453	0.8251	1.051	1.058
216	1.086	0.0	1.086	1.492	1.23	1.715
217	1.112	0.0	1.112	0.9092	1.295	1.141
218	1.052	0.0	1.052	0.9497	1.29	1.198
219	1.506	0.0	1.506	1.41	1.66	1.609
220	1.449	0.0	1.449	1.193	1.72	1.449
221	0.901	0.0	0.901	1.475	1.052	1.682
222	1.362	0.0	1.362	1.309	1.591	1.566
223	1.14	0.0	1.14	1.327	1.216	1.559
224	1.412	0.0	1.412	1.219	1.614	1.413
225	0.938	0.0	0.938	0.8951	1.207	1.062
226	0.883	0.0	0.883	0.8729	1.127	1.146
227	1.597	0.0	1.597	1.446	1.711	1.752
228	0.9297	0.0	0.9297	0.9031	1.008	1.147
229	0.9951	0.0	0.9951	1.187	1.136	1.41
230	1.262	0.0	1.262	1.083	1.432	1.228
231	1.127	0.0	1.127	1.46	1.308	1.634
232	1.077	0.0	1.077	1.103	1.249	1.414
233	1.071	0.0	1.071	1.532	1.243	1.68
234	0.9498	0.0	0.9498	0.8604	1.083	1.031
235	1.229	0.0	1.229	1.277	1.487	1.536
236	0.9713	0.0	0.9713	0.9404	1.175	1.109
237	0.9479	0.0	0.9479	1.042	1.058	1.249
238	1.076	0.0	1.076	0.9407	1.236	1.108
239	1.15	0.0	1.15	0.9528	1.304	1.183
240	1.002	0.0	1.002	1.028	1.08	1.294
241	1.147	0.0	1.147	1.107	1.323	1.814
242	0.8703	0.0	0.8703	1.036	1.09	1.182
243	1.012	0.0	1.012	1.163	1.148	1.304
244	1.023	0.0	1.023	1.126	1.077	1.289
245	0.9031	0.0	0.9031	0.9242	0.9856	1.017
246	0.9567	0.0	0.9567	0.7744	1.063	0.9512
247	0.8833	0.0	0.8833	0.9205	0.9778	1.069
248	0.9088	0.0	0.9088	1.177	1.026	1.36
249	1.267	0.0	1.267	0.9826	1.478	1.196
250	1.28	0.0	1.28	1.071	1.431	1.246
251	0.9588	0.0	0.9588	1.409	1.143	1.673
252	0.973	0.0	0.973	1.001	1.187	1.23
253	1.209	0.0	1.209	0.8907	1.464	1.215
254	1.301	0.0	1.301	1.115	1.493	1.442
255	0.8644	0.0	0.8644	0.8279	1.085	0.9932
256	1.043	0.0	1.043	0.9679	1.118	1.131
257	1.184	0.0	1.184	1.099	1.318	1.264
258	1.132	0.0	1.132	0.8379	1.349	0.9692
259	0.9961	0.0	0.9961	0.8791	1.223	1.118
260	1.637	0.0	1.637	0.6956	1.733	0.8791
261	1.354	0.0	1.354	0.9168	1.453	1.198
262	1.277	0.0	1.277	0.73	1.38	1.128
263	1.128	0.0	1.128	1.185	1.255	1.354
264	1.333	0.0	1.333	1.192	1.567	1.326
265	0.9311	0.0	0.9311	1.059	1.106	1.227
266	0.9822	0.0	0.9822	0.8618	1.191	1.122
267	1.038	0.0	1.038	1.105	1.199	1.435
268	0.7804	0.0	0.7804	0.7951	0.8976	0.9532
269	0.8082	0.0	0.8082	1.207	0.9857	1.353
270	1.09	0.0	1.09	0.8727	1.23	1.034
271	1.154	0.0	1.154	1.252	1.251	1.384
272	1.439	0.0	1.439	1.328	1.62	1.526
273	0.9686	0.0	0.9686	1.229	1.068	1.386
274	0.7631	0.0	0.7631	1.692	0.9311	2.123
275	0.8991	0.0	0.8991	1.134	1.083	1.289
276	0.9327	0.0	0.9327	0.8749	1.144	1.168
277	1.019	0.0	1.019	0.8495	1.317	1.134
278	1.019	0.0	1.019	0.7994	1.186	0.9907
279	1.223	0.0	1.223	0.7923	1.345	0.8981
280	1.006	0.0	1.006	0.729	1.256	0.9527
281	0.8306	0.0	0.8306	1.068	0.9675	1.324
282	1.228	0.0	1.228	1.344	1.367	1.467
283	0.8511	0.0	0.8511	0.9287	1.136	1.035
284	0.968	0.0	0.968	0.9953	1.066	1.251
285	1.163	0.0	1.163	1.04	1.249	1.206
286	0.7787	0.0	0.7787	0.7467	0.9679	0.9035
287	0.9677	0.0	0.9677	1.221	1.128	1.387
288	1.253	0.0	1.253	1.757	1.335	2.122
289	1.447	0.0	1.447	0.847	1.577	1.13
290	0.8916	0.0	0.8916	0.8941	1.121	1.086
291	1.371	0.0	1.371	1.31	1.556	1.5
292	1.077	0.0	1.077	1.15	1.368	1.338
293	0.9643	0.0	0.9643	0.7656	1.221	0.8534
294	1.101	0.0	1.101	1.204	1.216	1.456
295	1.129	0.0	1.129	0.8515	1.27	1.019
296	0.8668	0.0	0.8668	0.7792	0.9233	1.103
297	1.39	0.0	1.39	1.004	1.519	1.221
298	1.085	0.0	1.085	1.017	1.285	1.174
299	1.125	0.0	1.125	1.018	1.24	1.146
300	1.067	0.0	1.067	1.082	1.231	1.346
301	0.9734	0.0	0.9734	0.898	1.245	1.158
302	1.028	0.0	1.028	1.592	1.205	1.778
303	1.11	0.0	1.11	0.9812	1.342	1.234
304	1.08	0.0	1.08	1.002	1.277	1.258
305	0.8826	0.0	0.8826	0.948	1.152	1.16
306	0.7571	0.0	0.7571	1.004	0.8578	1.245
307	0.8654	0.0	0.8654	1.404	0.9343	1.558
308	1.126	0.0	1.126	1.16	1.198	1.268
309	1.372	0.0	1.372	1.37	1.477	1.466
310	1.088	0.0	1.088	0.8557	1.224	1.152
311	0.6644	0.0	0.6644	1.217	0.7497	1.372
312	0.8198	0.0	0.8198	1.092	1.04	1.334
313	0.7622	0.0	0.7622	1.062	0.833	1.224
314	0.671	0.0	0.671	1.313	0.7749	1.487
315	0.9465	0.0	0.9465	0.9425	1.023	1.169
316	1.107	0.0	1.107	0.9324	1.292	1.114
317	1.006	0.0	1.006	0.9441	1.067	1.152
318	0.992	0.0	0.992	0.8175	1.236	1.068
319	0.8567	0.0	0.8567	0.7838	1.135	1.045
320	0.8053	0.0	0.8053	0.8653	0.9908	1.002
321	0.8373	0.0	0.8373	0.9484	0.9881	1.133
322	0.8449	0.0	0.8449	0.8973	1.066	1.142
323	0.7785	0.0	0.7785	1.45	0.9065	1.711
324	0.9492	0.0	0.9492	1.142	1.123	1.362
325	1.257	0.0	1.257	1.19	1.487	1.512
326	1.111	0.0	1.111	0.9948	1.306	1.127
327	1.236	0.0	1.236	1.559	1.374	1.898
328	1.068	0.0	1.068	0.8062	1.428	0.9697
329	0.942	0.0	0.942	0.7761	1.118	1.029
330	0.7826	0.0	0.7826	0.8832	0.8537	1.088
331	1.055	0.0	1.055	1.342	1.164	1.494
332	0.8102	0.0	0.8102	0.7872	1.029	1.011
333	0.6993	0.0	0.6993	1.009	0.8025	1.252
334	0.8741	0.0	0.8741	1.435	1.17	1.698
335	1.234	0.0	1.234	1.469	1.419	1.638
336	0.9377	0.0	0.9377	1.411	1.103	1.603
337	1.274	0.0	1.274	1.539	1.343	1.749
338	0.7447	0.0	0.7447	0.9249	0.8487	1.064
339	0.9879	0.0	0.9879	0.9504	1.127	1.306
340	0.9903	0.0	0.9903	0.9808	1.2	1.25
341	1.052	0.0	1.052	0.8663	1.281	1.193
342	0.8582	0.0	0.8582	0.9847	1.097	1.215
343	0.8007	0.0	0.8007	1.132	0.9578	1.314
344	0.8777	0.0	0.8777	0.83	1.034	0.9885
345	1.191	0.0	1.191	1.075	1.361	1.526
346	0.8944	0.0	0.8944	0.7933	1.077	0.9707
347	0.9168	0.0	0.9168	1.093	1.13	1.24
348	0.7682	0.0	0.7682	1.095	0.927	1.306
349	0.8513	0.0	0.8513	0.9688	1.155	1.345
350	0.9581	0.0	0.9581	0.8478	1.147	0.9927
351	0.8996	0.0	0.8996	0.9849	1.102	1.142
352	0.941	0.0	0.941	0.7445	1.127	0.8586
353	0.8639	0.0	0.8639	1.122	1.026	1.294
354	0.9783	0.0	0.9783	1.139	1.136	1.32
355	0.9757	0.0	0.9757	1.449	1.114	1.587
356	1.255	0.0	1.255	0.6974	1.348	0.8887
357	0.9887	0.0	0.9887	0.8494	1.25	1.11
358	1.395	0.0	1.395	1.074	1.571	1.293
359	0.9435	0.0	0.9435	0.8814	1.072	0.989
360	0.9419	0.0	0.9419	0.9929	1.085	1.292
361	1.096	0.0	1.096	1.128	1.259	1.213
362	0.8019	0.0	0.8019	0.6683	0.9429	0.8213
363	0.8258	0.0	0.8258	0.7293	1.071	1.021
364	1.297	0.0	1.297	0.7013	1.489	1.002
365	0.905	0.0	0.905	1.026	1.118	1.229
366	1.308	0.0	1.308	0.6471	1.487	0.9612
367	0.9368	0.0	0.9368	0.9108	1.136	1.135
368	0.8733	0.0	0.8733	1.151	1.018	1.362
369	0.9265	0.0	0.9265	0.8456	1.107	1.068
370	0.8503	0.0	0.8503	0.9977	1.048	1.185
371	1.083	0.0	1.083	1.123	1.199	1.288
372	1.018	0.0	1.018	0.848	1.193	0.996
373	1.138	0.0	1.138	1.241	1.301	1.399
374	1.018	0.0	1.018	0.7856	1.199	0.9585
375	1.083	0.0	1.083	1.41	1.282	1.626
376	1.378	0.0	1.378	0.9737	1.576	1.184
377	1.009	0.0	1.009	0.9047	1.105	1.093
378	0.67	0.0	0.67	1.19	0.7883	1.449
379	0.6874	0.0	0.6874	0.8173	0.842	1.053
380	0.802	0.0	0.802	0.7128	1.082	0.9565
381	0.8996	0.0	0.8996	0.8049	1.142	1.084
382	0.9235	0.0	0.9235	1.126	1.043	1.344
383	0.8695	0.0	0.8695	1.412	1.087	1.573
384	0.7867	0.0	0.7867	0.8193	0.9328	0.9796
385	1.045	0.0	1.045	0.8811	1.191	1.124
386	0.8621	0.0	0.8621	1.398	0.9883	1.562
387	0.8683	0.0	0.8683	0.9743	1.224	1.133
388	0.8125	0.0	0.8125	1.251	0.9778	1.448
389	0.9628	0.0	0.9628	0.8389	1.129	1.129
390	0.7215	0.0	0.7215	0.7082	0.8187	0.8322
391	1.149	0.0	1.149	1.01	1.33	1.268
392	1.392	0.0	1.392	1.48	1.584	1.743
393	1.263	0.0	1.263	0.9837	1.552	1.139
394	0.925	0.0	0.925	0.8998	1.097	1.162
395	0.9625	0.0	0.9625	1.188	1.126	1.454
396	0.844	0.0	0.844	0.7861	0.958	0.979
397	0.9786	0.0	0.9786	0.8688	1.169	1.121
398	0.9093	0.0	0.9093	1.158	1.064	1.334
399	0.8182	0.0	0.8182	0.8438	0.9485	0.9903
400	0.9152	0.0	0.9152	0.9791	1.05	1.144
401	0.9513	0.0	0.9513	1.048	1.152	1.245
402	0.7955	0.0	0.7955	0.8636	0.9582	1.043
403	1.107	0.0	1.107	0.9782	1.297	1.261
404	0.7535	0.0	0.7535	1.121	0.9461	1.304
405	0.9562	0.0	0.9562	1.153	1.129	1.355
406	1.303	0.0	1.303	0.9762	1.464	1.158
407	0.9849	0.0	0.9849	0.872	1.153	1.14
408	1.046	0.0	1.046	1.068	1.263	1.271
409	0.9528	0.0	0.9528	0.7367	1.18	0.992
410	0.8685	0.0	0.8685	1.236	1.058	1.348
411	1.378	0.0	1.378	1.386	1.506	1.57
412	0.6835	0.0	0.6835	0.907	0.9227	1.116
413	1.38	0.0	1.38	1.297	1.465	1.522
414	0.9142	0.0	0.9142	0.9417	1.103	1.161
415	1.588	0.0	1.588	1.378	1.839	1.622
416	0.7921	0.0	0.7921	1.547	0.9037	2.063
417	1.053	0.0	1.053	1.095	1.258	1.31
418	1.48	0.0	1.48	0.8782	1.729	1.148
419	0.7498	0.0	0.7498	0.841	0.8638	1.081
420	0.9198	0.0	0.9198	0.8344	1.112	0.9955
421	0.9769	0.0	0.9769	0.9462	1.2	1.104
422	0.8588	0.0	0.8588	0.7869	0.9708	1.013
423	0.7691	0.0	0.7691	0.7591	0.9672	0.9139
424	0.7468	0.0	0.7468	1.472	0.8974	1.662
425	0.9218	0.0	0.9218	0.9309	1.141	1.163
426	0.859	0.0	0.859	0.7474	1.129	0.9819
427	0.9423	0.0	0.9423	1.157	1.067	1.353
428	1.227	0.0	1.227	1.032	1.444	1.21
429	1.396	0.0	1.396	0.7938	1.517	1.193
430	0.9597	0.0	0.9597	1.245	1.064	1.649
431	1.49	0.0	1.49	1.477	1.669	1.736
432	0.9834	0.0	0.9834	1.254	1.104	1.435
433	0.8255	0.0	0.8255	0.9072	1.01	1.116
434	0.8011	0.0	0.8011	0.7125	0.9315	0.8639
435	0.8479	0.0	0.8479	1.401	0.9261	1.611
436	0.8786	0.0	0.8786	0.8692	1.115	1.085
437	1.161	0.0	1.161	0.7083	1.404	0.8646
438	0.9611	0.0	0.9611	0.9705	1.105	1.203
439	0.7928	0.0	0.7928	1.271	0.8374	1.479
440	1.264	0.0	1.264	0.8622	1.492	1.085
441	1.339	0.0	1.339	1.328	1.451	1.628
442	0.7338	0.0	0.7338	0.6949	0.8329	0.7958
443	1.149	0.0	1.149	0.9359	1.382	1.325
444	0.9564	0.0	0.9564	1.01	1.134	1.139
445	0.9117	0.0	0.9117	0.9857	1.085	1.214
446	1.04	0.0	1.04	0.9043	1.21	1.088
447	1.222	0.0	1.222	1.088	1.322	1.273
448	1.061	0.0	1.061	0.8849	1.195	1.079
449	1.247	0.0	1.247	0.903	1.418	1.055
450	0.8971	0.0	0.8971	0.8562	1.098	1.076
451	0.9258	0.0	0.9258	0.7576	1.107	0.8935
452	1.11	0.0	1.11	1.129	1.252	1.191
453	0.7898	0.0	0.7898	0.8806	0.8589	1.055
454	0.7895	0.0	0.7895	1.077	0.9695	1.267
455	0.8099	0.0	0.8099	1.103	1.003	1.243
456	0.7813	0.0	0.7813	0.9802	0.93	1.117
457	0.9854	0.0	0.9854	1.024	1.08	1.249
458	1.181	0.0	1.181	0.791	1.337	0.9619
459	1.023	0.0	1.023	1.449	1.199	1.536
460	0.8	0.0	0.8	0.7989	0.9914	1.03
461	0.9067	0.0	0.9067	0.9081	1.071	1.143
462	1.226	0.0	1.226	0.9693	1.391	1.236
463	1.014	0.0	1.014	0.8449	1.165	0.9272
464	0.8147	0.0	0.8147	0.8157	0.9761	0.9366
465	0.793	0.0	0.793	0.9483	0.8699	1.118
466	0.78	0.0	0.78	0.9035	0.9072	1.109
467	0.8724	0.0	0.8724	0.8073	1.027	1.026
468	0.7178	0.0	0.7178	0.6984	0.8785	0.992
469	0.9265	0.0	0.9265	1.244	1.101	1.461
470	1.142	0.0	1.142	1.28	1.372	1.464
471	0.8842	0.0	0.8842	0.835	1.151	1.067
472	0.9722	0.0	0.9722	0.9667	1.151	1.256
473	0.9808	0.0	0.9808	0.8735	1.238	1.122
474	1.09	0.0	1.09	0.8015	1.327	1.085
475	0.8588	0.0	0.8588	1.194	0.9603	1.446
476	1.014	0.0	1.014	0.7836	1.167	0.9115
477	0.9677	0.0	0.9677	1.287	1.095	1.397
478	0.8958	0.0	0.8958	0.9672	1.036	1.156
479	1.417	0.0	1.417	1.412	1.575	1.616
480	0.9337	0.0	0.9337	1.253	1.088	1.316
481	1.077	0.0	1.077	1.02	1.227	1.148
482	0.6857	0.0	0.6857	1.403	0.8352	1.711
483	0.9007	0.0	0.9007	0.9234	0.9247	1.118
484	0.9215	0.0	0.9215	0.7491	1.107	1.019
485	0.9003	0.0	0.9003	0.8593	1.031	1.06
486	0.9011	0.0	0.9011	0.9445	1.056	1.156
487	0.8266	0.0	0.8266	1.35	0.9358	1.486
488	0.7426	0.0	0.7426	0.7168	0.9374	0.8963
489	0.8838	0.0	0.8838	0.7986	1.121	0.9271
490	1.22	0.0	1.22	0.9024	1.414	1.178
491	0.8113	0.0	0.8113	0.8399	1.06	0.9806
492	0.889	0.0	0.889	1.101	1.007	1.357
493	1.05	0.0	1.05	0.8522	1.177	1.106
494	0.7482	0.0	0.7482	0.6306	0.9621	0.7278
495	0.9233	0.0	0.9233	0.8432	1.118	1.042
496	1.343	0.0	1.343	1.631	1.598	1.904
497	1.272	0.0	1.272	1.378	1.419	1.721
498	0.8768	0.0	0.8768	0.8122	1.07	0.9977
499	1.303	0.0	1.303	0.8836	1.438	1.084
500	1.07	0.0	1.07	0.7244	1.254	0.8898
501	0.8829	0.0	0.8829	0.854	1.048	1.075
502	0.9701	0.0	0.9701	0.8548	1.067	1.04
503	0.7033	0.0	0.7033	0.9121	0.7791	1.056
504	1.168	0.0	1.168	1.024	1.306	1.164
505	1.019	0.0	1.019	0.8512	1.152	1.065
506	0.815	0.0	0.815	1.096	0.9409	1.25
507	1.002	0.0	1.002	1.119	1.183	1.361
508	0.867	0.0	0.867	1.025	1.016	1.227
509	0.8872	0.0	0.8872	0.8727	0.9898	1.151
510	1.305	0.0	1.305	1.036	1.483	1.213
511	0.9379	0.0	0.9379	0.8996	1.175	1.105
512	1.106	0.0	1.106	0.8726	1.261	1.107
513	0.7686	0.0	0.7686	0.7202	1.012	0.9516
514	0.7198	0.0	0.7198	0.9604	0.7924	1.181
515	1.37	0.0	1.37	1.28	1.601	1.594
516	1.121	0.0	1.121	0.7675	1.172	1.059
517	1.294	0.0	1.294	1.078	1.468	1.255
518	0.8516	0.0	0.8516	0.8517	0.9989	1.137
519	1.065	0.0	1.065	1.233	1.215	1.493
520	1.31	0.0	1.31	1.045	1.503	1.244
521	0.88	0.0	0.88	0.8449	1.014	1.008
522	1.0	0.0	1.0	1.291	1.156	1.413
523	0.7797	0.0	0.7797	0.8555	0.9729	1.041
524	0.9051	0.0	0.9051	1.087	1.08	1.225
525	0.8981	0.0	0.8981	0.9685	1.135	1.189
526	0.9117	0.0	0.9117	0.7863	1.044	1.026
527	0.7435	0.0	0.7435	0.7817	0.9066	1.04
528	1.349	0.0	1.349	1.471	1.522	1.652
529	0.8823	0.0	0.8823	0.7973	1.06	0.9646
530	1.055	0.0	1.055	0.7961	1.217	1.018
531	1.488	0.0	1.488	1.378	1.713	1.69
532	1.146	0.0	1.146	1.047	1.375	1.252
533	1.191	0.0	1.191	1.22	1.462	1.445
534	1.001	0.0	1.001	1.1	1.064	1.414
535	1.347	0.0	1.347	1.395	1.579	1.679
536	1.21	0.0	1.21	0.6165	1.361	0.9203
537	0.7619	0.0	0.7619	0.7511	0.8729	0.9205
538	0.6972	0.0	0.6972	0.683	0.8388	0.8129
539	1.008	0.0	1.008	1.295	1.147	1.515
540	0.7649	0.0	0.7649	0.7667	0.9491	1.051
541	1.095	0.0	1.095	0.8245	1.259	0.9523
542	0.9413	0.0	0.9413	1.067	1.028	1.246
543	0.9821	0.0	0.9821	1.42	1.266	1.605
544	1.14	0.0	1.14	0.8317	1.34	1.169
545	1.15	0.0	1.15	1.06	1.315	1.21
546	0.7479	0.0	0.7479	0.7759	0.8575	0.931
547	0.9001	0.0	0.9001	0.9175	1.058	1.114
548	1.009	0.0	1.009	0.9777	1.138	1.237
549	1.024	0.0	1.024	1.095	1.241	1.441
550	0.9508	0.0	0.9508	0.9767	1.1	1.313
551	1.067	0.0	1.067	1.015	1.201	1.227
552	0.7809	0.0	0.7809	0.8613	0.9925	1.048
553	0.9947	0.0	0.9947	0.9687	1.188	1.277
554	0.876	0.0	0.876	0.8765	1.013	1.04
555	0.7981	0.0	0.7981	0.8212	1.039	1.032
556	0.8502	0.0	0.8502	1.045	1.021	1.257
557	0.7658	0.0	0.7658	0.7866	0.8542	0.988
558	0.9625	0.0	0.9625	0.7991	1.164	1.011
559	0.8878	0.0	0.8878	0.8797	1.038	1.062
560	0.92	0.0	0.92	0.8316	1.117	1.057
561	1.018	0.0	1.018	1.011	1.142	1.17
562	0.8666	0.0	0.8666	1.008	1.06	1.192
563	1.086	0.0	1.086	1.239	1.215	1.421
564	0.7939	0.0	0.7939	0.6421	0.8907	0.7403
565	1.031	0.0	1.031	0.8737	1.293	1.168
566	0.9551	0.0	0.9551	1.036	1.181	1.291
567	0.745	0.0	0.745	0.7461	0.8881	0.9052
568	0.9048	0.0	0.9048	0.7983	0.9985	0.9194
569	0.8308	0.0	0.8308	0.9088	0.9902	1.09
570	0.7669	0.0	0.7669	1.18	0.9437	1.354
571	0.848	0.0	0.848	0.9006	1.032	1.162
572	1.137	0.0	1.137	1.066	1.275	1.31
573	0.927	0.0	0.927	0.8254	1.088	0.9782
574	1.348	0.0	1.348	1.322	1.474	1.534
575	0.7892	0.0	0.7892	0.7854	0.9582	0.963
576	0.9314	0.0	0.9314	0.8433	1.073	1.049
577	0.8068	0.0	0.8068	0.6865	0.9903	0.9085
578	0.8467	0.0	0.8467	0.7281	1.038	0.9813
579	1.032	0.0	1.032	0.8919	1.249	1.041
580	0.7029	0.0	0.7029	0.7868	0.8872	1.011
581	1.236	0.0	1.236	1.251	1.391	1.346
582	0.8599	0.0	0.8599	0.8497	1.054	1.024
583	1.004	0.0	1.004	0.9605	1.171	1.071
584	1.068	0.0	1.068	0.8861	1.211	0.9893
585	0.9572	0.0	0.9572	0.9754	1.072	1.177
586	0.8204	0.0	0.8204	1.363	0.966	1.719
587	0.7575	0.0	0.7575	0.7735	0.8658	0.9362
588	0.9396	0.0	0.9396	0.6968	1.231	0.9567
589	0.8777	0.0	0.8777	0.7589	1.092	0.989
590	0.8594	0.0	0.8594	0.9942	0.9613	1.128
591	1.002	0.0	1.002	1.249	1.15	1.392
592	0.692	0.0	0.692	0.6938	0.8775	0.8916
593	0.9589	0.0	0.9589	0.8854	1.11	1.033
594	0.8546	0.0	0.8546	1.073	0.9736	1.324
595	0.8185	0.0	0.8185	0.7865	0.979	1.099
596	1.123	0.0	1.123	0.9434	1.281	1.13
597	0.9274	0.0	0.9274	1.021	1.112	1.198
598	0.7507	0.0	0.7507	0.7783	0.9055	0.916
599	0.7778	0.0	0.7778	0.85	0.9367	1.096
600	1.482	0.0	1.482	1.512	1.776	1.885
601	1.065	0.0	1.065	0.8792	1.216	1.092
602	0.9616	0.0	0.9616	0.8011	1.141	0.9883
603	1.318	0.0	1.318	1.137	1.582	1.328
604	0.7783	0.0	0.7783	0.9703	0.9688	1.162
605	0.7601	0.0	0.7601	0.9678	0.9794	1.158
606	1.015	0.0	1.015	1.113	1.195	1.312
607	0.9178	0.0	0.9178	0.9536	1.093	1.066
608	0.7767	0.0	0.7767	0.7565	1.019	1.035
609	1.133	0.0	1.133	0.9179	1.329	1.097
610	0.9193	0.0	0.9193	1.056	1.115	1.184
611	1.046	0.0	1.046	0.9104	1.279	1.219
612	1.254	0.0	1.254	0.9868	1.342	1.168
613	0.7265	0.0	0.7265	0.8273	0.8454	1.09
614	1.358	0.0	1.358	1.034	1.537	1.313
615	0.9243	0.0	0.9243	0.8241	1.158	1.025
616	0.8652	0.0	0.8652	1.093	1.082	1.292
617	0.9104	0.0	0.9104	0.8681	1.154	1.111
618	0.8615	0.0	0.8615	0.9072	0.9785	1.044
619	1.16	0.0	1.16	1.154	1.3	1.406
620	1.107	0.0	1.107	0.8727	1.251	1.07
621	0.7755	0.0	0.7755	0.8021	0.8829	0.97
622	1.053	0.0	1.053	0.7622	1.276	0.9685
623	1.63	0.0	1.63	1.486	1.738	1.684
624	1.092	0.0	1.092	1.31	1.25	1.461
625	0.9401	0.0	0.9401	1.07	1.074	1.267
626	1.037	0.0	1.037	1.195	1.174	1.329
627	0.9998	0.0	0.9998	0.7751	1.145	1.017
628	0.8537	0.0	0.8537	0.8262	1.024	0.9717
629	0.9386	0.0	0.9386	0.9372	1.095	1.121
630	1.045	0.0	1.045	0.8001	1.243	0.9794
631	0.8279	0.0	0.8279	0.9022	0.9385	1.046
632	0.9338	0.0	0.9338	1.111	1.093	1.296
633	1.205	0.0	1.205	0.887	1.314	1.039
634	0.7948	0.0	0.7948	0.7855	1.001	1.017
635	1.315	0.0	1.315	1.397	1.519	1.68
636	1.079	0.0	1.079	1.187	1.224	1.39
637	0.9869	0.0	0.9869	1.06	1.126	1.337
638	1.005	0.0	1.005	0.7939	1.102	1.108
639	0.6032	0.0	0.6032	1.187	0.6429	1.398
640	1.103	0.0	1.103	1.008	1.275	1.248
641	1.005	0.0	1.005	0.8498	1.187	1.044
642	0.6852	0.0	0.6852	0.8108	0.8404	0.9611
643	1.102	0.0	1.102	1.289	1.226	1.473
644	0.7535	0.0	0.7535	0.8536	0.93	1.035
645	0.847	0.0	0.847	1.075	1.026	1.223
646	0.7965	0.0	0.7965	0.9694	0.8767	1.148
647	0.7727	0.0	0.7727	1.203	0.9455	1.318
648	1.193	0.0	1.193	1.19	1.32	1.388
649	1.144	0.0	1.144	1.194	1.335	1.371
650	0.7304	0.0	0.7304	0.7936	0.8106	0.9499
651	1.154	0.0	1.154	1.079	1.409	1.403
652	0.9595	0.0	0.9595	0.8898	1.055	1.049
653	1.038	0.0	1.038	0.8513	1.21	1.028
654	0.8087	0.0	0.8087	0.9126	1.011	1.119
655	0.9998	0.0	0.9998	0.7206	1.137	0.9043
656	0.7666	0.0	0.7666	0.7976	0.9274	0.9698
657	1.13	0.0	1.13	1.025	1.303	1.235
658	0.9503	0.0	0.9503	0.8996	1.082	1.031
659	0.9496	0.0	0.9496	1.085	1.078	1.277
660	1.178	0.0	1.178	0.9219	1.311	1.037
661	0.67	0.0	0.67	0.7051	0.7303	0.8864
662	0.7116	0.0	0.7116	0.7596	0.8107	0.9229
663	0.8859	0.0	0.8859	0.7519	1.049	0.9179
664	0.8439	0.0	0.8439	0.8265	1.007	1.033
665	1.085	0.0	1.085	0.6432	1.309	0.8173
666	1.004	0.0	1.004	0.9121	1.189	1.087
667	1.24	0.0	1.24	1.356	1.47	1.517
668	0.8542	0.0	0.8542	0.7226	0.9974	0.903
669	0.6965	0.0	0.6965	1.097	0.8984	1.327
670	1.085	0.0	1.085	1.091	1.242	1.332
671	0.7907	0.0	0.7907	0.8651	0.882	0.9896
672	0.8742	0.0	0.8742	0.8108	1.091	0.9476
673	1.037	0.0	1.037	0.8806	1.282	1.08
674	0.6736	0.0	0.6736	0.7233	0.8167	0.8917
675	0.8052	0.0	0.8052	0.8987	1.013	1.163
676	1.105	0.0	1.105	1.194	1.242	1.363
677	1.325	0.0	1.325	1.121	1.446	1.3
678	0.8797	0.0	0.8797	1.238	1.01	1.409
679	0.793	0.0	0.793	0.8	1.013	0.9498
680	0.9509	0.0	0.9509	1.005	1.038	1.232
681	1.113	0.0	1.113	0.7483	1.233	0.9183
682	1.075	0.0	1.075	0.7504	1.179	1.019
683	1.018	0.0	1.018	1.041	1.168	1.205
684	0.8102	0.0	0.8102	0.7325	1.001	0.9483
685	0.9513	0.0	0.9513	0.9592	1.138	1.196
686	0.9178	0.0	0.9178	0.7142	1.046	0.869
687	0.8476	0.0	0.8476	1.15	0.9699	1.391
688	0.6962	0.0	0.6962	1.228	0.7863	1.432
689	0.9767	0.0	0.9767	0.9084	1.123	1.08
690	1.228	0.0	1.228	1.384	1.457	1.606
691	0.8084	0.0	0.8084	0.758	0.9096	0.9407
692	1.078	0.0	1.078	0.7577	1.184	1.046
693	0.9436	0.0	0.9436	0.764	1.098	1.047
694	1.087	0.0	1.087	0.9922	1.219	1.162
695	0.9255	0.0	0.9255	1.227	1.111	1.405
696	0.7377	0.0	0.7377	0.6749	0.9349	0.8934
697	1.129	0.0	1.129	0.8888	1.195	1.052
698	0.9404	0.0	0.9404	1.003	1.093	1.196
699	0.8132	0.0	0.8132	0.8002	1.021	0.889
700	0.9733	0.0	0.9733	0.9744	1.082	1.152
701	0.7903	0.0	0.7903	1.168	0.9424	1.403
702	0.7851	0.0	0.7851	0.6467	0.9405	0.7645
703	0.8516	0.0	0.8516	0.9702	1.081	1.275
704	1.323	0.0	1.323	1.442	1.436	1.684
705	1.254	0.0	1.254	1.442	1.459	1.719
706	0.8488	0.0	0.8488	0.8492	1.027	1.023
707	0.7676	0.0	0.7676	0.9508	0.9568	1.324
708	0.8002	0.0	0.8002	0.7072	0.9617	0.864
709	1.04	0.0	1.04	0.8653	1.186	1.008
710	0.862	0.0	0.862	0.9192	1.09	1.072
711	0.9941	0.0	0.9941	0.8694	1.13	1.045
712	0.8148	0.0	0.8148	1.332	0.9659	1.477
713	0.9416	0.0	0.9416	1.001	1.144	1.194
714	1.017	0.0	1.017	1.154	1.202	1.268
715	1.06	0.0	1.06	1.089	1.208	1.255
716	1.062	0.0	1.062	1.105	1.228	1.294
717	1.091	0.0	1.091	0.754	1.287	1.01
718	1.162	0.0	1.162	1.217	1.236	1.333
719	0.9024	0.0	0.9024	0.9455	1.05	1.171
720	1.01	0.0	1.01	0.9244	1.178	1.149
721	0.8976	0.0	0.8976	0.8632	1.077	1.05
722	0.9981	0.0	0.9981	1.028	1.168	1.173
723	0.9973	0.0	0.9973	1.167	1.165	1.355
724	0.9833	0.0	0.9833	0.8361	1.141	1.032
725	0.7762	0.0	0.7762	1.031	0.9678	1.257
726	0.9375	0.0	0.9375	0.7681	1.154	0.928
727	1.404	0.0	1.404	1.299	1.601	1.53
728	0.8476	0.0	0.8476	1.135	1.0	1.375
729	0.7659	0.0	0.7659	0.4892	0.8292	0.7001
730	0.6968	0.0	0.6968	1.134	0.828	1.267
731	0.7168	0.0	0.7168	0.8357	0.8314	1.023
732	0.9597	0.0	0.9597	0.9721	1.032	1.146
733	0.9174	0.0	0.9174	1.009	1.1	1.196
734	0.8068	0.0	0.8068	0.7474	1.046	0.9031
735	0.7361	0.0	0.7361	0.7211	0.8642	0.9238
736	0.9332	0.0	0.9332	0.9476	1.071	1.08
737	0.8968	0.0	0.8968	0.8888	1.014	1.17
738	0.7626	0.0	0.7626	0.7612	0.9195	0.9399
739	1.299	0.0	1.299	1.359	1.524	1.708
740	0.8855	0.0	0.8855	1.055	1.066	1.325
741	0.8729	0.0	0.8729	1.211	1.068	1.479
742	0.9601	0.0	0.9601	0.8395	1.182	1.135
743	1.39	0.0	1.39	1.265	1.569	1.359
744	0.8084	0.0	0.8084	1.054	0.9512	1.206
745	0.732	0.0	0.732	0.7166	0.9486	0.8596
746	0.7547	0.0	0.7547	0.6027	0.8634	0.7467
747	0.7568	0.0	0.7568	1.253	0.9177	1.406
748	0.7215	0.0	0.7215	0.7422	0.9388	0.9528
749	0.7973	0.0	0.7973	0.9651	0.9362	1.169
750	1.107	0.0	1.107	0.9937	1.272	1.149
751	1.195	0.0	1.195	1.006	1.313	1.111
752	1.021	0.0	1.021	0.8214	1.194	1.044
753	1.445	0.0	1.445	1.223	1.538	1.419
754	0.7555	0.0	0.7555	0.6689	0.8387	0.8682
755	0.9383	0.0	0.9383	1.096	1.057	1.317
756	1.037	0.0	1.037	0.8088	1.144	0.9687
757	0.8616	0.0	0.8616	0.906	1.017	1.103
758	0.9508	0.0	0.9508	0.6568	1.129	0.8462
759	0.8138	0.0	0.8138	0.9399	0.987	1.124
760	0.7086	0.0	0.7086	0.9154	0.793	1.057
761	0.9628	0.0	0.9628	1.053	1.212	1.378
762	1.04	0.0	1.04	0.762	1.143	0.934
763	0.8841	0.0	0.8841	0.7227	1.019	0.9355
764	0.9678	0.0	0.9678	0.7588	1.065	0.9062
765	0.851	0.0	0.851	0.7177	0.9935	0.8447
766	0.9716	0.0	0.9716	1.013	1.127	1.137
767	0.8526	0.0	0.8526	0.6713	0.99	0.8198
768	0.9003	0.0	0.9003	0.7826	1.045	1.003
769	1.013	0.0	1.013	1.082	1.198	1.222
770	0.8338	0.0	0.8338	0.9565	0.9918	1.099
771	1.216	0.0	1.216	1.222	1.373	1.322
772	0.782	0.0	0.782	0.7595	0.922	0.8834
773	0.885	0.0	0.885	0.8188	0.9784	1.07
774	1.041	0.0	1.041	1.017	1.221	1.264
775	0.7189	0.0	0.7189	0.7533	0.9289	0.8785
776	0.627	0.0	0.627	0.7596	0.8382	0.9045
777	0.8681	0.0	0.8681	0.8152	1.003	1.049
778	0.6772	0.0	0.6772	1.229	0.8225	1.34
779	0.943	0.0	0.943	0.7754	1.091	0.9903
780	1.101	0.0	1.101	1.221	1.229	1.324
781	0.7778	0.0	0.7778	1.002	0.9292	1.172
782	1.307	0.0	1.307	0.9044	1.466	1.253
783	0.7071	0.0	0.7071	0.8804	0.8752	1.008
784	0.7593	0.0	0.7593	0.8718	0.8791	1.103
785	0.7411	0.0	0.7411	0.7668	0.8916	0.9161
786	0.8637	0.0	0.8637	0.8564	1.003	1.018
787	0.925	0.0	0.925	1.02	1.036	1.295
788	0.7594	0.0	0.7594	0.7956	0.9267	0.9289
789	1.122	0.0	1.122	1.12	1.308	1.225
790	0.8455	0.0	0.8455	0.8431	1.05	1.011
791	1.043	0.0	1.043	1.011	1.182	1.14
792	1.147	0.0	1.147	1.158	1.336	1.254
793	0.9597	0.0	0.9597	0.8035	1.075	0.9938
794	1.203	0.0	1.203	1.305	1.378	1.663
795	0.7655	0.0	0.7655	0.7537	0.8614	0.8991
796	0.717	0.0	0.717	0.953	0.9243	1.11
797	0.6492	0.0	0.6492	0.7462	0.8366	0.9732
798	1.276	0.0	1.276	1.291	1.432	1.503
799	1.015	0.0	1.015	1.168	1.144	1.378
800	0.9046	0.0	0.9046	0.6329	1.085	0.8629
801	0.7832	0.0	0.7832	0.7596	0.9579	0.9612
802	1.118	0.0	1.118	0.9629	1.267	1.192
803	0.8337	0.0	0.8337	0.8128	1.023	1.03
804	0.9792	0.0	0.9792	0.5595	1.158	0.7694
805	0.9811	0.0	0.9811	1.15	1.082	1.367
806	0.6776	0.0	0.6776	0.6339	0.8158	0.7338
807	0.8492	0.0	0.8492	0.9075	1.003	1.073
808	1.369	0.0	1.369	1.709	1.692	2.027
809	1.162	0.0	1.162	1.408	1.372	1.687
810	0.8876	0.0	0.8876	0.7327	1.079	0.8981
811	0.6427	0.0	0.6427	1.03	0.7445	1.281
812	0.981	0.0	0.981	0.8336	1.133	1.003
813	0.7337	0.0	0.7337	0.8843	0.8809	0.9972
814	1.037	0.0	1.037	0.9158	1.247	1.149
815	0.8848	0.0	0.8848	0.9567	1.054	1.116
816	0.7336	0.0	0.7336	1.014	0.9499	1.146
817	0.9824	0.0	0.9824	1.146	1.198	1.322
818	1.12	0.0	1.12	1.252	1.264	1.501
819	0.9778	0.0	0.9778	1.057	1.206	1.253
820	0.6723	0.0	0.6723	0.8719	0.7731	1.086
821	0.8075	0.0	0.8075	0.8195	1.001	1.065
822	1.099	0.0	1.099	1.119	1.343	1.212
823	0.8599	0.0	0.8599	0.7468	1.041	0.99
824	0.8798	0.0	0.8798	0.7451	1.013	0.8463
825	0.7919	0.0	0.7919	0.6919	1.006	0.9257
826	0.8592	0.0	0.8592	0.8884	1.02	1.055
827	1.175	0.0	1.175	1.109	1.312	1.262
828	1.029	0.0	1.029	0.8299	1.101	0.9546
829	1.071	0.0	1.071	1.078	1.206	1.222
830	0.7705	0.0	0.7705	0.7787	0.9815	0.9712
831	0.9081	0.0	0.9081	1.039	1.026	1.3
832	0.8654	0.0	0.8654	1.056	0.9422	1.268
833	1.079	0.0	1.079	0.9603	1.261	1.119
834	0.8562	0.0	0.8562	0.9094	0.9676	1.162
835	0.8358	0.0	0.8358	0.8004	0.9888	1.005
836	0.8731	0.0	0.8731	0.8875	0.9985	1.101
837	0.8128	0.0	0.8128	0.758	0.9694	0.9612
838	0.7935	0.0	0.7935	0.6842	0.9304	0.8918
839	0.8222	0.0	0.8222	0.668	0.9373	0.8171
840	1.198	0.0	1.198	1.049	1.339	1.193
841	0.9159	0.0	0.9159	1.021	1.09	1.233
842	0.7888	0.0	0.7888	0.8469	0.9373	0.9776
843	0.7382	0.0	0.7382	1.145	0.8268	1.352
844	1.236	0.0	1.236	1.165	1.391	1.39
845	1.136	0.0	1.136	1.08	1.336	1.346
846	1.183	0.0	1.183	1.152	1.364	1.424
847	1.342	0.0	1.342	1.338	1.528	1.486
848	0.9776	0.0	0.9776	0.9676	1.185	1.155
849	0.7497	0.0	0.7497	0.7008	0.9186	0.8743
850	0.7606	0.0	0.7606	0.7767	0.8451	0.8531
851	0.9879	0.0	0.9879	1.124	1.141	1.327
852	0.7517	0.0	0.7517	0.6953	1.001	0.9085
853	0.7139	0.0	0.7139	0.9587	0.8466	1.115
854	1.072	0.0	1.072	0.9472	1.23	1.017
855	0.7387	0.0	0.7387	1.059	0.8634	1.267
856	0.9163	0.0	0.9163	1.303	1.094	1.577
857	0.9469	0.0	0.9469	0.8788	1.061	1.002
858	0.6652	0.0	0.6652	0.7195	0.7866	0.9119
859	0.6766	0.0	0.6766	1.203	0.8015	1.396
860	0.8074	0.0	0.8074	0.8483	0.9344	1.007
861	0.887	0.0	0.887	0.8542	1.021	1.029
862	0.8694	0.0	0.8694	0.8563	1.035	1.075
863	0.964	0.0	0.964	0.5588	1.135	0.7665
864	0.8647	0.0	0.8647	0.7861	1.062	0.9591
865	1.008	0.0	1.008	0.8874	1.107	1.123
866	0.7294	0.0	0.7294	0.8726	0.8742	1.025
867	0.7655	0.0	0.7655	0.8618	0.9963	0.9944
868	0.8178	0.0	0.8178	1.141	0.9704	1.318
869	0.7159	0.0	0.7159	0.5763	0.7785	0.7713
870	0.7279	0.0	0.7279	0.7914	0.7658	0.9918
871	0.8456	0.0	0.8456	0.7113	0.9279	0.8574
872	0.9013	0.0	0.9013	0.7227	1.047	0.8808
873	0.7995	0.0	0.7995	1.103	0.8937	1.214
874	0.8185	0.0	0.8185	0.7687	0.9668	0.9118
875	1.076	0.0	1.076	1.088	1.236	1.274
876	0.7937	0.0	0.7937	0.6553	0.9637	0.7906
877	0.7175	0.0	0.7175	0.8854	0.8817	1.15
878	1.087	0.0	1.087	0.9405	1.323	1.204
879	0.7203	0.0	0.7203	0.9422	0.86	1.048
880	0.8971	0.0	0.8971	0.8051	1.095	0.9852
881	0.886	0.0	0.886	0.9105	1.056	1.085
882	0.7993	0.0	0.7993	0.8105	0.9528	1.002
883	0.7998	0.0	0.7998	0.7231	0.999	0.9405
884	0.6697	0.0	0.6697	1.144	0.8342	1.309
885	0.8035	0.0	0.8035	0.6997	0.9645	0.9445
886	0.7869	0.0	0.7869	1.278	0.9284	1.5
887	0.9652	0.0	0.9652	0.911	1.19	1.031
888	1.126	0.0	1.126	1.033	1.257	1.166
889	0.956	0.0	0.956	0.8484	1.101	1.031
890	0.8171	0.0	0.8171	0.907	0.9481	1.058
891	0.9423	0.0	0.9423	1.005	1.148	1.222
892	0.6555	0.0	0.6555	0.6867	0.7207	0.8449
893	0.8748	0.0	0.8748	1.01	0.9946	1.276
894	0.9296	0.0	0.9296	0.859	1.074	1.085
895	1.248	0.0	1.248	1.124	1.353	1.211
896	1.191	0.0	1.191	1.196	1.326	1.356
897	0.8787	0.0	0.8787	0.9615	1.048	1.139
898	1.069	0.0	1.069	1.384	1.234	1.82
899	0.9171	0.0	0.9171	0.7724	1.108	0.9522
900	0.7598	0.0	0.7598	0.6903	0.9283	0.8714
901	0.7644	0.0	0.7644	0.6817	0.9797	0.8987
902	0.8807	0.0	0.8807	0.5534	1.064	0.7984
903	0.9976	0.0	0.9976	0.9039	1.134	1.132
904	0.7156	0.0	0.7156	0.6949	0.8816	0.8639
905	0.852	0.0	0.852	0.9578	1.054	1.142
906	0.9442	0.0	0.9442	0.905	1.048	1.083
907	0.9087	0.0	0.9087	0.685	1.068	0.8002
908	1.057	0.0	1.057	0.8883	1.182	1.076
909	0.8229	0.0	0.8229	0.9355	0.9207	1.172
910	0.7494	0.0	0.7494	0.6184	0.9079	0.734
911	0.6719	0.0	0.6719	1.014	0.8154	1.175
912	0.8141	0.0	0.8141	1.356	0.9548	1.666
913	1.056	0.0	1.056	1.243	1.168	1.531
914	0.7965	0.0	0.7965	0.7721	0.9457	0.9625
915	0.9779	0.0	0.9779	1.287	1.141	1.445
916	0.8922	0.0	0.8922	0.7064	1.059	0.8521
917	0.8634	0.0	0.8634	0.8345	1.015	1.046
918	1.03	0.0	1.03	0.8818	1.16	1.106
919	0.7791	0.0	0.7791	0.8098	0.9994	0.9621
920	0.8031	0.0	0.8031	0.9613	0.8974	1.177
921	1.229	0.0	1.229	0.9693	1.373	1.2
922	1.172	0.0	1.172	0.6964	1.383	0.8769
923	0.8126	0.0	0.8126	0.9922	0.9715	1.196
924	0.773	0.0	0.773	0.9792	0.9301	1.187
925	0.7977	0.0	0.7977	0.7255	0.9188	0.9444
926	1.227	0.0	1.227	1.173	1.43	1.377
927	0.9157	0.0	0.9157	0.8238	1.032	0.9854
928	0.9824	0.0	0.9824	0.933	1.143	1.077
929	0.9156	0.0	0.9156	0.8284	1.017	1.024
930	0.6923	0.0	0.6923	0.8951	0.8221	1.081
931	1.048	0.0	1.048	0.7631	1.189	1.045
932	0.88	0.0	0.88	0.9278	1.007	1.127
933	0.7938	0.0	0.7938	1.042	1.004	1.19
934	0.8729	0.0	0.8729	0.7083	1.034	0.963
935	0.9196	0.0	0.9196	1.235	1.063	1.482
936	0.9875	0.0	0.9875	1.19	1.193	1.388
937	0.9732	0.0	0.9732	0.8456	1.071	1.025
938	0.7463	0.0	0.7463	1.161	0.9251	1.29
939	0.6925	0.0	0.6925	0.8296	0.8279	1.008
940	0.7431	0.0	0.7431	0.6675	0.9054	0.8142
941	0.8886	0.0	0.8886	0.6876	1.059	0.8079
942	0.6385	0.0	0.6385	0.7999	0.7952	0.9909
943	0.8544	0.0	0.8544	0.683	1.071	0.8802
944	0.8364	0.0	0.8364	0.9713	0.94	1.142
945	0.9465	0.0	0.9465	0.8561	1.126	1.031
946	0.8285	0.0	0.8285	0.7789	1.026	0.9873
947	1.128	0.0	1.128	1.057	1.273	1.21
948	0.8762	0.0	0.8762	0.7976	1.055	0.9103
949	1.272	0.0	1.272	1.094	1.424	1.311
950	1.034	0.0	1.034	1.096	1.159	1.278
951	0.5587	0.0	0.5587	1.362	0.5914	1.466
952	0.6668	0.0	0.6668	0.9816	0.768	1.176
953	0.6917	0.0	0.6917	0.7179	0.8361	0.8311
954	0.6041	0.0	0.6041	0.6461	0.7186	0.7884
955	1.102	0.0	1.102	1.157	1.279	1.322
956	0.7212	0.0	0.7212	0.6577	0.9143	0.848
957	0.9218	0.0	0.9218	0.737	1.025	0.8572
958	1.25	0.0	1.25	0.707	1.376	0.7926
959	1.058	0.0	1.058	1.287	1.209	1.492
960	0.9882	0.0	0.9882	1.004	1.067	1.26
961	0.8231	0.0	0.8231	1.061	0.9058	1.291
962	0.6395	0.0	0.6395	0.6972	0.778	0.8243
963	1.139	0.0	1.139	0.8158	1.335	1.154
964	0.7037	0.0	0.7037	0.7121	0.8254	0.8805
965	0.8023	0.0	0.8023	0.9144	0.9644	1.091
966	0.7603	0.0	0.7603	0.7619	0.9067	0.904
967	0.7274	0.0	0.7274	0.9033	0.8636	1.053
968	0.7143	0.0	0.7143	0.7912	0.914	1.013
969	0.9884	0.0	0.9884	0.8725	1.17	1.053
970	0.8475	0.0	0.8475	0.7187	0.9918	0.8886
971	0.7105	0.0	0.7105	0.9009	0.8743	1.073
972	0.7224	0.0	0.7224	0.9603	0.856	1.137
973	0.7818	0.0	0.7818	0.7143	1.003	0.8162
974	0.9716	0.0	0.9716	0.807	1.177	0.9337
975	0.8022	0.0	0.8022	0.751	0.9522	0.9078
976	0.9781	0.0	0.9781	0.7269	1.103	0.9207
977	1.104	0.0	1.104	0.9284	1.298	1.12
978	1.002	0.0	1.002	0.8968	1.175	1.072
979	0.9336	0.0	0.9336	1.103	1.068	1.308
980	0.728	0.0	0.728	0.701	0.8432	0.8478
981	0.7478	0.0	0.7478	1.09	0.8998	1.318
982	1.042	0.0	1.042	0.9974	1.272	1.194
983	0.6088	0.0	0.6088	0.6717	0.6691	0.7817
984	0.776	0.0	0.776	0.8276	0.9371	1.023
985	0.9456	0.0	0.9456	0.8339	1.104	1.014
986	0.6894	0.0	0.6894	0.9778	0.8241	1.156
987	0.7783	0.0	0.7783	0.707	0.9953	0.9133
988	1.256	0.0	1.256	1.082	1.414	1.289
989	0.9185	0.0	0.9185	0.7139	1.037	0.8667
990	1.004	0.0	1.004	1.202	1.162	1.425
991	0.8389	0.0	0.8389	0.6321	1.031	0.8021
992	1.054	0.0	1.054	1.154	1.195	1.305
993	0.7764	0.0	0.7764	0.7868	0.9279	0.9471
994	0.8709	0.0	0.8709	0.7407	1.027	1.029
995	0.7063	0.0	0.7063	0.7972	0.7764	1.024
996	0.7862	0.0	0.7862	0.6786	0.8613	0.7891
997	1.144	0.0	1.144	0.8354	1.25	1.043
998	0.8612	0.0	0.8612	0.8054	0.9958	0.907
999	0.6581	0.0	0.6581	0.9259	0.7933	1.117
1000	0.916	0.0	0.916	1.143	1.138	1.268
1001	0.9397	0.0	0.9397	0.9842	1.053	1.268
1002	1.184	0.0	1.184	1.059	1.331	1.282
1003	0.8504	0.0	0.8504	0.7662	0.9934	0.9242
1004	0.7352	0.0	0.7352	0.7096	0.8763	0.8937
1005	0.724	0.0	0.724	0.8334	0.8871	1.073
1006	0.6082	0.0	0.6082	1.149	0.6747	1.321
1007	0.6292	0.0	0.6292	1.239	0.7071	1.355
1008	0.7365	0.0	0.7365	0.7293	0.9662	0.8099
1009	0.9126	0.0	0.9126	0.8355	1.025	0.9829
1010	0.7686	0.0	0.7686	0.9328	0.9057	1.182
1011	0.9155	0.0	0.9155	0.7705	1.064	0.8494
1012	0.9964	0.0	0.9964	1.066	1.176	1.301
1013	0.8232	0.0	0.8232	0.7073	0.9734	0.9505
1014	0.8167	0.0	0.8167	0.6049	0.9559	0.7031
1015	0.9452	0.0	0.9452	0.8847	1.034	1.058
1016	1.019	0.0	1.019	1.35	1.171	1.589
1017	1.062	0.0	1.062	0.7007	1.188	0.8857
1018	0.7756	0.0	0.7756	0.7581	0.9419	0.9293
1019	1.187	0.0	1.187	0.9659	1.312	1.129
1020	0.7774	0.0	0.7774	0.832	0.9063	1.008
1021	0.8604	0.0	0.8604	0.8427	1.069	0.9845
1022	0.8712	0.0	0.8712	1.002	0.9993	1.137
1023	0.6364	0.0	0.6364	0.5725	0.7115	0.6137
1024	0.9015	0.0	0.9015	0.8022	1.003	0.9322
1025	0.6714	0.0	0.6714	0.9194	0.7423	1.05
1026	1.11	0.0	1.11	0.9734	1.262	1.152
1027	0.6535	0.0	0.6535	0.7845	0.8003	0.9297
1028	0.8461	0.0	0.8461	0.7782	1.02	1.042
1029	0.9307	0.0	0.9307	0.8838	1.086	1.085
1030	0.9779	0.0	0.9779	1.18	1.128	1.367
1031	0.9289	0.0	0.9289	0.9403	1.078	1.072
1032	0.9382	0.0	0.9382	0.7703	1.11	0.9554
1033	0.8801	0.0	0.8801	0.6773	1.091	0.8467
1034	0.7904	0.0	0.7904	0.9212	0.889	1.105
1035	1.032	0.0	1.032	1.211	1.194	1.472
1036	0.8924	0.0	0.8924	0.9096	1.013	1.1
1037	0.854	0.0	0.854	1.032	0.99	1.233
1038	0.7636	0.0	0.7636	0.7393	0.9329	0.9284
1039	1.09	0.0	1.09	1.27	1.267	1.417
1040	0.71	0.0	0.71	1.229	0.8798	1.415
