Step	Loss(S)	Loss(T)	fwd_S	fwd_T	rev_S	rev_T
1	0.1287	0.2336	2.007	3.931	2.071	4.138
2	0.1586	0.1449	2.401	1.98	2.535	2.167
3	0.2373	0.1045	4.164	1.48	4.418	1.563
4	0.2261	0.2412	4.223	4.256	4.128	5.173
5	0.1974	0.2163	3.505	3.869	3.295	3.302
6	0.1466	0.1431	2.222	2.178	2.173	2.154
7	0.1242	0.1589	2.047	2.498	1.853	2.683
8	0.1756	0.1575	2.786	2.623	2.689	2.116
9	0.1384	0.1324	1.874	1.758	1.94	1.972
10	0.1109	0.08987	1.488	1.132	1.526	1.208
11	0.1081	0.1295	1.438	2.242	1.355	1.946
12	0.1414	0.1143	1.947	1.66	1.921	1.666
13	0.1377	0.1252	1.895	1.691	2.597	2.221
14	0.1658	0.08434	2.388	1.103	2.748	1.263
15	0.08997	0.1173	1.305	1.643	1.186	1.805
16	0.1123	0.0972	1.575	1.177	1.355	1.404
17	0.09354	0.1013	1.355	1.429	1.183	1.474
18	0.07623	0.2008	1.003	3.356	0.986	2.847
19	0.1813	0.08909	2.612	1.182	2.603	1.151
20	0.1587	0.1439	2.618	2.085	2.112	1.685
21	0.1214	0.1009	1.674	1.46	1.606	1.497
22	0.1166	0.1512	1.486	1.92	1.611	2.336
23	0.1234	0.1117	1.599	1.632	1.588	1.49
24	0.1501	0.1884	2.053	2.714	2.095	2.945
25	0.1269	0.1336	1.615	1.948	1.723	1.777
26	0.132	0.1201	2.059	1.897	1.713	1.601
27	0.129	0.1327	1.782	1.741	1.764	1.734
28	0.1391	0.1174	2.116	1.551	1.735	1.407
29	0.126	0.1443	1.812	2.081	1.487	1.727
30	0.09885	0.1467	1.257	1.952	1.188	1.982
31	0.1264	0.1313	1.592	1.694	1.725	1.941
32	0.06327	0.113	0.7018	1.395	0.6511	1.594
33	0.07786	0.1608	0.9562	2.237	0.8285	2.16
34	0.09612	0.08479	1.379	1.124	1.225	0.9478
35	0.1103	0.1129	1.445	1.625	1.406	1.453
36	0.1307	0.1242	1.739	1.619	1.524	1.639
37	0.153	0.1351	2.056	1.842	1.932	1.858
38	0.1286	0.07366	1.799	0.8245	1.726	0.8885
39	0.134	0.1659	2.522	3.267	1.361	2.024
40	0.07028	0.1701	0.8348	2.338	0.7735	2.26
41	0.09896	0.08352	1.419	1.161	1.157	0.9404
42	0.08727	0.1045	1.088	1.342	1.091	1.166
43	0.08925	0.133	1.131	2.419	0.9671	1.708
44	0.1149	0.1308	1.804	2.015	1.182	1.476
45	0.1426	0.1199	2.078	1.625	1.798	1.392
46	0.09475	0.132	1.121	1.934	1.212	1.745
47	0.1214	0.1098	1.5	1.458	1.539	1.418
48	0.05848	0.08504	0.6247	1.058	0.6218	1.024
49	0.1482	0.157	2.121	2.047	1.896	2.026
50	0.09337	0.1018	1.152	1.117	1.085	1.237
51	0.1064	0.1158	1.258	1.501	1.333	1.552
52	0.09941	0.087	1.47	1.149	1.364	1.165
53	0.1444	0.1057	1.819	1.29	1.958	1.257
54	0.06305	0.1063	0.7526	1.389	0.6935	1.258
55	0.1282	0.1369	1.909	1.872	1.607	1.715
56	0.1274	0.09037	1.705	1.083	1.582	1.086
57	0.1104	0.1065	1.498	1.47	1.248	1.164
58	0.1555	0.1207	2.446	1.605	1.957	1.511
59	0.1141	0.1191	1.343	1.607	1.426	1.417
60	0.09816	0.147	1.321	2.211	1.197	1.919
61	0.1258	0.1164	1.571	1.488	1.671	1.764
62	0.09113	0.1162	1.193	1.373	1.086	1.389
63	0.1117	0.06821	1.443	0.8481	1.449	0.7226
64	0.1425	0.1357	1.79	1.869	1.762	1.739
65	0.1047	0.1406	1.416	2.116	1.134	1.683
66	0.1231	0.1314	1.533	1.517	1.584	1.776
67	0.1303	0.1426	1.779	2.058	1.642	1.679
68	0.1433	0.1568	2.075	2.343	1.692	2.093
69	0.1047	0.1061	1.589	1.504	1.043	1.051
70	0.07029	0.1338	1.036	1.898	0.9481	1.617
71	0.0966	0.1377	1.305	2.039	1.158	1.625
72	0.113	0.1307	1.9	2.212	1.29	1.396
73	0.1009	0.08824	1.625	1.071	1.202	0.9958
74	0.09408	0.06558	1.187	0.7486	1.115	0.7068
75	0.1634	0.1421	2.721	2.137	1.997	1.859
76	0.1257	0.133	1.725	2.07	1.618	1.599
77	0.1308	0.1547	1.843	2.272	1.492	2.033
78	0.112	0.155	1.37	1.999	1.519	1.94
79	0.08169	0.1381	1.061	1.918	0.9257	1.731
80	0.07558	0.09843	0.8842	1.206	0.8206	1.189
81	0.1288	0.1385	1.763	2.072	1.589	1.739
82	0.1088	0.1505	1.509	2.485	1.15	1.696
83	0.1434	0.1389	1.882	1.762	1.81	1.815
84	0.1323	0.1288	1.757	1.626	1.605	1.517
85	0.1229	0.08267	1.511	0.9367	1.578	0.9577
86	0.09194	0.113	1.104	1.478	1.06	1.56
87	0.1369	0.1317	1.796	1.668	1.737	1.641
88	0.08707	0.08637	0.9702	1.063	1.067	1.042
89	0.08411	0.1403	1.017	2.091	1.068	1.777
90	0.1013	0.1166	1.162	1.455	1.328	1.592
91	0.08699	0.09692	1.025	1.131	1.112	1.179
92	0.1444	0.1466	1.961	1.924	1.777	1.876
93	0.1308	0.1019	2.39	1.421	1.388	1.037
94	0.09995	0.09376	1.201	1.035	1.134	1.115
95	0.08561	0.1162	1.205	1.747	0.9284	1.244
96	0.1263	0.1258	1.659	1.796	1.497	1.504
97	0.1329	0.1082	2.042	1.618	1.519	1.314
98	0.1094	0.1149	1.429	1.391	1.326	1.357
99	0.1495	0.1438	1.992	2.304	1.931	1.912
100	0.1356	0.1137	1.686	1.365	1.689	1.323
101	0.09509	0.08387	1.139	1.082	1.15	0.9248
102	0.1102	0.09731	1.464	1.154	1.325	1.18
103	0.1095	0.09074	1.337	1.003	1.355	1.141
104	0.121	0.0989	1.505	1.234	1.729	1.323
105	0.07372	0.1322	1.079	1.668	0.7996	1.625
106	0.06906	0.09435	0.9548	0.9808	0.67	1.183
107	0.08707	0.1269	1.204	1.831	1.06	1.622
108	0.1148	0.126	1.445	1.825	1.334	1.507
109	0.1183	0.09303	1.654	1.277	1.556	0.9216
110	0.1108	0.08451	1.296	1.012	1.287	0.9938
111	0.1155	0.1248	1.169	1.486	2.079	2.141
112	0.06749	0.08917	0.7191	1.173	0.7345	0.9272
113	0.09019	0.07183	1.219	0.8627	0.9562	0.7822
114	0.1157	0.1043	1.388	1.415	1.442	1.318
115	0.08296	0.1193	0.9449	1.539	0.9441	1.627
116	0.07904	0.06019	0.9118	0.6817	0.9395	0.6134
117	0.1168	0.1115	1.367	1.316	1.846	1.604
118	0.0962	0.1036	1.047	1.243	1.267	1.36
119	0.1012	0.084	1.296	1.057	1.295	0.9289
120	0.09112	0.1221	1.123	1.655	0.9609	1.444
121	0.1258	0.08935	1.602	1.069	1.567	0.9526
122	0.1273	0.1325	1.757	1.858	1.528	1.563
123	0.1254	0.1126	1.725	1.235	1.409	1.433
124	0.1259	0.1082	2.338	1.705	1.293	1.172
125	0.1025	0.07401	1.34	0.8439	1.314	0.8356
126	0.1169	0.1109	1.389	1.384	1.384	1.202
127	0.08728	0.1177	1.023	1.366	0.938	1.698
128	0.1329	0.1291	1.73	1.509	1.647	1.584
129	0.09898	0.1001	1.222	1.114	1.177	1.465
130	0.0835	0.08231	1.05	1.007	0.9065	0.895
131	0.09874	0.1134	1.26	1.481	1.139	1.387
132	0.1056	0.1198	1.545	1.608	1.142	1.395
133	0.1167	0.1096	1.694	1.491	1.396	1.208
134	0.1316	0.1435	1.86	1.989	1.555	1.968
135	0.1059	0.06941	1.256	0.8	1.237	0.7741
136	0.07254	0.1058	0.9815	1.184	0.7796	1.243
137	0.1135	0.1099	1.364	1.314	1.299	1.287
138	0.09952	0.1111	1.279	1.344	1.192	1.576
139	0.08885	0.1039	1.14	1.275	1.077	1.367
140	0.1168	0.119	1.381	1.383	1.388	1.636
141	0.09226	0.09447	1.012	1.088	1.093	1.126
142	0.1101	0.05539	1.348	0.5658	1.344	0.5757
143	0.1175	0.1147	2.048	1.881	1.342	1.132
144	0.06172	0.1195	0.7098	1.423	0.6255	1.583
145	0.09163	0.1112	1.041	1.283	1.02	1.314
146	0.1091	0.07921	1.432	0.9733	1.149	0.8198
147	0.06326	0.07483	0.6796	0.848	0.6897	0.8268
148	0.08366	0.09845	1.016	1.47	0.8888	1.095
149	0.1363	0.09057	1.9	1.199	1.682	1.055
150	0.08766	0.1186	0.9964	1.504	0.987	1.652
151	0.08526	0.09389	0.9923	1.045	0.9638	1.108
152	0.1104	0.1171	1.372	1.524	1.26	1.37
153	0.112	0.1303	1.506	1.679	1.299	1.513
154	0.09067	0.07841	1.052	0.8189	1.018	0.8824
155	0.07902	0.1084	0.9825	1.196	0.8724	1.325
156	0.1414	0.1064	1.981	1.427	1.752	1.253
157	0.1001	0.07914	1.201	0.9183	1.168	0.8664
158	0.08724	0.08594	0.9938	1.009	0.9874	1.055
159	0.08775	0.1029	1.108	1.193	1.119	1.166
160	0.1002	0.1067	1.099	1.239	1.162	1.193
161	0.0898	0.07975	1.373	1.213	0.8625	0.8267
162	0.1187	0.08857	1.639	1.076	1.307	0.9606
163	0.0847	0.1018	0.9537	1.191	0.948	1.148
164	0.09818	0.07346	1.14	0.8328	1.121	0.8002
165	0.1055	0.119	1.346	1.542	1.368	1.722
166	0.09546	0.109	1.196	1.333	1.096	1.272
167	0.08845	0.09307	1.104	1.118	0.9623	1.062
168	0.09649	0.1218	1.13	1.4	1.116	1.477
169	0.09927	0.1167	1.327	1.516	1.116	1.423
170	0.08074	0.09576	0.9126	1.064	0.9373	1.248
171	0.117	0.1168	1.435	1.475	1.361	1.392
172	0.1232	0.1079	1.727	1.302	1.485	1.194
173	0.06158	0.09671	0.7043	1.528	0.6231	1.053
174	0.1007	0.08543	1.24	1.052	1.135	0.9525
175	0.05653	0.1246	0.5908	1.549	0.576	1.491
176	0.1001	0.1106	1.567	1.821	1.021	1.167
177	0.08645	0.07434	1.222	0.9141	0.9289	0.777
178	0.1023	0.1036	1.179	1.237	1.276	1.406
179	0.106	0.1306	1.745	2.792	1.06	1.378
180	0.1186	0.08613	1.441	0.9596	1.389	1.192
181	0.1219	0.104	1.659	1.291	1.405	1.146
182	0.08385	0.113	0.9507	1.297	0.9111	1.373
183	0.0585	0.1215	0.8054	1.628	0.53	1.409
184	0.07989	0.1183	0.9323	1.347	0.8717	1.635
185	0.07708	0.1096	0.8951	1.379	0.8622	1.306
186	0.1189	0.1168	1.736	1.949	1.32	1.369
187	0.06563	0.1288	0.7636	1.732	0.7043	1.619
188	0.09716	0.1025	1.184	1.262	1.08	1.219
189	0.1017	0.1082	1.28	1.266	1.345	1.328
190	0.1139	0.1048	1.755	1.348	1.366	1.328
191	0.08091	0.1088	0.9022	1.349	0.8908	1.234
192	0.08106	0.146	0.9052	2.13	0.9647	1.782
193	0.09691	0.1205	1.276	1.916	1.057	1.608
194	0.09592	0.1127	1.146	1.396	1.047	1.449
195	0.09277	0.1166	1.063	1.401	1.081	1.357
196	0.105	0.1106	1.142	1.329	1.261	1.435
197	0.07986	0.1097	1.131	1.918	0.8529	1.291
198	0.08352	0.07184	0.9705	0.8141	0.9142	0.7679
199	0.06465	0.1277	0.7615	1.75	0.6417	1.535
200	0.09139	0.07667	1.283	0.9032	1.016	0.8532
201	0.1222	0.1116	1.561	1.287	1.527	1.368
202	0.09379	0.094	1.129	1.116	1.154	1.079
203	0.1326	0.1372	1.801	1.781	1.6	1.714
204	0.08402	0.0919	0.9902	1.105	0.9321	1.005
205	0.08222	0.0668	0.9814	0.7395	0.9057	0.7493
206	0.07652	0.08488	0.9592	1.172	0.9464	0.9793
207	0.0844	0.09044	1.005	1.084	0.9031	0.9694
208	0.09768	0.07071	1.139	0.8492	1.139	0.7984
209	0.05658	0.0836	0.7705	1.135	0.6247	0.9887
210	0.08772	0.08164	0.9415	0.8765	0.9597	0.9335
211	0.1252	0.1096	1.699	1.626	1.419	1.301
212	0.07007	0.1086	0.7743	1.39	0.7744	1.273
213	0.07364	0.09189	1.008	1.275	0.7559	0.9654
214	0.08698	0.0889	1.001	1.019	0.9352	0.9971
215	0.1069	0.1228	1.285	1.493	1.658	1.547
216	0.1129	0.1233	1.296	1.522	1.309	1.448
217	0.06408	0.07313	0.7	0.7525	0.6854	0.8227
218	0.0599	0.0904	0.6762	1.016	0.6531	1.077
219	0.09266	0.1071	1.166	1.264	1.108	1.294
220	0.08309	0.09144	0.9483	1.01	0.9011	0.9597
221	0.126	0.1191	1.651	1.405	1.845	1.77
222	0.08926	0.122	0.9892	1.65	1.1	1.597
223	0.09128	0.0888	1.058	0.9783	1.094	1.399
224	0.07981	0.1149	0.9599	1.55	0.9182	1.295
225	0.0662	0.09276	0.7728	1.098	0.7059	1.14
226	0.08137	0.1043	0.9474	1.178	0.922	1.34
227	0.1101	0.07194	1.297	0.7625	1.281	0.8619
228	0.0771	0.08911	0.8581	1.732	0.7915	0.9738
229	0.09123	0.1016	1.037	1.221	1.057	1.274
230	0.07623	0.09885	0.8506	1.223	0.7725	1.122
231	0.07855	0.06296	0.8856	0.6761	0.8516	0.6779
232	0.1116	0.1258	1.341	1.632	1.25	1.456
233	0.07963	0.06374	0.9284	0.6787	0.8669	0.684
234	0.06815	0.08278	0.7227	0.931	0.7659	0.935
235	0.1063	0.07611	1.301	0.8593	1.224	0.8294
236	0.1046	0.06845	1.414	0.8966	1.163	0.6844
237	0.09879	0.109	1.113	1.345	1.068	1.231
238	0.1096	0.1283	1.262	1.708	1.188	1.549
239	0.07283	0.09234	0.7613	1.046	0.8435	1.082
240	0.09685	0.1093	1.154	1.308	1.154	1.35
241	0.1256	0.1067	1.646	1.253	1.495	1.258
242	0.07862	0.06753	0.9392	0.6964	0.8604	0.7035
243	0.1015	0.1211	1.154	1.545	1.179	1.375
244	0.07143	0.1035	0.8297	1.298	0.7529	1.165
245	0.08726	0.1024	1.079	1.175	1.022	1.137
246	0.1092	0.0975	1.281	1.224	1.253	1.129
247	0.1329	0.08557	3.031	1.396	1.642	0.9157
248	0.06723	0.1045	0.6887	1.251	0.7683	1.125
249	0.08918	0.07944	1.009	0.965	1.017	0.8731
250	0.1327	0.07884	1.66	0.9669	1.564	0.795
251	0.09539	0.06645	1.176	0.7312	1.042	0.6936
252	0.0926	0.07251	1.388	0.9708	0.9204	0.6742
253	0.1175	0.08938	1.604	1.229	1.459	0.96
254	0.09513	0.06934	1.025	0.7322	1.129	0.8298
255	0.07218	0.07868	0.7427	0.9179	0.7761	0.8276
256	0.1023	0.1125	1.195	1.412	1.194	1.405
257	0.1067	0.112	1.206	1.459	1.291	1.325
258	0.08788	0.09107	0.9853	1.003	0.9856	1.085
259	0.08667	0.118	0.933	1.447	0.9774	1.543
260	0.09281	0.0768	1.052	0.8345	1.083	0.9733
261	0.07549	0.0876	0.893	1.004	0.7878	0.938
262	0.06589	0.08335	0.7228	0.8953	0.6792	0.9411
263	0.08704	0.0587	0.9914	0.6026	0.9759	0.6238
264	0.08595	0.103	0.8955	1.35	0.9427	1.437
265	0.09191	0.06179	1.509	0.6509	0.8544	0.6027
266	0.08689	0.1084	1.034	1.396	0.918	1.221
267	0.08789	0.1101	1.075	1.255	1.04	1.368
268	0.1104	0.1098	1.338	1.263	1.245	1.374
269	0.07301	0.08764	0.8243	1.097	0.8049	1.011
270	0.08356	0.08963	1.087	0.9978	0.9334	1.02
271	0.06088	0.09768	0.6615	1.12	0.5956	1.149
272	0.1143	0.1077	1.363	1.177	1.364	1.23
273	0.0873	0.09904	1.079	1.131	0.9529	1.186
274	0.08906	0.08845	0.9512	1.036	1.032	1.064
275	0.09743	0.1018	1.119	1.109	1.075	1.202
276	0.112	0.1125	1.346	1.257	1.304	1.336
277	0.08645	0.08509	1.25	1.234	0.9493	0.9558
278	0.07529	0.0918	0.9467	1.069	0.7931	1.09
279	0.08403	0.09763	0.9881	1.08	1.018	1.141
280	0.102	0.08234	1.662	1.283	1.078	0.9548
281	0.05767	0.07259	0.6619	0.8644	0.5844	0.7753
282	0.09733	0.101	1.098	1.422	1.171	1.128
283	0.09843	0.07884	1.702	0.7358	1.016	1.037
284	0.11	0.1222	1.339	1.382	1.284	1.492
285	0.09063	0.1065	1.086	1.413	1.056	1.259
286	0.07533	0.1032	0.889	1.155	0.8469	1.117
287	0.1293	0.1125	1.611	1.37	1.576	1.279
288	0.0732	0.08841	0.8468	0.9871	0.8103	1.148
289	0.09722	0.09753	1.114	1.174	1.096	1.126
290	0.08212	0.1153	1.179	1.804	0.8009	1.172
291	0.0904	0.1011	1.045	1.29	1.042	1.195
292	0.09387	0.1011	1.092	1.047	1.082	1.228
293	0.0941	0.06781	1.107	0.7555	1.127	0.6781
294	0.05218	0.09667	0.5607	1.168	0.5542	1.202
295	0.07981	0.1039	0.8902	1.224	0.8727	1.226
296	0.09736	0.06152	1.117	0.6428	1.067	0.6265
297	0.06561	0.05701	0.738	0.9344	0.6866	0.6457
298	0.08099	0.07474	0.9374	0.8136	0.8831	0.842
299	0.07535	0.06357	0.8802	0.6847	0.8414	0.6777
300	0.1123	0.0987	1.355	1.053	1.389	1.298
301	0.1094	0.0911	1.939	2.007	1.183	1.011
302	0.09151	0.08543	1.029	0.9236	1.01	0.9412
303	0.1002	0.08415	1.27	1.079	1.053	0.8433
304	0.08955	0.08793	1.06	1.026	1.03	0.9906
305	0.06514	0.09596	0.7779	1.203	0.649	1.105
306	0.07069	0.1002	0.8083	1.037	0.7899	1.152
307	0.1049	0.1104	1.409	1.354	1.19	1.306
308	0.1142	0.08884	1.471	1.087	1.281	0.9648
309	0.09835	0.06907	1.11	0.7286	1.287	0.7446
310	0.08391	0.0936	0.9653	1.111	0.9898	1.117
311	0.07423	0.07298	0.8076	0.822	0.8165	0.7206
312	0.08093	0.07724	0.9265	0.8926	0.9198	0.8783
313	0.07693	0.07677	0.974	0.8668	0.772	0.8235
314	0.06481	0.08382	0.8093	0.9945	0.7177	0.9574
315	0.09559	0.07012	1.177	1.085	1.168	0.798
316	0.1206	0.1057	1.537	1.302	1.393	1.193
317	0.06679	0.108	0.9217	2.188	0.6832	1.475
318	0.09242	0.09318	1.095	1.052	1.018	1.162
319	0.07403	0.1044	0.8246	1.197	1.04	1.621
320	0.1034	0.09683	1.265	1.231	1.118	1.076
321	0.02886	0.06653	0.3408	0.7902	0.3565	0.696
322	0.08027	0.1488	0.8909	1.944	0.8812	2.004
323	0.08661	0.1058	0.9971	1.266	1.113	1.491
324	0.08531	0.0747	0.8835	0.8542	0.9618	0.8603
325	0.06725	0.07427	0.7349	0.8334	0.796	1.126
326	0.08235	0.104	0.9891	1.433	0.9713	1.382
327	0.05905	0.07492	0.6335	0.8307	0.6175	0.8855
328	0.07576	0.08067	0.9862	0.9181	0.8009	0.8792
329	0.0837	0.08742	0.9731	1.173	0.9637	1.102
330	0.1169	0.0945	1.437	1.037	1.396	0.9701
331	0.1102	0.09923	1.252	1.208	1.305	1.145
332	0.0807	0.07916	1.108	1.119	0.7607	0.8429
333	0.07204	0.0708	0.7914	0.7625	0.7323	0.8058
334	0.06664	0.06912	0.7434	0.8152	0.6911	0.6892
335	0.07623	0.1192	0.8269	1.527	0.9087	1.484
336	0.1022	0.122	1.273	1.818	1.089	1.429
337	0.09415	0.06836	1.1	0.759	1.1	0.7774
338	0.08425	0.07192	0.948	0.7521	0.9104	0.8499
339	0.1217	0.0695	1.652	0.7572	1.446	0.7744
340	0.08611	0.04852	1.071	0.6226	0.9322	0.4543
341	0.1177	0.1206	1.473	1.653	1.389	1.437
342	0.1146	0.1046	1.439	1.33	1.382	1.226
343	0.06821	0.08338	0.839	0.9305	0.7127	0.9942
344	0.08674	0.04899	0.9306	0.5686	1.011	0.5241
345	0.09161	0.1053	1.085	1.301	1.015	1.281
346	0.07585	0.08026	0.8093	0.8676	0.8377	0.9665
347	0.0827	0.07472	1.0	0.8278	1.048	0.9641
348	0.09362	0.0907	1.096	1.054	1.072	0.9701
349	0.08858	0.1083	1.076	1.232	0.9809	1.377
350	0.1072	0.1036	1.236	1.045	1.267	1.282
351	0.1291	0.1025	2.882	1.746	1.503	1.054
352	0.09801	0.1162	1.112	1.375	1.235	1.436
353	0.07797	0.06739	0.8665	0.6856	0.8605	0.72
354	0.08585	0.06958	1.06	0.7885	0.9153	0.7101
355	0.1005	0.09272	1.184	1.11	1.122	1.18
356	0.04652	0.07515	0.5997	0.9039	0.4251	0.8105
357	0.118	0.07081	1.442	0.8576	1.389	0.8521
358	0.06723	0.0775	0.7089	0.8347	0.74	0.9774
359	0.08627	0.08155	0.9416	0.9034	1.146	0.9465
360	0.07147	0.1144	0.8842	1.388	0.8138	1.393
361	0.08559	0.1131	0.9676	1.319	0.9839	1.283
362	0.07952	0.08648	0.8305	0.982	0.8616	1.014
363	0.06845	0.1245	0.756	1.478	0.7439	1.811
364	0.09049	0.08875	1.01	0.9879	1.068	1.011
365	0.07639	0.0875	0.8768	0.897	0.8819	1.037
366	0.07803	0.06953	0.8302	0.7455	0.901	0.7602
367	0.07019	0.0817	0.7306	0.8862	0.7937	0.9658
368	0.07833	0.1067	0.863	1.311	0.9045	1.427
369	0.0793	0.07088	1.19	0.8382	0.822	0.7099
370	0.0726	0.06713	0.8256	0.7438	0.878	0.7216
371	0.09604	0.08765	1.106	0.9985	1.162	1.093
372	0.107	0.0696	1.307	0.7877	1.302	0.7657
373	0.07253	0.07556	0.7776	0.8201	0.8127	1.103
374	0.06744	0.08248	0.713	0.8941	0.6907	0.991
375	0.07134	0.09309	0.8146	0.9902	0.7679	1.127
376	0.1086	0.1138	1.194	1.279	1.267	1.374
377	0.08311	0.09482	1.054	1.147	0.9288	0.9997
378	0.07063	0.06758	0.8007	0.6966	0.7447	0.7987
379	0.08175	0.09709	0.8409	1.064	0.8829	1.141
380	0.09664	0.1044	1.208	1.268	1.064	1.178
381	0.08495	0.06845	0.9773	0.7607	0.86	0.7523
382	0.1	0.08628	1.133	0.9714	1.11	0.9826
383	0.08859	0.09869	0.8919	1.028	1.062	1.157
384	0.08006	0.07403	1.102	0.8559	0.7639	0.8121
385	0.0869	0.05399	1.459	0.6273	0.9153	0.5243
386	0.09501	0.1019	1.122	1.491	1.292	1.425
387	0.1035	0.1112	1.792	2.075	1.062	1.254
388	0.08527	0.1118	0.9581	1.32	0.9539	1.304
389	0.122	0.1057	1.621	1.362	1.487	1.197
390	0.08018	0.1004	0.856	1.101	0.9262	1.195
391	0.1107	0.1036	1.371	1.263	1.356	1.243
392	0.09462	0.06946	0.9352	0.8003	1.303	0.7871
393	0.1225	0.1191	1.633	1.438	1.49	1.545
394	0.1079	0.1175	1.515	1.622	1.198	1.266
395	0.1039	0.1065	1.508	1.172	1.203	1.347
396	0.1075	0.06783	1.3	0.8284	1.267	0.7798
397	0.08429	0.06548	0.9772	0.6891	0.9757	0.7226
398	0.07065	0.09094	0.8491	0.9322	0.8014	1.124
399	0.0993	0.08192	1.122	0.9097	1.154	0.9294
400	0.1087	0.1128	1.23	1.337	1.45	1.677
401	0.06579	0.1044	0.7378	1.511	0.7419	1.256
402	0.07602	0.08793	0.9381	0.9591	0.8566	1.084
403	0.0763	0.07158	0.8301	0.8079	0.8126	0.7579
404	0.09401	0.0733	1.131	0.7375	1.158	0.9145
405	0.0665	0.06081	0.9206	0.9183	0.6296	0.5993
406	0.06899	0.06646	0.7618	0.7178	0.7166	0.7421
407	0.1043	0.09135	1.248	1.032	1.248	0.9764
408	0.1008	0.06536	1.17	0.7573	1.212	0.6912
409	0.101	0.1046	1.272	1.227	1.121	1.216
410	0.06172	0.1038	0.7295	1.179	0.6691	1.272
411	0.1218	0.1003	1.552	1.491	1.404	1.113
412	0.08675	0.07041	0.9838	0.7992	1.003	0.7688
413	0.07689	0.08146	0.8362	0.9303	0.8886	1.17
414	0.08218	0.08323	0.9445	0.9133	1.037	0.8951
415	0.09595	0.08306	1.075	0.9375	1.229	0.9568
416	0.09668	0.09517	0.9558	1.16	1.315	1.127
417	0.05649	0.07247	0.6497	0.7904	0.6066	0.8538
418	0.06901	0.07603	0.748	0.8441	0.7157	0.8455
419	0.09583	0.07892	1.157	1.312	1.117	1.014
420	0.09291	0.09341	1.146	1.18	0.9984	1.023
421	0.08157	0.06211	0.9311	0.7889	0.8307	0.655
422	0.07271	0.08771	0.7859	1.015	0.7488	0.9719
423	0.09169	0.0606	1.147	0.6319	1.124	0.6476
424	0.08501	0.1018	0.9472	1.169	0.9482	1.117
425	0.04651	0.04702	0.5923	0.5485	0.5411	0.4391
426	0.07088	0.08891	0.8013	1.082	0.7567	1.14
427	0.07916	0.1135	0.9057	1.245	0.8997	1.355
428	0.06146	0.07462	0.6209	0.7901	0.6421	0.7597
429	0.07908	0.0995	0.8685	1.055	0.8317	1.591
430	0.06445	0.1141	0.7449	1.329	0.6504	1.723
431	0.06416	0.0715	0.6566	0.8151	0.7284	0.7616
432	0.0711	0.0939	0.7848	1.169	0.7516	1.09
433	0.07326	0.07302	0.7876	0.7711	0.8055	0.8741
434	0.07536	0.09958	0.8382	1.106	0.834	1.118
435	0.1075	0.08938	1.26	1.034	1.308	1.076
436	0.07031	0.08435	0.8736	1.237	0.6636	0.8875
437	0.07419	0.08673	0.8334	1.056	0.9059	1.037
438	0.09911	0.07308	1.143	0.8025	1.106	0.778
439	0.1153	0.08873	1.47	0.967	1.412	1.375
440	0.1079	0.1183	1.287	1.485	1.268	1.44
441	0.08	0.05878	0.8715	0.5921	0.8673	0.6237
442	0.08667	0.07309	0.9845	0.7666	1.005	0.8044
443	0.0886	0.0818	1.016	0.8979	1.072	0.9309
444	0.1054	0.08302	1.375	1.481	1.249	0.8571
445	0.07847	0.102	0.9092	1.133	0.8326	1.237
446	0.1054	0.1127	1.791	1.368	1.379	1.389
447	0.07795	0.08215	0.8659	0.9086	0.8837	0.9243
448	0.0777	0.08609	0.82	0.924	0.9231	0.9857
449	0.04652	0.1202	0.573	1.577	0.4324	1.49
450	0.06104	0.06878	0.6391	0.73	0.616	0.7448
451	0.07198	0.1046	0.7673	1.216	0.7969	1.255
452	0.06277	0.07354	0.7263	0.7067	0.6008	0.8903
453	0.07288	0.08522	0.801	0.8715	0.7646	0.9711
454	0.1156	0.07084	1.355	0.7767	1.612	0.8855
455	0.08565	0.1002	1.52	2.039	0.8967	1.052
456	0.09556	0.05708	1.073	0.6018	1.096	0.6045
457	0.07232	0.08654	0.7946	0.9568	0.7904	0.9912
458	0.06406	0.1081	0.7682	1.25	0.7083	1.239
459	0.08018	0.09051	0.9237	0.9894	0.8574	1.052
460	0.07547	0.08092	0.8372	1.021	0.8182	0.9095
461	0.08229	0.04964	0.9913	0.6586	0.9097	0.6827
462	0.06194	0.07598	0.6749	0.8519	0.6287	0.823
463	0.08036	0.08036	0.938	0.876	0.8957	0.8745
464	0.1021	0.1063	1.17	1.421	1.213	1.25
465	0.1242	0.09603	1.492	1.088	1.523	1.069
466	0.06542	0.07211	0.683	0.7526	0.6798	0.779
467	0.07399	0.08556	0.8784	0.9669	0.8188	0.9813
468	0.0895	0.09928	1.062	1.082	1.026	1.159
469	0.05709	0.06854	0.656	0.7492	0.6152	0.7481
470	0.06864	0.05998	0.9141	0.7397	0.7692	0.6372
471	0.06582	0.08935	0.7812	0.9351	0.7026	0.9388
472	0.05552	0.07705	0.5823	0.7913	0.5515	0.8768
473	0.06839	0.09866	0.7904	1.196	0.7049	1.149
474	0.0552	0.06729	0.6043	0.7838	0.5618	0.7438
475	0.06447	0.06331	0.8118	0.76	0.8164	0.7474
476	0.08725	0.08963	1.021	1.021	0.9573	0.9757
477	0.11	0.09317	1.469	1.058	1.399	1.108
478	0.07847	0.0608	0.9006	0.6614	0.8876	0.6232
479	0.08954	0.08519	1.09	0.9188	1.125	0.9927
480	0.1025	0.1071	1.148	1.181	1.22	1.307
481	0.07347	0.08545	0.9011	1.232	0.8238	1.044
482	0.09052	0.07789	0.9871	0.8485	1.051	0.9843
483	0.0884	0.09486	0.9439	1.049	0.9913	1.044
484	0.09935	0.1254	1.283	2.566	1.149	1.809
485	0.07314	0.1088	0.8828	2.013	0.718	1.259
486	0.08128	0.09228	0.9596	1.061	0.891	1.087
487	0.09247	0.09951	1.056	1.067	1.07	1.209
488	0.0885	0.06692	1.252	0.8334	0.8685	0.703
489	0.04796	0.07691	0.5223	1.437	0.4501	0.7954
490	0.08791	0.1063	0.9386	1.292	1.034	1.392
491	0.1108	0.08808	1.149	1.249	1.502	0.9865
492	0.08638	0.1164	0.9576	1.349	1.015	1.461
493	0.09032	0.1004	1.035	1.168	1.043	1.062
494	0.0686	0.06024	0.8101	0.6814	0.7451	0.6504
495	0.106	0.08396	1.33	1.064	1.177	0.945
496	0.07287	0.07518	0.8098	0.8611	0.7882	0.7792
497	0.1125	0.09279	1.68	1.354	1.453	1.133
498	0.1142	0.124	1.773	1.699	1.168	1.402
499	0.1008	0.09832	1.176	1.087	1.132	1.184
500	0.05301	0.09836	0.6189	1.005	0.8924	1.119
501	0.0743	0.0791	0.7994	0.8608	0.778	0.9307
502	0.07934	0.06934	0.9768	0.7019	0.9513	0.8763
503	0.1102	0.09	1.232	0.9782	1.353	0.9842
504	0.106	0.1172	1.138	1.477	1.383	1.345
505	0.0959	0.06059	1.066	0.8341	1.185	0.6209
506	0.08815	0.09397	0.9969	1.138	0.982	1.071
507	0.05321	0.1094	0.5534	1.223	0.5314	1.419
508	0.09236	0.08737	0.9084	0.99	1.175	1.068
509	0.07165	0.07053	1.135	1.007	0.7464	0.7021
510	0.08338	0.06433	0.9408	0.6742	0.9066	0.684
511	0.09869	0.1083	1.252	1.336	1.066	1.256
512	0.06502	0.1006	0.7596	1.198	0.6917	1.186
513	0.09815	0.1153	1.171	1.402	1.148	1.304
514	0.09586	0.0438	1.037	0.4776	1.139	0.4545
515	0.09297	0.1185	1.016	1.399	1.191	1.409
516	0.0961	0.08271	1.123	0.9202	1.06	0.9723
517	0.06478	0.1116	0.6709	1.456	0.6756	1.608
518	0.06382	0.06393	0.7063	0.7429	0.6816	0.7247
519	0.05717	0.05266	0.5756	0.5375	0.6341	0.5663
520	0.1137	0.1006	1.328	1.241	1.482	1.161
521	0.05579	0.07583	0.6566	0.9141	0.6076	0.8201
522	0.06097	0.08042	0.6245	0.8489	0.6075	0.9352
523	0.08777	0.04876	0.9903	0.5944	1.033	0.4898
524	0.09336	0.1082	1.071	1.302	0.9834	1.214
525	0.07348	0.07018	0.7909	0.9432	0.7603	0.7073
526	0.06662	0.07259	0.7174	0.7514	0.6864	0.8009
527	0.07573	0.06888	0.8831	0.7065	1.133	0.9304
528	0.0691	0.08117	0.7991	0.8575	0.6737	0.9441
529	0.08998	0.0392	1.074	0.407	0.9626	0.4624
530	0.09057	0.08138	1.112	1.064	1.031	0.9114
531	0.09071	0.09092	1.048	1.044	1.053	1.019
532	0.07343	0.0611	0.7095	0.6313	0.8515	0.6496
533	0.06739	0.08334	0.8159	1.013	0.8051	1.293
534	0.1056	0.08838	1.205	1.073	1.235	1.059
535	0.06775	0.06641	0.7258	0.7178	0.7361	0.7959
536	0.07841	0.1124	0.8731	1.4	0.8741	1.353
537	0.0873	0.1013	1.017	1.113	1.057	1.322
538	0.1096	0.09335	1.351	0.9987	1.266	1.153
539	0.1069	0.06716	1.187	0.726	1.317	0.7318
540	0.06694	0.0588	0.7989	0.6644	0.6567	0.5743
541	0.07923	0.0786	0.8628	0.9075	0.8541	0.8723
542	0.09764	0.06393	1.07	0.6441	1.114	0.7205
543	0.08345	0.08083	0.9003	0.9921	0.9227	1.059
544	0.1152	0.1105	1.175	1.356	1.496	1.363
545	0.08544	0.07854	0.8886	0.8611	0.9683	0.8868
546	0.0691	0.07746	0.7709	0.8745	0.739	0.8473
547	0.08983	0.0796	0.9891	0.8506	0.9911	0.8855
548	0.08707	0.06357	1.003	0.9323	0.9231	0.6554
549	0.1081	0.08115	1.186	0.9397	1.308	0.8865
550	0.0936	0.109	1.035	1.263	1.083	1.252
551	0.06855	0.06739	0.7187	0.7255	0.7353	0.7576
552	0.08477	0.09967	0.9006	1.059	1.042	1.216
553	0.06948	0.1071	0.7503	1.236	0.896	1.273
554	0.07028	0.07769	0.7503	0.8334	0.7617	0.8901
555	0.04218	0.05468	0.4575	0.5533	0.4488	0.58
556	0.08535	0.06334	0.9403	0.7687	0.9658	0.7013
557	0.09334	0.08346	1.042	0.9044	1.074	0.9582
558	0.1035	0.08017	1.081	0.807	1.266	0.9272
559	0.1348	0.08075	2.82	1.152	1.473	0.7775
560	0.07837	0.05641	0.8326	0.5807	0.8692	0.5956
561	0.05329	0.06898	0.587	0.7256	0.527	0.7447
562	0.05779	0.07151	0.7392	0.8219	0.5729	0.7236
563	0.08952	0.04458	1.029	0.4418	1.056	0.5013
564	0.06692	0.06296	0.7886	0.7683	0.6924	0.654
565	0.1121	0.1148	1.367	1.277	1.367	1.413
566	0.07362	0.06951	0.7479	0.6913	0.894	0.8336
567	0.06784	0.06965	0.7488	0.7227	0.6789	0.757
568	0.08904	0.05665	1.003	0.6294	1.052	0.5841
569	0.1106	0.1055	1.2	1.258	1.379	1.228
570	0.07731	0.06693	0.8869	0.68	0.835	0.7125
571	0.04896	0.09304	0.4945	0.996	0.4938	1.12
572	0.09213	0.1068	1.026	1.251	1.021	1.353
573	0.09088	0.07177	1.062	0.8734	1.094	0.7976
574	0.06571	0.06525	0.6768	0.6624	0.6761	0.7152
575	0.07729	0.08833	0.8566	1.029	0.8505	0.9309
576	0.0534	0.05397	0.539	0.5972	0.5394	0.5353
577	0.07922	0.06087	1.088	0.7834	0.81	0.5792
578	0.05326	0.0975	0.5872	1.16	0.5645	1.153
579	0.09579	0.07493	1.076	0.8639	1.129	0.897
580	0.09484	0.08583	1.043	0.9438	1.089	0.9533
581	0.0832	0.05523	0.9734	0.5776	0.9675	0.5698
582	0.07687	0.08336	0.8858	0.9011	0.8665	0.918
583	0.06761	0.08129	0.768	0.8678	0.737	0.9145
584	0.07631	0.1007	0.859	1.149	0.8351	1.238
585	0.06763	0.07681	0.9009	0.9712	0.6536	0.8312
586	0.08138	0.0843	0.8952	0.8931	0.9431	0.9433
587	0.1007	0.0721	1.154	0.7535	1.101	0.7345
588	0.06696	0.09173	0.7926	0.9824	0.7309	1.078
589	0.0619	0.07286	0.697	0.9883	0.6323	0.7526
590	0.05257	0.1008	0.5623	1.196	0.5012	1.159
591	0.1027	0.1125	1.253	1.386	1.214	1.272
592	0.08332	0.09747	1.249	1.56	0.8415	1.032
593	0.04276	0.05005	0.5348	0.6403	0.3758	0.457
594	0.08606	0.07464	0.9641	0.9022	1.096	1.004
595	0.09917	0.07584	1.365	0.9624	1.243	0.7947
596	0.09311	0.02711	0.9674	0.2907	1.067	0.284
597	0.1205	0.09704	1.539	1.095	1.448	1.053
598	0.08538	0.09689	0.9982	1.026	0.9901	1.099
599	0.05641	0.08385	0.6271	1.033	0.5375	0.9245
600	0.0678	0.04954	0.7333	0.5401	0.7325	0.5414
601	0.08995	0.112	0.9465	1.304	0.9969	1.228
602	0.1002	0.1308	1.333	2.18	1.058	1.345
603	0.09371	0.1107	1.116	1.221	1.031	1.458
604	0.06442	0.06827	0.6785	0.7467	0.684	0.7333
605	0.06674	0.1301	0.7209	1.582	0.7072	2.48
606	0.08916	0.09236	1.007	0.9879	1.012	1.125
607	0.08474	0.07929	0.9368	0.8263	0.947	0.8387
608	0.1172	0.1214	1.557	1.462	1.412	1.664
609	0.09523	0.1004	1.074	1.394	1.079	1.144
610	0.07903	0.1029	0.8702	1.165	0.8997	1.193
611	0.06229	0.08829	0.6413	0.9912	0.6564	1.162
612	0.0719	0.08363	0.7796	0.9896	0.811	1.173
613	0.08395	0.08439	1.104	1.244	0.8096	0.9951
614	0.08015	0.07296	0.8968	0.7598	0.8613	0.7876
615	0.0851	0.09979	0.9241	1.13	0.92	1.104
616	0.09885	0.05566	1.081	0.6076	1.127	0.5712
617	0.1102	0.08155	1.273	1.039	1.3	0.9636
618	0.09211	0.06216	1.118	0.7321	1.06	0.6216
619	0.101	0.07905	1.17	0.9923	1.122	0.9211
620	0.08127	0.08665	0.929	0.9607	0.8982	1.036
621	0.07732	0.08761	0.8228	0.9569	0.9034	1.003
622	0.05842	0.06547	0.7112	0.7242	0.5821	0.7534
623	0.07821	0.09131	0.8628	1.05	0.944	1.056
624	0.1067	0.06273	1.169	0.6933	1.665	0.6624
625	0.07941	0.05512	0.866	0.6148	0.8543	0.541
626	0.06928	0.05645	0.8473	0.574	0.7353	0.6083
627	0.1189	0.1215	1.398	1.417	1.5	1.517
628	0.09716	0.09185	1.151	1.181	1.105	1.033
629	0.07823	0.07389	0.8656	0.9576	0.8084	0.7605
630	0.07732	0.06504	0.8716	0.691	0.8483	0.6954
631	0.07861	0.07614	0.9234	0.7721	1.001	1.169
632	0.08534	0.1033	1.025	1.214	0.9225	1.177
633	0.03203	0.04253	0.378	0.5456	0.3505	0.4339
634	0.09487	0.08777	1.122	0.975	1.158	1.042
635	0.08917	0.0927	1.01	1.09	1.056	1.161
636	0.06432	0.0712	0.6795	0.754	0.6479	0.7589
637	0.101	0.0889	1.157	1.187	1.359	1.172
638	0.114	0.07978	1.436	0.9438	1.541	0.9976
639	0.06882	0.05904	0.7052	0.6699	0.7992	0.6118
640	0.0581	0.09123	0.6332	1.069	0.6568	1.041
641	0.07234	0.08026	0.8607	0.8616	0.794	0.9329
642	0.1003	0.09524	1.207	1.029	1.071	1.113
643	0.09839	0.05933	1.147	0.623	1.21	0.6047
644	0.06583	0.07675	0.7682	1.022	0.6132	0.8369
645	0.08238	0.05064	0.8722	0.5073	0.8793	0.5219
646	0.07752	0.05858	0.9137	0.6153	0.9021	0.6281
647	0.075	0.08032	0.7963	0.8945	0.8739	0.9386
648	0.08608	0.1033	0.9271	1.169	0.9633	1.168
649	0.07868	0.06925	0.8463	0.7986	0.8951	0.8138
650	0.07922	0.08339	0.8339	0.9546	0.934	0.9975
651	0.05913	0.06825	0.6274	0.7049	0.6179	0.7491
652	0.07871	0.04166	0.9737	0.5114	0.8694	0.4232
653	0.08146	0.09302	0.908	1.175	0.8942	1.114
654	0.103	0.1054	1.129	1.216	1.258	1.303
655	0.07803	0.0798	0.8689	0.8577	0.8504	1.018
656	0.07463	0.07999	0.851	0.8234	1.029	0.8776
657	0.1091	0.1221	1.278	1.489	1.267	1.495
658	0.06171	0.05863	0.6273	0.7146	0.6645	0.6441
659	0.0666	0.048	0.7103	0.4804	0.7358	0.498
660	0.1015	0.09652	1.261	1.069	1.156	1.076
661	0.1079	0.07273	1.167	0.7921	1.381	0.8468
662	0.07106	0.08504	0.7835	0.9062	0.8826	0.9826
663	0.09172	0.09003	1.383	1.477	0.8972	0.9136
664	0.08216	0.06347	0.9221	0.6303	0.904	0.6915
665	0.07332	0.06279	0.7761	0.6565	0.8275	0.657
666	0.06467	0.08322	0.7765	0.9329	0.6354	0.96
667	0.04952	0.0673	0.5099	0.8567	0.4652	0.8063
668	0.06843	0.1302	0.8307	1.746	0.7154	1.591
669	0.1145	0.09657	1.387	1.105	1.394	1.162
670	0.0834	0.09674	0.9822	1.029	0.9826	1.099
671	0.06534	0.05745	0.6863	0.5805	0.7269	0.5873
672	0.0893	0.1245	1.164	1.362	1.055	1.57
673	0.09204	0.086	1.175	0.9555	0.9623	0.9645
674	0.07909	0.06525	0.8718	0.6816	0.8688	0.6916
675	0.07842	0.1111	0.9025	1.199	0.8309	1.453
676	0.06955	0.07816	0.7828	0.8464	0.7269	0.8426
677	0.06564	0.07317	0.7494	0.7814	0.6686	0.819
678	0.05251	0.06128	0.552	0.624	0.5303	0.6516
679	0.07672	0.05925	0.8122	0.6114	0.9729	0.831
680	0.07347	0.09182	0.7909	0.9166	0.8185	1.355
681	0.09221	0.1032	1.117	1.769	1.02	1.237
682	0.07271	0.07097	0.8359	0.76	0.7568	0.8073
683	0.0669	0.09243	0.7681	0.9809	0.7711	1.065
684	0.0792	0.07928	0.875	0.8432	1.15	0.8352
685	0.07147	0.0958	0.8834	1.104	0.9092	1.226
686	0.04536	0.06915	0.4502	0.7201	0.4396	0.7599
687	0.07892	0.08663	0.8618	0.9177	0.9654	0.9657
688	0.09849	0.08181	1.079	0.8733	1.079	0.9045
689	0.1085	0.09846	1.241	1.183	1.321	1.14
690	0.0785	0.07798	0.8449	0.8157	0.8691	0.8805
691	0.08908	0.07256	0.9143	0.7553	0.9974	0.7751
692	0.07211	0.06324	0.7602	0.7526	0.7784	0.7454
693	0.05551	0.04091	0.7127	0.4224	0.5337	0.7279
694	0.09293	0.07925	1.066	0.8599	1.038	0.962
695	0.06033	0.06854	0.7217	0.7365	0.609	0.7092
696	0.09236	0.09173	1.401	1.237	0.9628	1.026
697	0.0516	0.05012	0.6213	0.545	0.4553	0.551
698	0.07903	0.1148	0.9725	1.481	0.9913	1.779
699	0.103	0.07589	1.354	0.8682	1.113	0.8619
700	0.08463	0.1055	1.034	1.216	1.055	1.268
701	0.08097	0.1089	0.9014	1.249	0.8839	1.257
702	0.1075	0.0819	1.285	0.91	1.197	0.8396
703	0.0829	0.1025	0.9715	1.15	0.9279	1.248
704	0.07824	0.06611	0.9309	0.776	0.8927	0.7255
705	0.1052	0.09476	1.274	1.043	1.219	1.119
706	0.07017	0.07901	1.002	0.9854	0.6804	0.8963
707	0.05573	0.1049	0.6229	1.216	0.6112	1.169
708	0.0848	0.06792	0.9393	0.7686	0.9828	0.6961
709	0.07853	0.0855	0.8564	0.9721	0.8785	1.074
710	0.03415	0.07607	0.3487	0.8914	0.3521	1.015
711	0.1007	0.08141	1.143	0.8342	1.096	0.9737
712	0.09696	0.09922	1.197	1.143	1.177	1.293
713	0.09758	0.1122	1.135	1.349	1.147	1.443
714	0.09726	0.09996	1.129	1.162	1.133	1.294
715	0.07955	0.09634	0.8778	1.277	0.9671	0.9699
716	0.09981	0.07365	1.11	0.7314	1.191	0.9197
717	0.07699	0.07048	1.132	0.8218	0.8297	0.8799
718	0.06167	0.07849	0.648	0.9143	0.6543	0.916
719	0.05081	0.08077	0.5226	0.8933	0.513	0.8921
720	0.08327	0.0936	0.9428	1.077	0.8992	1.068
721	0.07553	0.06714	0.832	0.7526	1.002	0.7515
722	0.0758	0.0293	0.861	0.3069	0.815	0.3408
723	0.1081	0.1049	1.208	1.166	1.324	1.2
724	0.08596	0.07772	0.959	0.7847	0.9903	0.8788
725	0.06599	0.07432	0.7565	0.8243	0.7335	0.864
726	0.057	0.05827	0.6387	0.6384	0.635	0.6292
727	0.07932	0.1158	0.832	1.354	0.8557	1.604
728	0.1033	0.1022	1.131	1.034	1.304	1.374
729	0.09398	0.05604	1.072	0.6722	1.051	0.5616
730	0.09136	0.08506	1.048	0.9607	1.004	0.9137
731	0.08059	0.07912	0.9106	0.8373	0.9056	0.9099
732	0.06816	0.07142	0.788	0.8333	0.7517	0.7549
733	0.08629	0.07218	1.061	1.041	1.003	0.7185
734	0.06235	0.07259	0.6831	0.7846	0.6349	0.8184
735	0.06467	0.09834	0.685	1.053	0.8294	1.166
736	0.06622	0.08264	0.75	0.8584	0.6692	0.865
737	0.05255	0.0567	0.5761	0.7216	0.5176	0.5311
738	0.08042	0.1304	0.8761	1.568	0.9299	1.55
739	0.08191	0.07853	0.8774	0.8017	0.9331	0.9582
740	0.07322	0.06425	0.7672	0.6543	0.7774	0.7235
741	0.08884	0.09452	1.139	1.242	1.274	1.172
742	0.07282	0.0821	0.8476	0.8961	0.7696	1.066
743	0.06298	0.09414	0.6758	1.151	0.7114	1.096
744	0.09163	0.08797	1.064	0.9742	1.049	0.9713
745	0.08255	0.08142	0.9398	0.8608	0.9867	1.011
746	0.1069	0.1105	1.305	1.396	1.275	1.233
747	0.08441	0.1003	0.9183	1.147	0.9976	1.192
748	0.07352	0.08454	1.004	1.219	0.7437	0.8584
749	0.08344	0.08801	0.9392	0.9767	0.8972	1.082
750	0.08807	0.08149	0.9841	0.8269	0.9536	0.9607
751	0.1158	0.07278	1.382	0.7785	1.408	0.8375
752	0.1019	0.1005	1.151	1.124	1.173	1.189
753	0.0895	0.08035	0.9811	0.928	1.068	0.9279
754	0.07666	0.07098	0.8493	0.7713	0.8341	0.7846
755	0.08302	0.07703	0.9389	0.863	0.9334	0.8201
756	0.07735	0.05144	1.052	0.5476	0.7607	0.5089
757	0.06546	0.1133	0.7823	1.352	0.6739	1.313
758	0.09687	0.1019	1.055	1.2	1.1	1.192
759	0.06049	0.06957	0.6152	0.7691	0.725	0.7672
760	0.06484	0.1013	0.7007	1.24	0.7262	1.277
761	0.08718	0.1041	0.9862	1.198	0.9126	1.304
762	0.07132	0.09112	0.7831	1.045	0.7311	1.087
763	0.07723	0.08222	0.9727	0.9529	0.8883	0.931
764	0.08485	0.07618	0.9789	0.839	0.8552	0.8504
765	0.103	0.09225	1.123	1.079	1.168	1.143
766	0.08134	0.09739	0.8937	1.009	0.9501	1.396
767	0.09685	0.1088	1.835	1.865	1.005	1.202
768	0.07495	0.08937	0.8241	0.9612	0.7777	1.023
769	0.06695	0.0842	0.7012	0.9257	0.7105	0.983
770	0.07777	0.07741	0.8959	0.9121	0.794	0.7793
771	0.07224	0.1194	0.8283	1.435	0.7482	1.578
772	0.08148	0.0681	1.109	0.7995	0.9109	0.6786
773	0.06245	0.07852	0.6941	0.9604	0.6575	0.884
774	0.07039	0.06955	0.7696	0.7463	0.7696	0.7121
775	0.1017	0.07988	1.111	0.8912	1.201	0.9238
776	0.09896	0.08254	1.093	0.9112	1.239	1.034
777	0.1054	0.08381	1.207	0.8559	1.184	0.9615
778	0.0792	0.07702	0.8362	0.8251	0.895	0.8138
779	0.07633	0.06	0.8207	0.6273	0.8903	0.828
780	0.0707	0.06924	0.8006	0.7937	0.8672	0.8138
781	0.07762	0.05634	0.8595	0.6029	0.9122	0.5636
782	0.06444	0.06664	0.6638	0.684	0.6838	0.7316
783	0.08346	0.0991	0.8874	1.154	0.955	1.119
784	0.0812	0.08084	0.8963	0.8718	0.8768	0.8342
785	0.06533	0.0655	0.802	0.8503	0.688	0.6843
786	0.08503	0.08426	0.9874	0.9232	0.9748	1.021
787	0.08212	0.07379	0.8678	0.8232	0.9815	0.8716
788	0.08146	0.06801	0.8532	0.7383	0.9136	0.7021
789	0.1059	0.1164	1.373	1.445	1.485	1.475
790	0.06214	0.0755	0.6553	0.8091	0.6322	0.7967
791	0.06513	0.07905	0.697	0.8422	0.7156	0.839
792	0.07936	0.06263	0.8364	0.6493	0.9115	0.6994
793	0.08943	0.1034	0.9206	1.191	1.07	1.151
794	0.08357	0.0855	0.9153	0.9052	0.94	1.003
795	0.07436	0.05672	0.8286	0.5749	0.8018	0.5905
796	0.09036	0.09224	1.043	1.038	1.029	1.133
797	0.05672	0.07753	0.5959	0.9435	0.5723	0.7724
798	0.06725	0.08298	0.7502	0.8386	0.7087	0.9255
799	0.05582	0.09604	0.6131	1.098	0.5607	1.052
800	0.09288	0.06428	1.277	0.7939	0.9451	0.6308
801	0.06084	0.04316	0.7813	0.5035	0.5805	0.3961
802	0.06435	0.07737	0.6906	0.8819	0.674	0.9858
803	0.06809	0.07836	0.8749	1.128	0.6796	0.9055
804	0.0922	0.08868	0.9989	0.9142	1.133	1.015
805	0.08	0.08937	0.9276	0.9637	0.8796	1.009
806	0.0563	0.08951	0.6144	1.003	0.6402	0.9914
807	0.09584	0.09407	1.025	1.14	1.274	1.086
808	0.09175	0.06344	1.103	0.7023	1.084	0.6719
809	0.1003	0.106	1.16	1.209	1.12	1.241
810	0.09834	0.1023	1.256	1.703	1.092	1.085
811	0.0867	0.09374	0.9354	1.194	1.105	1.059
812	0.0809	0.0684	0.8942	0.7607	0.8856	0.7333
813	0.07954	0.09826	0.8578	1.091	0.8771	1.18
814	0.09627	0.09715	1.013	1.199	1.239	1.152
815	0.06949	0.04899	0.7226	0.5004	0.7264	0.5556
816	0.02885	0.09443	0.317	1.016	0.5041	1.226
817	0.08454	0.05041	0.9516	0.5916	0.9835	0.5286
818	0.0784	0.08048	0.8675	0.9454	0.8863	0.8112
819	0.06299	0.08047	0.6665	0.8642	0.6511	0.9611
820	0.1023	0.08667	1.239	0.8684	1.207	1.088
821	0.06727	0.07304	0.8564	0.9271	0.6163	0.7826
822	0.06451	0.07126	0.6988	0.7691	0.68	0.7636
823	0.08785	0.06676	1.029	0.7165	0.9516	0.6963
824	0.08336	0.07948	0.9465	0.9174	0.8751	0.8931
825	0.07857	0.1038	0.8738	1.302	0.8745	1.26
826	0.09341	0.05643	1.018	0.6318	1.097	0.6539
827	0.1103	0.09958	1.328	1.215	1.337	1.147
828	0.0857	0.09374	0.9747	1.104	0.9683	1.087
829	0.06581	0.05732	0.7926	0.5665	0.6857	0.5881
830	0.08114	0.08081	0.9005	0.9352	0.9024	0.9721
831	0.07706	0.08306	0.8204	0.9832	0.8752	0.8788
832	0.06483	0.08533	0.7163	0.905	0.6671	1.001
833	0.09026	0.09871	1.107	1.158	1.067	1.164
834	0.07203	0.07227	0.7575	0.765	0.7763	0.7806
835	0.07442	0.07598	0.8298	0.7838	0.8382	0.8432
836	0.06029	0.1036	0.639	1.175	0.6096	1.195
837	0.09585	0.06565	1.163	0.8832	1.094	0.7046
838	0.07187	0.06702	0.7945	0.6965	0.7675	0.7349
839	0.05607	0.08989	0.6084	1.007	0.5842	1.039
840	0.08886	0.09272	1.052	0.9492	0.9253	1.105
841	0.03054	0.04411	0.4079	0.503	0.331	0.4297
842	0.08882	0.08602	0.9719	1.025	1.009	1.0
843	0.081	0.0782	0.8901	0.8017	0.918	1.006
844	0.07398	0.07718	0.7918	0.8301	0.8296	0.8998
845	0.06993	0.1076	0.7478	1.389	0.7226	1.85
846	0.07098	0.07271	0.8492	0.8343	0.744	0.8622
847	0.05939	0.07498	0.6174	0.8288	0.6361	0.8441
848	0.06459	0.08328	0.7186	0.8747	0.664	0.9855
849	0.06594	0.05225	0.7293	0.5276	0.6797	0.5083
850	0.06866	0.08178	0.7774	0.9317	0.7683	0.9704
851	0.07533	0.09267	0.7885	0.9941	0.7836	1.054
852	0.08682	0.0889	1.219	1.342	0.9551	0.8612
853	0.05524	0.058	0.5682	0.6443	0.5471	0.6059
854	0.1183	0.08356	1.415	0.9196	1.453	0.9724
855	0.0821	0.0761	0.9028	0.8458	0.9169	0.8176
856	0.0868	0.09576	0.9827	1.047	0.9656	1.066
857	0.07641	0.06704	0.84	0.7212	0.8447	0.6968
858	0.06657	0.07197	0.6877	0.7554	0.7301	0.794
859	0.07096	0.06566	0.7467	0.6747	0.7593	0.724
860	0.05962	0.05731	0.7682	0.722	0.6219	0.5548
861	0.09587	0.05498	1.041	0.6386	1.09	0.5697
862	0.09937	0.09321	1.172	1.06	1.179	1.064
863	0.08938	0.09626	1.051	1.06	1.008	1.126
864	0.06664	0.06816	0.7236	0.7051	0.7276	0.6833
865	0.1037	0.1109	1.121	1.309	1.257	1.401
866	0.09495	0.1008	1.05	1.17	1.165	1.222
867	0.08091	0.0569	0.9195	0.7263	0.9044	0.6023
868	0.08922	0.06527	0.9636	0.6715	0.9613	0.6872
869	0.07729	0.07133	0.8805	0.7408	0.8211	0.8639
870	0.06409	0.09087	0.6991	0.8691	0.7508	1.306
871	0.09408	0.05949	1.355	0.6067	0.9992	0.619
872	0.08359	0.08989	0.9445	0.9836	0.9535	1.066
873	0.08412	0.08293	0.9337	0.9231	0.9039	0.9433
874	0.09157	0.06258	1.074	0.7769	1.049	0.629
875	0.07628	0.06258	0.8051	0.6647	0.8727	0.6493
876	0.07252	0.0914	0.8731	1.333	0.7354	1.041
877	0.05814	0.07842	0.6914	1.022	0.6179	0.9433
878	0.07635	0.07808	0.8469	0.8571	0.8409	0.8954
879	0.06574	0.06365	0.6822	0.6601	0.7163	0.7058
880	0.07761	0.05912	0.8285	0.6404	0.8748	0.6645
881	0.08769	0.09777	1.018	1.15	0.982	1.121
882	0.08151	0.065	0.9047	0.6749	0.8924	0.6962
883	0.07189	0.1098	0.7651	1.448	0.8476	1.3
884	0.09261	0.08446	1.023	1.035	1.202	0.9655
885	0.08592	0.07317	1.109	0.7667	0.8531	0.8941
886	0.06426	0.06577	0.6692	0.7016	0.6873	0.6702
887	0.07702	0.07475	0.8888	0.8357	0.8571	0.8532
888	0.0704	0.05368	0.7861	0.56	0.8067	0.5238
889	0.0655	0.06177	0.7796	0.7313	0.6485	0.6086
890	0.1019	0.07472	1.195	0.8304	1.172	0.8535
891	0.08597	0.08383	0.9458	0.989	0.9725	0.978
892	0.07998	0.06983	0.8802	0.7538	0.8663	0.7088
893	0.08898	0.07572	1.023	0.8062	1.211	0.9806
894	0.07899	0.07115	0.8176	0.7313	0.8959	0.7824
895	0.07334	0.07589	0.8164	0.7986	0.8194	0.8981
896	0.1059	0.06987	1.189	0.78	1.401	0.7508
897	0.05798	0.08897	0.634	1.259	0.6247	1.034
898	0.07497	0.06686	0.8556	0.7039	0.9005	0.7382
899	0.07799	0.07575	0.8688	0.8151	0.8165	0.8922
900	0.06672	0.09421	0.7319	1.058	0.7157	1.088
901	0.06762	0.06345	0.7691	0.8255	0.6547	0.6514
902	0.08474	0.0892	0.9185	0.9717	0.9452	1.03
903	0.1006	0.0853	1.18	0.9277	1.198	1.011
904	0.05956	0.08994	0.6712	1.334	0.6003	0.8984
905	0.07172	0.08748	0.9095	0.9538	0.6822	1.037
906	0.08638	0.08316	0.9071	1.035	1.117	1.164
907	0.08373	0.07076	1.201	1.13	0.9797	0.7837
908	0.07871	0.07305	0.8738	0.7957	0.8625	0.7984
909	0.0894	0.09562	1.009	1.113	1.0	1.159
910	0.07414	0.1137	0.8044	1.417	0.8042	1.496
911	0.08537	0.09985	0.9538	1.107	0.9544	1.129
912	0.0657	0.06139	0.7486	0.6625	0.6844	0.6829
913	0.08684	0.07793	0.9678	0.9041	0.9615	0.7974
914	0.1314	0.0803	2.002	1.0	1.447	0.7996
915	0.0827	0.07225	0.9168	0.7598	0.9528	0.8257
916	0.1103	0.09213	1.282	1.171	1.331	1.066
917	0.07845	0.09306	0.9276	1.042	0.838	1.095
918	0.07241	0.09467	0.7892	0.9904	0.925	1.198
919	0.06834	0.08499	0.7225	0.9362	0.7734	0.9269
920	0.1087	0.06467	1.303	0.7434	1.193	0.6753
921	0.103	0.09984	1.173	1.186	1.187	1.203
922	0.05632	0.07035	0.6004	0.7489	0.5813	0.7771
923	0.07131	0.08345	0.7529	0.9162	0.77	0.9178
924	0.1206	0.08509	1.36	1.023	1.486	1.089
925	0.112	0.07717	1.6	1.095	1.266	0.9314
926	0.07195	0.06999	0.789	0.751	0.7816	0.7782
927	0.08735	0.06888	0.985	0.7132	0.9997	0.7076
928	0.07156	0.08293	0.761	0.8534	0.7831	0.9463
929	0.1022	0.06872	1.151	0.7849	1.227	0.7657
930	0.08103	0.07945	0.8409	0.8527	0.9168	0.9704
931	0.09933	0.101	1.1	1.35	1.108	1.152
932	0.0785	0.0692	0.8525	0.7072	0.8409	0.8222
933	0.08215	0.04786	0.9417	0.4658	0.9126	0.4625
934	0.07091	0.0673	0.7817	0.7336	0.8402	0.7172
935	0.09569	0.07323	1.06	0.8178	1.219	0.8476
936	0.03802	0.09977	0.4186	1.137	0.4828	1.12
937	0.06265	0.06768	0.6546	0.708	0.6843	0.759
938	0.06888	0.07436	0.7225	0.8529	0.7444	0.813
939	0.09185	0.09616	1.065	1.123	1.052	1.095
940	0.09592	0.07497	1.017	0.8307	1.153	0.7754
941	0.0633	0.06371	0.9289	1.184	0.6332	0.6687
942	0.07035	0.06805	0.7547	0.6993	0.7637	0.7839
943	0.07069	0.1022	0.7735	1.217	0.7945	1.228
944	0.09649	0.0851	1.061	0.979	1.111	0.9326
945	0.06233	0.05716	0.7903	0.5976	0.662	0.6078
946	0.07407	0.122	0.8122	1.48	0.8396	1.388
947	0.08948	0.08223	1.016	0.9172	0.9596	0.9364
948	0.06709	0.07256	0.7392	0.8131	0.7214	0.7808
949	0.05799	0.0805	0.723	0.9699	0.6621	1.037
950	0.1155	0.09858	1.642	1.297	1.283	1.16
951	0.04802	0.0684	0.4795	0.7356	0.4907	0.7433
952	0.09557	0.08412	1.037	0.9796	1.228	0.9521
953	0.07924	0.07944	0.8803	0.931	0.8874	0.9694
954	0.08494	0.08997	0.961	0.9462	0.8637	1.01
955	0.09896	0.08529	1.155	0.9278	1.114	0.979
956	0.08376	0.08767	1.223	1.227	0.8581	1.011
957	0.08661	0.09643	0.9386	1.115	0.9638	1.218
958	0.08757	0.06507	0.9405	0.7271	0.9563	0.6863
959	0.07464	0.1049	0.7999	1.241	0.8074	1.354
960	0.04482	0.09174	0.4552	1.064	0.4403	0.9716
961	0.07345	0.06299	0.7818	0.6573	0.7714	0.6762
962	0.07699	0.07791	0.8512	0.8432	0.8462	0.8706
963	0.09851	0.07998	1.212	0.8628	1.18	0.9106
964	0.07228	0.07582	0.8882	1.001	0.7889	0.7392
965	0.09897	0.06289	1.182	0.7311	1.183	0.7404
966	0.09233	0.09988	1.016	1.17	1.06	1.145
967	0.0496	0.06642	0.5436	0.7397	0.4717	0.7587
968	0.05759	0.08274	0.6193	0.9417	0.5861	1.015
969	0.06778	0.08199	0.7616	0.9058	0.716	1.154
970	0.09191	0.06208	1.004	0.6348	1.084	0.6681
971	0.05945	0.04474	0.6206	0.4804	0.6504	0.4505
972	0.0878	0.083	0.9598	0.9275	0.9173	0.8815
973	0.06695	0.08027	0.6964	0.8208	0.7242	0.9869
974	0.09058	0.08205	1.037	0.9127	1.109	0.9393
975	0.09956	0.08477	1.921	1.454	1.274	0.8188
976	0.09091	0.06023	1.03	0.6298	1.17	0.654
977	0.06503	0.06692	0.6906	0.6676	0.7027	0.7157
978	0.07414	0.05175	0.9164	0.5767	0.8763	0.5164
979	0.0745	0.08592	0.8441	0.9662	0.8013	1.063
980	0.05878	0.0684	0.6278	0.9783	0.5836	0.8051
981	0.07746	0.0715	0.9987	0.8205	0.8019	0.7795
982	0.07282	0.09082	0.7693	1.012	0.8282	1.043
983	0.06135	0.09595	0.6324	1.092	0.6472	1.135
984	0.09089	0.08777	1.003	0.9283	1.077	1.082
985	0.0854	0.08607	0.962	0.9273	1.018	1.033
986	0.04798	0.05508	0.5108	0.5617	0.4806	0.5858
987	0.07587	0.08005	0.8136	0.8689	0.7991	0.9342
988	0.03244	0.08948	0.3573	0.9201	0.4722	1.095
989	0.08443	0.06364	0.9501	0.6727	1.003	0.6514
990	0.0707	0.0912	0.7558	1.038	0.8658	1.039
991	0.07515	0.0822	0.8339	1.001	0.8849	0.9669
992	0.07071	0.07399	0.7577	0.829	0.755	0.8485
993	0.07257	0.09122	1.035	1.255	0.7414	0.9807
994	0.09144	0.09433	1.071	1.059	1.056	1.061
995	0.06343	0.08098	0.7356	0.8574	0.7737	0.9121
996	0.08011	0.113	1.004	1.403	1.023	1.382
997	0.07326	0.06847	0.9014	0.6962	0.8213	0.781
998	0.06581	0.05618	0.7214	0.5505	0.6466	0.5888
999	0.08103	0.07905	0.895	0.8341	0.9145	0.8789
1000	0.09674	0.05774	1.027	0.5844	1.155	0.6141
1001	0.06673	0.0806	0.7118	0.86	0.7205	0.956
1002	0.07319	0.06735	0.7463	0.7134	0.8242	0.7407
1003	0.0863	0.07806	0.9563	0.8766	0.967	0.8147
1004	0.08587	0.08389	0.9739	0.8953	0.9469	0.9068
1005	0.05586	0.08533	0.6358	1.224	0.562	1.181
1006	0.05016	0.0796	0.5125	0.8723	0.4855	0.8894
1007	0.09768	0.06932	1.12	0.7907	1.122	0.7754
1008	0.0787	0.05566	1.121	0.631	0.9016	0.7417
1009	0.05474	0.05051	0.6678	0.5707	0.5338	0.4694
1010	0.05612	0.1005	0.553	1.31	0.5825	1.34
1011	0.07319	0.08303	0.9135	1.37	0.8169	0.9585
1012	0.07678	0.09028	0.8297	1.001	0.9099	1.067
1013	0.06746	0.09779	0.7736	1.049	0.726	1.152
1014	0.07269	0.0572	0.8206	0.5693	0.7725	0.5845
1015	0.09462	0.07873	1.15	0.9502	1.106	0.8333
1016	0.06732	0.07659	0.6854	0.8649	0.732	0.8614
1017	0.09597	0.09229	1.183	1.19	1.071	1.119
1018	0.09405	0.09642	1.219	1.539	0.9418	1.082
1019	0.09013	0.1006	1.001	1.13	0.9951	1.211
1020	0.07777	0.07639	0.8561	0.8011	0.8349	0.8144
1021	0.06435	0.0569	0.7011	0.6028	0.6791	0.5806
1022	0.07009	0.07605	0.79	0.7675	0.8102	0.8627
1023	0.08928	0.08638	0.941	1.025	0.9879	0.9819
1024	0.06524	0.1089	0.9457	1.176	0.7698	1.621
1025	0.07552	0.0668	0.8859	0.7347	0.8201	0.7901
1026	0.06641	0.07905	0.6753	0.8586	0.6817	0.9199
1027	0.06512	0.06722	0.6696	0.731	0.715	0.8865
1028	0.06526	0.08249	0.6545	0.8207	0.8744	1.245
1029	0.05292	0.04784	0.57	0.5531	0.5	0.4549
1030	0.07508	0.07292	0.774	0.7857	0.8342	0.8068
1031	0.06118	0.05256	0.7067	0.6356	0.624	0.5266
1032	0.06778	0.06377	0.7063	0.7259	0.6939	0.6628
1033	0.08362	0.07551	0.9059	0.8368	0.957	0.8997
1034	0.07742	0.08446	0.8045	0.8855	0.8773	0.9475
1035	0.0897	0.1014	0.9997	1.327	0.9492	1.176
1036	0.05944	0.06968	0.6368	0.7022	0.6245	0.7489
1037	0.06886	0.06588	0.7346	0.7018	0.7447	0.7381
1038	0.05847	0.05571	0.6197	0.6614	0.6945	0.6776
1039	0.1012	0.091	1.233	1.017	1.35	1.031
1040	0.07726	0.08914	0.8584	1.045	0.9348	1.037
