Step	Loss(S)	Loss(T)	fwd_S	fwd_T	rev_S	rev_T
1	0.1406	0.0	3.136	4.624	3.264	4.042
2	0.1456	0.0	2.362	3.163	2.688	3.168
3	0.2671	0.0	6.466	5.849	6.183	5.614
4	0.2641	0.0	7.246	2.39	6.448	2.433
5	0.2332	0.0	7.169	6.757	5.359	5.525
6	0.1313	0.0	2.038	2.094	2.456	2.068
7	0.1069	0.0	1.702	1.926	1.77	2.827
8	0.1488	0.0	2.662	2.618	2.649	2.403
9	0.1394	0.0	2.341	1.563	2.549	1.552
10	0.1142	0.0	1.785	2.101	1.947	2.328
11	0.1259	0.0	1.879	2.069	2.229	2.207
12	0.1335	0.0	1.917	1.948	2.302	2.288
13	0.1321	0.0	2.094	2.102	3.002	3.612
14	0.159	0.0	2.564	1.739	3.274	2.071
15	0.09298	0.0	1.482	2.067	1.457	2.608
16	0.1492	0.0	2.648	3.388	2.683	4.424
17	0.09061	0.0	1.402	1.015	1.409	1.074
18	0.07876	0.0	1.143	2.68	1.216	3.367
19	0.1216	0.0	1.881	2.008	1.797	2.01
20	0.1924	0.0	3.38	3.402	3.829	3.741
21	0.1113	0.0	1.557	1.368	1.795	1.188
22	0.154	0.0	2.309	2.072	2.869	2.203
23	0.1166	0.0	1.726	1.532	1.871	1.778
24	0.1485	0.0	2.11	2.247	2.531	2.226
25	0.1167	0.0	1.728	1.721	1.945	1.522
26	0.1284	0.0	1.847	2.225	2.036	2.416
27	0.1022	0.0	1.518	1.592	1.487	1.574
28	0.1324	0.0	1.626	1.269	2.144	1.615
29	0.1429	0.0	1.766	1.681	2.433	2.418
30	0.0834	0.0	1.098	1.522	1.198	2.207
31	0.1219	0.0	1.874	1.583	2.066	1.827
32	0.05875	0.0	0.773	1.529	0.7699	1.838
33	0.0661	0.0	0.8824	1.151	0.8743	1.537
34	0.06866	0.0	0.8859	1.515	0.9397	1.743
35	0.1084	0.0	1.586	1.753	1.793	2.031
36	0.1269	0.0	1.722	1.46	2.063	1.706
37	0.1615	0.0	2.402	1.452	2.92	1.935
38	0.1183	0.0	1.591	2.195	2.196	2.826
39	0.1361	0.0	1.679	1.526	2.212	1.889
40	0.07328	0.0	1.036	1.796	1.054	1.675
41	0.08961	0.0	1.349	1.457	1.372	1.548
42	0.05712	0.0	0.7952	1.085	0.7257	1.241
43	0.08898	0.0	1.272	1.466	1.34	1.318
44	0.1008	0.0	1.273	1.424	1.503	1.826
45	0.07335	0.0	0.923	0.8825	1.012	0.9342
46	0.07824	0.0	1.123	1.517	1.207	1.6
47	0.1012	0.0	1.622	1.02	1.488	1.124
48	0.0653	0.0	0.9149	0.7485	0.9184	0.9488
49	0.1057	0.0	1.397	1.05	1.671	1.396
50	0.07514	0.0	1.149	1.519	0.9813	1.695
51	0.1126	0.0	1.789	1.864	1.828	1.649
52	0.1064	0.0	1.426	1.634	1.946	1.445
53	0.1386	0.0	1.999	1.706	2.304	1.59
54	0.06071	0.0	0.8569	1.467	0.8258	1.5
55	0.09562	0.0	1.332	0.811	1.432	0.7724
56	0.1169	0.0	1.86	1.672	1.751	1.518
57	0.09518	0.0	1.236	1.06	1.362	1.003
58	0.06303	0.0	0.9716	1.251	0.7915	1.278
59	0.09729	0.0	1.666	1.084	1.409	1.022
60	0.07844	0.0	1.138	1.081	1.126	1.068
61	0.122	0.0	2.164	1.322	1.997	1.226
62	0.08701	0.0	1.156	1.357	1.287	1.378
63	0.08632	0.0	1.188	1.754	1.251	1.685
64	0.08758	0.0	1.367	1.393	1.396	1.482
65	0.08261	0.0	1.314	0.7663	1.167	0.7858
66	0.1074	0.0	1.62	1.236	1.736	1.658
67	0.1002	0.0	1.519	1.265	1.427	1.36
68	0.1522	0.0	2.086	1.278	2.683	1.402
69	0.06944	0.0	0.9874	0.9545	0.8763	1.111
70	0.04602	0.0	0.5963	1.18	0.8566	1.356
71	0.08482	0.0	1.164	1.323	1.238	1.447
72	0.07424	0.0	1.024	0.9316	1.002	1.118
73	0.05981	0.0	0.8591	1.097	0.7956	0.9584
74	0.1012	0.0	1.475	1.614	1.609	1.754
75	0.07725	0.0	1.136	1.255	1.037	1.452
76	0.08742	0.0	1.206	0.9893	1.221	1.037
77	0.05736	0.0	0.7649	0.682	0.7707	0.7528
78	0.07128	0.0	1.049	1.427	1.026	1.43
79	0.07545	0.0	1.069	0.7364	1.082	0.7908
80	0.08407	0.0	1.31	1.101	1.278	0.9626
81	0.08278	0.0	1.04	1.43	1.194	1.331
82	0.05604	0.0	0.7751	0.6451	0.73	0.6845
83	0.08727	0.0	1.289	1.265	1.206	1.214
84	0.08727	0.0	1.251	1.355	1.166	1.161
85	0.1038	0.0	1.844	1.481	1.607	1.855
86	0.05962	0.0	0.8487	0.9364	0.8448	0.9204
87	0.1039	0.0	1.684	1.423	1.439	1.171
88	0.08743	0.0	1.274	1.421	1.294	1.639
89	0.06839	0.0	1.055	0.996	0.9885	0.9817
90	0.1084	0.0	1.638	1.0	1.727	0.9874
91	0.09073	0.0	1.526	1.85	1.468	1.756
92	0.07869	0.0	1.09	1.147	1.112	1.477
93	0.06328	0.0	0.8214	0.6216	0.8498	0.6813
94	0.0788	0.0	1.144	0.8509	1.082	0.7493
95	0.05232	0.0	0.6982	0.6553	0.6466	0.6063
96	0.0877	0.0	0.9927	1.211	1.36	1.032
97	0.0987	0.0	1.536	1.794	1.547	1.47
98	0.03942	0.0	0.51	0.3199	0.5164	0.2838
99	0.1062	0.0	1.658	0.7793	1.554	0.7809
100	0.0958	0.0	1.554	1.268	1.296	1.242
101	0.08555	0.0	1.545	1.757	1.198	1.981
102	0.0664	0.0	1.001	1.107	0.8508	0.8744
103	0.06397	0.0	0.9954	0.8522	0.9899	0.8274
104	0.1094	0.0	1.414	1.592	1.683	1.711
105	0.07258	0.0	1.16	0.693	1.175	0.7197
106	0.0403	0.0	0.5403	1.12	0.4896	1.028
107	0.05462	0.0	0.713	1.089	0.7518	1.173
108	0.03612	0.0	0.5514	0.6936	0.4837	0.6599
109	0.05798	0.0	0.7994	0.556	0.8172	0.6119
110	0.0842	0.0	1.243	1.449	1.24	1.295
111	0.1171	0.0	1.888	1.973	2.217	1.649
112	0.07251	0.0	1.039	2.061	1.013	2.248
113	0.0239	0.0	0.3654	0.9706	0.3734	1.092
114	0.07483	0.0	1.223	2.037	0.9647	1.845
115	0.08942	0.0	1.468	1.349	1.286	1.371
116	0.0809	0.0	1.214	0.8681	1.118	0.9258
117	0.09191	0.0	1.63	1.497	1.416	1.601
118	0.01861	0.0	0.2331	0.7151	0.2707	0.7684
119	0.103	0.0	1.617	2.682	1.506	2.465
120	0.0449	0.0	0.6154	0.4928	0.6236	0.4256
121	0.05952	0.0	0.8194	1.302	0.8137	1.133
122	0.05821	0.0	0.7962	1.038	0.765	1.066
123	0.09008	0.0	1.38	1.795	1.301	1.633
124	0.04628	0.0	0.6387	0.7348	0.579	0.9236
125	0.04641	0.0	0.6377	1.662	0.5594	2.67
126	0.06866	0.0	0.9366	1.081	0.9317	0.8569
127	0.05841	0.0	0.8618	1.357	0.7609	1.547
128	0.05594	0.0	0.825	1.032	0.809	1.211
129	0.07334	0.0	1.112	1.238	0.9568	1.129
130	0.05956	0.0	0.8694	1.298	0.796	1.196
131	0.07355	0.0	1.122	0.8281	0.9674	0.7856
132	0.05776	0.0	0.8514	1.05	0.7673	0.7303
133	0.06944	0.0	0.9616	0.3561	1.038	0.3498
134	0.05059	0.0	0.7836	1.07	0.6699	1.225
135	0.04913	0.0	0.7046	1.46	0.6398	1.559
136	0.04502	0.0	0.6299	1.383	0.5722	1.193
137	0.04252	0.0	0.5438	0.8282	0.5612	1.378
138	0.08319	0.0	1.314	1.466	1.146	1.456
139	0.07419	0.0	1.051	1.303	1.002	1.215
140	0.04676	0.0	0.6566	0.7692	0.6089	0.7054
141	0.0624	0.0	0.9755	0.9364	0.8179	1.278
142	0.04683	0.0	0.7354	1.286	0.6113	1.227
143	0.04522	0.0	0.5554	0.5011	0.6105	0.5859
144	0.05662	0.0	0.8081	0.857	0.7988	0.7152
145	0.04261	0.0	0.5723	1.516	0.5046	1.446
146	0.05493	0.0	0.7656	0.8656	0.6966	0.8344
147	0.08926	0.0	1.498	1.101	1.266	0.9636
148	0.06878	0.0	0.9373	0.9246	0.9911	1.052
149	0.04773	0.0	0.6213	0.4328	0.6379	0.4308
150	0.04026	0.0	0.597	1.525	0.5055	1.417
151	0.07903	0.0	1.143	1.664	1.14	1.517
152	0.05873	0.0	0.8536	0.5657	0.8831	0.5691
153	0.08052	0.0	1.384	1.242	1.134	1.251
154	0.08224	0.0	1.313	1.06	1.119	1.039
155	0.08671	0.0	1.302	1.674	1.244	1.808
156	0.07057	0.0	1.032	1.022	0.9219	0.9127
157	0.06747	0.0	1.006	1.529	0.9126	1.513
158	0.05617	0.0	0.7424	1.093	0.7659	0.8945
159	0.08476	0.0	1.462	1.16	1.196	0.9154
160	0.07233	0.0	1.227	1.207	0.9945	1.212
161	0.0518	0.0	0.6802	0.8218	0.6946	0.8687
162	0.0453	0.0	0.6661	0.3981	0.5568	0.3491
163	0.04972	0.0	0.7179	0.8037	0.6401	0.7177
164	0.03601	0.0	0.4685	2.071	0.5071	1.744
165	0.07902	0.0	1.249	1.477	1.087	1.424
166	0.04349	0.0	0.6097	1.223	0.5674	1.149
167	0.08641	0.0	1.411	1.063	1.222	1.068
168	0.05541	0.0	0.9436	0.8755	0.7847	0.6809
169	0.03857	0.0	0.569	0.7524	0.5343	0.5873
170	0.07393	0.0	1.085	1.366	1.037	1.514
171	0.03931	0.0	0.5495	1.091	0.4756	0.8398
172	0.09086	0.0	1.386	0.8643	1.565	0.8794
173	0.03067	0.0	0.4051	0.5538	0.4019	0.6599
174	0.07871	0.0	1.297	1.713	1.109	1.788
175	0.03565	0.0	0.4799	1.416	0.4157	1.474
176	0.04517	0.0	0.5735	0.6456	0.6475	0.8468
177	0.04827	0.0	0.72	0.6962	0.6694	0.6991
178	0.1041	0.0	1.696	1.369	1.51	1.4
179	0.0453	0.0	0.6241	0.8281	0.6192	0.8169
180	0.0847	0.0	1.205	0.8049	1.281	0.815
181	0.0631	0.0	0.9439	0.4575	0.7972	0.4297
182	0.08035	0.0	1.333	1.221	1.118	1.089
183	0.04831	0.0	0.7199	0.4891	0.6153	0.47
184	0.06915	0.0	1.229	0.892	1.032	0.814
185	0.05913	0.0	0.764	1.115	0.7642	1.232
186	0.05629	0.0	0.7586	0.5547	0.7662	0.512
187	0.06142	0.0	0.8373	0.876	0.8441	0.9745
188	0.05885	0.0	0.8767	0.8598	0.7145	0.7516
189	0.05909	0.0	0.8878	0.976	0.8131	1.016
190	0.08133	0.0	1.172	0.8066	1.209	0.7616
191	0.0738	0.0	1.188	0.8797	0.952	0.7268
192	0.05952	0.0	1.516	2.108	0.9803	1.957
193	0.04488	0.0	0.7861	0.4538	0.7643	0.5045
194	0.08256	0.0	1.353	1.683	1.195	1.632
195	0.06607	0.0	0.8799	1.033	0.9229	0.8973
196	0.03844	0.0	0.4991	0.9486	0.4302	1.033
197	0.02515	0.0	0.3812	0.5816	0.3269	0.7638
198	0.07298	0.0	1.05	1.054	0.9924	0.9599
199	0.05222	0.0	0.6929	0.6361	0.7852	0.6641
200	0.02719	0.0	0.4003	1.049	0.3937	0.8989
201	0.05679	0.0	0.8442	0.5103	0.8286	0.5328
202	0.05509	0.0	0.6591	0.6522	0.8199	0.5864
203	0.06122	0.0	0.9213	0.7192	0.8032	0.7585
204	0.07335	0.0	1.3	2.084	1.002	2.027
205	0.05702	0.0	0.8734	0.8397	0.8641	0.8745
206	0.05645	0.0	1.084	1.099	0.8192	1.036
207	0.08423	0.0	1.332	1.43	1.175	1.649
208	0.0369	0.0	0.5514	1.417	0.4962	1.574
209	0.01576	0.0	0.193	0.4767	0.1865	0.5318
210	0.07362	0.0	1.132	1.186	0.9649	1.134
211	0.03553	0.0	0.5287	0.695	0.4795	0.775
212	0.06433	0.0	1.311	0.6888	0.8702	0.7266
213	0.061	0.0	0.7727	0.6972	0.9267	0.8118
214	0.03692	0.0	0.5007	1.081	0.4538	0.9287
215	0.06611	0.0	1.018	2.324	0.863	1.903
216	0.09219	0.0	1.222	1.251	1.309	1.097
217	0.05922	0.0	0.8434	0.9638	0.8962	0.9546
218	0.04403	0.0	0.5889	1.466	0.5571	1.37
219	0.08589	0.0	1.498	1.439	1.263	1.305
220	0.07571	0.0	1.234	0.9884	0.9767	0.9839
221	0.06399	0.0	0.8618	1.509	1.013	1.741
222	0.0752	0.0	1.479	0.8913	1.093	0.7157
223	0.07612	0.0	1.092	1.281	1.117	1.385
224	0.04757	0.0	0.6969	0.5187	0.6911	0.4163
225	0.04965	0.0	0.7048	1.451	0.6504	1.213
226	0.08071	0.0	1.234	1.387	1.113	1.431
227	0.05681	0.0	0.8212	1.275	0.7583	1.072
228	0.05742	0.0	0.7871	0.8669	0.8637	1.084
229	0.06463	0.0	1.006	1.557	0.8166	1.946
230	0.05882	0.0	0.812	0.8286	0.7656	0.7189
231	0.05138	0.0	0.694	0.8212	0.6864	0.7707
232	0.04295	0.0	0.6022	0.9558	0.5452	0.9157
233	0.04779	0.0	0.6701	1.418	0.6263	1.332
234	0.07394	0.0	1.116	0.8598	1.002	0.8661
235	0.0675	0.0	0.9468	1.076	0.9571	0.9941
236	0.0333	0.0	0.4454	0.7261	0.4344	0.715
237	0.04715	0.0	0.628	0.347	0.6341	0.4267
238	0.04032	0.0	0.5352	1.157	0.4894	0.9528
239	0.08286	0.0	1.39	1.548	1.286	1.451
240	0.06773	0.0	1.042	0.8959	0.906	0.8975
241	0.05097	0.0	0.6882	0.8883	0.6903	1.396
242	0.05271	0.0	0.7456	1.365	0.6921	1.283
243	0.07039	0.0	1.155	1.644	0.9865	1.273
244	0.05892	0.0	1.026	0.7292	0.737	0.7318
245	0.02202	0.0	0.31	0.4913	0.2935	0.5124
246	0.06622	0.0	1.092	1.525	0.9044	1.482
247	0.04917	0.0	0.5857	0.5064	0.6428	0.6135
248	0.04113	0.0	0.6913	1.107	0.5324	0.8804
249	0.05204	0.0	0.7223	1.52	0.6721	1.562
250	0.03762	0.0	0.5458	0.5465	0.5097	0.4631
251	0.02801	0.0	0.3949	0.9894	0.4357	0.7332
252	0.05835	0.0	0.7964	0.425	0.7789	0.4314
253	0.05592	0.0	0.7294	0.6293	0.8063	0.6561
254	0.06372	0.0	0.8631	1.073	0.8997	1.046
255	0.07575	0.0	1.26	1.283	1.121	1.172
256	0.06684	0.0	0.8465	0.2941	0.9874	0.2779
257	0.06862	0.0	0.8957	0.8737	0.9865	0.8159
258	0.08792	0.0	1.479	1.103	1.226	0.9484
259	0.09153	0.0	1.404	1.727	1.264	1.596
260	0.0166	0.0	0.2396	0.4007	0.2776	0.4223
261	0.0727	0.0	1.17	1.423	0.9414	1.26
262	0.06892	0.0	1.044	1.052	0.9064	0.9423
263	0.06285	0.0	0.9967	1.384	0.8563	1.19
264	0.05379	0.0	0.8246	1.198	0.6892	0.9823
265	0.0529	0.0	0.6865	0.6114	0.7364	0.6591
266	0.04652	0.0	0.6557	0.4416	0.676	0.4061
267	0.05381	0.0	0.8877	0.878	0.665	0.6873
268	0.05473	0.0	0.7954	1.168	0.7563	1.052
269	0.08174	0.0	1.394	1.301	1.135	1.151
270	0.03461	0.0	0.4516	0.9249	0.4051	0.9597
271	0.05988	0.0	0.8936	0.8591	0.7793	0.7898
272	0.07378	0.0	1.245	1.479	0.9652	1.266
273	0.04257	0.0	0.6734	0.4458	0.5737	0.3636
274	0.07623	0.0	1.096	1.3	1.095	1.421
275	0.05177	0.0	0.776	1.406	0.6644	1.015
276	0.08533	0.0	1.01	0.8747	1.227	0.8474
277	0.04098	0.0	0.5216	1.116	0.5445	1.842
278	0.05614	0.0	0.8253	1.215	0.7707	1.23
279	0.08369	0.0	1.047	1.242	1.208	1.444
280	0.0244	0.0	0.304	0.4436	0.31	0.4077
281	0.0138	0.0	0.2623	0.8266	0.1955	0.6913
282	0.1006	0.0	1.76	2.127	1.491	2.011
283	0.03929	0.0	0.4541	0.7164	1.006	0.7176
284	0.06877	0.0	1.066	1.221	0.9104	1.028
285	0.05091	0.0	0.7087	0.2719	0.7994	0.2606
286	0.09394	0.0	1.548	1.092	1.333	0.8899
287	0.02594	0.0	0.3438	0.6671	0.3333	0.7037
288	0.0772	0.0	1.269	1.117	1.004	0.8029
289	0.05426	0.0	0.7773	1.011	0.6702	1.278
290	0.03414	0.0	0.5596	0.5788	0.469	0.6287
291	0.05344	0.0	0.7591	1.109	0.7127	1.085
292	0.05123	0.0	0.7052	0.8363	0.6749	0.6902
293	0.04461	0.0	0.6211	1.247	0.5666	1.404
294	0.04361	0.0	0.5523	0.6687	0.6539	0.6486
295	0.05004	0.0	0.7226	1.022	0.6134	0.7714
296	0.0461	0.0	0.6446	1.142	0.7085	1.445
297	0.07914	0.0	1.216	0.9094	1.11	0.9323
298	0.07293	0.0	1.178	2.045	0.9507	1.973
299	0.0757	0.0	1.164	1.006	1.01	0.9467
300	0.04548	0.0	0.6916	0.8649	0.6783	0.8807
301	0.05092	0.0	0.6457	0.6061	0.7116	0.8686
302	0.05736	0.0	0.8419	1.018	0.7466	0.9519
303	0.03568	0.0	0.4957	0.6483	0.4332	0.6525
304	0.05085	0.0	0.705	0.441	0.6499	0.437
305	0.06379	0.0	0.8851	0.6553	0.9446	0.6494
306	0.02753	0.0	0.3708	0.5272	0.3943	0.4864
307	0.04765	0.0	0.7404	0.588	0.6158	0.5584
308	0.05978	0.0	0.81	1.518	0.7741	1.478
309	0.08199	0.0	1.366	1.242	1.099	1.129
310	0.0636	0.0	0.9917	0.8458	0.8884	0.7657
311	0.0471	0.0	0.6535	1.064	0.7823	1.135
312	0.05806	0.0	1.022	1.54	0.935	1.584
313	0.01843	0.0	0.2421	0.6681	0.2571	0.5891
314	0.07255	0.0	1.181	0.7328	0.9513	0.7297
315	0.03014	0.0	0.4071	0.3711	0.4474	0.4029
316	0.03448	0.0	0.4847	0.4764	0.4626	0.4509
317	0.05266	0.0	0.6503	0.642	0.728	0.7723
318	0.06225	0.0	0.9465	1.467	0.8015	1.176
319	0.07486	0.0	1.179	1.905	1.052	1.848
320	0.05126	0.0	0.7505	1.483	0.6723	1.243
321	0.06421	0.0	0.916	0.7586	0.882	0.8097
322	0.07535	0.0	1.098	2.11	0.9955	1.801
323	0.04944	0.0	0.69	1.401	0.6217	1.287
324	0.05657	0.0	0.7751	0.9494	0.6915	1.028
325	0.0764	0.0	1.393	1.902	1.109	2.09
326	0.0639	0.0	1.366	0.9515	0.9929	0.8697
327	0.08345	0.0	1.37	1.789	1.217	1.625
328	0.01724	0.0	0.2411	0.4481	0.2022	0.4174
329	0.05282	0.0	0.7689	1.303	0.6622	1.073
330	0.06099	0.0	0.8683	1.2	0.8422	1.208
331	0.08755	0.0	1.219	1.235	1.248	1.06
332	0.0376	0.0	0.5216	0.5933	0.4645	0.7985
333	0.07201	0.0	1.16	1.136	0.9564	1.689
334	0.01828	0.0	0.2506	0.6458	0.2327	0.68
335	0.08047	0.0	1.254	1.352	1.213	1.621
336	0.03677	0.0	0.4939	1.015	0.4587	1.19
337	0.0715	0.0	1.109	1.555	0.9414	1.266
338	0.08726	0.0	1.367	1.477	1.203	1.292
339	0.05452	0.0	0.7901	1.916	0.6606	1.662
340	0.04317	0.0	0.6152	0.8299	0.5652	0.7281
341	0.04462	0.0	0.5973	0.3317	0.5524	0.2889
342	0.09309	0.0	1.495	1.02	1.378	1.342
343	0.06029	0.0	0.853	1.369	0.7942	1.227
344	0.08287	0.0	1.393	1.157	1.076	0.9174
345	0.03869	0.0	0.5621	0.765	0.4961	1.599
346	0.07436	0.0	1.171	1.386	1.016	1.354
347	0.04238	0.0	0.6132	1.052	0.552	0.7888
348	0.05336	0.0	0.7558	0.4895	0.7551	0.5106
349	0.04928	0.0	0.6387	0.4642	0.6304	0.6002
350	0.06572	0.0	1.178	1.687	0.9523	1.446
351	0.04147	0.0	0.456	0.4953	0.5244	0.595
352	0.05953	0.0	0.8133	0.839	0.8146	0.6815
353	0.07131	0.0	1.037	1.507	0.9534	1.256
354	0.03885	0.0	0.5514	0.3673	0.4815	0.3354
355	0.07499	0.0	1.222	1.997	1.059	1.849
356	0.0516	0.0	0.7694	0.6395	0.6692	0.6575
357	0.03234	0.0	0.4523	0.3767	0.4444	0.3999
358	0.07131	0.0	1.079	1.96	0.993	1.439
359	0.08606	0.0	1.425	1.308	1.202	1.059
360	0.02026	0.0	0.2536	0.997	0.251	1.101
361	0.07516	0.0	1.211	1.001	1.061	0.9972
362	0.03662	0.0	0.5057	1.82	0.4429	1.758
363	0.09118	0.0	1.479	1.626	1.238	1.432
364	0.05154	0.0	0.8383	1.175	0.6628	0.9665
365	0.08224	0.0	1.535	1.435	1.135	1.486
366	0.05863	0.0	0.8332	0.968	0.7699	0.8855
367	0.05056	0.0	0.7858	0.5813	0.6965	0.4143
368	0.06056	0.0	0.9895	1.193	0.7783	1.05
369	0.05212	0.0	0.6439	0.4556	0.7077	0.5212
370	0.05612	0.0	0.796	0.4378	0.7184	0.5082
371	0.09376	0.0	1.533	1.318	1.35	1.235
372	0.05873	0.0	0.8125	0.6506	0.8019	0.6298
373	0.1025	0.0	1.804	1.376	1.433	1.446
374	0.06716	0.0	0.9611	0.7669	0.8323	0.8476
375	0.07333	0.0	1.182	0.6006	1.005	0.5572
376	0.04043	0.0	0.6738	1.171	0.4656	0.8944
377	0.02557	0.0	0.3958	0.4502	0.3258	0.3671
378	0.08796	0.0	1.407	1.155	1.353	1.674
379	0.06388	0.0	0.9724	0.9894	0.8118	0.7687
380	0.06702	0.0	0.9233	0.7397	0.9994	0.8447
381	0.03524	0.0	0.4392	0.6505	0.4704	0.8271
382	0.0717	0.0	1.124	0.7801	0.8938	0.6843
383	0.04796	0.0	0.6491	0.7602	0.604	0.7193
384	0.04324	0.0	0.5954	0.4145	0.5476	0.4373
385	0.03788	0.0	0.4978	0.5547	0.4674	0.6248
386	0.09297	0.0	1.659	2.591	1.304	2.186
387	0.03738	0.0	0.5397	0.7356	0.483	0.7161
388	0.07745	0.0	1.189	0.8522	1.048	0.8369
389	0.03018	0.0	0.4015	0.3678	0.3617	0.3852
390	0.07777	0.0	1.244	1.452	1.047	1.165
391	0.0386	0.0	0.4933	0.3715	0.4953	0.4063
392	0.05998	0.0	1.009	1.154	0.7927	1.03
393	0.07556	0.0	1.048	0.7796	1.04	0.9121
394	0.0525	0.0	0.7324	0.5292	0.7203	0.4618
395	0.05909	0.0	0.9445	0.6903	0.7524	0.6754
396	0.06797	0.0	0.9296	0.9612	0.8833	0.8027
397	0.04624	0.0	0.6509	1.507	0.5937	1.418
398	0.0567	0.0	0.779	0.7285	0.7469	0.7935
399	0.07092	0.0	1.147	1.237	0.9167	1.114
400	0.04281	0.0	0.6742	1.451	0.5732	1.594
401	0.01977	0.0	0.2886	0.4147	0.2705	0.4044
402	0.07119	0.0	1.106	1.349	0.9749	1.051
403	0.07841	0.0	1.183	1.696	1.047	1.352
404	0.0609	0.0	0.9662	0.7867	0.8697	0.8498
405	0.04851	0.0	0.5409	0.468	0.7167	0.7369
406	0.06386	0.0	0.9959	1.267	0.8116	1.107
407	0.03312	0.0	0.452	0.6702	0.4163	0.6624
408	0.05649	0.0	0.7267	0.5905	0.7828	0.6859
409	0.074	0.0	1.096	0.6103	1.075	0.824
410	0.04429	0.0	0.6636	0.2921	0.5436	0.2506
411	0.04022	0.0	0.5351	0.4302	0.4968	0.517
412	0.09382	0.0	1.256	0.7683	1.278	0.6513
413	0.07065	0.0	1.019	1.125	0.9728	0.9779
414	0.08757	0.0	1.594	0.5977	1.207	0.6301
415	0.08836	0.0	1.265	1.292	1.281	1.314
416	0.05634	0.0	0.7675	1.342	0.7786	1.431
417	0.03168	0.0	0.388	0.8484	0.4726	0.7485
418	0.05725	0.0	0.8106	1.258	0.7231	1.048
419	0.04084	0.0	0.5439	0.5866	0.5638	0.6304
420	0.0447	0.0	0.6035	0.3837	0.6196	0.3443
421	0.05477	0.0	0.8053	0.4663	0.7041	0.4269
422	0.06622	0.0	1.026	0.9538	0.8459	0.9058
423	0.09848	0.0	1.634	2.017	1.504	1.89
424	0.07779	0.0	1.303	0.9441	1.056	0.8232
425	0.04974	0.0	0.6973	1.865	0.6697	1.289
426	0.05825	0.0	0.7843	2.064	0.7494	2.649
427	0.07666	0.0	1.272	1.221	1.027	1.121
428	0.04662	0.0	0.6353	1.137	0.5895	1.043
429	0.09307	0.0	1.553	1.98	1.694	1.652
430	0.06133	0.0	0.9121	2.022	0.8292	1.602
431	0.07007	0.0	1.132	2.098	0.9434	2.875
432	0.05446	0.0	0.8375	0.5911	0.7161	0.5681
433	0.0939	0.0	1.672	0.7245	1.429	0.718
434	0.05096	0.0	0.7266	1.349	0.6764	1.344
435	0.07413	0.0	1.18	1.261	0.9632	1.075
436	0.05021	0.0	0.686	0.929	0.7269	0.9755
437	0.06775	0.0	1.164	1.209	0.8797	1.166
438	0.05829	0.0	0.8603	0.7881	0.8115	0.8787
439	0.06212	0.0	0.8947	1.455	0.8322	1.8
440	0.05046	0.0	0.7217	1.183	0.7053	1.293
441	0.06709	0.0	0.9878	0.6632	0.9909	0.6023
442	0.08081	0.0	1.296	0.7282	1.119	0.6874
443	0.07916	0.0	1.249	0.7409	1.085	0.7179
444	0.03827	0.0	0.5239	0.6857	0.5325	0.7875
445	0.05039	0.0	0.6436	0.4374	0.7777	0.362
446	0.06954	0.0	1.04	0.5713	0.9102	0.5511
447	0.0417	0.0	0.614	0.9717	0.5204	0.8701
448	0.05963	0.0	0.8587	0.7802	0.7524	0.6836
449	0.03753	0.0	0.5181	0.6582	0.4948	1.101
450	0.06031	0.0	0.8571	1.589	0.7783	1.379
451	0.0828	0.0	1.415	1.064	1.24	0.9591
452	0.04568	0.0	0.6295	0.6045	0.6051	0.6454
453	0.0341	0.0	0.4476	0.6794	0.4789	0.9188
454	0.07177	0.0	1.174	1.187	1.021	1.276
455	0.05193	0.0	0.5301	0.5581	0.715	0.6367
456	0.06831	0.0	1.117	0.7422	0.9258	0.7666
457	0.08191	0.0	1.3	1.447	1.099	1.332
458	0.03644	0.0	0.484	0.6417	0.451	0.5862
459	0.04176	0.0	0.6075	1.683	0.4917	1.207
460	0.07525	0.0	1.827	0.6264	1.213	0.7209
461	0.02615	0.0	0.3816	0.4954	0.3427	0.6489
462	0.05497	0.0	0.7901	1.54	0.6769	1.453
463	0.06325	0.0	0.8639	1.221	0.8378	1.184
464	0.06359	0.0	0.8551	0.9681	1.03	0.8609
465	0.07761	0.0	1.093	1.104	1.183	1.241
466	0.06497	0.0	0.963	1.18	0.8294	0.9593
467	0.006825	0.0	0.1633	1.458	0.1045	1.412
468	0.08582	0.0	1.437	1.127	1.163	0.8514
469	0.07078	0.0	1.185	1.209	0.9624	1.31
470	0.04792	0.0	0.6588	1.363	0.5894	1.33
471	0.07077	0.0	1.196	1.375	0.9002	0.9752
472	0.06216	0.0	0.8768	1.149	0.835	0.8569
473	0.04353	0.0	0.52	0.7752	0.5655	0.8975
474	0.03631	0.0	0.5858	0.3541	0.5575	0.3181
475	0.03988	0.0	0.8662	0.816	0.5563	0.6849
476	0.05882	0.0	0.9664	1.204	0.7494	1.071
477	0.08214	0.0	1.23	1.489	1.333	1.43
478	0.05056	0.0	0.6747	0.8798	0.6919	0.8552
479	0.05874	0.0	0.8694	1.411	0.7455	1.239
480	0.07681	0.0	1.337	1.177	1.056	0.9626
481	0.05113	0.0	0.667	0.6672	0.7358	0.6164
482	0.04739	0.0	0.7052	1.452	0.6271	1.602
483	0.06236	0.0	1.097	1.247	0.7764	1.079
484	0.06677	0.0	1.005	1.089	0.9639	1.012
485	0.05069	0.0	0.5867	0.6358	0.922	0.7852
486	0.06828	0.0	1.053	1.426	0.8791	1.172
487	0.04948	0.0	0.6739	1.316	0.639	1.389
488	0.05001	0.0	0.631	0.4126	0.6629	0.4109
489	0.05433	0.0	0.5461	0.4844	0.746	0.5289
490	0.0975	0.0	1.632	1.606	1.402	1.556
491	0.05519	0.0	0.8118	0.6821	0.7439	0.594
492	0.06857	0.0	1.058	0.8296	0.8641	0.8428
493	0.0279	0.0	0.347	0.3371	0.4128	0.3569
494	0.04694	0.0	0.6257	1.734	0.5889	1.451
495	0.02447	0.0	0.4114	0.6427	0.3008	0.6128
496	0.06197	0.0	0.9369	1.184	0.8246	1.241
497	0.06562	0.0	0.935	0.8926	0.8658	1.01
498	0.04166	0.0	0.746	0.4577	0.6357	0.4547
499	0.06399	0.0	1.033	0.8363	0.8349	0.8216
500	0.02603	0.0	1.073	1.204	0.4668	0.9659
501	0.06234	0.0	0.9358	1.24	0.792	1.256
502	0.05849	0.0	0.7665	0.5991	0.8534	0.6032
503	0.05309	0.0	0.7827	0.6379	0.6962	0.5808
504	0.0457	0.0	0.8331	1.77	0.5994	1.644
505	0.0211	0.0	0.3078	0.7231	0.2639	0.6876
506	0.05538	0.0	0.7952	1.066	0.7095	0.9838
507	0.05971	0.0	0.9014	0.7768	0.7308	0.8138
508	0.05653	0.0	0.7423	0.8366	0.861	0.9396
509	0.03911	0.0	0.4647	0.5046	0.5032	0.7835
510	0.0627	0.0	0.9613	1.185	0.7871	0.9863
511	0.03755	0.0	0.5027	0.5333	0.4644	0.581
512	0.05492	0.0	0.832	0.8514	0.6774	0.7269
513	0.06333	0.0	0.8862	0.8923	0.8327	0.8958
514	0.03236	0.0	0.3873	0.402	0.4431	0.3722
515	0.04477	0.0	0.5445	1.151	0.6358	1.316
516	0.06538	0.0	0.9644	1.115	0.8456	1.016
517	0.09007	0.0	1.312	0.8059	1.361	0.7797
518	0.0358	0.0	0.5489	1.235	0.4637	1.155
519	0.1043	0.0	1.507	1.109	1.57	1.433
520	0.01087	0.0	0.1632	1.514	0.1332	1.615
521	0.03287	0.0	0.4279	0.7331	0.4711	0.8438
522	0.06607	0.0	1.046	0.5888	0.8464	0.6318
523	0.03584	0.0	0.5902	0.7487	0.5375	0.7893
524	0.04353	0.0	0.56	0.5203	0.5464	0.4579
525	0.04119	0.0	0.4771	0.4992	0.535	0.4844
526	0.07252	0.0	1.144	0.8842	0.9689	0.774
527	0.05549	0.0	0.8115	1.093	0.7385	1.245
528	0.07198	0.0	1.013	1.193	1.042	1.179
529	0.0566	0.0	0.792	1.012	0.7807	1.188
530	0.0743	0.0	1.196	1.71	0.981	1.544
531	0.05205	0.0	0.7492	1.535	0.6529	1.382
532	0.06969	0.0	0.9915	1.12	0.9841	1.022
533	0.05524	0.0	0.8586	1.99	0.8772	1.847
534	0.06483	0.0	1.058	1.424	0.8586	1.266
535	0.07839	0.0	1.308	1.3	1.077	1.269
536	0.05314	0.0	0.8121	0.6712	0.6903	0.7043
537	0.07362	0.0	1.185	1.076	0.9373	0.8957
538	0.05221	0.0	0.7063	0.937	0.6489	0.8308
539	0.05901	0.0	0.8678	0.9443	0.8244	0.9292
540	0.05791	0.0	0.7388	0.61	0.8445	0.6424
541	0.08095	0.0	1.316	1.55	1.109	2.05
542	0.05509	0.0	0.7119	0.1843	0.7301	0.1787
543	0.05265	0.0	0.6809	1.449	0.6805	1.559
544	0.05614	0.0	0.7797	1.299	0.7296	0.9582
545	0.0682	0.0	1.067	1.402	0.8874	1.197
546	0.06525	0.0	0.9582	1.448	0.8161	1.32
547	0.06428	0.0	0.9871	1.127	0.8291	1.041
548	0.05057	0.0	0.6538	0.5997	0.6735	0.5698
549	0.05565	0.0	0.8325	0.2875	0.7037	0.2875
550	0.07571	0.0	1.164	0.7649	1.051	0.8423
551	0.05508	0.0	0.7567	1.187	0.7128	1.162
552	0.06285	0.0	0.9227	0.8729	0.8363	0.8018
553	0.06049	0.0	0.8388	0.6886	0.8241	0.8977
554	0.07035	0.0	1.064	1.3	0.9256	1.165
555	0.07523	0.0	1.258	0.8717	1.086	0.6327
556	0.05011	0.0	0.8039	0.7345	0.6588	0.7057
557	0.02795	0.0	0.3649	0.5494	0.3682	0.6638
558	0.06125	0.0	0.9249	1.402	0.9985	1.165
559	0.04057	0.0	0.4502	0.4763	0.5091	0.5993
560	0.06414	0.0	0.8955	0.9894	0.8585	0.8211
561	0.05034	0.0	0.6935	1.492	0.614	1.263
562	0.03768	0.0	0.5132	0.7579	0.4696	0.7579
563	0.06304	0.0	0.9847	1.246	0.7899	1.135
564	0.04537	0.0	0.5709	0.394	0.598	0.3994
565	0.04801	0.0	0.5575	0.478	0.625	0.5084
566	0.06252	0.0	0.938	1.443	0.8328	1.188
567	0.06207	0.0	1.046	0.8987	0.9165	0.9731
568	0.03113	0.0	0.4303	0.4916	0.4376	0.5318
569	0.06877	0.0	1.158	1.027	0.9633	1.086
570	0.05833	0.0	0.8242	0.8266	0.7458	0.8213
571	0.06868	0.0	1.041	1.245	0.9022	1.163
572	0.02049	0.0	0.2725	0.9736	0.2942	0.8434
573	0.05955	0.0	1.04	1.327	0.8325	1.268
574	0.06457	0.0	0.9841	0.9118	0.8673	0.8843
575	0.06156	0.0	1.082	1.1	0.7704	0.8769
576	0.06418	0.0	0.9797	1.365	0.8298	1.02
577	0.04215	0.0	0.4998	0.2982	0.5222	0.3367
578	0.02836	0.0	0.5051	0.2239	0.5034	0.2279
579	0.05622	0.0	0.7428	0.7184	0.6965	0.5537
580	0.07116	0.0	1.054	0.4835	1.027	0.4452
581	0.08183	0.0	1.325	1.163	1.139	1.006
582	0.06529	0.0	0.9755	1.062	0.8121	0.8934
583	0.05534	0.0	0.7834	1.113	0.6786	1.241
584	0.04388	0.0	0.8419	1.321	0.5453	1.051
585	0.05017	0.0	0.7247	0.515	0.6587	0.3668
586	0.08373	0.0	1.422	1.353	1.135	1.064
587	0.09501	0.0	1.679	0.8879	1.301	0.7213
588	0.08874	0.0	1.25	0.6792	1.379	0.6375
589	0.04677	0.0	0.6194	0.6337	0.6519	0.7245
590	0.05399	0.0	0.8289	1.032	0.69	0.9478
591	0.05733	0.0	0.8438	1.58	0.7557	1.385
592	0.038	0.0	0.4646	0.4654	0.4891	0.4388
593	0.04596	0.0	0.6896	0.6318	0.6189	0.6818
594	0.08842	0.0	1.578	2.327	1.306	2.042
595	0.04039	0.0	0.5824	0.6589	0.538	0.5831
596	0.07483	0.0	1.074	1.011	1.01	0.8759
597	0.05161	0.0	0.6794	0.3801	0.703	0.4487
598	0.07037	0.0	1.253	1.993	0.9609	1.501
599	0.05163	0.0	0.6339	0.464	0.8147	0.5202
600	0.09127	0.0	1.473	0.8692	1.28	0.8489
601	0.06136	0.0	0.7319	0.6249	0.7986	0.5766
602	0.03478	0.0	0.4731	0.4274	0.4466	0.4302
603	0.06377	0.0	0.8436	0.8043	0.8975	0.8148
604	0.05782	0.0	0.8785	0.7228	0.7719	0.6365
605	0.06735	0.0	1.071	2.18	1.037	1.904
606	0.04692	0.0	0.7568	0.5507	0.6137	0.5084
607	0.06928	0.0	1.062	0.7522	0.9079	0.7398
608	0.02282	0.0	0.2692	1.695	0.2949	1.296
609	0.02125	0.0	0.2933	0.7614	0.2788	0.7611
610	0.06133	0.0	0.9314	1.784	0.8129	1.472
611	0.04655	0.0	0.6114	1.209	0.5992	1.098
612	0.06084	0.0	0.9117	1.075	0.8946	1.044
613	0.03264	0.0	0.4135	0.3368	0.5048	0.502
614	0.06579	0.0	1.028	0.7009	0.8364	0.7033
615	0.03243	0.0	0.4528	0.3945	0.4138	0.36
616	0.05188	0.0	0.6968	0.4919	0.6842	0.4647
617	0.05939	0.0	0.8843	0.5957	0.8674	0.5776
618	0.04212	0.0	0.5472	0.7562	0.5411	0.8102
619	0.0533	0.0	0.7373	0.392	0.6797	0.4057
620	0.04509	0.0	0.6445	1.13	0.5331	0.9287
621	0.06204	0.0	0.9345	1.094	0.7981	0.9864
622	0.04575	0.0	0.583	1.304	0.6147	0.9895
623	0.06619	0.0	0.9076	1.828	0.9179	1.524
624	0.07881	0.0	1.277	1.316	1.186	1.408
625	0.02897	0.0	0.3882	0.6487	0.3799	0.6491
626	0.03292	0.0	0.4346	1.028	0.391	0.972
627	0.03855	0.0	0.4982	0.3264	0.5123	0.3691
628	0.03944	0.0	0.5745	0.5013	0.5306	0.5514
629	0.03158	0.0	0.412	0.5398	0.3853	0.5441
630	0.07313	0.0	1.308	1.557	0.9374	1.336
631	0.07183	0.0	1.151	1.054	1.122	1.109
632	0.07482	0.0	1.193	1.432	0.9988	1.385
633	0.03906	0.0	0.5407	0.7329	0.4844	0.5202
634	0.07831	0.0	1.283	1.385	1.064	1.058
635	0.06211	0.0	0.9188	1.353	0.8151	1.167
636	0.07165	0.0	1.047	1.107	0.9163	0.9455
637	0.09015	0.0	1.576	1.865	1.585	2.416
638	0.04554	0.0	0.6545	1.797	0.5718	1.519
639	0.07069	0.0	1.111	1.455	0.967	1.299
640	0.03033	0.0	0.4497	0.5041	0.5583	0.5284
641	0.06035	0.0	0.8156	1.196	0.7787	1.068
642	0.03764	0.0	0.5507	1.737	0.479	1.46
643	0.04647	0.0	0.6262	1.306	0.618	1.188
644	0.05359	0.0	0.6413	0.585	0.7883	0.6745
645	0.06835	0.0	1.048	1.426	0.8778	1.177
646	0.05159	0.0	0.8526	0.61	0.689	0.6121
647	0.08215	0.0	1.282	1.468	1.234	1.597
648	0.05834	0.0	0.7955	0.8755	0.9368	0.8562
649	0.06732	0.0	1.059	0.9035	0.8886	0.8966
650	0.04956	0.0	0.7124	0.9152	0.6154	0.9179
651	0.063	0.0	0.9589	1.139	0.8263	1.033
652	0.04804	0.0	0.6636	0.5235	0.6586	0.5337
653	0.02071	0.0	0.2866	0.3025	0.2513	0.2659
654	0.08291	0.0	1.283	0.8001	1.164	0.7071
655	0.05599	0.0	0.7985	1.16	0.7456	1.02
656	0.05956	0.0	0.8701	0.7071	0.7608	1.046
657	0.03835	0.0	0.5287	0.9724	0.5315	1.275
658	0.07209	0.0	1.19	1.016	0.953	1.056
659	0.05861	0.0	0.8776	0.6532	0.7946	0.5829
660	0.04083	0.0	0.5243	0.5629	0.6296	0.5164
661	0.04903	0.0	0.6133	0.4239	0.6999	0.6538
662	0.06125	0.0	0.9081	1.434	0.8907	1.494
663	0.0398	0.0	0.4801	0.4299	0.5152	0.5027
664	0.03377	0.0	0.4769	1.302	0.5053	1.039
665	0.0696	0.0	1.07	1.031	0.9308	1.022
666	0.03757	0.0	0.4923	0.6351	0.4534	0.6334
667	0.05763	0.0	1.011	1.412	0.7908	1.135
668	0.0631	0.0	0.7726	0.5599	0.9968	0.6196
669	0.03299	0.0	0.487	0.3008	0.4435	0.2952
670	0.06646	0.0	1.104	1.048	0.8634	1.058
671	0.06692	0.0	1.064	1.074	0.8927	1.132
672	0.031	0.0	0.4299	0.3239	0.4661	0.3029
673	0.07904	0.0	1.089	1.202	1.135	1.122
674	0.07098	0.0	1.091	1.185	0.9402	1.096
675	0.08518	0.0	1.391	1.396	1.187	1.346
676	0.01405	0.0	0.2048	0.9454	0.2864	0.9119
677	0.05201	0.0	0.7397	1.605	0.6396	1.304
678	0.06584	0.0	0.9505	1.615	0.8211	1.369
679	0.06454	0.0	0.9728	1.001	0.8548	0.9978
680	0.05994	0.0	0.9487	0.9794	0.7472	0.8881
681	0.03226	0.0	0.409	0.658	0.4064	0.7969
682	0.04833	0.0	0.6171	0.2708	0.6868	0.2655
683	0.05497	0.0	0.9832	0.9675	0.7219	1.009
684	0.03327	0.0	0.4276	0.8292	0.4141	0.899
685	0.07757	0.0	1.106	1.267	1.057	1.289
686	0.0677	0.0	1.078	0.8472	0.9053	0.9048
687	0.05873	0.0	0.8699	0.9313	0.727	0.8482
688	0.08955	0.0	1.444	0.8205	1.274	0.6541
689	0.03987	0.0	0.4953	0.5658	0.5404	0.4253
690	0.07101	0.0	1.126	0.9994	1.004	1.29
691	0.07307	0.0	0.988	1.146	1.014	0.9506
692	0.05126	0.0	0.6893	1.124	0.731	1.115
693	0.05073	0.0	0.6442	0.5993	0.7482	0.7271
694	0.05852	0.0	0.8901	0.6886	0.7327	0.6745
695	0.06267	0.0	0.8829	1.174	0.817	1.011
696	0.04126	0.0	0.548	0.3654	0.57	0.3694
697	0.04931	0.0	0.6344	0.6411	0.6935	0.6864
698	0.07529	0.0	1.267	2.647	1.075	2.02
699	0.06023	0.0	0.9788	0.564	0.772	0.5609
700	0.08642	0.0	1.353	0.6615	1.241	0.6214
701	0.03032	0.0	0.3988	0.5753	0.3859	0.5678
702	0.06474	0.0	1.052	1.192	0.887	1.157
703	0.03802	0.0	0.5483	0.323	0.4465	0.3773
704	0.0877	0.0	1.595	1.064	1.21	1.068
705	0.08034	0.0	1.064	1.037	1.061	1.12
706	0.03947	0.0	0.5071	0.4655	0.5103	0.4958
707	0.05297	0.0	0.7718	0.8564	0.6788	0.8324
708	0.06733	0.0	0.9884	0.714	0.8532	0.672
709	0.08679	0.0	1.828	1.863	1.35	1.575
710	0.02016	0.0	0.3049	0.6717	0.4347	0.7167
711	0.05881	0.0	0.9137	1.052	0.7349	1.046
712	0.01522	0.0	0.2582	1.832	0.2517	1.532
713	0.01736	0.0	0.2972	0.4354	0.2309	0.4377
714	0.05613	0.0	0.7896	0.9611	0.7351	0.9278
715	0.0752	0.0	1.098	0.7345	1.036	0.7622
716	0.04717	0.0	0.6742	0.8508	0.6851	0.9912
717	0.04444	0.0	0.4799	0.468	0.7116	0.91
718	0.06031	0.0	0.8412	1.034	0.7801	0.9567
719	0.04765	0.0	0.6679	0.7156	0.5983	0.7153
720	0.04368	0.0	0.7383	0.3849	0.5671	0.398
721	0.03928	0.0	0.5692	0.7173	0.6188	0.6903
722	0.02278	0.0	0.2787	0.5398	0.3283	0.4627
723	0.0634	0.0	1.07	0.5721	0.8849	0.5252
724	0.08412	0.0	1.399	1.372	1.091	1.321
725	0.07287	0.0	1.06	0.8478	1.03	0.7883
726	0.04855	0.0	0.7945	1.372	0.637	1.08
727	0.05122	0.0	0.6317	1.044	0.6754	1.133
728	0.04732	0.0	0.7701	1.558	0.6654	1.427
729	0.03358	0.0	0.4816	0.4924	0.4246	0.4101
730	0.06794	0.0	1.065	0.7595	0.8744	0.7132
731	0.02894	0.0	0.3695	0.5891	0.4255	0.6036
732	0.04124	0.0	0.5997	0.4541	0.5833	0.4157
733	0.0182	0.0	0.2065	0.5838	0.2156	0.7192
734	0.05715	0.0	0.833	1.07	0.7217	1.096
735	0.0885	0.0	1.557	1.667	1.214	1.551
736	0.05747	0.0	0.8455	1.059	0.7069	1.318
737	0.05129	0.0	0.7564	1.125	0.7317	0.9124
738	0.06507	0.0	0.9858	1.698	0.8321	1.133
739	0.1008	0.0	1.55	0.8986	1.414	0.9261
740	0.05561	0.0	0.7647	0.7789	0.7397	0.8222
741	0.0852	0.0	1.374	1.427	1.217	1.429
742	0.05358	0.0	1.024	1.719	0.7942	1.399
743	0.08179	0.0	1.421	1.128	1.144	1.298
744	0.02044	0.0	0.2807	0.4781	0.2641	0.4146
745	0.05358	0.0	0.7409	1.089	0.6917	0.9237
746	0.04383	0.0	0.6202	0.9537	0.5757	0.9923
747	0.0744	0.0	1.148	1.371	0.9908	1.081
748	0.06017	0.0	0.7663	0.4077	1.012	0.4683
749	0.07374	0.0	1.132	1.445	0.9933	2.004
750	0.06364	0.0	1.02	0.5673	0.8315	0.5831
751	0.07575	0.0	1.238	0.9156	1.004	0.7724
752	0.0544	0.0	0.7999	1.302	0.7624	1.121
753	0.07271	0.0	1.289	1.255	0.9717	1.138
754	0.0721	0.0	1.053	0.9671	0.9361	0.9774
755	0.0653	0.0	1.002	1.233	0.8379	0.9994
756	0.04576	0.0	0.5949	0.791	0.6159	0.7667
757	0.03701	0.0	0.4568	0.3384	0.4663	0.3175
758	0.04634	0.0	0.7489	0.7832	0.6199	0.8716
759	0.065	0.0	0.9392	0.5513	0.8365	0.5755
760	0.06095	0.0	0.9369	1.157	0.7985	1.159
761	0.03082	0.0	0.385	0.7993	0.4281	0.9287
762	0.09031	0.0	1.562	0.7844	1.287	0.7837
763	0.0582	0.0	0.9039	1.057	0.8423	0.8722
764	0.0496	0.0	0.7652	0.4042	0.6852	0.4143
765	0.07791	0.0	0.987	0.3956	1.161	0.5548
766	0.07044	0.0	1.009	0.9432	0.9765	1.067
767	0.03561	0.0	0.4095	0.5822	0.461	0.6307
768	0.04378	0.0	0.6177	0.7328	0.5829	0.7113
769	0.07661	0.0	1.197	1.281	0.9949	1.115
770	0.03281	0.0	0.4462	0.5505	0.4347	0.5908
771	0.04063	0.0	0.6411	1.157	0.6266	0.9675
772	0.04479	0.0	0.598	0.6021	0.6127	0.588
773	0.02288	0.0	0.2723	0.3962	0.2851	0.4176
774	0.08112	0.0	1.405	1.352	1.07	1.14
775	0.066	0.0	0.8921	1.133	0.9062	1.087
776	0.05116	0.0	0.6132	0.7069	0.7429	0.711
777	0.03979	0.0	0.5833	0.8319	0.5462	0.9394
778	0.0754	0.0	1.233	1.138	0.9596	0.9808
779	0.08509	0.0	1.351	1.299	1.153	1.2
780	0.03783	0.0	0.6013	0.8059	0.568	0.6891
781	0.07914	0.0	1.223	1.326	1.05	1.256
782	0.06491	0.0	0.9898	1.243	0.8558	1.219
783	0.07076	0.0	1.174	0.6854	0.9191	0.6675
784	0.06079	0.0	0.995	1.162	0.882	0.9298
785	0.04828	0.0	0.5784	0.5844	0.7107	0.6945
786	0.03338	0.0	0.4251	0.345	0.4677	0.3294
787	0.05454	0.0	0.8736	1.042	0.9193	0.8048
788	0.06035	0.0	0.9622	1.184	0.821	1.077
789	0.09719	0.0	1.552	1.015	1.653	1.083
790	0.06896	0.0	1.082	1.246	0.9202	1.004
791	0.06886	0.0	1.052	1.506	0.893	1.312
792	0.05106	0.0	0.7766	0.7668	0.6304	0.7746
793	0.03394	0.0	0.4855	0.3245	0.4135	0.2898
794	0.05459	0.0	0.8407	0.9936	0.7772	0.9096
795	0.05294	0.0	0.8104	0.6997	0.686	0.6261
796	0.05791	0.0	0.769	0.7024	0.7517	0.7707
797	0.05868	0.0	0.8098	0.6644	0.8241	0.7146
798	0.04406	0.0	0.6173	0.8583	0.5864	0.7805
799	0.05494	0.0	0.7496	0.8691	0.7112	0.8579
800	0.01949	0.0	0.3309	0.4059	0.2847	0.4234
801	0.05888	0.0	0.754	0.7361	0.8668	0.8217
802	0.06692	0.0	1.141	1.276	0.9808	1.254
803	0.05186	0.0	0.684	0.5695	0.6645	0.576
804	0.04858	0.0	0.6807	0.6261	0.5783	0.5979
805	0.0307	0.0	0.4152	0.4957	0.3875	0.5351
806	0.04879	0.0	0.8804	1.429	0.6305	1.193
807	0.05889	0.0	0.8524	0.5594	0.889	0.4525
808	0.07337	0.0	1.346	1.125	0.9756	0.8884
809	0.03921	0.0	0.5773	1.056	0.5131	1.109
810	0.03604	0.0	0.4191	0.4501	0.4747	0.5218
811	0.07527	0.0	1.082	0.8986	1.004	0.9568
812	0.06533	0.0	0.9726	0.5767	0.8248	0.5368
813	0.05748	0.0	0.8931	0.9926	0.8829	1.025
814	0.048	0.0	0.6791	0.6584	0.6635	0.5769
815	0.05897	0.0	0.9122	1.061	0.788	0.783
816	0.07804	0.0	1.228	1.691	1.247	1.44
817	0.02096	0.0	0.2638	0.7736	0.2591	0.7595
818	0.08715	0.0	1.428	0.9132	1.244	0.7761
819	0.06916	0.0	1.098	0.8966	0.8848	0.9013
820	0.04996	0.0	0.6201	0.9792	0.6847	0.8815
821	0.04239	0.0	0.4294	0.3607	0.6286	0.5031
822	0.07536	0.0	1.226	1.025	1.014	0.8941
823	0.04374	0.0	0.6036	0.6712	0.5812	0.616
824	0.0416	0.0	0.5387	0.774	0.5045	0.9336
825	0.07434	0.0	1.133	0.6519	1.045	0.6633
826	0.02046	0.0	0.2411	0.4864	0.2522	0.5368
827	0.04836	0.0	0.7298	0.5464	0.6357	0.5051
828	0.05724	0.0	0.7411	0.7894	0.7676	0.6577
829	0.06657	0.0	0.9691	0.7886	0.8844	0.7407
830	0.05963	0.0	1.008	1.107	0.81	1.132
831	0.09978	0.0	1.571	0.9516	1.397	0.8741
832	0.01418	0.0	0.2302	1.326	0.1958	1.251
833	0.04216	0.0	0.7478	0.8733	0.5643	0.6849
834	0.04861	0.0	0.6521	0.7734	0.6042	0.7074
835	0.0406	0.0	0.5787	0.9019	0.5674	0.8405
836	0.03989	0.0	0.5519	0.6068	0.5318	0.609
837	0.04098	0.0	0.4641	0.7864	0.5274	0.9077
838	0.06557	0.0	1.027	1.277	0.8525	1.073
839	0.08635	0.0	1.589	1.938	1.269	1.777
840	0.05474	0.0	0.8263	0.6791	0.7493	0.6608
841	0.007018	0.0	0.07127	1.003	0.07734	0.9114
842	0.0752	0.0	1.148	1.978	1.004	1.973
843	0.06043	0.0	0.8659	1.585	0.7873	1.341
844	0.08039	0.0	1.254	0.751	1.114	0.7296
845	0.05125	0.0	0.7872	1.577	0.6752	2.053
846	0.0665	0.0	1.434	1.623	0.9705	0.987
847	0.06917	0.0	1.092	1.875	0.8958	2.091
848	0.03213	0.0	0.471	0.202	0.4409	0.168
849	0.07341	0.0	1.177	0.9826	0.9349	0.8897
850	0.04753	0.0	0.67	1.388	0.5889	1.208
851	0.08078	0.0	1.338	0.6912	1.164	0.5755
852	0.04335	0.0	0.4805	0.7739	0.5982	1.013
853	0.04865	0.0	0.6712	1.397	0.6118	2.035
854	0.06698	0.0	1.142	0.6034	0.918	0.5809
855	0.0533	0.0	0.7834	1.386	0.6552	1.782
856	0.04276	0.0	0.545	0.6629	0.557	0.6931
857	0.06698	0.0	1.06	0.8432	0.8819	0.9114
858	0.06739	0.0	1.001	0.8037	0.8994	0.8102
859	0.06614	0.0	0.9635	0.9109	0.8643	0.759
860	0.0322	0.0	0.4141	0.5218	0.4175	0.5815
861	0.01796	0.0	0.2235	0.3452	0.2104	0.2946
862	0.06031	0.0	0.776	0.8862	0.8447	0.859
863	0.07646	0.0	1.268	1.351	1.0	1.115
864	0.04514	0.0	0.5805	0.7476	0.5813	0.5556
865	0.04442	0.0	0.5779	0.6583	0.5746	0.7741
866	0.0712	0.0	1.062	0.9572	0.9762	0.9264
867	0.03835	0.0	0.5117	0.8864	0.4707	0.734
868	0.03644	0.0	0.4536	0.579	0.4852	0.5751
869	0.04068	0.0	0.5688	0.4297	0.5846	0.6104
870	0.07232	0.0	1.085	1.221	1.079	1.1
871	0.04008	0.0	0.5554	0.3473	0.543	0.3767
872	0.08075	0.0	1.33	0.6356	1.084	0.5896
873	0.07335	0.0	1.153	1.175	0.9696	1.103
874	0.04505	0.0	0.6542	0.5582	0.6058	0.5452
875	0.06842	0.0	1.201	0.492	0.8355	0.4796
876	0.05031	0.0	0.6694	0.6532	0.7499	0.6522
877	0.03432	0.0	0.4417	0.4706	0.4707	0.4585
878	0.07783	0.0	1.286	1.097	1.051	1.119
879	0.07106	0.0	1.139	1.024	0.9295	0.9603
880	0.02427	0.0	0.3705	0.4536	0.3686	0.3661
881	0.06701	0.0	0.9315	0.6646	0.9674	0.6514
882	0.07411	0.0	1.155	0.7381	0.951	0.6698
883	0.05971	0.0	0.9133	1.033	0.7558	0.9606
884	0.0487	0.0	0.8026	0.8855	0.6356	0.8059
885	0.06441	0.0	0.9812	0.9241	0.8168	0.8714
886	0.05659	0.0	0.7708	1.13	0.767	1.028
887	0.04071	0.0	0.5843	0.6852	0.5056	0.5346
888	0.04951	0.0	0.7216	1.113	0.622	0.8224
889	0.0477	0.0	0.5886	0.6419	0.6323	0.7627
890	0.04993	0.0	0.7879	0.456	0.6766	0.5373
891	0.0652	0.0	0.9412	0.9222	0.9094	0.8954
892	0.05455	0.0	0.76	0.8677	0.6438	0.8267
893	0.05527	0.0	0.7706	1.692	0.7058	1.475
894	0.03436	0.0	0.4767	1.315	0.4377	1.069
895	0.06118	0.0	0.9525	0.7145	0.7838	0.69
896	0.05769	0.0	0.8706	1.029	0.7212	0.8508
897	0.06555	0.0	0.8028	0.7748	0.9182	0.6108
898	0.06864	0.0	1.004	0.8826	0.9065	1.154
899	0.0543	0.0	0.9078	1.207	0.7105	1.06
900	0.06751	0.0	1.119	0.7834	0.8866	0.6956
901	0.02955	0.0	0.3501	0.5232	0.4081	0.5287
902	0.03832	0.0	0.5393	1.186	0.4739	0.9709
903	0.04476	0.0	0.5721	0.6099	0.5664	0.6867
904	0.04477	0.0	0.5467	0.4915	0.6141	0.5907
905	0.04385	0.0	0.5374	0.476	0.5834	0.4691
906	0.08572	0.0	1.414	1.515	1.377	1.697
907	0.05862	0.0	0.9172	0.8057	0.8038	0.8408
908	0.05735	0.0	0.7525	0.9161	0.7301	0.8155
909	0.04763	0.0	0.6361	0.6714	0.6239	0.7909
910	0.05257	0.0	0.8443	1.022	0.6775	0.9906
911	0.02159	0.0	0.2723	0.4596	0.2885	0.5205
912	0.04992	0.0	0.8138	1.159	0.6064	1.126
913	0.05318	0.0	0.7058	0.8187	0.7117	1.034
914	0.03398	0.0	0.5326	0.5747	0.4779	0.6049
915	0.04778	0.0	0.7167	0.8539	0.6032	0.7948
916	0.07447	0.0	1.12	0.7382	0.9648	0.73
917	0.05452	0.0	0.7683	1.137	0.7919	1.224
918	0.109	0.0	2.009	0.5727	1.63	0.568
919	0.03797	0.0	0.5117	1.063	0.4796	0.9667
920	0.03703	0.0	0.543	1.332	0.5152	1.581
921	0.01954	0.0	0.2802	0.713	0.2495	0.6206
922	0.09417	0.0	1.653	1.342	1.345	1.1
923	0.06986	0.0	1.021	0.996	0.9074	0.9206
924	0.04386	0.0	0.6081	0.8842	0.6066	0.7915
925	0.04768	0.0	0.4866	0.3748	0.7216	0.5627
926	0.03898	0.0	0.5371	1.081	0.4902	0.9106
927	0.03399	0.0	0.44	0.687	0.4172	0.7524
928	0.05683	0.0	0.8603	0.6893	0.7224	0.6624
929	0.04041	0.0	0.5357	0.6941	0.5273	0.7686
930	0.02351	0.0	0.2818	0.5562	0.3462	0.583
931	0.03095	0.0	0.4319	0.5758	0.3854	0.5591
932	0.04321	0.0	0.6396	1.289	0.5655	1.255
933	0.07517	0.0	1.229	0.8394	0.9945	0.8047
934	0.04078	0.0	0.5472	0.9474	0.5526	0.7211
935	0.04364	0.0	0.5772	0.5954	0.527	0.6288
936	0.03315	0.0	0.4861	1.009	0.5137	0.9618
937	0.02822	0.0	0.7944	0.5804	0.4258	0.5121
938	0.05627	0.0	0.7869	1.322	0.7039	1.171
939	0.06444	0.0	0.8807	0.4853	0.9364	0.3764
940	0.03979	0.0	0.5137	0.5755	0.4777	0.5832
941	0.03913	0.0	0.4132	0.6911	0.5229	0.8161
942	0.06306	0.0	0.8994	0.8906	0.7958	0.7434
943	0.07332	0.0	1.02	1.184	1.235	1.196
944	0.0502	0.0	0.7359	1.686	0.6577	1.422
945	0.06791	0.0	0.9736	1.413	0.9293	1.175
946	0.04972	0.0	0.6837	2.355	0.6443	2.081
947	0.06657	0.0	0.9915	1.64	0.8431	1.239
948	0.07786	0.0	1.276	1.546	1.054	1.401
949	0.08345	0.0	1.434	1.119	1.342	1.446
950	0.04433	0.0	0.6429	1.013	0.5423	0.833
951	0.07596	0.0	1.294	1.54	1.086	1.47
952	0.04333	0.0	0.5544	0.4875	0.5962	0.5153
953	0.07528	0.0	1.152	1.295	1.029	1.153
954	0.07355	0.0	1.112	0.8676	0.9722	0.7949
955	0.07294	0.0	1.173	1.092	1.0	0.7925
956	0.02586	0.0	0.3264	0.7282	0.3281	0.8922
957	0.0657	0.0	0.992	1.966	0.8332	3.115
958	0.05662	0.0	0.991	0.3929	0.7061	0.3523
959	0.03986	0.0	0.5358	1.84	0.4847	1.489
960	0.05782	0.0	0.8963	0.5097	0.8229	0.6738
961	0.06784	0.0	1.009	1.041	0.8836	1.028
962	0.06378	0.0	0.9404	0.9162	0.862	0.8805
963	0.04716	0.0	0.6725	1.085	0.6127	0.9447
964	0.03969	0.0	0.5453	0.6013	0.4976	0.547
965	0.04482	0.0	0.6	0.3461	0.6293	0.1959
966	0.06551	0.0	0.9148	0.9571	0.9282	0.8566
967	0.06659	0.0	1.024	0.9323	0.8789	0.927
968	0.03781	0.0	0.5135	0.7877	0.4762	0.7725
969	0.05456	0.0	0.8555	0.6714	0.7176	0.9662
970	0.07703	0.0	1.239	1.245	1.009	1.006
971	0.0645	0.0	0.9678	1.015	0.8122	0.9243
972	0.03941	0.0	0.6175	0.6874	0.5293	0.6573
973	0.0449	0.0	0.5288	0.4372	0.6076	0.5361
974	0.07638	0.0	1.316	0.8407	1.055	0.7324
975	0.03415	0.0	0.4145	0.6171	0.4221	0.6958
976	0.06443	0.0	0.9879	0.7088	0.8033	0.6889
977	0.05809	0.0	0.8659	0.9578	0.7464	0.8632
978	0.03886	0.0	0.4846	0.788	0.5228	0.806
979	0.06961	0.0	1.114	0.5363	0.9108	0.4603
980	0.03462	0.0	0.4835	0.5479	0.4492	0.5685
981	0.04694	0.0	0.6919	0.4034	0.5888	0.4394
982	0.04775	0.0	0.6532	1.19	0.5895	1.092
983	0.06214	0.0	0.9666	1.117	0.781	0.9566
984	0.03789	0.0	0.5451	0.2714	0.5281	0.245
985	0.06264	0.0	0.8484	0.6917	0.9092	0.6073
986	0.06718	0.0	1.031	1.396	0.8662	1.197
987	0.05352	0.0	0.7833	1.001	0.6621	0.8838
988	0.01024	0.0	0.1301	1.293	0.2195	1.095
989	0.05925	0.0	0.8584	1.121	0.7718	0.9808
990	0.06639	0.0	0.9397	1.184	0.899	1.293
991	0.05514	0.0	0.8588	1.236	0.7635	1.14
992	0.06817	0.0	0.9847	1.197	0.8925	0.9768
993	0.02559	0.0	0.3039	0.5501	0.2998	0.7018
994	0.02241	0.0	0.3831	0.3402	0.4027	0.3929
995	0.03788	0.0	0.5606	0.5001	0.5124	0.4349
996	0.06249	0.0	0.8558	0.8728	0.8013	0.8834
997	0.0727	0.0	1.071	1.425	1.012	1.288
998	0.06067	0.0	0.8263	0.6309	0.7769	0.6123
999	0.05697	0.0	0.8119	0.727	0.7031	0.6732
1000	0.07084	0.0	1.225	1.438	0.9312	1.119
1001	0.0283	0.0	0.3611	0.6986	0.3671	0.7989
1002	0.04182	0.0	0.5958	0.7445	0.5263	0.6832
1003	0.04497	0.0	0.6336	1.369	0.5731	1.109
1004	0.03279	0.0	0.44	0.5308	0.3911	0.5191
1005	0.04384	0.0	0.6083	0.6536	0.631	0.7922
1006	0.05555	0.0	0.8427	0.9322	0.7059	0.9068
1007	0.05167	0.0	0.7337	1.273	0.7204	1.109
1008	0.0296	0.0	0.3698	0.4904	0.4043	0.5089
1009	0.03986	0.0	0.5173	0.5054	0.5035	0.4764
1010	0.09377	0.0	1.509	1.795	1.473	1.693
1011	0.03215	0.0	0.4098	0.7454	0.4149	0.7491
1012	0.04577	0.0	0.6396	0.9825	0.563	0.8323
1013	0.06035	0.0	1.032	0.3432	0.7941	0.2852
1014	0.06533	0.0	1.071	1.012	0.8553	0.8798
1015	0.01726	0.0	0.2242	0.5409	0.2135	0.5253
1016	0.05544	0.0	0.9559	1.234	0.6849	1.068
1017	0.05189	0.0	0.6435	1.287	0.7285	1.022
1018	0.04084	0.0	0.5068	0.6525	0.5025	0.598
1019	0.0502	0.0	0.6986	0.5298	0.6746	0.4957
1020	0.03992	0.0	0.537	0.9861	0.5402	0.8689
1021	0.0603	0.0	0.9105	1.754	0.8413	1.683
1022	0.04415	0.0	0.6187	0.6328	0.5909	0.5781
1023	0.09154	0.0	1.537	1.146	1.275	1.015
1024	0.01283	0.0	0.1919	1.472	0.1608	1.277
1025	0.02352	0.0	0.3916	0.443	0.3002	0.4656
1026	0.08216	0.0	1.353	1.325	1.124	1.257
1027	0.06618	0.0	0.954	0.7797	0.8493	0.741
1028	0.0133	0.0	0.2525	0.6365	0.2103	0.7369
1029	0.03012	0.0	0.3278	0.2747	0.4133	0.3848
1030	0.05935	0.0	0.8651	0.944	0.7625	0.8142
1031	0.04534	0.0	0.5988	0.873	0.5674	0.7095
1032	0.04381	0.0	0.6249	0.5815	0.5781	0.5261
1033	0.09515	0.0	1.309	0.6075	1.511	0.6685
1034	0.04568	0.0	0.6086	0.5044	0.5793	0.4331
1035	0.03404	0.0	0.494	0.6623	0.4217	0.5514
1036	0.05153	0.0	0.7294	1.255	0.6735	1.281
1037	0.05616	0.0	0.8311	0.8957	0.787	0.8127
1038	0.06111	0.0	0.955	1.646	0.8036	1.144
1039	0.07141	0.0	0.9825	1.51	1.074	1.548
1040	0.06284	0.0	0.9295	0.9953	0.8426	0.886
