Step	Loss
1	4.6224
2	3.5494
3	1.238
4	5.1929
5	4.0529
6	4.452
7	3.4907
8	4.4411
9	1.1345
10	1.8156
11	3.6142
12	4.8516
13	4.2036
14	2.3881
15	1.008
16	5.0811
17	3.3953
18	0.9688
19	2.3821
20	3.9019
21	4.1127
22	5.0217
23	4.9661
24	1.2852
25	4.9653
26	0.0816
27	4.6794
28	3.4359
29	2.4056
30	2.2149
31	0.652
32	4.0744
33	3.7822
34	4.4817
35	0.7744
36	2.2351
37	4.8323
38	3.5296
39	0.9165
40	7.0941
41	4.6756
42	1.658
43	3.2221
44	0.9
45	3.8652
46	4.4776
47	3.0817
48	5.3534
49	4.4486
50	3.5307
51	4.1033
52	1.2772
53	2.7819
54	4.6664
55	2.6639
56	4.5636
57	4.2815
58	2.3284
59	4.6431
60	4.5946
61	3.9576
62	0.8419
63	2.8743
64	2.8485
65	4.6759
66	3.9918
67	4.8212
68	0.9137
69	3.6029
70	0.0921
71	0.7285
72	2.426
73	1.4508
74	4.6045
75	4.1615
76	2.7307
77	5.213
78	3.9606
79	1.3498
80	4.3545
81	3.7339
82	3.2001
83	4.8486
84	2.9223
85	4.3866
86	4.2884
87	4.5567
88	2.5204
89	2.3176
90	4.7622
91	3.2878
92	2.9977
93	2.3017
94	1.8669
95	3.9513
96	1.2982
97	4.9261
98	2.9204
99	1.0407
100	3.0665
101	5.0258
102	4.8729
103	1.3633
104	4.2346
105	4.5159
106	3.0337
107	1.2779
108	4.7368
109	3.8084
110	3.8433
111	2.9927
112	4.0958
113	1.1923
114	1.5694
115	3.082
116	4.5729
117	3.7873
118	2.1973
119	0.8436
120	4.6619
121	3.2555
122	0.3318
123	1.7214
124	3.5228
125	3.8632
126	4.576
127	4.4868
128	1.2904
129	4.579
130	0.2201
131	4.4705
132	3.098
133	2.2623
134	1.7065
135	0.5842
136	3.746
137	3.3285
138	4.3977
139	0.5847
140	2.2368
141	4.4307
142	3.0987
143	0.6388
144	6.2258
145	4.2666
146	1.075
147	2.8303
148	0.7322
149	3.8302
150	4.1034
151	2.2135
152	4.5413
153	4.2874
154	3.147
155	3.7513
156	1.0578
157	4.1102
158	4.2618
159	2.3743
160	4.1022
161	3.893
162	2.3296
163	4.269
164	4.3188
165	3.7093
166	1.0484
167	2.4994
168	2.6885
169	4.3692
170	3.6831
171	4.436
172	0.8328
173	3.4295
174	0.3658
175	0.5618
176	1.7111
177	1.4613
178	4.2942
179	3.9168
180	2.5435
181	5.0105
182	3.7711
183	1.2428
184	4.0819
185	3.3559
186	3.0395
187	4.5799
188	2.5838
189	4.2279
190	4.0492
191	4.3134
192	2.6582
193	1.5564
194	4.7419
195	3.2183
196	2.9137
197	2.0149
198	1.7805
199	3.7302
200	0.9278
201	4.779
202	2.5728
203	0.9564
204	3.6251
205	4.7754
206	4.5619
207	1.1193
208	3.9409
209	4.2856
210	3.3626
211	1.0004
212	4.5673
213	3.7678
214	3.6799
215	2.6906
216	3.9511
217	1.5572
218	1.2549
219	2.9395
220	4.139
221	3.7375
222	2.0827
223	0.5002
224	4.5659
225	3.2096
226	0.2063
227	1.4677
228	3.4867
229	3.7137
230	4.4331
231	4.2479
232	1.1179
233	4.3935
234	0.2805
235	4.0511
236	2.9357
237	2.2008
238	1.8151
239	0.7502
240	3.6286
241	2.6644
242	4.3143
243	0.4345
244	1.9688
245	4.287
246	3.0177
247	0.5077
248	6.0481
249	4.1392
250	0.996
251	2.7008
252	0.6875
253	3.5665
254	3.9873
255	2.4194
256	4.3264
257	4.0305
258	3.4922
259	3.6509
260	0.9333
261	3.002
262	4.1204
263	2.2636
264	4.0133
265	3.7508
266	2.2273
267	4.1558
268	4.4153
269	3.6315
270	0.7868
271	2.4803
272	2.4789
273	4.1667
274	3.6225
275	4.3948
276	0.8455
277	3.8084
278	0.4124
279	0.8155
280	1.7034
281	1.3326
282	4.1846
283	2.9157
284	2.4208
285	5.0069
286	3.693
287	1.0822
288	4.0236
289	3.5163
290	3.0451
291	4.593
292	2.5317
293	4.1213
294	3.8887
295	4.1792
296	2.4578
297	1.0227
298	4.4393
299	2.2087
300	2.7825
301	1.8563
302	1.7007
303	3.6833
304	0.8489
305	4.737
306	2.6485
307	1.0735
308	2.5401
309	4.504
310	4.4636
311	0.9497
312	3.9394
313	4.2022
314	2.9749
315	0.7803
316	4.494
317	3.5013
318	3.5459
319	2.8532
320	3.7708
321	0.9555
322	1.3075
323	2.8811
324	4.1007
325	3.6202
326	2.2886
327	0.5527
328	4.475
329	2.9134
330	0.1757
331	1.3834
332	3.1368
333	3.6722
334	4.5445
335	4.2523
336	0.9232
337	4.2909
338	0.0711
339	4.3667
340	2.7968
341	2.1264
342	1.6201
343	0.3418
344	3.4718
345	2.6934
346	4.4605
347	0.4985
348	1.9562
349	4.2639
350	2.9204
351	0.4254
352	5.8731
353	4.0496
354	1.0881
355	2.7075
356	0.6799
357	3.2611
358	3.9111
359	2.4165
360	4.1076
361	4.056
362	3.1438
363	3.5551
364	0.9241
365	3.4326
366	3.9965
367	2.1483
368	3.8593
369	3.565
370	2.1483
371	3.9926
372	3.995
373	3.5196
374	0.7227
375	2.0575
376	2.3818
377	4.2504
378	3.5705
379	4.2759
380	0.5668
381	3.1719
382	0.5071
383	0.6415
384	1.63
385	1.4474
386	4.1668
387	3.0033
388	2.4015
389	4.8711
390	3.6429
391	0.9539
392	3.9155
393	3.1952
394	3.0213
395	4.5346
396	2.1592
397	3.8588
398	3.7807
399	4.1325
400	2.2567
401	1.3443
402	4.4918
403	2.7795
404	2.7743
405	1.5807
406	1.739
407	3.6288
408	0.6846
409	4.6671
410	2.4731
411	1.0092
412	2.6811
413	4.3275
414	4.3842
415	0.8331
416	3.7508
417	4.2475
418	2.8878
419	0.9727
420	4.2917
421	3.432
422	3.5691
423	2.631
424	3.8076
425	1.3129
426	1.2778
427	2.8137
428	4.0819
429	3.5665
430	2.1678
431	0.5734
432	4.3893
433	2.7734
434	0.1821
435	1.3713
436	3.2596
437	3.5768
438	4.4053
439	4.1953
440	1.1894
441	4.2338
442	0.1051
443	4.1988
444	2.7366
445	2.1813
446	1.6351
447	0.429
448	3.4129
449	3.3718
450	4.1566
451	0.3739
452	1.7207
453	4.1872
454	2.8523
455	0.3966
456	5.4797
457	4.0916
458	1.0172
459	2.6077
460	0.5484
461	3.2872
462	3.8397
463	2.088
464	4.1054
465	3.9349
466	3.4441
467	3.5676
468	0.8976
469	3.4866
470	3.9637
471	2.2068
472	3.8321
473	3.6702
474	1.9956
475	3.9718
476	4.0472
477	3.4611
478	0.7077
479	2.0884
480	2.3845
481	4.1937
482	3.5
483	4.2146
484	0.6905
485	3.0805
486	0.0252
487	0.4578
488	1.7547
489	1.2881
490	4.0787
491	3.6853
492	2.4614
493	5.0346
494	3.6024
495	0.9538
496	3.8848
497	3.4798
498	2.9634
499	4.5132
500	2.5918
501	3.8887
502	3.7054
503	3.9961
504	2.3372
505	1.052
506	4.3186
507	2.368
508	2.7317
509	1.7088
510	1.5778
511	3.5827
512	0.6637
513	4.6161
514	2.5332
515	0.8771
516	2.4705
517	4.0567
518	4.1932
519	0.9205
520	3.8582
521	4.0366
522	2.5313
523	0.744
524	4.3459
525	3.4255
526	3.3759
527	2.6194
528	3.779
529	0.9756
530	1.1528
531	2.8335
532	3.9646
533	3.5905
534	2.0166
535	0.5568
536	4.3285
537	2.916
538	0.2079
539	1.4747
540	3.3772
541	3.5174
542	4.3962
543	4.0832
544	0.944
545	4.2287
546	0.1984
547	4.0173
548	2.7093
549	2.1482
550	1.5501
551	0.3196
552	3.3312
553	2.5792
554	4.1825
555	0.3403
556	1.9269
557	4.1403
558	2.8665
559	0.3972
560	5.3407
561	4.0095
562	0.9151
563	2.5798
564	0.4748
565	3.1632
566	3.7365
567	2.2569
568	4.0445
569	3.8781
570	3.1249
571	3.4542
572	0.8854
573	2.7294
574	3.9487
575	2.1193
576	3.7202
577	3.5709
578	2.2345
579	3.935
580	4.0446
581	3.4661
582	0.5559
583	2.0434
584	2.5269
585	4.0672
586	3.5206
587	4.1572
588	0.8416
589	3.0085
590	0.0669
591	0.3363
592	1.608
593	1.3094
594	4.0185
595	2.8361
596	2.0807
597	4.8091
598	3.5782
599	0.8817
600	3.8448
601	3.6378
602	3.018
603	4.3004
604	2.3333
605	3.8131
606	3.6866
607	3.929
608	2.3591
609	0.9474
610	4.2444
611	1.8115
612	2.7247
613	1.0465
614	1.6085
615	3.5425
616	0.7785
617	4.5872
618	2.5119
619	0.978
620	2.461
621	4.0728
622	4.2393
623	0.775
624	3.7613
625	4.2189
626	2.5145
627	0.7604
628	4.3799
629	3.2548
630	3.3145
631	2.4062
632	3.708
633	0.7539
634	1.2981
635	2.7931
636	3.9468
637	3.3871
638	2.3137
639	0.4446
640	4.3155
641	2.9117
642	0.104
643	1.2678
644	3.0368
645	3.5837
646	4.45
647	4.1025
648	0.9478
649	4.1502
650	0.4084
651	3.9834
652	2.7935
653	2.1521
654	1.3616
655	0.3292
656	3.3783
657	3.2779
658	4.2178
659	0.4329
660	1.7973
661	4.1036
662	2.8011
663	0.3025
664	4.7403
665	4.0701
666	0.8317
667	2.617
668	0.5235
669	2.8616
670	3.6912
671	2.1707
672	3.9605
673	3.9247
674	3.1551
675	3.4933
676	0.8736
677	3.0299
678	3.8697
679	2.0987
680	3.7883
681	3.4722
682	2.1562
683	3.9291
684	3.9953
685	3.4749
686	0.7157
687	2.0357
688	2.384
689	4.0806
690	3.4495
691	4.0018
692	0.6681
693	3.1627
694	0.6021
695	0.6106
696	1.5203
697	1.2966
698	3.9972
699	2.575
700	2.3377
701	4.7048
702	3.4999
703	0.9114
704	3.773
705	3.4468
706	2.9099
707	4.3304
708	2.1817
709	3.7782
710	3.643
711	3.9098
712	2.43
713	1.0839
714	4.2373
715	1.9832
716	2.5988
717	1.3809
718	1.4974
719	3.5018
720	0.6323
721	4.5582
722	2.3021
723	1.1243
724	2.614
725	3.9095
726	4.2387
727	0.9604
728	3.7487
729	4.0876
730	2.6
731	0.7734
732	4.3237
733	3.3276
734	3.2391
735	2.477
736	3.6546
737	0.8763
738	1.082
739	2.7716
740	3.9161
741	3.5385
742	2.2049
743	0.4704
744	4.3465
745	2.6752
746	0.1787
747	1.0854
748	3.2589
749	3.4336
750	4.34
751	4.0761
752	0.9006
753	4.1525
754	0.0168
755	3.9889
756	2.5351
757	2.0423
758	1.6145
759	0.3361
760	3.2963
761	2.1026
762	4.3097
763	0.3616
764	1.7321
765	4.0545
766	2.7097
767	0.2993
768	4.9351
769	3.8834
770	0.9489
771	2.5771
772	0.5525
773	2.8102
774	3.7355
775	2.2747
776	4.0424
777	3.8928
778	3.0898
779	3.4058
780	0.9114
781	2.2716
782	3.8644
783	2.0615
784	3.6414
785	3.5153
786	2.1361
787	3.8127
788	3.8891
789	3.4299
790	0.6624
791	2.007
792	2.4712
793	3.9746
794	3.4935
795	4.082
796	0.4875
797	2.8617
798	0.1419
799	0.2116
800	1.4319
801	1.2745
802	3.9638
803	2.5915
804	2.3462
805	5.1132
806	3.5064
807	0.9349
808	3.7774
809	3.2932
810	2.9413
811	4.3949
812	2.4706
813	3.7356
814	3.6188
815	3.9104
816	2.2485
817	1.1653
818	4.1503
819	1.7368
820	2.7074
821	1.0096
822	1.7578
823	3.4887
824	0.545
825	4.5895
826	2.2458
827	0.5244
828	2.5804
829	3.8587
830	4.282
831	0.7309
832	3.6694
833	4.057
834	2.4671
835	0.5567
836	4.2299
837	3.4702
838	3.2807
839	2.5163
840	3.6325
841	0.6611
842	1.0749
843	2.7148
844	3.9363
845	3.4245
846	2.1527
847	0.4695
848	4.3133
849	2.6231
850	0.0922
851	1.133
852	3.0765
853	3.3587
854	4.4013
855	4.0679
856	0.9678
857	4.0842
858	0.0226
859	4.0311
860	2.6912
861	2.1546
862	1.7049
863	0.346
864	3.3172
865	2.3744
866	4.0831
867	0.3599
868	1.4128
869	4.0432
870	2.7015
871	0.2953
872	4.8796
873	3.9084
874	0.7667
875	2.6065
876	0.4933
877	3.1445
878	3.6927
879	1.9838
880	3.9729
881	3.9087
882	3.0297
883	3.442
884	0.8373
885	2.1753
886	3.8797
887	2.0874
888	3.6975
889	3.3824
890	2.0998
891	3.8435
892	3.7371
893	3.4756
894	0.6423
895	2.034
896	2.4113
897	3.9364
898	3.5022
899	4.1326
900	0.4386
901	2.4632
902	0.2072
903	0.4893
904	1.6295
905	1.3307
906	3.8852
907	2.8726
908	2.1955
909	4.5462
910	3.4386
911	0.8378
912	3.7412
913	3.2982
914	2.9956
915	4.3606
916	2.0817
917	3.6899
918	3.6941
919	3.8207
920	2.2017
921	1.067
922	4.323
923	1.6979
924	2.4735
925	0.8886
926	1.4964
927	3.4199
928	0.9101
929	4.5206
930	2.4653
931	0.9851
932	2.9136
933	4.0103
934	4.2063
935	0.8787
936	3.5936
937	4.0963
938	2.5028
939	0.6571
940	4.2251
941	2.8967
942	3.175
943	2.4276
944	3.6112
945	1.3365
946	1.2208
947	2.6586
948	3.8182
949	3.3895
950	1.9903
951	0.4426
952	4.1731
953	2.7755
954	0.0794
955	1.1278
956	2.8676
957	3.3116
958	4.3615
959	4.0094
960	0.9812
961	4.0668
962	0.0554
963	3.8018
964	2.5908
965	2.1184
966	1.3057
967	0.7608
968	3.2791
969	3.0265
970	4.3222
971	0.3259
972	1.3283
973	4.0255
974	2.7341
975	0.3056
976	4.6906
977	3.8643
978	0.8914
979	2.639
980	0.4213
981	2.8233
982	3.6556
983	1.8731
984	4.0024
985	3.8034
986	3.0508
987	3.4358
988	0.9173
989	1.5505
990	3.8933
991	2.0248
992	3.7057
993	3.4358
994	2.2661
995	3.8395
996	3.6651
997	3.3628
998	0.5505
999	1.9216
1000	2.3018
1001	3.9583
1002	3.3511
1003	4.011
1004	0.4537
1005	2.7708
1006	0.0954
1007	0.502
1008	1.3356
1009	1.266
1010	3.8864
1011	2.2983
1012	2.02
1013	4.4309
1014	3.4496
1015	0.7426
1016	3.7261
1017	2.9491
1018	2.8928
1019	4.4244
1020	2.6218
1021	3.6236
1022	3.5323
1023	3.8621
1024	2.2641
1025	0.7853
1026	4.3809
1027	2.2492
1028	2.5373
1029	1.029
1030	1.4844
1031	3.4219
1032	0.6441
1033	4.5221
1034	2.3131
1035	0.6266
1036	1.7138
1037	4.1132
1038	4.0918
1039	0.8284
1040	3.578
