Step	Loss
1	5.2182
2	3.2782
3	8.117
4	2.4775
5	2.2127
6	2.1698
7	4.6058
8	1.2217
9	2.7314
10	5.436
11	3.1417
12	1.8828
13	1.6345
14	4.8949
15	3.0643
16	2.5714
17	0.0875
18	1.8917
19	4.024
20	1.8642
21	1.8382
22	1.8606
23	3.2602
24	3.5569
25	2.7578
26	3.7886
27	2.8688
28	2.1796
29	2.6056
30	1.4355
31	2.7688
32	2.4092
33	2.9001
34	0.5655
35	0.5375
36	2.7514
37	1.721
38	2.7173
39	2.1924
40	2.5213
41	2.45
42	2.3768
43	1.4461
44	2.5664
45	3.3365
46	3.0978
47	1.4887
48	3.2833
49	2.0191
50	0.5729
51	2.7395
52	1.4602
53	2.6975
54	3.097
55	1.6075
56	2.0618
57	3.3768
58	1.9793
59	2.9453
60	2.4719
61	1.482
62	2.2155
63	3.8107
64	3.0534
65	3.3583
66	1.538
67	3.3079
68	0.7395
69	1.1991
70	0.6069
71	3.0739
72	1.901
73	2.8439
74	1.5755
75	1.518
76	0.5586
77	1.8315
78	2.7602
79	0.7318
80	0.8394
81	3.503
82	2.3169
83	3.7671
84	1.4001
85	2.8563
86	1.416
87	1.7351
88	2.3097
89	3.7156
90	0.129
91	3.6441
92	3.7282
93	2.2467
94	0.4175
95	3.0861
96	2.4045
97	3.4482
98	2.6069
99	0.3119
100	1.4581
101	0.8384
102	2.6252
103	3.1179
104	0.3944
105	3.741
106	2.9156
107	2.3096
108	2.1898
109	1.812
110	1.6947
111	3.71
112	0.9378
113	1.8661
114	4.8819
115	2.762
116	1.1856
117	1.2897
118	4.1575
119	2.6913
120	1.5026
121	0.0734
122	1.8062
123	3.2808
124	1.6281
125	1.7105
126	1.6343
127	3.0626
128	3.2138
129	2.5885
130	3.4851
131	2.6671
132	1.9375
133	2.2844
134	0.9469
135	2.6554
136	2.1939
137	2.7447
138	0.4517
139	0.0928
140	2.5712
141	1.6143
142	2.2321
143	1.9758
144	2.3683
145	2.2859
146	2.2052
147	1.3328
148	2.1796
149	3.199
150	2.8342
151	1.0471
152	3.2768
153	1.8955
154	0.5128
155	2.5999
156	1.3799
157	2.6589
158	2.8989
159	1.4798
160	1.8826
161	2.8967
162	1.842
163	2.66
164	2.0129
165	1.2052
166	2.0227
167	3.2358
168	2.9436
169	3.2062
170	1.3182
171	2.9872
172	0.5188
173	0.4893
174	0.3602
175	2.9457
176	1.4563
177	2.7847
178	1.4039
179	1.2494
180	0.4939
181	1.7088
182	2.6697
183	0.7315
184	0.5609
185	3.3886
186	2.2774
187	3.7138
188	0.9528
189	2.8177
190	1.3374
191	1.5773
192	2.1978
193	3.5965
194	0.1323
195	3.4293
196	3.3337
197	2.1916
198	0.153
199	2.9341
200	2.2225
201	3.335
202	2.521
203	0.1466
204	1.3355
205	0.8026
206	2.4963
207	2.9415
208	0.3807
209	3.1611
210	2.897
211	1.6476
212	2.0945
213	1.7337
214	1.4143
215	3.0876
216	0.5475
217	1.6957
218	4.4792
219	2.6114
220	1.2503
221	1.0313
222	3.7894
223	2.5416
224	1.0998
225	0.0722
226	1.6777
227	3.1449
228	1.4914
229	1.4044
230	1.3589
231	2.9816
232	3.2357
233	2.5026
234	3.2124
235	2.5708
236	1.8437
237	2.1967
238	0.4834
239	2.6512
240	2.1649
241	2.6417
242	0.435
243	0.0859
244	2.439
245	1.5493
246	2.1048
247	1.8751
248	2.3427
249	2.2149
250	2.0776
251	1.1029
252	1.9088
253	3.1859
254	2.8346
255	0.7693
256	3.1297
257	1.807
258	0.5107
259	2.5
260	1.2951
261	2.1379
262	2.6132
263	1.3493
264	1.8073
265	2.4681
266	1.786
267	2.4789
268	1.665
269	1.2237
270	1.9587
271	2.6239
272	2.8727
273	3.1381
274	1.1351
275	2.8097
276	0.5026
277	0.2196
278	0.218
279	2.884
280	1.1844
281	2.5784
282	1.3985
283	1.2415
284	0.4787
285	1.4216
286	2.6334
287	0.6806
288	0.5088
289	3.3432
290	2.0527
291	3.6492
292	0.4493
293	2.6501
294	1.2739
295	1.5062
296	2.0881
297	3.4702
298	0.0347
299	3.3705
300	3.102
301	2.1135
302	0.0902
303	2.873
304	2.2235
305	3.2905
306	2.5592
307	0.0783
308	1.2231
309	0.7907
310	2.3779
311	2.8331
312	0.3555
313	2.7344
314	2.8187
315	0.248
316	2.0941
317	1.6805
318	1.2639
319	2.3383
320	0.1766
321	1.6096
322	4.1157
323	2.5515
324	1.0528
325	0.9539
326	3.2991
327	2.5226
328	1.078
329	0.0615
330	1.6839
331	2.933
332	1.4352
333	1.2841
334	1.1977
335	2.928
336	3.2759
337	2.3367
338	3.2085
339	2.3621
340	1.6415
341	2.0518
342	0.4586
343	2.5614
344	2.0293
345	2.6751
346	0.4132
347	0.0611
348	2.3864
349	1.3763
350	1.9753
351	1.6329
352	2.2582
353	2.1772
354	2.0509
355	0.8985
356	1.579
357	3.0511
358	2.7226
359	0.5999
360	3.0749
361	1.7431
362	0.4845
363	2.4588
364	1.2185
365	2.3023
366	2.536
367	1.3906
368	1.7735
369	2.5678
370	1.6627
371	2.4278
372	1.3406
373	0.9787
374	1.888
375	2.5064
376	2.7671
377	3.0606
378	1.1615
379	2.5364
380	0.3997
381	0.3383
382	0.2569
383	2.8223
384	0.9499
385	2.4706
386	0.9966
387	1.0963
388	0.489
389	1.2728
390	2.5894
391	0.464
392	0.4017
393	3.2072
394	1.7907
395	3.6161
396	0.2706
397	2.5924
398	1.1785
399	1.3992
400	1.9593
401	3.2348
402	0.1569
403	3.0774
404	2.9414
405	2.0267
406	0.0566
407	2.6012
408	2.08
409	3.2222
410	2.3767
411	0.147
412	1.1325
413	0.832
414	2.2827
415	2.7235
416	0.2382
417	2.5917
418	2.6572
419	0.0132
420	1.9989
421	1.5961
422	1.1062
423	1.9864
424	0.1928
425	1.4002
426	3.2767
427	2.4719
428	0.9105
429	0.7631
430	3.1316
431	2.4552
432	1.0171
433	0.0689
434	1.6009
435	2.5714
436	1.1958
437	1.1526
438	1.0695
439	2.8944
440	3.1664
441	2.3055
442	2.6532
443	2.2593
444	1.7005
445	1.8803
446	0.3011
447	2.4334
448	1.9527
449	2.5945
450	0.3988
451	0.0763
452	2.301
453	1.2836
454	1.7261
455	1.7377
456	2.1628
457	2.0541
458	1.9583
459	0.7607
460	1.7287
461	3.0526
462	2.6531
463	0.4945
464	2.9332
465	1.6235
466	0.4721
467	2.4275
468	1.1501
469	2.0182
470	2.3138
471	1.165
472	1.6855
473	2.4085
474	1.6675
475	2.3156
476	1.2372
477	0.6717
478	1.8295
479	2.1925
480	2.7722
481	3.0166
482	1.0486
483	2.5808
484	0.2038
485	0.0252
486	0.2398
487	2.7826
488	0.9482
489	2.376
490	0.9058
491	1.0724
492	0.4667
493	1.2743
494	2.5293
495	0.4589
496	0.3412
497	3.0727
498	1.5507
499	3.4919
500	0.1482
501	2.5049
502	1.1278
503	1.397
504	1.94
505	3.1798
506	0.044
507	2.8766
508	2.7902
509	1.9927
510	0.075
511	2.6278
512	2.0053
513	3.1697
514	2.3266
515	0.1424
516	1.0916
517	0.8108
518	2.2191
519	2.7123
520	0.1287
521	1.8063
522	2.6347
523	0.0166
524	1.8392
525	1.476
526	1.0529
527	1.5423
528	0.3301
529	1.3715
530	2.3718
531	2.3759
532	0.9109
533	0.6399
534	2.6727
535	2.4374
536	0.7218
537	0.0515
538	1.5695
539	2.5278
540	1.0261
541	1.1327
542	1.0188
543	2.8475
544	3.1298
545	2.2487
546	2.3938
547	2.1899
548	1.6942
549	1.9706
550	0.154
551	2.404
552	1.8721
553	2.6415
554	0.3514
555	0.046
556	2.2644
557	1.2028
558	1.842
559	1.628
560	2.0802
561	1.9918
562	1.8036
563	0.7453
564	1.2327
565	2.9933
566	2.6676
567	0.3418
568	2.983
569	1.6105
570	0.4556
571	2.4095
572	1.0654
573	1.8469
574	2.0526
575	1.1716
576	1.69
577	2.0851
578	1.5204
579	2.1858
580	0.9284
581	0.6294
582	1.7968
583	1.595
584	2.7842
585	2.9543
586	1.0231
587	2.3556
588	0.2224
589	0.0789
590	0.2339
591	2.7354
592	0.7794
593	2.2814
594	0.8398
595	1.0602
596	0.4245
597	1.2965
598	2.4794
599	0.4927
600	0.2654
601	3.09
602	1.6182
603	3.4723
604	0.0275
605	2.4409
606	1.1618
607	1.3091
608	1.8735
609	3.1495
610	0.0152
611	2.7163
612	2.6484
613	1.9874
614	0.0504
615	2.4526
616	2.099
617	2.9352
618	2.2673
619	0.1661
620	1.1141
621	0.7337
622	2.1489
623	2.6163
624	0.0651
625	1.7254
626	2.5121
627	0.0025
628	1.7933
629	1.2097
630	0.8261
631	1.1918
632	0.0812
633	1.085
634	1.7467
635	2.3882
636	0.8476
637	0.5765
638	2.2988
639	2.3045
640	0.5564
641	0.0335
642	1.5519
643	2.302
644	1.0237
645	1.0713
646	0.9553
647	2.7868
648	3.0589
649	2.07
650	2.1758
651	2.1803
652	1.6213
653	1.8296
654	0.1527
655	2.3192
656	1.9245
657	2.5921
658	0.3513
659	0.0396
660	2.2013
661	1.2005
662	1.5312
663	1.5856
664	2.1263
665	1.978
666	1.7683
667	0.579
668	1.121
669	2.914
670	2.6073
671	0.313
672	2.8672
673	1.5737
674	0.418
675	2.316
676	0.987
677	1.5872
678	2.0201
679	1.0219
680	1.5405
681	1.8678
682	1.4059
683	2.1865
684	0.9693
685	0.5383
686	1.7679
687	1.7387
688	2.7093
689	2.958
690	0.939
691	2.1583
692	0.1184
693	0.0129
694	0.1279
695	2.6535
696	0.7212
697	2.2515
698	0.6205
699	1.1311
700	0.4115
701	1.1467
702	2.5028
703	0.4082
704	0.3123
705	3.0636
706	1.323
707	3.4412
708	0.0073
709	2.2989
710	1.1556
711	1.3458
712	1.8967
713	3.054
714	0.148
715	2.4313
716	2.4704
717	1.9317
718	0.033
719	2.3822
720	1.95
721	2.8649
722	2.2138
723	0.0452
724	1.0216
725	0.7697
726	2.1278
727	2.6015
728	0.1652
729	0.9857
730	2.5424
731	0.0023
732	1.8614
733	1.2551
734	0.7723
735	0.0965
736	0.0577
737	0.9139
738	1.3567
739	2.3385
740	0.7185
741	0.5259
742	2.2839
743	2.3097
744	0.4273
745	0.0629
746	1.4978
747	2.2431
748	0.6405
749	0.8456
750	0.7948
751	2.7663
752	2.939
753	2.0205
754	2.0445
755	2.1032
756	1.5139
757	1.7305
758	0.0913
759	2.245
760	1.8297
761	2.5113
762	0.3635
763	0.0159
764	2.1257
765	1.1783
766	1.2555
767	1.4302
768	1.9842
769	1.9448
770	1.7341
771	0.3818
772	0.9177
773	2.9483
774	2.5275
775	0.2201
776	2.8797
777	1.4153
778	0.4086
779	2.3008
780	0.9848
781	1.4174
782	2.0727
783	1.0064
784	1.5734
785	1.8208
786	1.2998
787	2.0566
788	0.6577
789	0.3562
790	1.6714
791	1.3113
792	2.6521
793	2.9016
794	0.8229
795	2.2311
796	0.1762
797	0.0857
798	0.1398
799	2.6122
800	0.5742
801	2.1247
802	0.5329
803	0.9093
804	0.4341
805	0.9177
806	2.4492
807	0.3769
808	0.2121
809	2.9402
810	1.088
811	3.436
812	0.0103
813	2.3236
814	1.0878
815	1.2132
816	1.8181
817	2.9316
818	0.0314
819	2.2817
820	2.4742
821	1.8696
822	0.0416
823	2.3454
824	1.9118
825	2.8945
826	2.1487
827	0.1192
828	0.9459
829	0.7091
830	2.1392
831	2.5397
832	0.1336
833	1.107
834	2.5197
835	0.0041
836	1.7469
837	1.0709
838	0.7009
839	0.2425
840	0.0237
841	0.6677
842	1.355
843	2.2485
844	0.7966
845	0.1844
846	1.7682
847	2.3283
848	0.2975
849	0.0436
850	1.5069
851	2.0362
852	0.5711
853	0.8163
854	0.8164
855	2.6822
856	2.9615
857	1.9374
858	1.688
859	2.0942
860	1.3268
861	1.6723
862	0.0844
863	2.2783
864	1.7359
865	2.5035
866	0.3042
867	0.0219
868	2.0547
869	1.027
870	1.1351
871	1.4541
872	1.9023
873	1.8386
874	1.6439
875	0.1986
876	0.8253
877	2.9109
878	2.448
879	0.1915
880	2.7259
881	1.4432
882	0.4346
883	2.2613
884	0.9712
885	1.1748
886	1.9645
887	1.0392
888	1.4712
889	1.6469
890	1.2148
891	2.0813
892	0.6319
893	0.2233
894	1.6812
895	1.2572
896	2.6614
897	2.8497
898	0.8859
899	2.061
900	0.1974
901	0.0455
902	0.1818
903	2.5851
904	0.4701
905	2.0848
906	0.5191
907	0.7494
908	0.4145
909	0.9369
910	2.4031
911	0.3035
912	0.3284
913	2.8899
914	0.881
915	3.32
916	0.0064
917	2.1633
918	1.0563
919	1.1967
920	1.7252
921	2.8506
922	0.0515
923	2.2828
924	2.3035
925	1.8859
926	0.0329
927	2.2489
928	1.8695
929	2.8623
930	2.1138
931	0.0646
932	0.9851
933	0.6533
934	2.047
935	2.4911
936	0.027
937	1.0331
938	2.4083
939	0.007
940	1.6435
941	1.1692
942	0.6427
943	0.1244
944	0.0422
945	0.6943
946	0.6028
947	2.3739
948	0.5369
949	0.222
950	1.7349
951	2.2997
952	0.1724
953	0.0366
954	1.5151
955	1.8592
956	0.6513
957	0.8264
958	0.5219
959	2.707
960	2.8944
961	1.8581
962	1.4654
963	1.9364
964	1.3036
965	1.5761
966	0.0582
967	2.1196
968	1.6806
969	2.4724
970	0.3288
971	0.0146
972	2.0353
973	1.1602
974	1.0424
975	1.3145
976	1.8588
977	1.8214
978	1.5653
979	0.1851
980	0.8529
981	2.8922
982	2.4519
983	0.2559
984	2.708
985	1.3032
986	0.4062
987	2.2203
988	0.8854
989	0.9563
990	1.8672
991	0.9422
992	1.4607
993	1.3312
994	1.3013
995	2.119
996	0.506
997	0.2811
998	1.6374
999	1.1662
1000	2.6194
1001	2.8088
1002	0.7422
1003	1.9793
1004	0.0949
1005	0.0066
1006	0.1242
1007	2.5118
1008	0.3811
1009	1.9902
1010	0.4653
1011	0.8781
1012	0.4127
1013	0.8159
1014	2.4488
1015	0.3201
1016	0.2321
1017	2.8413
1018	0.7562
1019	3.3006
1020	0.0213
1021	2.2249
1022	0.9798
1023	1.1258
1024	1.7373
1025	2.6805
1026	0.0045
1027	2.0375
1028	2.1555
1029	1.8165
1030	0.0311
1031	2.1456
1032	1.7996
1033	2.6567
1034	2.0351
1035	0.0734
1036	0.9563
1037	0.7632
1038	2.0903
1039	2.4715
1040	0.0376
