Step	Loss(S)	Loss(T)	fwd_S	fwd_T	rev_S	rev_T
1	0.0	4.956	3.03	4.956	4.176	5.907
2	0.0	4.149	1.815	4.149	1.721	4.765
3	0.0	3.245	1.604	3.245	1.475	2.932
4	0.0	3.792	3.338	3.792	3.632	4.228
5	0.0	3.119	3.267	3.119	3.123	2.797
6	0.0	2.663	2.381	2.663	2.257	2.874
7	0.0	2.89	4.303	2.89	4.2	2.435
8	0.0	1.796	2.693	1.796	2.85	2.053
9	0.0	2.051	2.681	2.051	2.762	2.212
10	0.0	3.433	3.115	3.433	2.873	3.629
11	0.0	1.939	2.507	1.939	3.14	2.206
12	0.0	2.526	2.816	2.526	3.113	2.838
13	0.0	1.981	1.532	1.981	1.824	2.146
14	0.0	1.892	2.348	1.892	2.496	1.879
15	0.0	1.704	2.203	1.704	2.151	1.75
16	0.0	2.29	2.735	2.29	3.09	2.476
17	0.0	1.719	2.012	1.719	2.059	1.825
18	0.0	0.9909	1.408	0.9909	1.172	0.98
19	0.0	2.078	2.474	2.078	2.799	2.277
20	0.0	2.179	1.585	2.179	1.623	1.774
21	0.0	1.492	0.8122	1.492	0.9469	1.701
22	0.0	2.091	1.369	2.091	1.557	2.385
23	0.0	2.128	2.314	2.128	2.233	2.469
24	0.0	2.35	1.084	2.35	1.19	2.648
25	0.0	1.645	1.666	1.645	1.852	1.799
26	0.0	1.95	1.594	1.95	1.696	2.172
27	0.0	2.123	2.057	2.123	2.144	2.237
28	0.0	1.447	1.278	1.447	1.392	1.366
29	0.0	1.973	1.899	1.973	2.017	1.889
30	0.0	1.634	1.185	1.634	1.197	1.961
31	0.0	1.835	1.605	1.835	1.887	2.349
32	0.0	2.054	1.499	2.054	1.62	2.069
33	0.0	2.016	1.7	2.016	1.908	2.316
34	0.0	1.114	1.284	1.114	1.494	1.219
35	0.0	1.603	1.576	1.603	1.886	1.904
36	0.0	1.592	1.515	1.592	1.707	1.726
37	0.0	1.814	1.555	1.814	2.013	2.497
38	0.0	1.164	1.149	1.164	1.349	1.407
39	0.0	2.506	2.093	2.506	1.594	1.881
40	0.0	1.196	1.095	1.196	1.144	1.35
41	0.0	1.213	1.481	1.213	1.844	1.437
42	0.0	0.8973	1.287	0.8973	1.331	1.096
43	0.0	1.054	0.9472	1.054	1.148	1.24
44	0.0	1.706	0.7967	1.706	0.7577	1.381
45	0.0	1.194	1.348	1.194	1.708	1.372
46	0.0	1.592	1.79	1.592	2.329	2.222
47	0.0	0.9413	0.7973	0.9413	0.9726	1.248
48	0.0	1.006	1.217	1.006	1.533	1.201
49	0.0	1.694	1.263	1.694	1.66	2.011
50	0.0	0.7378	1.153	0.7378	1.459	0.8914
51	0.0	1.311	1.344	1.311	1.639	1.524
52	0.0	0.763	1.252	0.763	1.618	0.909
53	0.0	1.159	1.274	1.159	1.605	1.391
54	0.0	0.8835	1.142	0.8835	1.388	1.103
55	0.0	1.188	1.144	1.188	1.47	1.498
56	0.0	1.314	1.02	1.314	1.35	1.712
57	0.0	1.103	1.032	1.103	1.235	1.189
58	0.0	1.163	1.079	1.163	1.376	1.596
59	0.0	0.8802	1.412	0.8802	1.802	0.8792
60	0.0	0.5802	0.939	0.5802	1.043	0.6267
61	0.0	1.422	1.078	1.422	1.335	1.866
62	0.0	1.012	0.985	1.012	1.249	1.175
63	0.0	0.6742	1.307	0.6742	1.733	0.7838
64	0.0	1.3	0.9798	1.3	1.108	1.59
65	0.0	1.24	0.7789	1.24	1.022	1.529
66	0.0	0.8772	0.9967	0.8772	1.372	1.084
67	0.0	0.7193	1.301	0.7193	1.383	0.7235
68	0.0	1.112	1.281	1.112	1.523	1.514
69	0.0	1.037	0.8927	1.037	1.016	1.132
70	0.0	1.034	1.037	1.034	1.339	1.272
71	0.0	1.089	1.082	1.089	1.267	1.269
72	0.0	1.204	0.8216	1.204	0.8606	1.128
73	0.0	1.235	1.214	1.235	1.357	1.331
74	0.0	0.6081	1.276	0.6081	1.618	0.651
75	0.0	1.13	0.5501	1.13	0.6161	1.173
76	0.0	1.028	1.026	1.028	1.315	1.247
77	0.0	1.316	1.143	1.316	1.487	1.683
78	0.0	0.682	0.9586	0.682	0.9601	0.6684
79	0.0	1.183	1.146	1.183	1.493	1.523
80	0.0	0.6925	0.8101	0.6925	0.9515	0.8175
81	0.0	1.126	1.125	1.126	1.309	1.486
82	0.0	1.107	0.8683	1.107	0.9335	1.137
83	0.0	1.222	1.278	1.222	1.633	1.483
84	0.0	0.6155	0.781	0.6155	0.9219	0.7346
85	0.0	1.016	0.8833	1.016	1.114	1.221
86	0.0	1.193	0.6409	1.193	0.8805	1.557
87	0.0	1.134	1.162	1.134	1.399	1.566
88	0.0	0.9363	0.7632	0.9363	0.7343	1.17
89	0.0	1.196	1.102	1.196	1.493	1.54
90	0.0	0.946	0.7478	0.946	0.9243	1.132
91	0.0	1.016	0.8199	1.016	0.9111	1.275
92	0.0	1.251	1.091	1.251	1.513	1.513
93	0.0	0.7495	0.6933	0.7495	0.7744	0.8656
94	0.0	1.096	0.9435	1.096	1.158	1.349
95	0.0	0.8757	0.7312	0.8757	0.8498	1.037
96	0.0	0.8626	0.8824	0.8626	1.149	1.05
97	0.0	0.8024	1.035	0.8024	1.381	0.9804
98	0.0	1.085	0.8409	1.085	1.167	1.441
99	0.0	1.075	1.2	1.075	1.626	1.46
100	0.0	0.8596	0.9137	0.8596	1.275	1.136
101	0.0	0.8994	0.6838	0.8994	0.8407	1.289
102	0.0	0.6421	0.4415	0.6421	0.4451	0.7712
103	0.0	0.9758	1.059	0.9758	1.366	1.201
104	0.0	1.055	1.171	1.055	1.492	1.216
105	0.0	0.9655	0.853	0.9655	1.012	1.225
106	0.0	1.125	1.166	1.125	1.547	1.395
107	0.0	0.8369	0.7634	0.8369	0.7824	0.8862
108	0.0	1.021	0.7323	1.021	0.8384	1.331
109	0.0	0.8614	0.8185	0.8614	0.8987	1.035
110	0.0	0.7953	0.7722	0.7953	0.9239	0.9587
111	0.0	0.9889	1.008	0.9889	1.105	1.114
112	0.0	1.06	1.116	1.06	1.283	1.236
113	0.0	0.6961	0.76	0.6961	0.8094	0.8311
114	0.0	1.242	1.333	1.242	1.488	1.532
115	0.0	0.9739	0.8801	0.9739	1.07	1.32
116	0.0	0.4883	0.5567	0.4883	0.5921	0.571
117	0.0	0.7774	0.8747	0.7774	1.098	1.078
118	0.0	0.6735	0.8197	0.6735	1.075	0.7522
119	0.0	0.815	0.9518	0.815	1.13	0.9321
120	0.0	1.173	1.086	1.173	1.386	1.399
121	0.0	0.9748	1.055	0.9748	1.332	1.297
122	0.0	0.6327	0.847	0.6327	0.8735	0.711
123	0.0	0.8424	0.8296	0.8424	1.04	1.112
124	0.0	1.038	0.855	1.038	0.9534	1.18
125	0.0	1.039	0.835	1.039	1.023	1.212
126	0.0	0.9823	0.7586	0.9823	0.8801	1.224
127	0.0	0.9449	1.078	0.9449	1.246	1.057
128	0.0	1.083	0.5444	1.083	0.6026	1.443
129	0.0	0.5167	0.8486	0.5167	1.035	0.5673
130	0.0	0.752	0.8249	0.752	1.066	0.8853
131	0.0	1.016	1.052	1.016	1.363	1.166
132	0.0	0.9967	0.8925	0.9967	1.191	1.165
133	0.0	0.9823	0.9713	0.9823	1.31	1.151
134	0.0	1.025	0.9395	1.025	1.062	1.306
135	0.0	0.6325	0.4287	0.6325	0.4485	0.7623
136	0.0	0.9939	1.032	0.9939	1.243	1.318
137	0.0	0.9121	0.4544	0.9121	0.5151	1.055
138	0.0	0.8578	0.7143	0.8578	0.88	1.099
139	0.0	0.9708	0.8014	0.9708	0.9889	1.197
140	0.0	0.9709	0.9526	0.9709	1.297	1.371
141	0.0	1.05	0.9846	1.05	1.239	1.331
142	0.0	0.4094	0.8019	0.4094	0.9766	0.4949
143	0.0	0.9127	0.7926	0.9127	0.9108	1.015
144	0.0	0.6745	0.7774	0.6745	0.9438	0.8681
145	0.0	1.105	1.074	1.105	1.346	1.433
146	0.0	0.6191	0.8835	0.6191	1.146	0.7056
147	0.0	0.7947	1.288	0.7947	1.638	1.04
148	0.0	0.9885	0.7183	0.9885	0.8147	1.192
149	0.0	0.773	1.091	0.773	1.298	0.941
150	0.0	1.071	0.902	1.071	1.265	1.553
151	0.0	0.918	0.4492	0.918	0.5241	0.978
152	0.0	0.8495	0.7297	0.8495	0.8219	0.9877
153	0.0	0.9822	1.122	0.9822	1.295	1.176
154	0.0	0.7756	0.6035	0.7756	0.6559	0.9544
155	0.0	0.9044	0.8758	0.9044	1.198	1.119
156	0.0	0.5727	0.6567	0.5727	0.7891	0.734
157	0.0	0.8858	0.9342	0.8858	1.218	1.093
158	0.0	0.8076	0.6768	0.8076	0.8425	0.9284
159	0.0	1.046	1.082	1.046	1.302	1.317
160	0.0	0.7347	0.8635	0.7347	1.146	0.8978
161	0.0	0.6907	0.7303	0.6907	0.8051	0.8001
162	0.0	0.7023	0.8421	0.7023	1.043	0.8224
163	0.0	0.9444	0.7709	0.9444	1.007	1.184
164	0.0	0.7479	0.7317	0.7479	0.7385	0.7473
165	0.0	1.3	0.8204	1.3	1.058	1.649
166	0.0	0.9849	0.8025	0.9849	0.967	1.09
167	0.0	0.8674	0.9654	0.8674	1.292	1.103
168	0.0	0.9539	1.008	0.9539	1.26	1.229
169	0.0	0.8919	0.9757	0.8919	1.148	1.125
170	0.0	0.9999	0.7709	0.9999	0.9989	1.324
171	0.0	0.5132	0.7945	0.5132	0.9421	0.5386
172	0.0	1.062	0.7329	1.062	0.9134	1.377
173	0.0	0.7994	0.482	0.7994	0.5469	0.938
174	0.0	0.9824	0.8239	0.9824	1.014	1.214
175	0.0	1.001	1.037	1.001	1.211	1.158
176	0.0	0.8113	0.7978	0.8113	0.9326	0.9388
177	0.0	0.8751	0.7339	0.8751	0.8594	1.237
178	0.0	1.052	0.8834	1.052	1.067	1.305
179	0.0	1.162	0.7765	1.162	0.8793	1.136
180	0.0	0.6017	0.8842	0.6017	1.106	0.8291
181	0.0	0.4232	0.7663	0.4232	0.958	0.4277
182	0.0	0.7871	0.6223	0.7871	0.6721	0.829
183	0.0	1.018	1.186	1.018	1.421	1.224
184	0.0	0.9583	0.5497	0.9583	0.6785	1.23
185	0.0	0.5609	0.6384	0.5609	0.7636	0.611
186	0.0	0.9742	0.8064	0.9742	0.8744	1.149
187	0.0	1.017	0.7015	1.017	0.8495	1.264
188	0.0	0.5232	0.9047	0.5232	1.191	0.622
189	0.0	0.7742	0.8432	0.7742	1.112	0.8417
190	0.0	0.8443	0.869	0.8443	1.112	1.113
191	0.0	1.009	0.9479	1.009	1.336	1.313
192	0.0	0.5693	0.5806	0.5693	0.559	0.6423
193	0.0	0.8869	0.676	0.8869	0.8156	1.312
194	0.0	0.9656	0.6746	0.9656	0.7958	1.141
195	0.0	0.7717	0.8164	0.7717	0.9492	0.9174
196	0.0	0.6493	0.9988	0.6493	1.337	0.8064
197	0.0	0.6613	0.7576	0.6613	0.7578	0.7404
198	0.0	0.907	0.5778	0.907	0.6997	1.111
199	0.0	0.8818	0.8753	0.8818	1.042	1.146
200	0.0	0.6235	0.8912	0.6235	1.154	0.7169
201	0.0	0.9116	0.6627	0.9116	0.8236	1.169
202	0.0	0.8452	0.9046	0.8452	1.249	1.064
203	0.0	1.017	1.032	1.017	1.362	1.31
204	0.0	0.8645	0.817	0.8645	1.009	1.139
205	0.0	0.6724	0.6294	0.6724	0.7948	0.8709
206	0.0	0.5511	0.7288	0.5511	0.7954	0.6983
207	0.0	0.8164	0.888	0.8164	1.036	0.9622
208	0.0	0.8297	0.7203	0.8297	0.879	0.9918
209	0.0	0.77	0.5786	0.77	0.6267	0.8693
210	0.0	0.9936	1.032	0.9936	1.193	1.199
211	0.0	0.6936	0.4739	0.6936	0.5568	0.7594
212	0.0	0.8059	0.9338	0.8059	1.164	0.9791
213	0.0	0.6925	0.6943	0.6925	0.8556	1.054
214	0.0	0.7181	0.6335	0.7181	0.7212	0.861
215	0.0	0.5475	0.8031	0.5475	0.8497	0.6844
216	0.0	0.9164	0.6451	0.9164	0.7501	1.1
217	0.0	0.7271	0.4886	0.7271	0.5626	0.9295
218	0.0	1.153	1.124	1.153	1.498	1.332
219	0.0	0.682	0.6211	0.682	0.7106	0.9197
220	0.0	0.8406	0.929	0.8406	1.23	1.105
221	0.0	0.8324	0.4832	0.8324	0.5519	1.135
222	0.0	0.7769	0.9687	0.7769	1.185	0.9806
223	0.0	0.6522	0.6141	0.6522	0.7241	0.742
224	0.0	0.8326	0.8411	0.8326	1.065	1.031
225	0.0	1.106	0.7486	1.106	0.9207	1.266
226	0.0	0.3852	0.7844	0.3852	0.9	0.4533
227	0.0	0.4523	0.7755	0.4523	0.9437	0.5378
228	0.0	0.6578	0.6399	0.6578	0.7952	0.7841
229	0.0	0.7672	0.8262	0.7672	1.087	0.933
230	0.0	0.9239	0.721	0.9239	0.9006	1.1
231	0.0	0.956	0.9533	0.956	1.102	1.12
232	0.0	0.8348	1.074	0.8348	1.232	1.026
233	0.0	0.6708	0.8152	0.6708	1.045	0.8161
234	0.0	0.8929	0.9152	0.8929	1.142	1.095
235	0.0	0.9259	0.9439	0.9259	1.058	1.226
236	0.0	0.6923	0.8048	0.6923	1.025	0.7941
237	0.0	0.854	0.8207	0.854	0.9963	0.9812
238	0.0	0.9383	0.6807	0.9383	0.7817	1.161
239	0.0	0.926	0.6348	0.926	0.774	1.274
240	0.0	0.8948	0.923	0.8948	1.126	1.082
241	0.0	0.8552	0.859	0.8552	1.054	1.077
242	0.0	0.7418	0.6484	0.7418	0.7803	0.8955
243	0.0	0.5974	1.036	0.5974	1.202	0.7295
244	0.0	0.7035	0.7817	0.7035	0.958	0.8224
245	0.0	0.9358	0.7698	0.9358	1.017	1.171
246	0.0	0.5424	0.6869	0.5424	0.8681	0.6359
247	0.0	0.7436	0.856	0.7436	0.9173	0.8736
248	0.0	0.427	0.5907	0.427	0.6891	0.5127
249	0.0	0.968	1.016	0.968	1.16	1.217
250	0.0	0.5528	0.932	0.5528	1.104	0.6147
251	0.0	0.526	0.6835	0.526	0.7999	0.6312
252	0.0	0.7075	0.7447	0.7075	0.9765	0.8791
253	0.0	0.7744	0.8416	0.7744	1.063	0.9534
254	0.0	0.7777	0.986	0.7777	1.231	1.205
255	0.0	0.5648	0.8354	0.5648	1.003	0.6533
256	0.0	0.9382	0.7693	0.9382	0.9165	1.185
257	0.0	1.052	1.068	1.052	1.254	1.223
258	0.0	0.7343	0.6169	0.7343	0.7399	0.8583
259	0.0	0.8159	0.8232	0.8159	0.9817	1.093
260	0.0	0.8522	0.7363	0.8522	0.9282	1.083
261	0.0	0.799	0.8328	0.799	1.103	0.9476
262	0.0	0.8312	0.6952	0.8312	0.8162	1.004
263	0.0	0.7789	0.8936	0.7789	1.065	0.9882
264	0.0	1.03	0.9088	1.03	1.161	1.268
265	0.0	0.5964	0.5782	0.5964	0.6428	0.6527
266	0.0	0.8495	0.8059	0.8495	0.9004	0.9329
267	0.0	0.5513	0.9779	0.5513	1.234	0.6126
268	0.0	0.5427	0.6619	0.5427	0.8283	0.6399
269	0.0	0.9755	0.6813	0.9755	0.7815	1.349
270	0.0	0.7215	0.7903	0.7215	1.015	0.9182
271	0.0	0.8678	0.7039	0.8678	0.8387	1.125
272	0.0	0.8393	0.9429	0.8393	1.199	0.9595
273	0.0	0.7204	0.6654	0.7204	0.7909	0.9051
274	0.0	0.7214	0.6449	0.7214	0.7572	0.9194
275	0.0	0.7973	0.8064	0.7973	0.9476	0.9434
276	0.0	0.825	0.8858	0.825	1.065	0.9823
277	0.0	0.729	0.7202	0.729	0.8787	0.8492
278	0.0	0.7403	0.9345	0.7403	1.177	0.9385
279	0.0	0.7664	0.612	0.7664	0.6858	1.001
280	0.0	0.6092	0.6921	0.6092	0.7501	0.6954
281	0.0	0.8056	0.7018	0.8056	0.8228	1.045
282	0.0	0.6828	0.8004	0.6828	0.9652	0.8246
283	0.0	0.846	0.687	0.846	0.8345	0.9729
284	0.0	0.634	0.6835	0.634	0.836	0.7768
285	0.0	0.7331	0.8464	0.7331	0.989	0.885
286	0.0	0.6407	0.7014	0.6407	0.7553	0.6819
287	0.0	0.999	0.7671	0.999	0.9616	1.12
288	0.0	0.8723	0.9805	0.8723	1.144	1.079
289	0.0	0.8431	0.6317	0.8431	0.7716	1.021
290	0.0	0.6399	0.6785	0.6399	0.7689	0.7568
291	0.0	0.7799	0.7221	0.7799	0.8242	1.008
292	0.0	0.3149	0.8116	0.3149	1.001	0.3631
293	0.0	0.6376	0.7226	0.6376	0.856	0.7236
294	0.0	0.9081	0.7846	0.9081	0.9371	1.156
295	0.0	0.8542	0.9072	0.8542	1.176	1.147
296	0.0	0.7848	1.175	0.7848	1.425	0.9631
297	0.0	0.8094	0.5743	0.8094	0.7175	0.9412
298	0.0	0.5631	0.7757	0.5631	0.9409	0.7077
299	0.0	0.6877	1.084	0.6877	1.337	0.8233
300	0.0	1.012	0.7245	1.012	0.9533	1.302
301	0.0	0.5408	0.6764	0.5408	0.7672	0.6544
302	0.0	0.8717	0.8219	0.8717	1.025	1.099
303	0.0	0.7725	0.5192	0.7725	0.6304	0.9687
304	0.0	0.5538	0.7637	0.5538	0.8913	0.6262
305	0.0	0.8177	0.8676	0.8177	1.063	1.026
306	0.0	0.8759	0.8846	0.8759	1.074	1.16
307	0.0	0.8483	0.4727	0.8483	0.5341	1.141
308	0.0	0.3004	0.6385	0.3004	0.8716	0.379
309	0.0	0.6074	0.5011	0.6074	0.5593	0.7472
310	0.0	0.6185	0.6205	0.6185	0.7212	0.7415
311	0.0	0.9103	0.9136	0.9103	1.116	1.1
312	0.0	0.664	0.8388	0.664	1.017	0.8104
313	0.0	0.7565	0.86	0.7565	1.067	0.8695
314	0.0	0.9501	0.9363	0.9501	1.113	1.13
315	0.0	0.5951	0.5844	0.5951	0.6638	0.65
316	0.0	0.8888	0.9079	0.8888	1.047	0.9945
317	0.0	0.8732	0.6343	0.8732	0.7075	1.307
318	0.0	0.6073	0.8063	0.6073	1.019	0.7154
319	0.0	0.5963	0.548	0.5963	0.6873	0.6611
320	0.0	0.8652	0.9212	0.8652	1.189	1.002
321	0.0	0.7645	0.5233	0.7645	0.6362	0.8509
322	0.0	1.078	0.9993	1.078	1.245	1.307
323	0.0	0.7826	0.9944	0.7826	1.228	1.001
324	0.0	0.8881	0.8285	0.8881	1.053	1.089
325	0.0	0.4948	0.7099	0.4948	0.9135	0.6423
326	0.0	0.5608	0.685	0.5608	0.8268	0.6465
327	0.0	0.9336	0.5478	0.9336	0.6653	1.1
328	0.0	0.8219	0.7819	0.8219	0.9839	1.142
329	0.0	0.9284	0.9624	0.9284	1.208	1.119
330	0.0	0.5778	0.3148	0.5778	0.3247	0.6963
331	0.0	0.6437	0.6987	0.6437	0.8579	0.826
332	0.0	0.577	0.4363	0.577	0.524	0.6623
333	0.0	0.6928	0.5452	0.6928	0.6222	0.7903
334	0.0	0.7951	0.7093	0.7951	0.8773	0.892
335	0.0	0.9663	0.9278	0.9663	1.076	1.076
336	0.0	1.07	1.046	1.07	1.329	1.301
337	0.0	0.6075	0.8764	0.6075	0.9844	0.7378
338	0.0	0.9221	0.9124	0.9221	1.162	1.064
339	0.0	0.9949	0.8974	0.9949	1.156	1.176
340	0.0	0.484	0.5858	0.484	0.6974	0.5343
341	0.0	0.9558	0.7914	0.9558	0.962	1.096
342	0.0	0.9219	0.953	0.9219	1.144	1.158
343	0.0	0.8278	0.7175	0.8278	0.8907	1.013
344	0.0	0.7871	0.8307	0.7871	1.05	0.9305
345	0.0	0.7898	0.9332	0.7898	1.062	0.8987
346	0.0	0.8553	0.5464	0.8553	0.6423	1.021
347	0.0	0.762	0.7614	0.762	0.8825	0.977
348	0.0	0.6305	0.9348	0.6305	1.165	0.8033
349	0.0	0.7991	0.7877	0.7991	0.9507	1.109
350	0.0	0.9806	0.4905	0.9806	0.5471	1.225
351	0.0	0.7783	0.7273	0.7783	0.8341	0.9301
352	0.0	0.6848	0.5884	0.6848	0.6679	0.7644
353	0.0	0.831	0.4336	0.831	0.5067	1.043
354	0.0	0.6461	0.6713	0.6461	0.8762	0.7013
355	0.0	0.8951	0.5591	0.8951	0.6914	1.154
356	0.0	0.5198	0.4877	0.5198	0.5029	0.6894
357	0.0	0.6586	0.5607	0.6586	0.6626	0.7791
358	0.0	0.9566	0.9216	0.9566	1.062	1.374
359	0.0	0.7171	0.5201	0.7171	0.6099	0.9503
360	0.0	1.013	0.685	1.013	0.7775	1.221
361	0.0	0.8488	0.7527	0.8488	0.9197	0.9634
362	0.0	0.5737	0.805	0.5737	1.009	0.6982
363	0.0	0.8313	0.7986	0.8313	1.026	1.077
364	0.0	0.8929	0.3291	0.8929	0.3329	1.071
365	0.0	0.793	0.8318	0.793	1.04	0.9469
366	0.0	0.6672	0.716	0.6672	0.9137	0.7735
367	0.0	1.184	0.9679	1.184	1.159	1.26
368	0.0	0.8879	0.7428	0.8879	0.8815	1.154
369	0.0	0.651	0.5247	0.651	0.5611	0.7534
370	0.0	0.8016	0.4503	0.8016	0.5568	0.9522
371	0.0	0.9534	0.9903	0.9534	1.184	1.215
372	0.0	0.4672	0.5915	0.4672	0.6538	0.5585
373	0.0	0.8037	1.013	0.8037	1.254	0.9419
374	0.0	0.6928	0.6781	0.6928	0.823	0.8156
375	0.0	0.7359	0.7044	0.7359	0.9181	0.9239
376	0.0	0.8989	0.857	0.8989	1.019	1.098
377	0.0	0.7319	0.7928	0.7319	0.969	0.8672
378	0.0	0.8461	0.6043	0.8461	0.7491	1.058
379	0.0	0.63	0.5758	0.63	0.6576	0.7583
380	0.0	0.8538	0.8582	0.8538	1.044	1.067
381	0.0	0.641	0.5871	0.641	0.6849	0.7309
382	0.0	0.7807	0.7966	0.7807	0.974	0.906
383	0.0	0.7717	0.7833	0.7717	0.9708	0.9332
384	0.0	0.5408	0.6953	0.5408	0.8047	0.594
385	0.0	0.6251	0.685	0.6251	0.8291	0.7976
386	0.0	0.7271	0.8566	0.7271	1.069	0.8811
387	0.0	0.6346	0.6454	0.6346	0.7671	0.7005
388	0.0	0.7782	0.4684	0.7782	0.5754	0.9051
389	0.0	0.5248	0.6892	0.5248	0.828	0.6174
390	0.0	0.5171	0.6266	0.5171	0.7339	0.673
391	0.0	0.7766	0.894	0.7766	1.107	0.963
392	0.0	0.6809	0.5825	0.6809	0.7092	0.7536
393	0.0	0.8469	0.6391	0.8469	0.7882	1.075
394	0.0	0.728	0.6487	0.728	0.8064	0.8584
395	0.0	0.7499	0.6004	0.7499	0.7106	1.091
396	0.0	0.7909	0.6134	0.7909	0.6752	1.015
397	0.0	0.7307	0.5418	0.7307	0.5839	0.8636
398	0.0	0.8089	0.7738	0.8089	0.9385	1.16
399	0.0	0.868	0.951	0.868	1.121	1.089
400	0.0	0.5924	0.6496	0.5924	0.7272	0.6698
401	0.0	0.7891	0.6261	0.7891	0.9168	1.075
402	0.0	0.7175	0.808	0.7175	0.9965	0.8943
403	0.0	0.8105	0.7863	0.8105	0.9225	0.9611
404	0.0	0.8809	0.9016	0.8809	1.207	1.131
405	0.0	0.6785	0.5426	0.6785	0.5988	0.7538
406	0.0	0.8276	0.7829	0.8276	0.967	1.022
407	0.0	0.7326	0.4824	0.7326	0.5641	0.8865
408	0.0	0.4357	0.6898	0.4357	0.8398	0.5559
409	0.0	0.8316	0.7624	0.8316	0.9617	1.092
410	0.0	0.7984	0.6895	0.7984	0.8448	1.078
411	0.0	0.9011	0.9881	0.9011	1.156	1.138
412	0.0	0.6308	0.4942	0.6308	0.5221	0.7391
413	0.0	0.9383	0.7139	0.9383	0.8456	1.104
414	0.0	0.462	0.7171	0.462	0.9434	0.5344
415	0.0	0.7035	0.8115	0.7035	0.905	0.844
416	0.0	0.7432	0.7032	0.7432	0.8056	0.9001
417	0.0	0.5816	0.5725	0.5816	0.6301	0.7064
418	0.0	0.9239	0.8601	0.9239	1.005	1.166
419	0.0	0.7009	0.6157	0.7009	0.6905	0.7655
420	0.0	0.6366	0.5406	0.6366	0.5924	0.7442
421	0.0	0.5898	0.7543	0.5898	0.9508	0.737
422	0.0	0.808	0.8794	0.808	1.028	0.9412
423	0.0	0.6212	0.6887	0.6212	0.8737	0.76
424	0.0	0.8464	0.819	0.8464	0.9917	1.009
425	0.0	0.6125	0.6384	0.6125	0.7585	0.7143
426	0.0	0.7415	0.8802	0.7415	1.044	1.017
427	0.0	0.8605	0.661	0.8605	0.878	1.065
428	0.0	0.7544	0.6783	0.7544	0.7625	0.96
429	0.0	0.5468	1.049	0.5468	1.351	0.6215
430	0.0	0.9077	0.5099	0.9077	0.4965	1.341
431	0.0	0.7189	0.6765	0.7189	0.8746	0.8347
432	0.0	0.8496	1.012	0.8496	1.255	1.098
433	0.0	0.8715	0.7498	0.8715	0.9098	1.092
434	0.0	0.2719	0.3424	0.2719	0.359	0.2982
435	0.0	0.8051	0.9376	0.8051	1.127	1.106
436	0.0	0.5694	0.6918	0.5694	0.8653	0.6851
437	0.0	0.7606	0.774	0.7606	0.9849	1.066
438	0.0	0.6741	0.5426	0.6741	0.7707	0.9314
439	0.0	0.9283	0.7823	0.9283	0.964	1.115
440	0.0	1.033	0.895	1.033	1.057	1.303
441	0.0	0.6779	0.7112	0.6779	0.8634	0.7586
442	0.0	0.8767	0.8787	0.8767	1.061	1.004
443	0.0	0.9657	0.9823	0.9657	1.186	1.227
444	0.0	0.5076	0.6995	0.5076	0.8295	0.5505
445	0.0	0.7695	0.6859	0.7695	0.8555	1.043
446	0.0	0.9777	0.8989	0.9777	1.146	1.269
447	0.0	0.728	0.9584	0.728	1.224	0.9438
448	0.0	0.6922	0.8488	0.6922	1.103	0.8543
449	0.0	0.9497	0.5595	0.9497	0.6733	1.142
450	0.0	0.5682	0.5847	0.5682	0.6758	0.6806
451	0.0	0.8389	0.707	0.8389	0.848	1.023
452	0.0	0.6079	0.6345	0.6079	0.7629	0.7235
453	0.0	0.8782	0.8867	0.8782	1.12	1.128
454	0.0	0.7115	0.3995	0.7115	0.4499	0.8801
455	0.0	0.7047	0.6856	0.7047	0.8233	0.8371
456	0.0	0.7163	0.5291	0.7163	0.6234	0.8641
457	0.0	0.8415	0.4162	0.8415	0.484	1.063
458	0.0	0.8546	0.7325	0.8546	0.8823	0.9972
459	0.0	0.6597	0.6391	0.6597	0.7802	0.7629
460	0.0	0.6202	0.6365	0.6202	0.7247	0.7564
461	0.0	0.7559	0.6654	0.7559	0.8363	0.8838
462	0.0	0.7679	0.7381	0.7679	0.9757	1.022
463	0.0	0.5881	0.4777	0.5881	0.6138	0.687
464	0.0	0.8839	0.8023	0.8839	0.9947	1.127
465	0.0	0.7654	0.9395	0.7654	1.116	0.9934
466	0.0	0.6621	0.688	0.6621	0.8003	0.8668
467	0.0	0.7816	0.8246	0.7816	1.067	0.9348
468	0.0	0.6419	0.7623	0.6419	1.02	0.7433
469	0.0	0.679	0.6889	0.679	0.8407	0.8354
470	0.0	0.554	0.7334	0.554	0.871	0.6066
471	0.0	0.8842	0.8436	0.8842	1.071	1.064
472	0.0	0.717	0.4751	0.717	0.5867	0.9269
473	0.0	0.6836	0.6026	0.6836	0.7265	0.865
474	0.0	0.5807	0.7868	0.5807	0.8607	0.6794
475	0.0	0.9303	0.7523	0.9303	0.9163	1.123
476	0.0	0.5251	0.8782	0.5251	0.9458	0.6005
477	0.0	0.8112	0.6754	0.8112	0.8206	0.9023
478	0.0	0.6754	0.5927	0.6754	0.7032	0.8239
479	0.0	0.6574	0.7957	0.6574	0.9651	0.8503
480	0.0	0.8964	0.7598	0.8964	0.8888	1.182
481	0.0	0.5061	0.9053	0.5061	1.127	0.5593
482	0.0	0.7508	0.5688	0.7508	0.7087	0.9238
483	0.0	0.4592	0.5949	0.4592	0.71	0.4926
484	0.0	0.4253	0.8081	0.4253	0.9633	0.4897
485	0.0	0.718	0.5949	0.718	0.7106	0.8596
486	0.0	0.807	0.8435	0.807	1.042	0.9905
487	0.0	0.7315	0.8161	0.7315	1.016	0.9577
488	0.0	0.6102	0.3273	0.6102	0.3527	0.8026
489	0.0	0.7639	0.4694	0.7639	0.5005	0.885
490	0.0	0.8238	0.7954	0.8238	0.9907	1.051
491	0.0	0.6959	0.6331	0.6959	0.7109	0.7966
492	0.0	0.8851	0.8276	0.8851	1.062	1.178
493	0.0	0.5642	0.7933	0.5642	0.9909	0.72
494	0.0	0.6981	0.5095	0.6981	0.5381	0.7362
495	0.0	0.623	0.82	0.623	1.035	0.7324
496	0.0	0.5306	0.6289	0.5306	0.6966	0.6176
497	0.0	0.7776	0.3259	0.7776	0.3781	0.9805
498	0.0	0.7078	0.8994	0.7078	0.9975	0.7946
499	0.0	0.8938	0.6497	0.8938	0.798	1.136
500	0.0	0.4064	0.7769	0.4064	0.9663	0.4853
501	0.0	0.6663	0.734	0.6663	0.9609	0.8511
502	0.0	0.6885	0.9165	0.6885	1.053	0.8908
503	0.0	0.779	0.3831	0.779	0.4788	1.004
504	0.0	0.5778	0.633	0.5778	0.6434	0.6388
505	0.0	0.6458	0.5533	0.6458	0.6717	0.8281
506	0.0	0.6322	0.6311	0.6322	0.7517	0.7627
507	0.0	0.683	0.6302	0.683	0.6573	0.7815
508	0.0	0.9871	0.7847	0.9871	0.9582	1.259
509	0.0	0.5954	0.5134	0.5954	0.6086	0.6708
510	0.0	0.8061	0.5784	0.8061	0.7076	1.074
511	0.0	0.7169	0.4404	0.7169	0.4998	0.8945
512	0.0	0.6266	0.8505	0.6266	1.112	0.756
513	0.0	0.9917	0.8281	0.9917	0.9974	1.156
514	0.0	0.4156	0.7601	0.4156	0.976	0.5449
515	0.0	0.932	0.835	0.932	1.091	1.236
516	0.0	0.7877	0.9131	0.7877	1.137	1.004
517	0.0	0.3537	0.5328	0.3537	0.6013	0.4136
518	0.0	0.6593	0.5526	0.6593	0.623	0.8314
519	0.0	0.6709	0.8214	0.6709	1.004	0.8483
520	0.0	0.8322	0.5785	0.8322	0.7291	0.9558
521	0.0	0.7945	0.5742	0.7945	0.6453	0.9861
522	0.0	1.048	0.8989	1.048	1.086	1.192
523	0.0	0.6805	0.6536	0.6805	0.7566	0.804
524	0.0	0.7884	0.7356	0.7884	0.8546	1.015
525	0.0	0.5038	0.6304	0.5038	0.8129	0.5563
526	0.0	0.6582	0.76	0.6582	0.9469	0.824
527	0.0	0.6558	0.4854	0.6558	0.6211	0.7824
528	0.0	0.7379	0.8403	0.7379	1.083	0.9207
529	0.0	0.9178	0.7134	0.9178	0.9137	1.024
530	0.0	0.6689	0.8063	0.6689	0.9939	0.7675
531	0.0	0.7568	0.885	0.7568	1.089	0.8976
532	0.0	0.9017	0.8408	0.9017	1.096	1.155
533	0.0	0.6182	0.5878	0.6182	0.733	0.7669
534	0.0	0.8334	0.9066	0.8334	1.13	1.097
535	0.0	0.5697	0.7014	0.5697	0.7998	0.6412
536	0.0	0.849	0.9059	0.849	1.058	1.056
537	0.0	0.9114	0.7704	0.9114	0.8563	1.226
538	0.0	0.4095	0.5543	0.4095	0.6669	0.5237
539	0.0	0.859	0.6553	0.859	0.7879	1.093
540	0.0	0.6009	0.5141	0.6009	0.5357	0.5927
541	0.0	0.7376	0.6802	0.7376	0.879	0.9005
542	0.0	0.6306	0.6341	0.6306	0.7427	0.8012
543	0.0	1.105	0.8465	1.105	1.047	1.476
544	0.0	0.9823	1.103	0.9823	1.285	1.182
545	0.0	0.6578	0.7736	0.6578	0.9508	0.7584
546	0.0	0.7647	0.554	0.7647	0.6358	0.97
547	0.0	0.8492	0.9447	0.8492	1.217	1.068
548	0.0	0.5151	0.6598	0.5151	0.701	0.5645
549	0.0	0.6814	0.8132	0.6814	0.9556	0.8621
550	0.0	0.7188	0.8568	0.7188	1.123	0.8646
551	0.0	0.6259	0.6991	0.6259	0.8484	0.7313
552	0.0	0.6502	0.6892	0.6502	0.8476	0.7927
553	0.0	0.8296	0.992	0.8296	1.063	0.9773
554	0.0	0.6589	0.6565	0.6589	0.8086	0.855
555	0.0	0.5789	0.7471	0.5789	0.8883	0.6659
556	0.0	0.5006	0.7186	0.5006	0.9077	0.5857
557	0.0	0.8003	0.7228	0.8003	0.8393	0.9127
558	0.0	0.602	0.7478	0.602	0.9324	0.7172
559	0.0	0.624	0.8555	0.624	0.9972	0.7463
560	0.0	0.6947	0.671	0.6947	0.7565	0.8007
561	0.0	0.6914	0.8403	0.6914	1.011	0.8315
562	0.0	0.676	0.501	0.676	0.5596	0.6717
563	0.0	0.7615	0.6379	0.7615	0.7671	0.9393
564	0.0	0.5547	0.7077	0.5547	0.8822	0.6191
565	0.0	0.8052	0.9453	0.8052	1.159	1.1
566	0.0	0.8011	0.8636	0.8011	1.041	1.055
567	0.0	0.4822	0.5408	0.4822	0.6283	0.5758
568	0.0	0.5741	0.6604	0.5741	0.7795	0.6222
569	0.0	0.886	0.8539	0.886	1.109	1.071
570	0.0	0.783	0.6326	0.783	0.7549	0.8944
571	0.0	0.6454	0.7521	0.6454	0.957	0.739
572	0.0	0.8552	0.746	0.8552	0.8581	1.122
573	0.0	0.6506	0.7524	0.6506	0.9395	0.7934
574	0.0	0.8076	0.6093	0.8076	0.7305	1.023
575	0.0	0.9077	0.7592	0.9077	0.9696	1.13
576	0.0	0.6984	0.7801	0.6984	1.054	0.8923
577	0.0	0.4111	0.6543	0.4111	0.7863	0.481
578	0.0	0.7524	0.8068	0.7524	0.9567	0.8976
579	0.0	0.4615	0.7143	0.4615	0.9263	0.5279
580	0.0	0.7621	0.5663	0.7621	0.6736	0.977
581	0.0	0.4521	0.6332	0.4521	0.8509	0.5087
582	0.0	0.7224	0.7263	0.7224	0.8877	0.8541
583	0.0	0.7683	0.7129	0.7683	0.8605	0.9898
584	0.0	0.8357	0.5686	0.8357	0.6869	1.172
585	0.0	0.4672	0.6621	0.4672	0.6929	0.5318
586	0.0	0.7351	0.8243	0.7351	0.9964	0.9243
587	0.0	0.536	0.6485	0.536	0.6929	0.5509
588	0.0	0.7389	0.7796	0.7389	0.9869	0.9329
589	0.0	0.5456	0.6091	0.5456	0.7066	0.5827
590	0.0	0.7837	0.7571	0.7837	0.9282	0.9257
591	0.0	0.8956	0.8669	0.8956	1.063	1.089
592	0.0	0.6445	0.6748	0.6445	0.7752	0.7741
593	0.0	0.7055	0.6544	0.7055	0.9418	0.999
594	0.0	0.7825	0.6486	0.7825	0.8159	0.9734
595	0.0	0.7649	0.7169	0.7649	0.8817	0.8901
596	0.0	0.1778	0.8591	0.1778	1.054	0.2705
597	0.0	0.7845	0.6061	0.7845	0.6854	0.8976
598	0.0	0.4872	0.5149	0.4872	0.6339	0.5125
599	0.0	0.5763	0.6692	0.5763	0.8263	0.6997
600	0.0	0.3986	0.6453	0.3986	0.7819	0.4504
601	0.0	0.6162	0.4587	0.6162	0.4427	0.7605
602	0.0	0.6998	0.706	0.6998	0.8719	0.7735
603	0.0	0.8687	0.7718	0.8687	0.9536	1.178
604	0.0	0.4541	0.8634	0.4541	0.964	0.5851
605	0.0	0.502	0.918	0.502	1.069	0.6251
606	0.0	0.6776	0.8407	0.6776	0.9241	0.9352
607	0.0	0.8453	0.9269	0.8453	1.229	1.015
608	0.0	0.4681	0.7451	0.4681	0.8737	0.5884
609	0.0	0.7608	0.7789	0.7608	1.03	0.9482
610	0.0	0.5886	0.6928	0.5886	0.8418	0.7356
611	0.0	0.7343	0.5444	0.7343	0.6076	0.9175
612	0.0	0.7805	0.8768	0.7805	1.151	0.9299
613	0.0	0.3977	0.4856	0.3977	0.5764	0.4497
614	0.0	0.7014	0.6335	0.7014	0.6961	0.8728
615	0.0	0.673	0.5244	0.673	0.5846	0.817
616	0.0	0.4328	0.874	0.4328	1.106	0.5321
617	0.0	0.6975	0.8296	0.6975	1.036	0.8224
618	0.0	0.5751	0.4329	0.5751	0.5441	0.7001
619	0.0	0.8587	0.9058	0.8587	1.078	1.084
620	0.0	0.6886	0.7923	0.6886	1.027	0.8123
621	0.0	0.5642	0.579	0.5642	0.687	0.718
622	0.0	0.8627	0.5626	0.8627	0.7151	0.9782
623	0.0	0.6936	0.659	0.6936	0.8426	0.8645
624	0.0	0.7623	0.8477	0.7623	1.095	0.9126
625	0.0	0.528	0.6193	0.528	0.6592	0.573
626	0.0	0.386	0.6829	0.386	0.8285	0.4497
627	0.0	0.4296	0.562	0.4296	0.6513	0.4239
628	0.0	0.737	0.6588	0.737	0.7507	0.8592
629	0.0	0.5424	0.6056	0.5424	0.736	0.6599
630	0.0	0.7228	0.7066	0.7228	0.8787	0.9118
631	0.0	0.5967	0.6383	0.5967	0.7231	0.5628
632	0.0	0.7558	0.3386	0.7558	0.3708	0.9123
633	0.0	0.4057	0.8759	0.4057	1.078	0.5543
634	0.0	0.5264	0.3392	0.5264	0.3558	0.6581
635	0.0	0.6884	0.6608	0.6884	0.839	0.8853
636	0.0	0.7552	0.7422	0.7552	1.001	0.984
637	0.0	0.8551	0.5162	0.8551	0.6236	1.019
638	0.0	0.8712	0.4645	0.8712	0.5118	1.062
639	0.0	0.3925	1.244	0.3925	1.789	0.4054
640	0.0	0.7084	0.6305	0.7084	0.7401	0.8812
641	0.0	0.782	0.5241	0.782	0.5646	0.926
642	0.0	0.3053	0.5313	0.3053	0.5729	0.3298
643	0.0	0.5401	0.6453	0.5401	0.7354	0.6169
644	0.0	0.5177	0.6051	0.5177	0.7693	0.5164
645	0.0	0.7473	0.5859	0.7473	0.7057	0.8937
646	0.0	0.4096	0.72	0.4096	0.8089	0.4677
647	0.0	0.9057	0.6937	0.9057	0.8186	1.073
648	0.0	0.9207	0.9768	0.9207	1.325	1.117
649	0.0	0.5648	0.7563	0.5648	0.9372	0.6519
650	0.0	0.631	0.8402	0.631	1.048	0.7308
651	0.0	0.8214	0.6379	0.8214	0.7946	1.045
652	0.0	0.4432	0.5363	0.4432	0.5921	0.4712
653	0.0	0.7356	0.9343	0.7356	1.094	0.874
654	0.0	0.8936	0.7981	0.8936	1.023	1.086
655	0.0	0.6792	0.5259	0.6792	0.683	0.878
656	0.0	0.5916	0.6392	0.5916	0.7435	0.7714
657	0.0	0.9906	0.8407	0.9906	1.086	1.171
658	0.0	0.5199	0.6537	0.5199	0.7947	0.5753
659	0.0	0.3744	0.6764	0.3744	0.8	0.431
660	0.0	0.7404	0.5786	0.7404	0.6844	0.9082
661	0.0	0.7559	0.7983	0.7559	1.015	0.9771
662	0.0	0.414	0.4752	0.414	0.5588	0.4549
663	0.0	0.7589	0.6824	0.7589	0.9002	0.9219
664	0.0	0.5029	0.48	0.5029	0.5094	0.6282
665	0.0	0.8074	0.7284	0.8074	0.8682	0.9737
666	0.0	0.6905	0.5044	0.6905	0.5804	0.8546
667	0.0	0.6135	0.6744	0.6135	0.8029	0.7
668	0.0	0.9301	0.4281	0.9301	0.519	1.051
669	0.0	0.9572	0.8593	0.9572	1.07	1.209
670	0.0	0.6302	0.7645	0.6302	0.8792	0.783
671	0.0	0.362	0.6576	0.362	0.833	0.4113
672	0.0	0.8432	0.7155	0.8432	0.7873	0.9795
673	0.0	0.6906	0.8073	0.6906	1.09	0.829
674	0.0	0.6913	0.5236	0.6913	0.6387	0.9774
675	0.0	0.7396	0.6966	0.7396	0.7814	0.8904
676	0.0	0.5447	0.711	0.5447	0.8526	0.6211
677	0.0	0.7858	0.6945	0.7858	0.8118	0.9235
678	0.0	0.6611	0.8775	0.6611	1.015	0.7649
679	0.0	0.6299	0.348	0.6299	0.3619	0.7183
680	0.0	0.7344	0.779	0.7344	1.009	0.9572
681	0.0	0.8789	0.5723	0.8789	0.6063	0.9692
682	0.0	0.5965	0.7846	0.5965	0.8927	0.7203
683	0.0	0.7468	0.4565	0.7468	0.5092	0.9013
684	0.0	0.7619	0.6265	0.7619	0.7558	1.021
685	0.0	0.6361	0.6333	0.6361	0.7438	0.7785
686	0.0	0.5635	0.6744	0.5635	0.8317	0.7106
687	0.0	0.6638	0.6606	0.6638	0.8041	0.7967
688	0.0	0.5241	0.4955	0.5241	0.5835	0.645
689	0.0	0.6662	0.6493	0.6662	0.8636	0.8532
690	0.0	0.7392	0.7105	0.7392	0.8882	0.9701
691	0.0	0.31	0.5666	0.31	0.7425	0.3548
692	0.0	0.5864	0.8001	0.5864	0.9207	0.7368
693	0.0	0.445	0.4168	0.445	0.493	0.5274
694	0.0	0.6392	0.7076	0.6392	0.8818	0.7418
695	0.0	0.9589	0.8673	0.9589	1.036	1.004
696	0.0	0.5888	0.5401	0.5888	0.5009	0.626
697	0.0	0.9628	0.4173	0.9628	0.5025	1.067
698	0.0	0.63	0.8515	0.63	1.045	0.7776
699	0.0	0.6857	0.8127	0.6857	0.9567	0.794
700	0.0	0.7677	0.4806	0.7677	0.5577	0.9438
701	0.0	0.8906	0.7149	0.8906	0.8699	1.081
702	0.0	0.4891	0.4763	0.4891	0.5661	0.5775
703	0.0	0.8629	0.7295	0.8629	0.9773	1.148
704	0.0	0.7542	0.6617	0.7542	0.7668	0.9707
705	0.0	0.7805	0.6271	0.7805	0.738	1.014
706	0.0	0.7705	0.831	0.7705	1.001	0.9207
707	0.0	0.7667	0.5214	0.7667	0.6957	0.917
708	0.0	0.4884	0.6863	0.4884	0.8415	0.5515
709	0.0	0.6266	0.7736	0.6266	0.9267	0.7734
710	0.0	0.7185	0.8665	0.7185	1.012	0.9249
711	0.0	0.8616	0.8136	0.8616	1.035	1.183
712	0.0	0.4556	0.5813	0.4556	0.7364	0.4895
713	0.0	0.9062	0.793	0.9062	1.026	1.179
714	0.0	0.7669	0.5582	0.7669	0.7324	0.9212
715	0.0	0.5981	0.4584	0.5981	0.5254	0.644
716	0.0	0.7426	0.8686	0.7426	1.024	0.9491
717	0.0	0.4829	0.4594	0.4829	0.5144	0.5557
718	0.0	0.8184	0.8265	0.8184	0.9734	0.9569
719	0.0	0.6251	0.8456	0.6251	1.002	0.7652
720	0.0	0.7022	0.4449	0.7022	0.4755	0.7582
721	0.0	0.6172	0.4486	0.6172	0.476	0.7559
722	0.0	0.2712	0.3626	0.2712	0.4318	0.3463
723	0.0	0.8401	0.8283	0.8401	1.046	1.03
724	0.0	0.5913	0.7431	0.5913	0.8794	0.7535
725	0.0	0.618	0.354	0.618	0.391	0.7397
726	0.0	0.5701	0.7225	0.5701	0.8519	0.5829
727	0.0	0.8938	0.8631	0.8938	1.024	1.13
728	0.0	0.7694	0.885	0.7694	0.9697	1.0
729	0.0	0.5093	0.7153	0.5093	0.9013	0.5532
730	0.0	1.04	0.8687	1.04	1.052	1.127
731	0.0	0.3966	0.4238	0.3966	0.5528	0.4811
732	0.0	0.5109	0.3493	0.5109	0.384	0.6155
733	0.0	0.448	0.5218	0.448	0.6125	0.5222
734	0.0	0.5917	0.7047	0.5917	0.8655	0.7386
735	0.0	0.4447	0.675	0.4447	0.8386	0.5022
736	0.0	0.7837	0.6746	0.7837	0.8182	0.9816
737	0.0	0.5851	0.5054	0.5851	0.5953	0.814
738	0.0	0.8387	0.7103	0.8387	0.8887	1.088
739	0.0	0.7591	0.6758	0.7591	0.8012	0.9657
740	0.0	0.8288	0.7753	0.8288	1.017	1.07
741	0.0	0.6816	0.7734	0.6816	0.9433	0.8682
742	0.0	0.8027	0.4666	0.8027	0.5208	0.9959
743	0.0	0.4559	0.7948	0.4559	0.8689	0.515
744	0.0	0.6993	0.6863	0.6993	0.7936	0.8352
745	0.0	0.4293	0.5021	0.4293	0.5854	0.5156
746	0.0	0.3655	0.4985	0.3655	0.5573	0.4753
747	0.0	0.8714	0.8842	0.8714	1.046	1.081
748	0.0	0.4992	0.6085	0.4992	0.6478	0.5761
749	0.0	0.6506	0.694	0.6506	0.9207	0.8068
750	0.0	0.837	0.8477	0.837	0.994	1.026
751	0.0	0.798	0.7816	0.798	0.9142	0.9519
752	0.0	0.9311	0.7768	0.9311	0.951	1.181
753	0.0	0.645	0.679	0.645	0.8369	0.7431
754	0.0	0.7178	0.7739	0.7178	0.986	0.8969
755	0.0	0.7615	0.8549	0.7615	1.071	0.9768
756	0.0	0.5814	0.7521	0.5814	0.7798	0.7053
757	0.0	0.9621	0.8136	0.9621	1.029	1.114
758	0.0	0.7572	0.8504	0.7572	1.034	0.9738
759	0.0	0.693	0.7841	0.693	0.9686	0.8734
760	0.0	0.6788	0.7058	0.6788	0.8756	0.8237
761	0.0	0.7059	0.6405	0.7059	0.8023	0.8776
762	0.0	0.534	0.47	0.534	0.5863	0.6573
763	0.0	0.6138	0.7063	0.6138	0.8329	0.7639
764	0.0	0.5504	0.5965	0.5504	0.768	0.6435
765	0.0	0.7514	0.7884	0.7514	1.029	1.016
766	0.0	0.8026	0.5015	0.8026	0.5613	0.837
767	0.0	0.6786	0.7321	0.6786	0.8175	0.9027
768	0.0	0.4895	0.5664	0.4895	0.6278	0.5539
769	0.0	0.658	0.5813	0.658	0.6503	0.7794
770	0.0	0.543	0.6055	0.543	0.6882	0.6059
771	0.0	0.6984	0.5253	0.6984	0.6664	0.8842
772	0.0	0.47	0.6331	0.47	0.7368	0.5483
773	0.0	0.6021	0.7331	0.6021	0.8885	0.7182
774	0.0	0.8103	0.7916	0.8103	0.9905	0.9265
775	0.0	0.5613	0.6915	0.5613	0.8231	0.6876
776	0.0	0.6826	0.6187	0.6826	0.7081	0.8678
777	0.0	0.6046	0.6874	0.6046	0.7981	0.753
778	0.0	0.6489	0.553	0.6489	0.6468	0.7746
779	0.0	0.8422	0.5594	0.8422	0.6355	0.974
780	0.0	0.6109	0.5021	0.6109	0.6515	0.7672
781	0.0	0.744	0.795	0.744	0.9366	0.8835
782	0.0	0.6502	0.6759	0.6502	0.8237	0.8076
783	0.0	0.4756	0.7539	0.4756	0.9908	0.5616
784	0.0	0.6916	0.5899	0.6916	0.7738	0.9782
785	0.0	0.4789	0.4367	0.4789	0.4887	0.5147
786	0.0	0.7053	0.6315	0.7053	0.7648	0.8907
787	0.0	0.804	0.7802	0.804	1.105	1.027
788	0.0	0.4803	0.675	0.4803	0.8029	0.5383
789	0.0	0.8401	0.6904	0.8401	0.8967	1.048
790	0.0	0.632	0.7022	0.632	0.9097	0.7526
791	0.0	0.6645	0.7181	0.6645	0.8481	0.7621
792	0.0	0.7321	0.6016	0.7321	0.6946	0.8682
793	0.0	0.6721	0.814	0.6721	1.062	0.7908
794	0.0	0.7267	0.6712	0.7267	0.8639	0.8959
795	0.0	0.3697	0.4698	0.3697	0.5065	0.3898
796	0.0	0.7439	0.6208	0.7439	0.7146	0.9481
797	0.0	0.7932	0.496	0.7932	0.5489	0.9372
798	0.0	0.6797	0.5786	0.6797	0.6991	0.8527
799	0.0	0.7506	0.7776	0.7506	0.9595	0.8982
800	0.0	0.5226	0.5104	0.5226	0.5976	0.6048
801	0.0	0.6933	0.6466	0.6933	0.812	0.8156
802	0.0	0.7456	0.7821	0.7456	0.8999	0.9146
803	0.0	0.5858	0.8568	0.5858	0.9627	0.7163
804	0.0	0.6308	0.58	0.6308	0.6588	0.7946
805	0.0	0.5796	0.6457	0.5796	0.8205	0.728
806	0.0	0.6032	0.5921	0.6032	0.7202	0.7945
807	0.0	0.7766	0.9123	0.7766	1.143	1.018
808	0.0	0.5145	0.7263	0.5145	0.9311	0.5981
809	0.0	0.7844	0.8092	0.7844	1.032	0.993
810	0.0	0.6168	0.8389	0.6168	0.9356	0.7503
811	0.0	0.7812	0.8565	0.7812	1.058	0.926
812	0.0	0.4293	0.7196	0.4293	0.9053	0.5275
813	0.0	0.4945	0.5057	0.4945	0.5755	0.5502
814	0.0	0.8771	0.7839	0.8771	0.9401	1.108
815	0.0	0.4831	0.7301	0.4831	0.8801	0.5693
816	0.0	0.4665	0.4383	0.4665	0.4849	0.5202
817	0.0	0.4442	0.8236	0.4442	0.9871	0.6867
818	0.0	0.5554	0.6206	0.5554	0.7534	0.6545
819	0.0	0.5961	0.5476	0.5961	0.705	0.6902
820	0.0	0.7219	0.7589	0.7219	0.9906	0.917
821	0.0	0.4524	0.4226	0.4524	0.5068	0.5009
822	0.0	0.5727	0.7319	0.5727	0.9228	0.7058
823	0.0	0.5939	0.4151	0.5939	0.4701	0.835
824	0.0	0.5085	0.572	0.5085	0.6946	0.6005
825	0.0	0.7644	0.8133	0.7644	1.034	1.012
826	0.0	0.3614	0.8238	0.3614	1.003	0.4462
827	0.0	0.881	0.7484	0.881	0.9785	1.06
828	0.0	0.5957	0.5692	0.5957	0.7113	0.7891
829	0.0	0.4795	0.622	0.4795	0.6908	0.5517
830	0.0	0.5554	0.6558	0.5554	0.7156	0.6833
831	0.0	0.7937	0.6839	0.7937	0.8039	0.9174
832	0.0	0.6525	0.723	0.6525	0.8438	0.8378
833	0.0	0.7198	0.8746	0.7198	1.012	0.8899
834	0.0	0.8018	0.7613	0.8018	0.9408	0.9994
835	0.0	0.4502	0.5662	0.4502	0.6277	0.5182
836	0.0	0.3531	0.687	0.3531	0.8691	0.3893
837	0.0	0.4826	0.4869	0.4826	0.5903	0.547
838	0.0	0.7386	0.5986	0.7386	0.7076	0.9382
839	0.0	0.461	0.8549	0.461	0.9764	0.5231
840	0.0	0.8009	0.6716	0.8009	0.7569	0.9748
841	0.0	0.4457	0.5548	0.4457	0.672	0.4958
842	0.0	0.3553	0.9107	0.3553	1.039	0.4177
843	0.0	0.7083	0.6519	0.7083	0.7663	0.8811
844	0.0	0.8483	0.5473	0.8483	0.6234	1.003
845	0.0	0.4064	0.6256	0.4064	0.7079	0.4751
846	0.0	0.7244	0.3747	0.7244	0.4258	0.9393
847	0.0	0.4314	0.6803	0.4314	0.804	0.4793
848	0.0	0.7495	0.8646	0.7495	1.041	0.9847
849	0.0	0.8048	0.7687	0.8048	0.9245	0.9065
850	0.0	0.4154	0.5017	0.4154	0.5268	0.4806
851	0.0	0.7359	0.6002	0.7359	0.7786	0.9238
852	0.0	0.5162	0.6099	0.5162	0.7269	0.5885
853	0.0	0.4162	0.8453	0.4162	1.078	0.5107
854	0.0	0.6893	0.759	0.6893	0.8933	0.8767
855	0.0	0.801	0.7887	0.801	1.017	0.9567
856	0.0	0.8579	1.359	0.8579	1.519	1.094
857	0.0	0.6362	0.4131	0.6362	0.461	0.7381
858	0.0	0.8009	0.8233	0.8009	1.007	0.9649
859	0.0	0.8481	0.7306	0.8481	0.9331	1.042
860	0.0	0.5041	0.6673	0.5041	0.7525	0.5064
861	0.0	0.63	0.8252	0.63	1.088	0.7398
862	0.0	0.7389	0.5611	0.7389	0.6846	0.9207
863	0.0	0.8492	0.579	0.8492	0.6829	1.116
864	0.0	0.7078	0.7096	0.7078	0.8676	0.8264
865	0.0	0.8171	0.7694	0.8171	0.9299	0.9704
866	0.0	0.6643	0.6718	0.6643	0.8947	0.7341
867	0.0	0.6377	0.6312	0.6377	0.7905	0.7378
868	0.0	0.5854	0.6193	0.5854	0.704	0.6879
869	0.0	0.5903	0.6681	0.5903	0.8115	0.7117
870	0.0	0.5706	0.5995	0.5706	0.6966	0.7703
871	0.0	0.3826	0.5225	0.3826	0.6513	0.4185
872	0.0	0.5312	0.633	0.5312	0.7534	0.624
873	0.0	0.8232	0.4296	0.8232	0.5308	0.9754
874	0.0	0.4753	0.4403	0.4753	0.506	0.5487
875	0.0	0.6499	0.6192	0.6499	0.7666	0.7907
876	0.0	0.5904	0.3554	0.5904	0.4056	0.7127
877	0.0	0.7093	0.8346	0.7093	1.015	0.8092
878	0.0	0.8594	0.7533	0.8594	0.9222	1.007
879	0.0	0.4941	0.5794	0.4941	0.6712	0.6192
880	0.0	0.7307	0.6608	0.7307	0.7895	0.8765
881	0.0	0.7571	0.7837	0.7571	0.8717	0.896
882	0.0	0.6092	0.6632	0.6092	0.8957	0.7329
883	0.0	0.7407	0.735	0.7407	0.9088	0.8439
884	0.0	0.661	0.7431	0.661	0.9072	0.859
885	0.0	0.6648	0.8018	0.6648	0.9941	0.8273
886	0.0	0.5286	0.45	0.5286	0.5157	0.5635
887	0.0	0.7737	0.7045	0.7737	0.883	0.8918
888	0.0	0.7453	0.6799	0.7453	0.8912	0.8972
889	0.0	0.4788	0.4039	0.4788	0.485	0.5202
890	0.0	0.6167	0.7102	0.6167	0.911	0.7726
891	0.0	0.7447	0.6152	0.7447	0.7605	0.9577
892	0.0	0.3849	0.5379	0.3849	0.6232	0.439
893	0.0	0.8937	0.7047	0.8937	0.9102	1.137
894	0.0	0.6683	0.6828	0.6683	0.7719	0.8631
895	0.0	0.6473	0.6572	0.6473	0.757	0.7956
896	0.0	0.56	0.6506	0.56	0.741	0.6227
897	0.0	0.5993	0.7455	0.5993	0.8868	0.7268
898	0.0	0.643	0.5653	0.643	0.6859	0.822
899	0.0	0.5527	0.5689	0.5527	0.5733	0.6223
900	0.0	0.8104	0.7242	0.8104	0.8626	0.9228
901	0.0	0.5749	0.4217	0.5749	0.5003	0.6398
902	0.0	0.7614	0.7524	0.7614	0.8947	0.8968
903	0.0	0.6767	0.8197	0.6767	0.9865	0.8433
904	0.0	0.571	0.543	0.571	0.6956	0.6496
905	0.0	0.4795	0.6353	0.4795	0.7698	0.6383
906	0.0	0.5672	0.657	0.5672	0.8562	0.7001
907	0.0	0.5314	0.7525	0.5314	1.012	0.6292
908	0.0	0.5692	0.6582	0.5692	0.7532	0.6775
909	0.0	0.577	0.4119	0.577	0.5335	0.7164
910	0.0	0.2997	0.5754	0.2997	0.667	0.3234
911	0.0	0.7469	0.6969	0.7469	0.9077	0.9046
912	0.0	0.5957	0.501	0.5957	0.6054	0.689
913	0.0	0.7898	0.7591	0.7898	0.904	0.9568
914	0.0	0.5571	0.5235	0.5571	0.6156	0.7215
915	0.0	0.5319	0.7525	0.5319	0.9412	0.6519
916	0.0	0.5095	0.6165	0.5095	0.7995	0.5461
917	0.0	0.4351	0.4944	0.4351	0.5633	0.4825
918	0.0	0.7141	0.6924	0.7141	0.8886	0.9066
919	0.0	0.7322	0.4108	0.7322	0.474	0.934
920	0.0	0.4528	0.4598	0.4528	0.6089	0.4869
921	0.0	0.6374	0.6177	0.6374	0.8155	0.8203
922	0.0	0.6246	0.5271	0.6246	0.7227	0.8706
923	0.0	0.6	0.5713	0.6	0.6498	0.7155
924	0.0	0.7472	0.6894	0.7472	0.8563	0.8925
925	0.0	0.406	0.3843	0.406	0.4228	0.4494
926	0.0	0.5925	0.6371	0.5925	0.7631	0.6909
927	0.0	0.5866	0.6024	0.5866	0.681	0.6954
928	0.0	0.6652	0.6229	0.6652	0.7922	0.7978
929	0.0	0.6795	0.6979	0.6795	0.814	0.8491
930	0.0	0.5839	0.41	0.5839	0.5009	0.7216
931	0.0	0.8396	0.775	0.8396	0.9688	1.026
932	0.0	0.7479	0.7624	0.7479	1.072	1.013
933	0.0	0.5341	0.5488	0.5341	0.6515	0.6441
934	0.0	0.4763	0.1855	0.4763	0.2248	0.5141
935	0.0	0.6279	0.7826	0.6279	0.9457	0.7467
936	0.0	0.6926	0.6338	0.6926	0.7428	0.7744
937	0.0	0.6681	0.684	0.6681	0.8337	0.8855
938	0.0	0.8359	0.8535	0.8359	0.9959	0.9826
939	0.0	0.6484	0.4816	0.6484	0.5556	0.6816
940	0.0	0.5036	0.6995	0.5036	0.8827	0.6077
941	0.0	0.5174	0.6321	0.5174	0.7647	0.5048
942	0.0	0.6507	0.5973	0.6507	0.7073	0.8488
943	0.0	0.4171	0.3738	0.4171	0.435	0.4827
944	0.0	0.7032	0.8282	0.7032	0.978	0.8229
945	0.0	0.363	0.6186	0.363	0.7102	0.4187
946	0.0	0.71	0.3772	0.71	0.4459	0.8973
947	0.0	0.6911	0.6641	0.6911	0.8122	0.8239
948	0.0	0.7172	0.6516	0.7172	0.7786	0.9052
949	0.0	0.7658	0.5928	0.7658	0.7201	0.9104
950	0.0	0.7752	0.927	0.7752	1.016	0.9445
951	0.0	0.4646	0.5278	0.4646	0.6611	0.524
952	0.0	0.7792	0.6256	0.7792	0.7633	0.9174
953	0.0	0.5163	0.6724	0.5163	0.7894	0.6301
954	0.0	0.4949	0.301	0.4949	0.3232	0.5634
955	0.0	0.5622	0.7005	0.5622	0.9598	0.7056
956	0.0	0.64	0.4428	0.64	0.5004	0.7288
957	0.0	0.3868	0.5017	0.3868	0.6218	0.4617
958	0.0	0.7108	0.6222	0.7108	0.702	0.7663
959	0.0	0.6617	0.6349	0.6617	0.7899	0.799
960	0.0	0.6627	0.9938	0.6627	1.223	0.7699
961	0.0	0.6119	0.6298	0.6119	0.7859	0.6852
962	0.0	0.6207	0.7079	0.6207	0.859	0.7056
963	0.0	0.8213	0.7567	0.8213	0.95	1.047
964	0.0	0.5406	0.6489	0.5406	0.7461	0.5867
965	0.0	0.4423	0.6901	0.4423	0.8591	0.5253
966	0.0	0.8135	0.7547	0.8135	0.9188	1.058
967	0.0	0.8647	0.8204	0.8647	0.99	1.151
968	0.0	0.4411	0.7839	0.4411	1.052	0.5231
969	0.0	0.5665	0.5388	0.5665	0.6321	0.6584
970	0.0	0.5807	0.6798	0.5807	0.7337	0.6468
971	0.0	0.7078	0.6933	0.7078	0.8807	0.8119
972	0.0	0.706	0.6183	0.706	0.6946	0.8115
973	0.0	0.6448	0.6256	0.6448	0.8296	0.8233
974	0.0	0.6956	0.645	0.6956	0.7284	0.865
975	0.0	0.6141	0.6691	0.6141	0.7879	0.65
976	0.0	0.636	0.5913	0.636	0.6582	0.7778
977	0.0	0.8056	0.6792	0.8056	0.8307	1.063
978	0.0	0.4162	0.4876	0.4162	0.5632	0.4791
979	0.0	0.655	0.4219	0.655	0.4764	0.8513
980	0.0	0.4379	0.6421	0.4379	0.7202	0.5521
981	0.0	0.6376	0.669	0.6376	0.8131	0.7821
982	0.0	0.8709	0.7292	0.8709	0.9108	1.041
983	0.0	0.8379	0.5615	0.8379	0.6589	0.9779
984	0.0	0.607	0.4985	0.607	0.5834	0.7196
985	0.0	0.7847	0.4463	0.7847	0.5081	0.9875
986	0.0	0.548	0.5641	0.548	0.6357	0.6582
987	0.0	0.7216	0.6876	0.7216	0.8554	0.9283
988	0.0	0.5331	0.6709	0.5331	0.8124	0.64
989	0.0	0.6864	0.7341	0.6864	0.953	0.8102
990	0.0	0.6062	0.5944	0.6062	0.7701	0.757
991	0.0	0.7286	0.7405	0.7286	0.9525	0.8415
992	0.0	0.6491	0.6262	0.6491	0.7861	0.8041
993	0.0	0.6217	0.5594	0.6217	0.6345	0.6888
994	0.0	0.6995	0.6803	0.6995	0.7626	0.822
995	0.0	0.7982	0.9767	0.7982	1.231	0.9594
996	0.0	0.6941	0.5792	0.6941	0.6301	0.7958
997	0.0	0.6091	0.5723	0.6091	0.6393	0.7611
998	0.0	0.5452	0.8743	0.5452	0.9837	0.6086
999	0.0	0.589	0.6887	0.589	0.8292	0.6906
1000	0.0	0.7163	0.6816	0.7163	0.8412	0.8075
1001	0.0	0.5815	0.5087	0.5815	0.6302	0.7066
1002	0.0	0.5727	0.4194	0.5727	0.5422	0.7205
1003	0.0	0.4967	0.5242	0.4967	0.5879	0.5252
1004	0.0	0.8055	0.6994	0.8055	0.8827	0.9543
1005	0.0	0.6025	0.5482	0.6025	0.6841	0.7752
1006	0.0	0.6893	0.5192	0.6893	0.5765	0.8075
1007	0.0	0.6988	0.7799	0.6988	0.8789	0.8932
1008	0.0	0.4382	0.5142	0.4382	0.6236	0.5541
1009	0.0	0.3717	0.5982	0.3717	0.7044	0.4276
1010	0.0	0.6488	0.7574	0.6488	0.9189	0.7614
1011	0.0	0.5781	0.7652	0.5781	0.9764	0.6222
1012	0.0	0.7497	0.5559	0.7497	0.6668	0.9271
1013	0.0	0.7084	0.4816	0.7084	0.5551	0.8738
1014	0.0	0.4681	0.5242	0.4681	0.6284	0.5163
1015	0.0	0.6086	0.6804	0.6086	0.8759	0.7525
1016	0.0	0.6422	0.6208	0.6422	0.7596	0.7761
1017	0.0	0.8219	0.593	0.8219	0.7394	0.9149
1018	0.0	0.4712	0.6037	0.4712	0.7708	0.5732
1019	0.0	0.8433	0.7186	0.8433	0.8318	1.071
1020	0.0	0.2576	0.4047	0.2576	0.4411	0.3163
1021	0.0	0.7272	0.5641	0.7272	0.6176	0.8687
1022	0.0	0.6117	0.6181	0.6117	0.7703	0.7735
1023	0.0	0.7528	0.7476	0.7528	0.8914	0.884
1024	0.0	0.2736	0.4256	0.2736	0.5016	0.291
1025	0.0	0.5787	0.6901	0.5787	0.8983	0.7423
1026	0.0	0.596	0.5754	0.596	0.7111	0.7117
1027	0.0	0.5921	0.9099	0.5921	1.138	0.7245
1028	0.0	0.7385	0.7978	0.7385	0.9783	0.9428
1029	0.0	0.557	0.4788	0.557	0.527	0.7352
1030	0.0	0.7243	0.6542	0.7243	0.7181	0.8718
1031	0.0	0.4398	0.5738	0.4398	0.6936	0.4689
1032	0.0	0.4252	0.5588	0.4252	0.7086	0.4603
1033	0.0	0.725	0.7929	0.725	0.9785	0.9204
1034	0.0	0.3424	0.7382	0.3424	0.8903	0.3692
1035	0.0	0.7444	0.8431	0.7444	1.092	0.8885
1036	0.0	0.6131	0.6423	0.6131	0.8074	0.8234
1037	0.0	0.4733	0.7445	0.4733	1.009	0.5403
1038	0.0	0.5112	0.4603	0.5112	0.5675	0.607
1039	0.0	0.7242	0.6564	0.7242	0.7964	0.8691
1040	0.0	0.6746	0.7554	0.6746	0.9856	0.8196
