Step	Loss
1	5.3779
2	5.1536
3	4.1822
4	4.0589
5	2.6795
6	2.7807
7	4.5847
8	3.0559
9	6.4879
10	3.202
11	5.3118
12	4.1603
13	1.328
14	3.6899
15	3.8458
16	4.0282
17	4.394
18	3.6998
19	3.9861
20	4.5385
21	4.0392
22	5.1597
23	3.7713
24	4.3091
25	4.1622
26	5.2462
27	4.1957
28	4.0054
29	4.2873
30	4.1609
31	3.8214
32	4.1355
33	5.2149
34	3.0417
35	3.9777
36	4.6375
37	2.7621
38	3.393
39	3.1292
40	3.8671
41	5.8247
42	3.1589
43	5.0154
44	2.8423
45	4.5737
46	2.2837
47	6.247
48	3.8101
49	4.0417
50	3.4966
51	1.5026
52	4.0087
53	3.3618
54	4.1051
55	4.1861
56	1.2978
57	2.2639
58	4.2881
59	4.5203
60	3.2451
61	2.3684
62	4.3019
63	3.0484
64	4.1228
65	4.0444
66	3.4773
67	2.0727
68	3.1639
69	4.1452
70	4.3077
71	4.4291
72	4.5446
73	3.3955
74	3.5441
75	2.6681
76	4.1315
77	2.1169
78	4.5882
79	3.0748
80	5.2922
81	4.13
82	3.942
83	5.9313
84	1.7658
85	4.2905
86	3.4979
87	4.0968
88	3.7024
89	7.8557
90	1.7315
91	4.3361
92	4.0824
93	1.3895
94	3.5096
95	4.0681
96	3.8233
97	2.6677
98	3.084
99	3.2892
100	3.5702
101	3.6361
102	4.7636
103	4.2663
104	3.9729
105	2.4693
106	3.2575
107	3.9953
108	2.9738
109	1.9788
110	2.8638
111	3.6395
112	2.4771
113	5.1226
114	1.7407
115	4.8632
116	3.9203
117	1.0812
118	3.3973
119	2.9565
120	3.8444
121	4.0498
122	3.3982
123	3.7783
124	4.201
125	3.9134
126	4.9128
127	3.3657
128	4.1751
129	3.8763
130	4.9805
131	4.0832
132	3.5401
133	3.8008
134	3.886
135	3.294
136	3.957
137	4.6146
138	2.7323
139	3.8094
140	4.0961
141	2.0235
142	3.211
143	2.8634
144	3.6824
145	5.5155
146	2.5312
147	4.4747
148	2.2878
149	4.4319
150	1.8839
151	3.9724
152	3.5579
153	3.8882
154	3.3515
155	1.0406
156	3.8218
157	2.6254
158	4.0384
159	4.0043
160	1.0605
161	1.8334
162	4.1329
163	4.2511
164	3.0435
165	1.9935
166	4.1609
167	2.8384
168	3.9309
169	3.8089
170	3.2669
171	1.7196
172	2.8696
173	4.0064
174	3.7281
175	4.6434
176	4.2222
177	3.2235
178	3.4771
179	2.5148
180	4.082
181	1.7192
182	3.905
183	2.8612
184	5.3429
185	4.0553
186	3.9725
187	6.1949
188	1.8718
189	4.2784
190	3.0375
191	4.0314
192	3.462
193	5.4578
194	0.9916
195	4.3229
196	3.8527
197	1.1886
198	2.3653
199	3.8923
200	3.7839
201	2.0391
202	2.9877
203	2.9755
204	3.4471
205	3.5397
206	4.7524
207	4.1525
208	3.7202
209	2.8898
210	3.0473
211	3.8671
212	2.7592
213	1.8004
214	2.6153
215	3.6352
216	2.5903
217	4.5864
218	1.7279
219	4.8
220	3.786
221	0.9958
222	3.329
223	2.7632
224	3.6825
225	3.9303
226	3.3214
227	3.6974
228	4.1986
229	3.8282
230	4.7551
231	3.3549
232	3.9836
233	3.7725
234	4.9547
235	3.8949
236	3.4072
237	3.7669
238	4.04
239	2.8894
240	3.9072
241	5.0637
242	2.6371
243	3.628
244	4.131
245	1.7537
246	3.1432
247	2.4864
248	3.4956
249	5.3911
250	2.5177
251	4.5752
252	2.2158
253	4.2957
254	1.5872
255	2.7309
256	3.5193
257	3.7649
258	3.2723
259	0.9163
260	3.6954
261	2.7641
262	3.6173
263	3.8319
264	0.8425
265	1.5744
266	4.0056
267	4.1699
268	2.8335
269	1.7674
270	4.2499
271	2.6781
272	3.8291
273	3.6975
274	3.1848
275	1.8088
276	2.7691
277	3.9673
278	3.4946
279	4.1903
280	4.0495
281	3.1911
282	2.9967
283	2.2921
284	3.8856
285	1.6002
286	3.1186
287	2.6931
288	5.1882
289	3.9384
290	3.708
291	5.8213
292	1.7405
293	4.1935
294	2.9114
295	3.9158
296	3.3994
297	5.9032
298	0.7853
299	4.2071
300	3.7804
301	0.849
302	2.7844
303	3.6887
304	3.5951
305	2.4211
306	2.9224
307	2.7326
308	3.3509
309	3.4814
310	4.5894
311	4.012
312	3.9618
313	2.6678
314	3.38
315	3.7879
316	2.5414
317	1.85
318	2.4324
319	3.4258
320	2.0617
321	4.7729
322	1.5632
323	4.7871
324	3.6759
325	1.0002
326	3.3422
327	3.0413
328	3.597
329	3.8008
330	3.2183
331	3.5808
332	4.1414
333	3.7713
334	4.67
335	3.2011
336	3.9833
337	3.6186
338	4.7896
339	3.8954
340	3.5302
341	3.5489
342	3.7705
343	3.1706
344	3.8091
345	4.1676
346	2.7894
347	3.5381
348	3.956
349	2.0875
350	3.0846
351	2.2308
352	3.4178
353	5.2134
354	2.1074
355	4.3128
356	2.3273
357	4.2917
358	1.7684
359	2.6334
360	3.4083
361	3.7106
362	3.1618
363	0.8847
364	3.684
365	2.1546
366	3.5188
367	3.7336
368	0.6826
369	1.8696
370	3.8192
371	4.0066
372	3.1138
373	1.7282
374	4.1184
375	2.7472
376	3.7992
377	3.5947
378	3.083
379	1.5823
380	2.5827
381	3.8382
382	3.516
383	4.0877
384	3.7956
385	3.1625
386	3.4304
387	2.1887
388	3.7872
389	1.5684
390	3.4984
391	2.7669
392	5.2612
393	3.8577
394	3.4409
395	5.704
396	1.6172
397	4.2839
398	2.6596
399	3.9445
400	3.3245
401	5.5472
402	0.5229
403	4.2249
404	3.6601
405	1.1955
406	2.1674
407	3.5086
408	3.6783
409	2.1254
410	2.7802
411	2.6584
412	3.2784
413	3.376
414	4.5812
415	3.9647
416	3.4739
417	2.1449
418	2.8117
419	3.7169
420	2.419
421	1.6888
422	2.6274
423	3.529
424	1.9941
425	4.2111
426	1.655
427	4.6271
428	3.6321
429	1.0819
430	2.9926
431	2.307
432	3.5739
433	3.8065
434	3.2155
435	3.5925
436	4.089
437	3.638
438	4.5923
439	3.2127
440	3.9218
441	3.4764
442	4.6916
443	3.849
444	3.4457
445	3.5838
446	3.622
447	3.5482
448	3.7939
449	4.0216
450	2.5788
451	3.4992
452	3.9664
453	1.6312
454	2.9672
455	2.3137
456	3.3463
457	5.3927
458	2.1204
459	3.9659
460	2.2629
461	4.1609
462	1.7179
463	1.6803
464	3.2418
465	3.5826
466	3.126
467	1.0387
468	3.5811
469	2.1226
470	3.5467
471	3.7464
472	0.7073
473	1.6764
474	3.9288
475	4.0176
476	2.8673
477	1.6558
478	4.0333
479	2.5994
480	3.7755
481	3.4883
482	2.9755
483	1.7706
484	2.5504
485	3.7694
486	3.6687
487	3.9963
488	3.8734
489	3.0812
490	3.0139
491	2.2212
492	3.8073
493	1.5549
494	3.1048
495	2.7295
496	5.1581
497	3.8663
498	3.5331
499	5.408
500	1.6144
501	4.218
502	2.8774
503	3.8434
504	3.2675
505	5.7136
506	0.5227
507	4.0843
508	3.6641
509	0.9165
510	2.6967
511	3.7185
512	3.5166
513	2.2487
514	2.7248
515	2.4909
516	3.3248
517	3.3705
518	4.3669
519	3.9061
520	3.5374
521	2.764
522	3.2189
523	3.68
524	2.5851
525	1.4933
526	2.4611
527	3.4556
528	2.2206
529	4.3112
530	1.6217
531	4.5069
532	3.5797
533	1.0238
534	2.9642
535	2.1729
536	3.5189
537	3.8458
538	3.0888
539	3.5165
540	4.0293
541	3.6524
542	4.4401
543	3.0326
544	3.8648
545	3.4469
546	4.5257
547	3.7865
548	3.3268
549	3.5871
550	3.7376
551	2.9197
552	3.7447
553	4.265
554	2.5972
555	3.3693
556	3.9937
557	1.7875
558	3.0492
559	2.1471
560	3.4238
561	5.2499
562	2.1294
563	4.4292
564	2.2218
565	4.1873
566	1.5917
567	0.6501
568	3.487
569	3.5981
570	2.8837
571	0.8055
572	3.512
573	1.8745
574	3.4912
575	3.6061
576	0.7823
577	1.5625
578	3.8672
579	3.9037
580	2.9076
581	1.6791
582	4.1512
583	2.5917
584	3.8561
585	3.5108
586	2.9366
587	1.3891
588	2.5333
589	3.6814
590	3.2513
591	3.7908
592	3.6693
593	3.0943
594	3.3235
595	2.2055
596	3.6763
597	1.5127
598	2.7667
599	2.6078
600	5.1587
601	3.8015
602	3.5224
603	5.5859
604	1.7817
605	4.2013
606	2.6013
607	3.8793
608	3.2617
609	4.9075
610	0.3506
611	4.0587
612	3.4915
613	1.0366
614	3.5431
615	3.457
616	3.4988
617	1.7964
618	2.6826
619	2.111
620	3.2972
621	3.3098
622	4.354
623	3.8821
624	3.6723
625	2.7377
626	2.9929
627	3.6174
628	2.3363
629	1.5713
630	1.9899
631	3.3562
632	2.2725
633	4.5172
634	1.6442
635	4.6163
636	3.636
637	1.0194
638	2.8825
639	2.2778
640	3.4648
641	3.7349
642	3.1613
643	3.4691
644	4.0687
645	3.5431
646	4.4852
647	3.166
648	3.7543
649	3.4715
650	4.5439
651	3.7999
652	3.3764
653	3.6545
654	3.7334
655	2.94
656	3.706
657	3.8399
658	2.4943
659	3.3768
660	4.1648
661	1.556
662	2.9194
663	2.1895
664	3.4046
665	4.9939
666	1.9675
667	3.9279
668	2.1099
669	4.1523
670	1.5921
671	1.3297
672	3.2601
673	3.5406
674	3.0073
675	1.1048
676	3.4913
677	1.6442
678	3.4426
679	3.6841
680	0.4837
681	1.2547
682	3.8028
683	3.9722
684	2.7181
685	1.4662
686	4.0718
687	2.5364
688	3.5714
689	3.4561
690	2.9641
691	1.3989
692	2.6117
693	3.6557
694	2.6057
695	3.9541
696	3.6428
697	3.075
698	3.2941
699	2.0564
700	3.6772
701	1.3755
702	2.2799
703	2.5455
704	5.2047
705	3.7448
706	3.5645
707	5.0502
708	1.723
709	4.054
710	2.4986
711	3.888
712	3.1517
713	5.4434
714	0.3514
715	3.9817
716	3.5097
717	1.0591
718	2.7728
719	3.4215
720	3.4081
721	1.7711
722	2.6722
723	2.0826
724	3.2018
725	3.2584
726	4.2632
727	3.8184
728	3.4993
729	2.2807
730	3.0067
731	3.5688
732	2.3018
733	1.7259
734	2.0659
735	3.3688
736	2.235
737	4.1221
738	1.8578
739	4.1274
740	3.5016
741	0.9543
742	2.7637
743	2.2233
744	3.4642
745	3.5968
746	3.0817
747	3.4098
748	4.0615
749	3.4211
750	4.4232
751	3.064
752	3.884
753	3.3618
754	4.3031
755	3.7246
756	3.3986
757	3.5697
758	3.559
759	2.7917
760	3.6713
761	3.8798
762	2.5024
763	3.3714
764	3.9208
765	1.6781
766	2.6621
767	2.0981
768	3.3179
769	5.1964
770	2.0093
771	4.013
772	2.301
773	4.2023
774	1.5852
775	0.7732
776	3.2161
777	3.5131
778	2.9117
779	0.9766
780	3.5457
781	1.6693
782	3.3694
783	3.5574
784	0.5367
785	1.2396
786	3.7305
787	3.8097
788	2.7918
789	1.5771
790	3.8428
791	2.6515
792	3.5996
793	3.3617
794	2.989
795	1.3997
796	2.4059
797	3.6772
798	2.9867
799	3.8256
800	3.7933
801	3.0823
802	2.6807
803	1.9986
804	3.6181
805	1.4895
806	2.3951
807	2.6309
808	5.0275
809	3.7766
810	3.4975
811	5.5481
812	1.2752
813	4.2383
814	2.4105
815	3.8234
816	3.1849
817	4.5398
818	0.3274
819	3.9456
820	3.4954
821	1.2746
822	1.7041
823	3.4868
824	3.4343
825	2.0104
826	2.649
827	1.8282
828	3.2829
829	3.222
830	4.3113
831	3.8201
832	3.5179
833	2.3002
834	2.6394
835	3.618
836	2.4214
837	1.5175
838	2.2171
839	3.2917
840	1.7421
841	3.8898
842	1.8177
843	4.1891
844	3.4929
845	1.0151
846	2.7909
847	2.0186
848	3.4521
849	3.596
850	3.0957
851	3.4123
852	3.9611
853	3.6153
854	4.4068
855	3.0156
856	3.6799
857	3.2709
858	4.4743
859	3.7318
860	3.3311
861	3.5049
862	3.7024
863	2.9542
864	3.5839
865	3.8552
866	2.4537
867	3.312
868	3.9901
869	1.6325
870	2.8434
871	1.8355
872	3.2676
873	4.9817
874	1.6981
875	3.6348
876	2.2032
877	4.0924
878	1.4764
879	0.4463
880	3.2264
881	3.492
882	2.9483
883	1.0036
884	3.3805
885	1.9309
886	3.44
887	3.485
888	0.9805
889	1.2428
890	3.7343
891	3.7952
892	2.6918
893	1.5431
894	3.7808
895	2.5972
896	3.6338
897	3.3301
898	3.0344
899	1.2681
900	2.4618
901	3.5743
902	2.9988
903	3.9323
904	3.6214
905	3.0221
906	3.0123
907	2.1622
908	3.6553
909	1.2944
910	2.225
911	2.6463
912	5.04
913	3.6451
914	3.4402
915	5.2973
916	1.4151
917	4.0877
918	2.4753
919	3.7729
920	3.1706
921	4.3601
922	0.4069
923	3.9654
924	3.4312
925	1.2122
926	1.609
927	3.3348
928	3.3963
929	1.8496
930	2.6026
931	1.851
932	3.2375
933	3.2519
934	4.394
935	3.7299
936	3.5784
937	2.5201
938	2.623
939	3.6523
940	2.4245
941	1.4615
942	2.2999
943	3.1556
944	1.925
945	4.2281
946	1.6343
947	4.2238
948	3.4512
949	0.911
950	2.8884
951	2.1232
952	3.4476
953	3.6715
954	3.0023
955	3.3002
956	4.0268
957	3.4209
958	4.3305
959	3.0478
960	3.6249
961	3.1585
962	4.4266
963	3.6257
964	3.3551
965	3.4619
966	3.4722
967	3.2243
968	3.5488
969	3.5759
970	2.423
971	3.305
972	3.7105
973	1.6702
974	2.737
975	2.0776
976	3.2111
977	5.1033
978	1.7135
979	3.8562
980	2.1237
981	4.0435
982	1.4408
983	0.2735
984	3.2106
985	3.4798
986	2.965
987	0.7353
988	3.3557
989	2.0082
990	3.2783
991	3.4698
992	0.5223
993	1.2995
994	3.7037
995	4.026
996	2.7323
997	1.5183
998	3.7895
999	2.4976
1000	3.5349
1001	3.343
1002	2.9786
1003	1.3052
1004	2.4373
1005	3.5677
1006	2.0377
1007	3.7083
1008	3.6288
1009	2.9864
1010	2.8835
1011	2.1404
1012	3.6122
1013	1.3355
1014	2.182
1015	2.6083
1016	4.8527
1017	3.7001
1018	3.4565
1019	4.9372
1020	1.4186
1021	4.0908
1022	2.3649
1023	3.746
1024	3.0904
1025	4.4863
1026	0.2942
1027	3.9121
1028	3.4117
1029	1.0787
1030	1.9773
1031	3.4259
1032	3.3204
1033	1.7025
1034	2.5806
1035	1.8378
1036	3.2077
1037	3.1939
1038	4.2467
1039	3.6717
1040	3.6803
