Step	Loss(S)	Loss(T)	fwd_S	fwd_T	rev_S	rev_T
1	1.025	0.0	3.017	5.205	3.105	4.758
2	1.032	0.0	2.127	3.093	2.373	3.043
3	1.772	0.0	5.64	5.938	5.203	4.992
4	1.876	0.0	6.684	2.393	6.409	2.062
5	1.764	0.0	7.572	4.918	5.764	4.936
6	0.9958	0.0	2.105	2.186	2.371	2.316
7	0.8334	0.0	1.764	2.074	1.702	3.349
8	1.107	0.0	2.565	2.546	2.659	2.742
9	1.064	0.0	2.349	1.629	2.559	1.628
10	0.8755	0.0	1.662	1.997	1.911	2.259
11	1.05	0.0	2.183	1.999	2.739	2.132
12	1.024	0.0	1.913	2.123	2.179	2.534
13	1.002	0.0	2.206	1.833	2.704	2.961
14	1.235	0.0	2.688	1.877	3.441	2.342
15	0.7495	0.0	1.522	1.989	1.498	2.649
16	1.193	0.0	2.811	2.732	2.821	4.119
17	0.6863	0.0	1.332	0.9443	1.335	1.019
18	0.6465	0.0	1.292	2.999	1.31	3.973
19	0.9997	0.0	2.066	1.907	1.937	2.146
20	1.436	0.0	3.547	3.526	3.791	4.281
21	0.7846	0.0	1.422	1.28	1.546	1.439
22	1.081	0.0	1.982	1.986	2.506	2.503
23	0.8958	0.0	1.766	1.594	1.855	1.819
24	1.157	0.0	2.146	2.162	2.656	2.066
25	0.9122	0.0	1.728	1.629	1.961	1.575
26	0.9725	0.0	1.759	2.266	2.053	2.542
27	0.8117	0.0	1.481	1.732	1.562	2.03
28	1.036	0.0	1.681	1.242	2.271	1.636
29	0.9211	0.0	1.462	1.665	1.91	2.255
30	0.6394	0.0	1.026	1.287	1.163	1.674
31	0.9702	0.0	1.847	1.591	2.193	2.062
32	0.4853	0.0	0.7834	1.417	0.7899	1.717
33	0.5895	0.0	0.9635	1.08	1.072	1.392
34	0.5268	0.0	0.8636	1.697	0.8899	2.074
35	0.8404	0.0	1.572	1.559	1.766	2.062
36	0.7512	0.0	1.286	1.496	1.41	1.89
37	0.9674	0.0	1.975	1.445	2.122	2.001
38	0.9101	0.0	1.637	2.083	2.27	2.93
39	0.7012	0.0	1.164	1.375	1.168	1.743
40	0.5802	0.0	1.047	1.712	1.029	1.724
41	0.7305	0.0	1.334	1.278	1.482	1.358
42	0.6232	0.0	0.9789	0.9441	1.256	0.9967
43	0.7153	0.0	1.299	1.591	1.305	1.467
44	0.7043	0.0	1.122	1.556	1.316	2.159
45	0.6	0.0	0.9364	0.8123	1.17	0.8601
46	0.7549	0.0	1.412	1.477	1.698	1.524
47	0.7981	0.0	1.685	0.9874	1.498	1.097
48	0.5146	0.0	0.8848	0.6163	0.8326	0.6755
49	0.7894	0.0	1.298	0.9678	1.663	1.147
50	0.6378	0.0	1.144	1.486	1.038	1.627
51	0.8415	0.0	1.704	1.739	1.625	1.775
52	0.6511	0.0	1.092	1.747	1.454	1.713
53	1.033	0.0	1.891	1.692	2.258	1.77
54	0.4701	0.0	0.8403	1.403	0.7541	1.513
55	0.7711	0.0	1.357	0.8179	1.592	0.7759
56	0.8706	0.0	1.714	1.502	1.671	1.429
57	0.6751	0.0	1.23	1.049	1.186	0.9651
58	0.4888	0.0	0.8588	1.565	0.8181	1.755
59	0.7645	0.0	1.512	1.223	1.415	1.25
60	0.6615	0.0	1.195	1.118	1.284	1.183
61	0.9143	0.0	1.953	1.36	1.989	1.296
62	0.6389	0.0	1.069	1.17	1.202	1.224
63	0.615	0.0	1.041	1.782	1.111	1.703
64	0.7648	0.0	1.467	1.433	1.529	1.555
65	0.6581	0.0	1.248	0.6635	1.161	0.7219
66	0.8553	0.0	1.725	1.108	1.785	1.537
67	0.8058	0.0	1.536	1.17	1.459	1.194
68	1.063	0.0	1.78	1.325	2.402	1.402
69	0.5323	0.0	0.872	0.7935	0.8505	1.012
70	0.3202	0.0	0.5776	1.029	0.8211	1.207
71	0.5908	0.0	1.001	1.442	0.9949	1.781
72	0.5378	0.0	0.8742	0.8032	0.892	0.8768
73	0.4305	0.0	0.781	1.173	0.7069	0.9843
74	0.7395	0.0	1.297	1.532	1.455	2.003
75	0.6571	0.0	1.221	1.111	1.116	1.541
76	0.6686	0.0	1.199	1.046	1.198	1.106
77	0.4152	0.0	0.7157	0.6192	0.717	0.6394
78	0.5485	0.0	0.9879	1.353	1.034	1.405
79	0.6012	0.0	1.061	0.6619	1.138	0.7077
80	0.6267	0.0	1.192	1.109	1.155	0.8828
81	0.5915	0.0	0.9911	1.373	1.064	1.336
82	0.4168	0.0	0.6998	0.6084	0.6662	0.7042
83	0.6737	0.0	1.218	1.207	1.168	1.17
84	0.6479	0.0	1.179	1.309	1.064	1.21
85	0.8251	0.0	1.804	1.514	1.641	2.052
86	0.459	0.0	0.7957	0.8441	0.8122	0.8709
87	0.7927	0.0	1.555	1.338	1.338	1.122
88	0.6736	0.0	1.243	1.352	1.241	1.464
89	0.5164	0.0	0.8987	0.919	0.9017	0.9748
90	0.9007	0.0	1.752	0.8813	1.949	0.8704
91	0.7172	0.0	1.473	1.682	1.474	1.723
92	0.6151	0.0	1.081	1.133	1.132	1.477
93	0.4718	0.0	0.7539	0.5431	0.794	0.7425
94	0.6363	0.0	1.181	0.7906	1.121	0.7196
95	0.4042	0.0	0.6391	0.6522	0.6156	0.6066
96	0.5289	0.0	0.8637	1.133	1.027	1.025
97	0.7575	0.0	1.597	1.743	1.561	1.464
98	0.2897	0.0	0.5154	0.2879	0.5078	0.2439
99	0.7409	0.0	1.481	0.7109	1.334	0.7014
100	0.7718	0.0	1.535	1.29	1.31	1.305
101	0.6769	0.0	1.413	1.588	1.173	1.803
102	0.5469	0.0	0.9684	1.134	0.8908	0.9075
103	0.4728	0.0	0.9965	0.8778	0.9765	0.8959
104	0.9847	0.0	1.727	1.531	2.183	1.64
105	0.2983	0.0	0.4831	0.6721	0.5247	0.6837
106	0.3894	0.0	0.6212	1.097	0.5682	1.023
107	0.4157	0.0	0.7517	0.9752	0.6774	1.122
108	0.3736	0.0	0.6205	0.6341	0.5865	0.6595
109	0.391	0.0	0.6394	0.4526	0.6535	0.4899
110	0.3829	0.0	0.593	1.254	0.5912	1.128
111	0.8703	0.0	1.735	2.008	2.09	1.683
112	0.5319	0.0	0.8683	1.608	1.028	1.679
113	0.6112	0.0	1.217	0.9493	1.096	1.157
114	0.6126	0.0	1.209	1.954	1.024	1.736
115	0.5553	0.0	0.967	1.337	0.91	1.465
116	0.6847	0.0	1.361	0.8198	1.086	0.8243
117	0.6299	0.0	1.256	1.519	1.067	1.548
118	0.1231	0.0	0.1975	0.7239	0.2121	0.7487
119	0.7515	0.0	1.45	2.313	1.469	2.288
120	0.2351	0.0	0.393	0.4544	0.416	0.4025
121	0.6102	0.0	1.219	1.259	1.076	1.113
122	0.6226	0.0	1.142	0.8966	1.073	0.9149
123	0.4812	0.0	0.8403	1.545	0.7882	1.39
124	0.366	0.0	0.6161	0.7816	0.5988	0.9246
125	0.5785	0.0	1.05	1.628	0.9244	2.597
126	0.6385	0.0	1.207	1.053	1.117	0.8515
127	0.5415	0.0	1.102	1.514	1.13	1.932
128	0.7167	0.0	1.334	0.9657	1.461	1.05
129	0.586	0.0	1.023	1.193	0.9103	1.169
130	0.4888	0.0	0.8468	1.216	0.8703	1.225
131	0.6901	0.0	1.292	0.794	1.218	0.7654
132	0.3434	0.0	0.61	0.9929	0.5485	0.7524
133	0.2893	0.0	0.4753	0.3548	0.6098	0.33
134	0.5837	0.0	1.133	1.094	1.275	1.136
135	0.6031	0.0	1.162	1.463	0.9808	1.57
136	0.4755	0.0	0.7905	1.39	0.7659	1.255
137	0.5011	0.0	0.8529	0.8249	0.8712	1.463
138	0.3845	0.0	0.6384	1.329	0.6215	1.306
139	0.617	0.0	1.299	1.324	1.073	1.242
140	0.3553	0.0	0.8443	0.7171	0.6827	0.728
141	0.2121	0.0	0.3328	0.7474	0.3906	0.9604
142	0.3362	0.0	0.673	1.239	0.5736	1.35
143	0.4356	0.0	0.6757	0.5475	0.7526	0.8592
144	0.6215	0.0	1.21	0.7726	1.053	0.643
145	0.3709	0.0	0.6046	1.521	0.5547	1.503
146	0.5793	0.0	0.9265	0.7591	1.068	0.7848
147	0.4837	0.0	0.853	0.9809	0.8562	0.7356
148	0.3709	0.0	0.6888	0.9219	0.5708	1.067
149	0.4102	0.0	0.732	0.4126	0.6786	0.429
150	0.6384	0.0	1.249	1.496	1.201	1.532
151	0.4383	0.0	0.7835	1.545	0.7359	1.527
152	0.362	0.0	0.6175	0.5958	0.7184	0.6586
153	0.4633	0.0	0.9032	1.308	0.8819	1.303
154	0.5562	0.0	1.039	1.012	0.8839	0.9576
155	0.7421	0.0	1.47	1.599	1.445	1.744
156	0.6584	0.0	1.237	0.9665	1.217	0.8812
157	0.3634	0.0	0.6839	1.449	0.5703	1.321
158	0.4085	0.0	0.6817	1.006	0.6106	0.8796
159	0.5216	0.0	1.142	1.059	0.8342	0.8962
160	0.3952	0.0	0.6678	1.139	0.6688	1.156
161	0.4045	0.0	0.6749	0.7464	0.662	0.8166
162	0.261	0.0	0.4859	0.3891	0.4657	0.4362
163	0.39	0.0	0.6554	0.7707	0.7296	0.737
164	0.2853	0.0	0.4831	2.101	0.4646	1.787
165	0.7067	0.0	1.386	1.463	1.394	1.474
166	0.6034	0.0	1.089	1.213	0.9941	1.121
167	0.6096	0.0	1.176	1.095	1.094	1.099
168	0.5316	0.0	0.9308	0.8031	0.9976	0.6863
169	0.3435	0.0	0.6613	0.7962	0.6504	0.6106
170	0.2891	0.0	0.4558	1.386	0.4091	1.501
171	0.273	0.0	0.6031	0.9399	0.5678	0.8323
172	0.8246	0.0	1.587	0.7929	1.829	0.766
173	0.2374	0.0	0.3756	0.5253	0.3776	0.6474
174	0.414	0.0	0.7234	1.662	0.7027	1.753
175	0.3953	0.0	0.6434	1.159	0.6079	1.218
176	0.3468	0.0	0.5483	0.6531	0.5926	0.8547
177	0.3884	0.0	0.6655	0.5853	0.5913	0.6991
178	0.6719	0.0	1.319	1.313	1.211	1.374
179	0.4817	0.0	0.872	0.7386	0.8544	0.7246
180	0.3382	0.0	0.5569	0.7811	0.5023	0.7911
181	0.2387	0.0	0.4714	0.4603	0.4467	0.4428
182	0.5004	0.0	0.8427	1.304	0.791	1.211
183	0.3979	0.0	0.6259	0.4434	0.7665	0.4532
184	0.6682	0.0	1.464	0.8701	1.094	0.8272
185	0.7211	0.0	1.416	1.056	1.268	1.17
186	0.6185	0.0	0.9547	0.5492	1.215	0.5239
187	0.4227	0.0	0.7268	0.88	0.7633	1.012
188	0.6203	0.0	1.151	0.7719	1.076	0.6946
189	0.5715	0.0	1.053	0.8644	0.8951	0.9309
190	0.3835	0.0	0.6384	0.8484	0.6137	0.8096
191	0.4896	0.0	0.8803	0.9018	0.7553	0.7775
192	0.2832	0.0	0.5663	1.817	0.523	1.732
193	0.3339	0.0	0.684	0.3983	0.622	0.4705
194	0.5779	0.0	1.12	1.767	1.062	1.682
195	0.6276	0.0	1.163	1.015	0.9783	0.8993
196	0.6119	0.0	1.534	0.8927	1.158	0.9415
197	0.1986	0.0	0.3446	0.5867	0.3854	0.8275
198	0.4386	0.0	0.7147	1.016	0.651	0.9292
199	0.5122	0.0	0.7957	0.5993	0.8464	0.6313
200	0.411	0.0	0.7197	1.012	0.6248	0.8864
201	0.6878	0.0	1.438	0.5347	1.351	0.5737
202	0.2317	0.0	0.4314	0.5918	0.3876	0.624
203	0.4005	0.0	0.6228	0.7093	0.7154	0.8625
204	0.7408	0.0	1.723	1.879	1.555	1.867
205	0.4499	0.0	0.7576	0.8294	0.6773	0.8471
206	0.6065	0.0	1.328	1.04	1.053	1.071
207	0.3753	0.0	0.6087	1.307	0.6568	1.743
208	0.2293	0.0	0.411	1.505	0.488	1.837
209	0.4353	0.0	0.7524	0.4455	0.7942	0.4772
210	0.5137	0.0	0.9087	1.172	0.7556	1.133
211	0.4766	0.0	0.7836	0.6761	0.9182	0.752
212	0.3309	0.0	0.5399	0.8786	0.5202	1.009
213	0.4757	0.0	0.7149	0.6544	0.9188	0.7939
214	0.6857	0.0	1.396	1.061	1.16	0.9432
215	0.4392	0.0	0.7919	2.36	0.6906	1.942
216	0.5589	0.0	1.046	1.266	1.081	1.055
217	0.5443	0.0	0.8301	0.8745	1.086	0.9219
218	0.657	0.0	1.331	1.382	1.101	1.317
219	0.4661	0.0	0.8284	1.424	0.7002	1.315
220	0.5974	0.0	1.073	0.9651	0.993	0.9546
221	0.6472	0.0	1.238	1.862	1.339	1.975
222	0.4588	0.0	0.9206	0.8041	0.9752	0.7428
223	0.6591	0.0	1.432	1.213	1.075	1.145
224	0.2488	0.0	0.5179	0.5111	0.4093	0.475
225	0.5655	0.0	0.978	1.352	0.9746	1.235
226	0.4648	0.0	0.7775	1.145	0.8133	1.308
227	0.5012	0.0	0.9662	1.18	1.085	1.05
228	0.2571	0.0	0.351	0.8819	0.4008	1.105
229	0.5163	0.0	0.9108	1.651	0.8391	2.025
230	0.4557	0.0	0.8224	0.8228	0.7797	0.7083
231	0.3954	0.0	0.7136	0.7945	0.6451	0.7615
232	0.3778	0.0	0.6345	0.9018	0.6674	0.9186
233	0.4986	0.0	0.8956	1.294	0.7757	1.254
234	0.5279	0.0	0.9368	0.7946	0.8329	0.8096
235	0.5437	0.0	0.9816	1.029	0.8277	0.9965
236	0.3004	0.0	0.4796	0.6858	0.4985	0.7215
237	0.4489	0.0	0.702	0.3386	0.7809	0.3438
238	0.6994	0.0	1.313	1.132	1.16	1.012
239	0.4891	0.0	0.8617	1.439	0.765	1.308
240	0.3568	0.0	0.6174	0.8293	0.5415	0.8349
241	0.4	0.0	0.6375	0.8878	0.6607	1.458
242	0.4764	0.0	0.7958	1.342	0.7894	1.424
243	0.5739	0.0	1.08	1.592	0.9514	1.297
244	0.4946	0.0	0.8563	0.7552	0.8545	0.7609
245	0.337	0.0	0.5453	0.5177	0.4941	0.6004
246	0.5304	0.0	0.9828	1.482	0.8957	1.506
247	0.3019	0.0	0.4051	0.5064	0.4863	0.5928
248	0.4813	0.0	0.8655	1.027	0.7092	0.8675
249	0.5825	0.0	1.023	1.518	0.9811	1.487
250	0.405	0.0	0.7164	0.5644	0.7198	0.4677
251	0.7151	0.0	1.409	1.001	1.169	0.7849
252	0.3918	0.0	0.6334	0.4005	0.7672	0.4597
253	0.2584	0.0	0.4579	0.6091	0.4428	0.6681
254	0.5169	0.0	0.9939	1.074	0.8685	1.065
255	0.615	0.0	1.133	1.275	1.031	1.15
256	0.3765	0.0	0.6973	0.2512	0.6841	0.2551
257	0.4847	0.0	0.8672	0.9257	0.8088	0.9511
258	0.6221	0.0	1.251	1.014	1.018	0.8719
259	0.7062	0.0	1.333	1.933	1.2	1.745
260	0.4136	0.0	0.773	0.375	0.7126	0.369
261	0.4398	0.0	0.7178	1.401	0.7669	1.201
262	0.7156	0.0	1.281	0.9893	1.284	0.9362
263	0.6232	0.0	1.144	1.321	1.076	1.14
264	0.5101	0.0	0.8412	1.217	0.9242	1.065
265	0.384	0.0	0.5704	0.6169	0.6318	0.6419
266	0.229	0.0	0.3784	0.3989	0.384	0.3791
267	0.388	0.0	0.7363	0.8236	0.5672	0.6872
268	0.5923	0.0	1.071	1.134	1.058	1.072
269	0.6042	0.0	1.288	1.335	0.9582	1.336
270	0.6569	0.0	1.241	0.8813	1.09	0.9346
271	0.6277	0.0	1.415	0.8264	1.093	0.786
272	0.5752	0.0	1.084	1.496	1.025	1.231
273	0.24	0.0	0.4529	0.4434	0.3522	0.3463
274	0.4657	0.0	0.8097	1.3	0.7316	1.424
275	0.3149	0.0	0.5259	1.326	0.4723	1.068
276	0.6857	0.0	1.265	0.814	1.186	0.7893
277	0.1588	0.0	0.333	0.9024	0.462	1.183
278	0.4285	0.0	0.7523	1.224	0.7454	1.303
279	0.2761	0.0	0.4336	1.135	0.3904	1.338
280	0.4371	0.0	0.8763	0.4099	0.9082	0.4152
281	0.105	0.0	0.1945	0.6722	0.2197	0.6735
282	0.6299	0.0	1.205	2.344	1.096	1.955
283	0.5152	0.0	0.9019	0.6925	0.8679	0.7486
284	0.5096	0.0	0.9027	1.147	0.8112	0.9924
285	0.3603	0.0	0.5966	0.2632	0.6712	0.2432
286	0.4162	0.0	0.7828	1.045	0.6469	0.8811
287	0.4169	0.0	0.6894	0.6893	0.6569	0.733
288	0.6067	0.0	1.18	1.051	1.037	0.9088
289	0.611	0.0	1.155	1.053	1.315	1.29
290	0.1681	0.0	0.2943	0.4964	0.2646	0.4972
291	0.3298	0.0	0.5669	1.049	0.4876	1.071
292	0.274	0.0	0.4793	0.8115	0.3982	0.7007
293	0.6799	0.0	1.221	1.244	1.14	1.419
294	0.1512	0.0	0.2447	0.6764	0.3259	0.6778
295	0.6803	0.0	1.206	0.9212	1.167	0.7239
296	0.1361	0.0	0.2533	1.27	0.2501	1.708
297	0.3367	0.0	0.6285	0.881	0.5828	0.8585
298	0.7651	0.0	1.573	2.212	1.346	2.033
299	0.6436	0.0	1.28	0.9334	1.1	0.9119
300	0.2035	0.0	0.4364	0.9256	0.4143	1.164
301	0.3014	0.0	0.5787	0.5435	0.5221	0.8812
302	0.448	0.0	0.7512	0.9636	0.6911	0.9451
303	0.2698	0.0	0.433	0.6297	0.4233	0.6703
304	0.3413	0.0	0.5397	0.5328	0.4907	0.5008
305	0.6049	0.0	1.113	0.6503	1.238	0.7418
306	0.428	0.0	0.7389	0.5146	0.6533	0.4805
307	0.2774	0.0	0.4609	0.6251	0.4274	0.6748
308	0.5086	0.0	0.9429	1.259	0.7755	1.235
309	0.4787	0.0	0.8111	1.08	0.7964	0.9749
310	0.5318	0.0	1.024	0.9463	0.9502	0.762
311	0.2444	0.0	0.4351	1.156	0.4529	1.347
312	0.5189	0.0	1.149	1.509	1.045	1.639
313	0.1544	0.0	0.2481	0.6383	0.2592	0.5544
314	0.4945	0.0	0.8482	0.7273	0.7641	0.7005
315	0.1602	0.0	0.2935	0.3652	0.3138	0.3778
316	0.496	0.0	0.8033	0.457	0.9313	0.4415
317	0.3001	0.0	0.4367	0.6227	0.4615	0.7621
318	0.5713	0.0	1.063	1.365	0.9101	1.163
319	0.6453	0.0	1.132	1.855	1.286	1.804
320	0.3535	0.0	0.6489	1.401	0.6132	1.179
321	0.48	0.0	0.8062	0.7607	0.7655	0.8705
322	0.5346	0.0	0.9058	2.135	0.8593	1.923
323	0.4938	0.0	0.8369	1.448	0.8424	1.389
324	0.5687	0.0	1.09	1.009	0.9609	1.165
325	0.8156	0.0	1.762	1.593	1.857	2.16
326	0.5522	0.0	1.219	0.9853	0.9593	0.9078
327	0.6039	0.0	1.083	1.714	0.9749	1.681
328	0.2765	0.0	0.4452	0.3979	0.476	0.4124
329	0.4918	0.0	0.907	1.226	0.7473	0.9695
330	0.4698	0.0	0.8445	1.17	0.7206	1.287
331	0.4905	0.0	1.12	1.135	0.9224	1.039
332	0.3867	0.0	0.6529	0.5595	0.7055	0.8101
333	0.6816	0.0	1.287	1.092	1.153	1.729
334	0.1491	0.0	0.2484	0.6005	0.2271	0.6458
335	0.7435	0.0	1.394	1.311	1.401	1.589
336	0.3651	0.0	0.6227	1.135	0.645	1.409
337	0.6267	0.0	1.166	1.522	1.169	1.316
338	0.5993	0.0	1.176	1.408	1.034	1.259
339	0.5604	0.0	1.078	1.894	0.9152	1.666
340	0.3944	0.0	0.6312	0.7973	0.6993	0.7369
341	0.3947	0.0	0.7057	0.2973	0.6221	0.3053
342	0.4605	0.0	0.6899	0.8878	0.769	1.089
343	0.4146	0.0	0.6631	1.372	0.6476	1.265
344	0.5165	0.0	1.015	1.115	0.781	0.8769
345	0.3814	0.0	0.5916	0.753	0.746	1.49
346	0.6189	0.0	1.188	1.302	0.9949	1.322
347	0.6012	0.0	1.279	1.007	0.9851	0.789
348	0.2984	0.0	0.5139	0.5831	0.4867	0.615
349	0.4534	0.0	0.7866	0.48	0.7448	0.6896
350	0.5104	0.0	1.127	1.682	0.9327	1.502
351	0.374	0.0	0.5331	0.4909	0.6051	0.6079
352	0.2665	0.0	0.4372	0.7845	0.4131	0.6485
353	0.3567	0.0	0.6031	1.438	0.5829	1.221
354	0.2577	0.0	0.4785	0.3711	0.4099	0.3427
355	0.4807	0.0	1.05	1.982	0.7987	1.854
356	0.421	0.0	0.6519	0.6652	0.7211	0.7357
357	0.2123	0.0	0.3999	0.3113	0.3589	0.3552
358	0.5382	0.0	1.048	1.979	0.8538	1.416
359	0.5448	0.0	1.0	1.354	0.8692	1.142
360	0.2302	0.0	0.4196	0.9426	0.3974	1.069
361	0.4148	0.0	0.7824	0.9684	0.8203	0.9781
362	0.5936	0.0	1.086	1.744	0.9458	1.708
363	0.7293	0.0	1.448	1.641	1.221	1.641
364	0.5976	0.0	1.3	1.163	0.9597	1.012
365	0.6634	0.0	1.358	1.398	1.156	1.392
366	0.5537	0.0	0.9925	0.9606	0.8633	0.9246
367	0.4908	0.0	0.9557	0.5074	0.7676	0.3901
368	0.4048	0.0	0.7877	1.174	0.5857	1.107
369	0.3998	0.0	0.6832	0.4435	0.6805	0.5549
370	0.2865	0.0	0.5941	0.4198	0.6559	0.5475
371	0.2338	0.0	0.4942	1.262	0.4714	1.217
372	0.5683	0.0	0.9574	0.582	1.074	0.5697
373	0.5709	0.0	1.095	1.295	1.044	1.339
374	0.4584	0.0	0.8018	0.7919	0.6818	0.9323
375	0.6771	0.0	1.259	0.5896	1.136	0.5682
376	0.642	0.0	1.272	1.131	1.098	0.8483
377	0.2303	0.0	0.4364	0.4539	0.3749	0.3821
378	0.3942	0.0	0.6997	1.148	0.744	1.728
379	0.5509	0.0	0.9912	0.9805	0.9769	0.7816
380	0.4941	0.0	0.8474	0.6368	0.8766	0.7547
381	0.3531	0.0	0.5942	0.6419	0.5627	0.8407
382	0.6566	0.0	1.28	0.7255	1.048	0.6788
383	0.5485	0.0	0.9705	0.7331	0.9167	0.6929
384	0.4014	0.0	0.7681	0.3958	0.667	0.4086
385	0.3239	0.0	0.64	0.5225	0.4966	0.7451
386	0.7238	0.0	1.733	2.753	1.385	2.305
387	0.3622	0.0	0.6042	0.6941	0.6002	0.6756
388	0.3509	0.0	0.549	0.8226	0.4979	0.7942
389	0.5806	0.0	0.9598	0.3729	1.099	0.4622
390	0.6216	0.0	1.151	1.378	1.011	1.17
391	0.3126	0.0	0.5116	0.3819	0.5579	0.379
392	0.7324	0.0	1.784	1.129	1.338	0.9986
393	0.582	0.0	1.068	0.7216	0.9632	0.7397
394	0.2485	0.0	0.4401	0.5611	0.4044	0.4294
395	0.632	0.0	1.204	0.7572	1.012	0.7555
396	0.5338	0.0	0.937	0.9086	0.8757	0.7716
397	0.5137	0.0	0.9502	1.546	0.9187	1.664
398	0.4002	0.0	0.7509	0.7275	0.6684	0.7689
399	0.5308	0.0	0.9309	1.079	0.8209	0.9767
400	0.2035	0.0	0.3928	1.386	0.3499	1.465
401	0.1537	0.0	0.292	0.4653	0.2543	0.4406
402	0.5826	0.0	1.081	1.277	0.9337	1.005
403	0.5078	0.0	0.8358	1.649	0.8209	1.45
404	0.4713	0.0	0.8087	0.831	0.8187	0.8456
405	0.2441	0.0	0.3237	0.3908	0.3786	0.7551
406	0.5703	0.0	1.085	1.161	0.9044	1.013
407	0.3173	0.0	0.4979	0.6784	0.5528	0.6726
408	0.4699	0.0	0.8655	0.6251	0.9511	0.7245
409	0.4792	0.0	0.7663	0.5632	0.7848	0.6917
410	0.3856	0.0	0.6271	0.2899	0.5819	0.2587
411	0.438	0.0	0.7959	0.4122	0.81	0.4464
412	0.4087	0.0	0.7263	0.7272	0.7145	0.6539
413	0.6687	0.0	1.361	1.192	1.115	1.008
414	0.5268	0.0	1.186	0.6528	0.839	0.6739
415	0.5274	0.0	0.8934	1.089	0.9555	1.217
416	0.4155	0.0	0.8461	1.524	0.7995	1.647
417	0.216	0.0	0.3315	0.7296	0.3543	0.8175
418	0.5372	0.0	1.046	1.175	0.8499	1.034
419	0.2794	0.0	0.4635	0.6569	0.5145	0.6532
420	0.4742	0.0	0.8087	0.3577	0.8691	0.3874
421	0.2995	0.0	0.425	0.4987	0.5297	0.4753
422	0.6606	0.0	1.24	0.9105	1.137	0.8834
423	0.4204	0.0	0.7183	1.635	0.6535	1.596
424	0.7135	0.0	1.393	0.8178	1.2	0.8965
425	0.4187	0.0	0.696	1.797	0.6925	1.45
426	0.4689	0.0	0.7604	2.165	0.7149	2.731
427	0.6299	0.0	1.214	1.212	1.109	1.187
428	0.3958	0.0	0.6488	1.126	0.5721	1.099
429	0.8543	0.0	1.881	1.694	1.757	1.505
430	0.7062	0.0	2.022	2.099	1.375	1.791
431	0.5994	0.0	1.217	1.813	1.087	2.701
432	0.31	0.0	0.5625	0.6067	0.4825	0.5695
433	0.5884	0.0	1.098	0.6758	0.9572	0.699
434	0.5925	0.0	1.11	1.363	0.9682	1.414
435	0.4642	0.0	0.7867	1.126	0.7039	1.142
436	0.3374	0.0	0.5285	0.9233	0.5944	1.079
437	0.3276	0.0	0.5357	1.136	0.5352	1.177
438	0.5927	0.0	1.132	0.6989	0.96	0.7474
439	0.6228	0.0	1.146	1.485	1.026	1.826
440	0.5202	0.0	0.8306	1.124	0.9787	1.27
441	0.5645	0.0	1.093	0.6345	0.8545	0.6183
442	0.4936	0.0	0.8648	0.7195	0.7837	0.6893
443	0.6361	0.0	1.125	0.7324	1.036	0.7295
444	0.287	0.0	0.529	0.6563	0.5169	0.6554
445	0.3518	0.0	0.5945	0.4357	0.627	0.3538
446	0.6136	0.0	0.9837	0.506	1.154	0.4975
447	0.5011	0.0	0.8748	0.9758	0.8018	0.9271
448	0.6146	0.0	1.171	0.7563	1.041	0.6528
449	0.2795	0.0	0.504	0.576	0.5113	0.8227
450	0.5376	0.0	0.9334	1.626	0.882	1.494
451	0.6635	0.0	1.667	1.01	1.133	0.9333
452	0.4688	0.0	0.8367	0.5707	0.6906	0.6655
453	0.2656	0.0	0.4242	0.6224	0.5038	0.8695
454	0.6135	0.0	1.344	1.148	1.084	1.216
455	0.3614	0.0	0.5206	0.523	0.6482	0.6643
456	0.5751	0.0	1.076	0.8042	1.041	0.896
457	0.5146	0.0	0.8982	1.424	0.8369	1.293
458	0.292	0.0	0.4921	0.6029	0.4539	0.5905
459	0.3817	0.0	0.6306	1.579	0.5953	1.198
460	0.3882	0.0	0.5754	0.6738	0.6469	0.8349
461	0.2548	0.0	0.4057	0.3843	0.4213	0.514
462	0.4919	0.0	0.8805	1.55	0.8326	1.573
463	0.7204	0.0	1.44	1.106	1.296	0.989
464	0.3602	0.0	0.5737	0.8225	0.5339	0.7916
465	0.4689	0.0	0.9615	1.151	0.988	1.295
466	0.7487	0.0	1.472	1.155	1.269	0.9826
467	0.5281	0.0	0.9304	1.458	0.9046	1.48
468	0.6631	0.0	1.334	1.103	1.133	0.8567
469	0.7929	0.0	1.533	1.259	1.507	1.379
470	0.4613	0.0	0.7624	1.382	0.7452	1.315
471	0.5182	0.0	0.8716	1.357	0.8523	1.029
472	0.6776	0.0	1.342	1.04	1.233	0.803
473	0.4115	0.0	0.6323	0.7521	0.6673	0.9265
474	0.2628	0.0	0.6157	0.3215	0.4971	0.2828
475	0.3108	0.0	0.6702	0.7541	0.5544	0.691
476	0.4489	0.0	0.7985	1.208	0.7428	1.119
477	0.4164	0.0	0.7812	1.677	0.7726	1.72
478	0.4275	0.0	0.6622	0.8076	0.647	0.8159
479	0.537	0.0	0.9088	1.371	0.8701	1.253
480	0.5936	0.0	1.221	0.9606	0.9138	0.857
481	0.3189	0.0	0.6102	0.591	0.4838	0.5791
482	0.5542	0.0	0.9746	1.557	1.003	1.725
483	0.3533	0.0	0.7036	1.172	0.5552	0.9781
484	0.5303	0.0	1.045	1.004	1.043	0.8833
485	0.3919	0.0	0.5356	0.6223	0.7499	0.8895
486	0.5388	0.0	0.9042	1.415	0.9046	1.242
487	0.4097	0.0	0.6696	1.234	0.6323	1.44
488	0.3731	0.0	0.6202	0.4098	0.6653	0.4139
489	0.375	0.0	0.4975	0.4927	0.6553	0.5625
490	0.5629	0.0	1.009	1.666	0.9503	1.742
491	0.4377	0.0	0.7885	0.7089	0.8112	0.7096
492	0.4745	0.0	0.8873	0.7696	0.7792	0.8173
493	0.3184	0.0	0.5377	0.3351	0.5911	0.3765
494	0.5737	0.0	1.138	1.684	0.9513	1.58
495	0.198	0.0	0.3116	0.6225	0.3474	0.6307
496	0.5012	0.0	0.8677	1.234	0.839	1.427
497	0.5574	0.0	0.8378	0.9573	1.02	1.061
498	0.2345	0.0	0.4584	0.4352	0.4131	0.4796
499	0.4985	0.0	0.8385	0.856	0.7493	0.8862
500	0.2153	0.0	0.801	1.112	0.5553	0.8691
501	0.5506	0.0	0.9806	1.103	0.8719	1.046
502	0.4207	0.0	0.6763	0.5977	0.6374	0.6355
503	0.5902	0.0	1.038	0.6243	0.963	0.5687
504	0.3707	0.0	0.6945	1.79	0.6356	1.777
505	0.4611	0.0	0.8254	0.6566	0.8235	0.7888
506	0.6352	0.0	1.2	1.024	1.059	1.052
507	0.6076	0.0	1.1	0.7701	0.9689	0.8515
508	0.4211	0.0	0.6176	0.8757	0.7782	0.9823
509	0.3501	0.0	0.5113	0.4742	0.5966	0.7418
510	0.5053	0.0	0.8892	1.161	0.7699	1.016
511	0.2105	0.0	0.3543	0.5348	0.3065	0.6021
512	0.3702	0.0	0.66	0.7894	0.5513	0.6751
513	0.5496	0.0	0.8795	0.9814	0.9072	0.9997
514	0.2471	0.0	0.3887	0.4075	0.4827	0.3887
515	0.2021	0.0	0.3457	1.029	0.3624	1.056
516	0.7376	0.0	1.455	1.112	1.368	1.037
517	0.7256	0.0	1.385	0.7659	1.266	0.719
518	0.2903	0.0	0.4572	1.173	0.49	1.12
519	0.4461	0.0	0.7715	0.8746	0.7631	1.18
520	0.174	0.0	0.378	1.797	0.3599	1.845
521	0.3579	0.0	1.047	0.7078	0.6302	0.7628
522	0.5186	0.0	0.8633	0.5652	0.7989	0.5697
523	0.3208	0.0	0.5956	0.711	0.6091	0.7805
524	0.4749	0.0	0.7329	0.4831	0.9491	0.4942
525	0.362	0.0	0.5161	0.4674	0.5802	0.4793
526	0.5059	0.0	0.8349	0.8449	0.8241	0.7584
527	0.3849	0.0	0.6855	1.095	0.7549	1.168
528	0.7563	0.0	1.457	1.198	1.256	1.147
529	0.5817	0.0	1.252	0.8002	1.061	0.9498
530	0.5435	0.0	0.9705	1.685	0.9268	1.666
531	0.4141	0.0	0.6968	1.534	0.6589	1.317
532	0.5787	0.0	1.046	1.068	0.9556	1.016
533	0.1059	0.0	0.2765	1.506	0.338	1.615
534	0.4239	0.0	0.7409	1.269	0.7272	1.098
535	0.6702	0.0	1.35	1.348	1.213	1.212
536	0.147	0.0	0.2744	0.6824	0.2256	0.7275
537	0.4773	0.0	0.879	1.036	0.742	0.8805
538	0.4585	0.0	0.82	0.9283	0.7335	0.8362
539	0.6046	0.0	1.078	0.7558	1.023	0.7559
540	0.3983	0.0	0.597	0.5495	0.7184	0.7685
541	0.6168	0.0	1.245	1.578	0.979	2.267
542	0.3866	0.0	0.6197	0.1816	0.6291	0.2388
543	0.2939	0.0	0.49	1.486	0.4377	1.776
544	0.5091	0.0	0.9381	1.248	0.8411	0.9672
545	0.5455	0.0	0.9734	1.406	0.8611	1.227
546	0.4758	0.0	0.8008	1.473	0.7341	1.421
547	0.4896	0.0	0.8697	1.14	0.7503	1.103
548	0.2485	0.0	0.3999	0.6367	0.3598	0.5844
549	0.1519	0.0	0.2211	0.2413	0.2592	0.2297
550	0.4751	0.0	0.8669	0.6848	0.8526	0.8535
551	0.3923	0.0	0.6866	1.142	0.6472	1.172
552	0.5203	0.0	0.9154	0.8166	0.8355	0.889
553	0.3647	0.0	0.5951	0.6176	0.5819	0.8902
554	0.6179	0.0	1.11	1.251	1.011	1.121
555	0.6312	0.0	1.333	0.8354	1.178	0.666
556	0.3498	0.0	0.6102	0.6894	0.5421	0.7098
557	0.341	0.0	0.5091	0.5298	0.6459	0.6458
558	0.49	0.0	0.9927	1.318	0.9887	1.404
559	0.2863	0.0	0.3871	0.4582	0.438	0.5889
560	0.4646	0.0	0.8363	0.8807	0.7823	0.7733
561	0.4326	0.0	0.7051	1.395	0.6928	1.254
562	0.298	0.0	0.5147	0.7193	0.4894	0.7483
563	0.3935	0.0	0.6331	1.23	0.5997	1.178
564	0.2827	0.0	0.4069	0.4141	0.4277	0.4698
565	0.2023	0.0	0.3323	0.4475	0.3435	0.5567
566	0.4791	0.0	0.997	1.367	0.7906	1.192
567	0.5929	0.0	1.163	0.9515	1.008	1.037
568	0.5825	0.0	0.8953	0.4871	1.028	0.5191
569	0.4089	0.0	0.7537	1.02	0.6747	1.091
570	0.5968	0.0	1.023	0.8098	0.9493	0.7948
571	0.3485	0.0	0.5667	1.201	0.5235	1.192
572	0.2775	0.0	0.5222	0.9733	0.5182	0.8471
573	0.6247	0.0	1.118	1.425	1.051	1.368
574	0.5369	0.0	0.9234	0.8909	0.8636	0.8799
575	0.5827	0.0	1.12	1.088	0.9785	0.8882
576	0.5135	0.0	0.9194	1.317	0.8112	1.063
577	0.4282	0.0	0.6285	0.2842	0.7427	0.3817
578	0.2023	0.0	0.4547	0.2242	0.4286	0.2451
579	0.1929	0.0	0.3681	0.7629	0.418	0.5978
580	0.5489	0.0	0.9694	0.5157	0.9085	0.6189
581	0.4735	0.0	0.8398	1.13	0.9216	1.017
582	0.3479	0.0	0.5637	1.056	0.5137	0.9183
583	0.51	0.0	0.9491	1.169	0.8162	1.274
584	0.5222	0.0	0.938	1.286	0.9715	1.081
585	0.4214	0.0	0.685	0.4567	0.7295	0.3825
586	0.5082	0.0	0.9369	1.356	0.9138	1.058
587	0.7357	0.0	1.499	0.8818	1.26	0.7167
588	0.4213	0.0	0.7201	0.7644	0.7013	0.7624
589	0.3325	0.0	0.5259	0.6187	0.7788	0.8322
590	0.442	0.0	0.7105	1.007	0.741	0.9359
591	0.5229	0.0	0.9362	1.597	0.8769	1.433
592	0.3355	0.0	0.4903	0.4703	0.5954	0.4822
593	0.3742	0.0	0.5715	0.5134	0.6269	0.6046
594	0.6968	0.0	1.418	2.292	1.242	1.895
595	0.3879	0.0	0.6662	0.6287	0.6568	0.5539
596	0.5513	0.0	1.018	0.9638	0.8534	0.8739
597	0.2986	0.0	0.5509	0.3544	0.5299	0.4244
598	0.5085	0.0	1.044	2.024	0.7878	1.614
599	0.355	0.0	0.5616	0.4465	0.6215	0.5442
600	0.524	0.0	1.003	0.8122	0.8504	0.8727
601	0.5386	0.0	0.8639	0.6951	0.8651	0.635
602	0.3426	0.0	0.507	0.45	0.5426	0.4215
603	0.5949	0.0	1.116	0.7394	0.9901	0.7056
604	0.5539	0.0	0.9376	0.6903	0.8541	0.6072
605	0.6819	0.0	1.348	2.05	1.255	1.978
606	0.5207	0.0	1.077	0.5698	0.9666	0.5792
607	0.6862	0.0	1.357	0.7323	1.129	0.7793
608	0.05989	0.0	0.1109	1.621	0.1184	1.171
609	0.1862	0.0	0.3247	0.7579	0.313	0.735
610	0.4069	0.0	0.6816	1.688	0.5911	1.502
611	0.3543	0.0	0.5787	1.176	0.5378	1.108
612	0.5323	0.0	0.9821	1.061	0.982	1.094
613	0.3471	0.0	0.4294	0.4504	0.7457	0.5893
614	0.4972	0.0	0.8704	0.6911	0.7787	0.7127
615	0.475	0.0	0.758	0.3828	0.8168	0.3751
616	0.4798	0.0	0.8728	0.4743	0.7314	0.515
617	0.5346	0.0	0.9552	0.5572	0.9267	0.593
618	0.423	0.0	0.6962	0.7257	0.6858	0.7766
619	0.3709	0.0	0.6633	0.3493	0.6284	0.3405
620	0.6573	0.0	1.107	1.075	1.147	1.02
621	0.5434	0.0	0.9691	0.9183	0.9396	0.883
622	0.4446	0.0	0.9228	1.272	0.7287	1.005
623	0.5018	0.0	0.9447	1.834	0.7786	1.55
624	0.4728	0.0	0.9151	1.229	0.7739	1.386
625	0.2166	0.0	0.3138	0.5862	0.3504	0.6074
626	0.5026	0.0	0.8488	0.9835	0.8088	1.04
627	0.2758	0.0	0.4314	0.2979	0.6214	0.3338
628	0.3018	0.0	0.5291	0.5277	0.6683	0.5418
629	0.2326	0.0	0.3297	0.5127	0.3641	0.5227
630	0.5198	0.0	0.9136	1.487	0.8346	1.35
631	0.83	0.0	1.684	1.08	1.63	1.147
632	0.5717	0.0	1.14	1.26	1.087	1.288
633	0.1005	0.0	0.1888	0.6929	0.1992	0.535
634	0.6527	0.0	1.27	1.373	1.234	1.059
635	0.7427	0.0	1.503	1.356	1.296	1.215
636	0.6086	0.0	1.213	1.119	1.063	1.074
637	0.71	0.0	1.653	2.042	1.51	2.753
638	0.4655	0.0	0.769	1.757	0.7814	1.45
639	0.545	0.0	1.051	1.399	0.8562	1.363
640	0.2062	0.0	0.3247	0.497	0.3886	0.4815
641	0.5938	0.0	1.227	1.153	0.9053	1.068
642	0.4026	0.0	0.6896	1.675	0.6503	1.446
643	0.4228	0.0	0.6942	1.192	0.7049	1.16
644	0.3682	0.0	0.5665	0.5306	0.5978	0.5765
645	0.5362	0.0	1.009	1.438	0.8493	1.222
646	0.4241	0.0	0.6978	0.6187	0.6557	0.6233
647	0.4575	0.0	0.7642	1.429	0.7621	1.313
648	0.6879	0.0	1.369	0.8178	1.149	0.8772
649	0.6253	0.0	1.297	0.9031	1.023	0.9252
650	0.5733	0.0	0.9732	0.9202	0.9773	0.911
651	0.7357	0.0	1.478	1.102	1.324	1.111
652	0.3886	0.0	0.5984	0.4884	0.6324	0.5586
653	0.2822	0.0	0.4545	0.2996	0.5048	0.2871
654	0.7514	0.0	1.611	0.656	1.253	0.5718
655	0.518	0.0	1.051	1.131	0.8615	1.038
656	0.4314	0.0	0.7432	0.6732	0.6407	1.023
657	0.3273	0.0	0.5343	0.9755	0.5862	1.288
658	0.5377	0.0	1.021	0.9203	0.8368	0.9617
659	0.5172	0.0	0.9976	0.6453	0.8436	0.6281
660	0.4047	0.0	0.7431	0.4838	0.6325	0.5247
661	0.4511	0.0	0.7149	0.3682	0.7892	0.5455
662	0.4671	0.0	0.8755	1.41	0.849	1.479
663	0.294	0.0	0.3901	0.4254	0.4645	0.5358
664	0.05668	0.0	0.08093	1.265	0.119	1.119
665	0.5679	0.0	1.048	1.013	0.9001	1.042
666	0.3239	0.0	0.5435	0.5937	0.5084	0.6118
667	0.626	0.0	1.26	1.396	1.025	1.137
668	0.4464	0.0	0.8181	0.4802	0.9956	0.4887
669	0.2438	0.0	0.455	0.2382	0.4529	0.2743
670	0.5179	0.0	0.9371	1.079	0.8362	1.179
671	0.3639	0.0	0.6598	1.057	0.6142	1.156
672	0.1888	0.0	0.3171	0.3101	0.3077	0.3184
673	0.4789	0.0	0.8031	1.128	0.9069	1.114
674	0.5735	0.0	1.059	1.223	0.9121	1.187
675	0.4855	0.0	0.8133	1.301	0.7697	1.223
676	0.3784	0.0	0.7005	0.8166	0.5813	0.8827
677	0.638	0.0	1.255	1.526	1.353	1.389
678	0.3962	0.0	0.6454	1.42	0.6012	1.221
679	0.3321	0.0	0.5377	0.9532	0.5102	0.9727
680	0.4643	0.0	0.7867	0.9405	0.7215	0.8389
681	0.3374	0.0	0.5176	0.6484	0.537	0.8023
682	0.2186	0.0	0.3374	0.2184	0.3594	0.2321
683	0.4455	0.0	0.8432	0.8901	0.9139	0.8914
684	0.4369	0.0	0.7053	0.7759	0.7494	0.9114
685	0.4583	0.0	0.8544	1.179	0.9582	1.25
686	0.6371	0.0	1.254	0.7716	1.042	0.8413
687	0.5585	0.0	1.027	0.8981	0.9035	0.856
688	0.5649	0.0	1.103	0.8747	0.8851	0.7145
689	0.1918	0.0	0.295	0.5546	0.3718	0.4224
690	0.5804	0.0	1.08	0.8997	1.051	1.193
691	0.5546	0.0	1.139	1.143	0.8728	0.9991
692	0.5827	0.0	1.028	1.001	1.102	1.082
693	0.4099	0.0	0.5999	0.6545	0.854	0.812
694	0.5147	0.0	0.9359	0.646	0.8481	0.6201
695	0.3261	0.0	0.4886	1.152	0.4815	1.028
696	0.3635	0.0	0.5499	0.3449	0.6507	0.3296
697	0.415	0.0	0.6645	0.5566	0.7199	0.653
698	0.7347	0.0	1.602	2.635	1.33	2.338
699	0.4001	0.0	0.6158	0.5644	0.6899	0.5222
700	0.7237	0.0	1.588	0.5152	1.179	0.4745
701	0.401	0.0	0.6321	0.5396	0.7082	0.5372
702	0.6344	0.0	1.236	1.135	1.107	1.116
703	0.342	0.0	0.5107	0.3765	0.6409	0.4459
704	0.613	0.0	1.166	1.003	0.9992	1.15
705	0.5829	0.0	1.092	1.08	0.9401	1.263
706	0.3573	0.0	0.5759	0.4678	0.5382	0.494
707	0.3699	0.0	0.6518	0.7339	0.6044	0.7316
708	0.4844	0.0	0.8116	0.6963	0.7771	0.697
709	0.7297	0.0	1.439	1.822	1.415	1.584
710	0.2669	0.0	0.4022	0.701	0.4604	0.7355
711	0.5653	0.0	1.037	1.067	0.9341	1.044
712	0.1223	0.0	0.2241	1.786	0.2413	1.481
713	0.1434	0.0	0.227	0.4107	0.321	0.4577
714	0.5901	0.0	1.078	0.9162	0.9518	0.9043
715	0.549	0.0	1.095	0.7438	0.8477	0.7762
716	0.453	0.0	0.7643	0.859	0.7511	0.8756
717	0.4169	0.0	0.5259	0.5925	0.7905	1.154
718	0.4978	0.0	0.8608	0.9642	0.7434	0.9197
719	0.3943	0.0	0.5969	0.6852	0.6199	0.7229
720	0.4743	0.0	0.763	0.3598	0.8031	0.3406
721	0.3348	0.0	0.6447	0.809	0.5694	0.854
722	0.233	0.0	0.3054	0.5127	0.4652	0.4607
723	0.5164	0.0	0.9145	0.5459	0.8854	0.491
724	0.4163	0.0	0.7249	1.353	0.6954	1.314
725	0.6271	0.0	1.183	0.7977	1.044	0.758
726	0.4436	0.0	0.7415	1.288	0.7755	1.061
727	0.3653	0.0	0.6508	0.8571	0.6671	1.048
728	0.3428	0.0	0.6683	1.46	0.6107	1.318
729	0.2476	0.0	0.4149	0.4501	0.4051	0.4484
730	0.4547	0.0	0.7541	0.7196	0.7106	0.6836
731	0.1675	0.0	0.2703	0.6068	0.2712	0.6462
732	0.3847	0.0	0.6895	0.4937	0.7313	0.4643
733	0.1397	0.0	0.2094	0.4827	0.2342	0.5812
734	0.4138	0.0	0.6576	1.04	0.7013	1.118
735	0.6938	0.0	1.395	1.617	1.187	1.663
736	0.4578	0.0	0.7879	1.026	0.8641	1.362
737	0.479	0.0	0.7861	1.069	0.7999	0.8973
738	0.5511	0.0	0.9478	1.584	0.9335	1.154
739	0.6067	0.0	1.066	0.8975	1.037	0.9652
740	0.4243	0.0	0.6757	0.7608	0.6595	0.8309
741	0.6194	0.0	1.151	1.396	1.055	1.411
742	0.5121	0.0	1.032	1.608	0.8451	1.627
743	0.5956	0.0	1.239	1.106	1.004	1.316
744	0.2516	0.0	0.4473	0.4677	0.3987	0.4239
745	0.5021	0.0	0.8533	1.058	0.771	0.913
746	0.6419	0.0	1.131	1.068	1.125	1.132
747	0.5413	0.0	0.9246	1.275	0.8908	1.1
748	0.4108	0.0	0.7448	0.4497	0.928	0.509
749	0.7424	0.0	1.525	1.44	1.335	1.906
750	0.3712	0.0	0.6177	0.5334	0.5986	0.5824
751	0.5772	0.0	1.019	0.8652	0.9097	0.7594
752	0.433	0.0	0.7087	1.082	0.7325	1.02
753	0.5301	0.0	1.037	1.166	0.8662	1.104
754	0.6486	0.0	1.284	1.028	1.115	1.096
755	0.5623	0.0	0.9972	1.186	0.8973	1.056
756	0.3994	0.0	0.6575	0.8015	0.6395	0.7577
757	0.411	0.0	0.7407	0.3191	0.6198	0.3008
758	0.5188	0.0	0.992	0.7648	0.8224	0.8189
759	0.5256	0.0	0.9356	0.5427	0.8348	0.5534
760	0.3626	0.0	0.5865	1.08	0.5561	1.113
761	0.3617	0.0	0.6241	0.6952	0.6351	0.7686
762	0.5475	0.0	0.9556	0.807	0.8909	0.8094
763	0.4628	0.0	0.8445	0.9769	0.8109	0.8212
764	0.4192	0.0	0.7385	0.4205	0.7579	0.4528
765	0.3706	0.0	0.6203	0.4937	0.6803	0.7239
766	0.5232	0.0	0.9241	1.047	0.8838	1.179
767	0.4086	0.0	0.6475	0.4787	0.6777	0.5818
768	0.4344	0.0	0.7099	0.6824	0.6433	0.6721
769	0.4582	0.0	0.7615	1.181	0.6765	1.138
770	0.3454	0.0	0.5116	0.5788	0.5645	0.6462
771	0.4561	0.0	1.045	1.044	0.9441	0.9174
772	0.2366	0.0	0.4418	0.6119	0.3793	0.7112
773	0.234	0.0	0.3514	0.4025	0.4442	0.5117
774	0.4109	0.0	0.6971	1.256	0.645	1.157
775	0.6486	0.0	1.232	1.131	1.095	1.293
776	0.3597	0.0	0.606	0.7941	0.6864	0.8012
777	0.4091	0.0	0.7449	0.7419	0.7523	0.8827
778	0.5986	0.0	1.141	1.095	0.9919	0.9786
779	0.6873	0.0	1.361	1.349	1.129	1.292
780	0.3011	0.0	0.5742	0.7154	0.5733	0.7184
781	0.6002	0.0	1.14	1.099	0.9893	1.094
782	0.4929	0.0	0.821	1.247	0.8148	1.271
783	0.4245	0.0	0.7198	0.6439	0.6577	0.6571
784	0.5245	0.0	0.9642	1.153	1.013	0.9246
785	0.3573	0.0	0.5235	0.5382	0.5822	0.6651
786	0.3284	0.0	0.6241	0.2579	0.6832	0.2782
787	0.4709	0.0	0.8799	0.8999	0.7627	0.7363
788	0.6061	0.0	1.247	1.119	1.059	1.06
789	0.5826	0.0	1.126	1.115	1.335	1.119
790	0.4544	0.0	0.7077	1.186	0.6906	1.012
791	0.7046	0.0	1.461	1.488	1.232	1.358
792	0.3366	0.0	0.5888	0.7718	0.4956	0.7792
793	0.3169	0.0	0.5376	0.2936	0.4898	0.2807
794	0.6751	0.0	1.255	0.94	1.287	0.9011
795	0.3812	0.0	0.6511	0.8014	0.614	0.6627
796	0.5776	0.0	1.081	0.7009	0.9684	0.8927
797	0.2989	0.0	0.4109	0.6335	0.4898	0.6776
798	0.3386	0.0	0.5468	0.8478	0.5004	0.8031
799	0.3517	0.0	0.5772	0.881	0.5381	0.8959
800	0.2951	0.0	0.4115	0.3805	0.4924	0.517
801	0.3357	0.0	0.5077	0.6736	0.5469	0.8024
802	0.7955	0.0	1.53	1.268	1.592	1.283
803	0.3109	0.0	0.4918	0.4419	0.4769	0.4767
804	0.6545	0.0	1.256	0.5408	1.233	0.4858
805	0.2757	0.0	0.4939	0.4908	0.5032	0.5376
806	0.6025	0.0	1.167	1.449	0.9797	1.396
807	0.142	0.0	0.2474	0.5039	0.2267	0.4501
808	0.7391	0.0	1.872	1.203	1.294	0.9841
809	0.1431	0.0	0.2481	1.121	0.2561	1.25
810	0.3357	0.0	0.4994	0.4467	0.5036	0.4988
811	0.5596	0.0	1.008	0.9124	0.9792	0.9672
812	0.6048	0.0	1.221	0.508	0.9911	0.5103
813	0.5457	0.0	0.9131	1.004	0.9547	1.05
814	0.4504	0.0	0.7143	0.5949	0.7529	0.5558
815	0.2758	0.0	0.4708	0.9182	0.4541	0.7743
816	0.737	0.0	1.681	1.682	1.467	1.437
817	0.3258	0.0	0.5109	0.7657	0.5419	0.7747
818	0.6554	0.0	1.256	0.9294	1.095	0.8592
819	0.6774	0.0	1.304	0.8704	1.215	0.8933
820	0.4223	0.0	0.6962	0.9414	0.6468	0.8337
821	0.2929	0.0	0.3261	0.4278	0.8228	0.6165
822	0.556	0.0	0.9915	1.012	0.9056	0.9038
823	0.2722	0.0	0.427	0.6807	0.427	0.6044
824	0.3304	0.0	0.5339	0.7527	0.5347	0.9079
825	0.3551	0.0	0.5376	0.6105	0.5852	0.699
826	0.3041	0.0	0.5346	0.4651	0.4627	0.536
827	0.3921	0.0	0.6202	0.6141	0.6712	0.5382
828	0.4852	0.0	0.8249	0.6858	0.9019	0.6315
829	0.6009	0.0	1.151	0.7141	0.98	0.7029
830	0.4558	0.0	0.8999	1.049	0.7466	1.137
831	0.3969	0.0	0.6114	0.9053	0.6518	0.8954
832	0.08371	0.0	0.1439	1.321	0.1446	1.448
833	0.4573	0.0	0.8347	0.7248	0.7719	0.6581
834	0.3874	0.0	0.5839	0.7399	0.5878	0.6948
835	0.4246	0.0	0.6468	0.9858	0.8329	1.033
836	0.2143	0.0	0.3989	0.597	0.4017	0.6034
837	0.3086	0.0	0.4521	0.6594	0.5129	0.7432
838	0.4695	0.0	0.7614	1.206	0.7126	1.066
839	0.6254	0.0	1.118	2.136	1.029	1.764
840	0.4958	0.0	0.8834	0.6915	0.8781	0.6817
841	0.07298	0.0	0.1197	1.047	0.2061	0.898
842	0.7107	0.0	1.395	1.979	1.221	2.033
843	0.5517	0.0	1.048	1.484	0.9201	1.342
844	0.6009	0.0	1.091	0.7242	0.9655	0.7285
845	0.4432	0.0	0.8915	1.819	0.8502	2.069
846	0.4733	0.0	0.9742	1.527	0.9151	1.238
847	0.5386	0.0	0.9968	1.838	0.8797	1.881
848	0.3154	0.0	0.5303	0.1983	0.5173	0.145
849	0.4338	0.0	0.732	0.934	0.7082	0.8871
850	0.4632	0.0	0.7529	1.492	0.8381	1.354
851	0.6963	0.0	1.337	0.7369	1.213	0.6284
852	0.3378	0.0	0.4648	0.7073	0.6014	0.9748
853	0.5864	0.0	1.066	1.271	1.002	1.714
854	0.3374	0.0	0.5738	0.653	0.5596	0.6323
855	0.3276	0.0	0.5414	1.286	0.554	1.659
856	0.3919	0.0	0.6258	0.7889	0.663	0.8547
857	0.5383	0.0	0.9255	0.8237	0.8438	0.8995
858	0.6709	0.0	1.36	0.7429	1.118	0.8054
859	0.5574	0.0	1.031	0.8442	0.8865	0.7774
860	0.1831	0.0	0.2892	0.4863	0.2822	0.5717
861	0.1516	0.0	0.2509	0.3319	0.2672	0.2827
862	0.3677	0.0	0.5878	0.8741	0.5612	0.8193
863	0.5665	0.0	1.098	1.305	0.9141	1.295
864	0.4608	0.0	0.7922	0.739	0.6867	0.556
865	0.2637	0.0	0.4223	0.6462	0.4367	0.8357
866	0.4521	0.0	0.8076	0.8383	0.8201	0.8016
867	0.515	0.0	1.02	0.8932	0.8206	0.7515
868	0.2603	0.0	0.4567	0.5734	0.386	0.586
869	0.3816	0.0	0.6108	0.4773	0.639	0.636
870	0.3939	0.0	0.6771	1.152	0.6145	1.25
871	0.4051	0.0	0.5638	0.3686	0.6931	0.438
872	0.5695	0.0	1.041	0.6156	0.8812	0.5705
873	0.5665	0.0	1.05	1.195	0.9249	1.155
874	0.471	0.0	0.8326	0.5237	0.7752	0.5265
875	0.4725	0.0	0.9504	0.4986	0.8344	0.4776
876	0.3255	0.0	0.4935	0.5848	0.6182	0.6196
877	0.3293	0.0	0.5372	0.4327	0.5208	0.4885
878	0.5185	0.0	0.9687	1.047	0.8637	1.089
879	0.4299	0.0	0.745	0.971	0.7303	0.8985
880	0.4103	0.0	0.6773	0.3813	0.6118	0.3371
881	0.3284	0.0	0.5896	0.6847	0.5914	0.6513
882	0.3926	0.0	0.6592	0.7207	0.6509	0.6867
883	0.5729	0.0	1.047	1.012	0.9488	1.002
884	0.6392	0.0	1.279	0.8429	1.127	0.7431
885	0.5837	0.0	1.05	0.8917	0.9726	0.8412
886	0.5247	0.0	0.8993	1.073	0.8622	1.037
887	0.374	0.0	0.6836	0.6463	0.5485	0.4976
888	0.5623	0.0	1.031	1.174	0.9272	0.8679
889	0.3085	0.0	0.4221	0.6276	0.5826	0.7542
890	0.4794	0.0	0.8783	0.4316	0.8427	0.5656
891	0.4959	0.0	0.9249	0.8956	0.8229	0.8497
892	0.5013	0.0	0.8355	0.8531	0.8191	0.8317
893	0.4593	0.0	0.7422	1.663	0.7408	1.508
894	0.5286	0.0	0.9596	1.213	0.8374	1.018
895	0.5844	0.0	1.116	0.6456	0.9727	0.652
896	0.4506	0.0	0.7272	1.027	0.6965	0.9239
897	0.4158	0.0	0.7709	0.7098	0.6962	0.6163
898	0.4066	0.0	0.7088	0.8845	0.7124	1.198
899	0.6602	0.0	1.308	1.17	1.12	1.056
900	0.3871	0.0	0.7492	0.6869	0.7212	0.6287
901	0.3321	0.0	0.5172	0.5372	0.6083	0.5132
902	0.4138	0.0	0.667	1.153	0.6823	1.012
903	0.3752	0.0	0.6276	0.5994	0.5522	0.6801
904	0.315	0.0	0.4312	0.4682	0.5421	0.5495
905	0.2972	0.0	0.4105	0.4212	0.4777	0.4471
906	0.7121	0.0	1.399	1.329	1.495	1.362
907	0.3386	0.0	0.6159	0.7423	0.5105	0.7158
908	0.3089	0.0	0.4875	0.8875	0.4569	0.8252
909	0.3657	0.0	0.5743	0.647	0.5715	0.7898
910	0.4797	0.0	1.027	0.948	0.8007	1.063
911	0.3798	0.0	0.603	0.366	0.6732	0.4219
912	0.6071	0.0	1.244	1.171	1.104	1.256
913	0.4817	0.0	0.7787	0.6771	0.7638	0.8524
914	0.2196	0.0	0.4782	0.5759	0.3432	0.5907
915	0.4648	0.0	0.7805	0.7141	0.7579	0.663
916	0.429	0.0	0.7025	0.7067	0.6765	0.6721
917	0.5367	0.0	1.111	1.085	0.8973	1.262
918	0.3005	0.0	0.479	0.5814	0.4509	0.5781
919	0.3509	0.0	0.5582	1.059	0.5601	0.8844
920	0.2818	0.0	0.5137	1.151	0.5562	1.149
921	0.2744	0.0	0.4569	0.5638	0.4721	0.4892
922	0.6703	0.0	1.368	1.297	1.237	1.145
923	0.4428	0.0	0.7356	0.9971	0.6585	0.9665
924	0.3938	0.0	0.6861	0.9005	0.8543	0.8415
925	0.3435	0.0	0.5073	0.355	0.594	0.532
926	0.484	0.0	0.8542	1.027	0.7414	0.8833
927	0.3283	0.0	0.486	0.6863	0.5186	0.7427
928	0.4944	0.0	0.8025	0.6845	1.02	0.6866
929	0.5656	0.0	1.078	0.6786	1.116	0.7481
930	0.2888	0.0	0.4415	0.5232	0.5557	0.548
931	0.4938	0.0	0.8716	0.572	0.788	0.6108
932	0.3364	0.0	0.571	1.305	0.5687	1.28
933	0.3898	0.0	0.6332	0.8013	0.5879	0.7844
934	0.2768	0.0	0.4715	0.8752	0.4103	0.7926
935	0.6303	0.0	1.213	0.5781	1.009	0.6354
936	0.1909	0.0	0.3293	0.992	0.3343	0.9804
937	0.291	0.0	0.5068	0.52	0.4559	0.5138
938	0.357	0.0	0.5494	1.249	0.533	1.154
939	0.3862	0.0	0.5936	0.4555	0.6971	0.374
940	0.2729	0.0	0.4195	0.5355	0.5022	0.5463
941	0.2199	0.0	0.295	0.6442	0.3582	0.8007
942	0.4841	0.0	0.8125	0.8645	0.8264	0.7376
943	0.5174	0.0	0.9744	1.131	0.9589	1.186
944	0.3437	0.0	0.6448	1.628	0.6579	1.426
945	0.4511	0.0	0.8238	1.426	0.8244	1.273
946	0.4906	0.0	0.843	2.131	0.8305	1.982
947	0.6249	0.0	1.076	1.575	1.069	1.263
948	0.352	0.0	0.5642	1.545	0.553	1.408
949	0.5991	0.0	1.104	1.118	0.9728	1.637
950	0.43	0.0	0.7636	1.003	0.6934	0.8682
951	0.7576	0.0	1.666	1.642	1.499	1.557
952	0.3001	0.0	0.5589	0.4759	0.5222	0.5453
953	0.5524	0.0	1.047	1.134	0.8375	1.112
954	0.4253	0.0	0.7278	0.772	0.6914	0.7936
955	0.6875	0.0	1.284	1.099	1.243	0.8295
956	0.1991	0.0	0.3337	0.6514	0.3518	0.8393
957	0.4146	0.0	0.7152	1.761	0.6265	2.771
958	0.4633	0.0	0.9118	0.38	0.7058	0.3017
959	0.4728	0.0	0.8502	1.742	0.7239	1.549
960	0.5138	0.0	0.9985	0.5938	0.848	0.7231
961	0.3795	0.0	0.6302	1.05	0.5615	1.098
962	0.3562	0.0	0.5545	0.892	0.5605	0.8642
963	0.4701	0.0	0.8528	1.029	0.7273	0.9604
964	0.3207	0.0	0.4786	0.5662	0.5398	0.5577
965	0.2477	0.0	0.3785	0.2432	0.4488	0.2114
966	0.4423	0.0	0.6976	0.8663	0.7419	0.7775
967	0.3034	0.0	0.4966	0.893	0.4632	0.8824
968	0.3191	0.0	0.5608	0.7731	0.5503	0.7786
969	0.4987	0.0	0.951	0.5738	0.8163	0.8904
970	0.4859	0.0	0.922	1.247	0.7296	1.105
971	0.3681	0.0	0.5975	0.9912	0.5732	0.9742
972	0.3933	0.0	0.6346	0.6476	0.6674	0.6708
973	0.595	0.0	1.119	0.4413	0.9693	0.5657
974	0.495	0.0	0.8599	0.8761	0.8185	1.124
975	0.3623	0.0	0.5374	0.6309	0.6045	0.8206
976	0.4633	0.0	0.7243	0.7148	0.7861	0.7379
977	0.5811	0.0	1.125	0.9217	0.9436	0.8549
978	0.2589	0.0	0.4129	0.8464	0.4929	0.9009
979	0.3876	0.0	0.6308	0.4722	0.548	0.4031
980	0.3523	0.0	0.5439	0.5291	0.5897	0.5552
981	0.2238	0.0	0.3636	0.4586	0.4258	0.5538
982	0.3712	0.0	0.6205	1.131	0.5987	1.126
983	0.4942	0.0	0.8396	0.9745	0.8649	0.8838
984	0.2884	0.0	0.5035	0.2711	0.4806	0.302
985	0.4706	0.0	0.8486	0.7252	0.8759	0.5185
986	0.5487	0.0	0.998	1.39	0.8754	1.136
987	0.5841	0.0	1.038	0.9071	0.9404	0.8239
988	0.1003	0.0	0.148	1.324	0.2162	1.184
989	0.459	0.0	0.8476	1.083	0.6952	0.9991
990	0.6016	0.0	1.133	1.229	0.9949	1.361
991	0.4373	0.0	0.7899	1.182	0.6896	1.146
992	0.3929	0.0	0.6637	1.195	0.6694	1.015
993	0.3083	0.0	0.3856	0.55	0.5234	0.7285
994	0.2263	0.0	0.5217	0.2676	0.6251	0.3365
995	0.5926	0.0	1.169	0.4769	1.079	0.4536
996	0.4855	0.0	0.836	0.8025	0.8482	0.8737
997	0.5045	0.0	0.8496	1.334	0.7681	1.098
998	0.5055	0.0	0.9517	0.6558	0.7872	0.6427
999	0.5151	0.0	0.941	0.7061	0.8111	0.6688
1000	0.5701	0.0	1.173	1.36	0.9536	0.9785
1001	0.1816	0.0	0.3086	0.6994	0.3075	0.8385
1002	0.4546	0.0	0.7619	0.7221	0.7738	0.6804
1003	0.3555	0.0	0.5719	1.449	0.544	1.277
1004	0.3229	0.0	0.5543	0.5115	0.5094	0.529
1005	0.2837	0.0	0.4304	0.595	0.482	0.7124
1006	0.4811	0.0	0.873	0.9866	0.805	0.9775
1007	0.4145	0.0	0.6986	1.252	0.7894	1.142
1008	0.3049	0.0	0.4844	0.4251	0.4748	0.4635
1009	0.3042	0.0	0.4552	0.4421	0.4678	0.4955
1010	0.6976	0.0	1.452	1.679	1.5	1.644
1011	0.3896	0.0	0.7007	0.7371	0.6215	0.7161
1012	0.3518	0.0	0.5227	0.8942	0.5453	0.7736
1013	0.21	0.0	0.3564	0.3317	0.3391	0.3027
1014	0.4562	0.0	0.92	0.9232	0.7226	0.8259
1015	0.3497	0.0	0.5773	0.5158	0.5671	0.5949
1016	0.4654	0.0	0.8895	1.103	0.7089	1.038
1017	0.455	0.0	0.7717	1.276	0.7039	1.066
1018	0.3754	0.0	0.6297	0.6337	0.5973	0.601
1019	0.4841	0.0	0.848	0.5433	0.7272	0.5144
1020	0.6254	0.0	1.282	0.8965	1.105	0.8501
1021	0.7204	0.0	1.471	1.764	1.285	1.395
1022	0.3534	0.0	0.6556	0.5599	0.5801	0.5113
1023	0.4693	0.0	0.8061	1.086	0.7333	1.002
1024	0.1261	0.0	0.2952	1.451	0.2671	1.386
1025	0.21	0.0	0.3597	0.412	0.3409	0.4484
1026	0.6833	0.0	1.345	1.228	1.108	1.276
1027	0.3688	0.0	0.6224	0.771	0.5704	0.7409
1028	0.3962	0.0	0.6742	0.7707	0.7135	0.9622
1029	0.2829	0.0	0.3583	0.2672	0.5252	0.5069
1030	0.5291	0.0	0.9675	0.9001	0.8271	0.7876
1031	0.3342	0.0	0.5565	0.8392	0.4993	0.7532
1032	0.379	0.0	0.6506	0.5631	0.6031	0.5196
1033	0.5376	0.0	0.9218	0.6888	0.8882	0.6887
1034	0.157	0.0	0.2733	0.4984	0.2694	0.4072
1035	0.3951	0.0	0.6686	0.6787	0.5838	0.5756
1036	0.4514	0.0	0.7169	1.45	0.7095	1.45
1037	0.4485	0.0	0.7536	0.8818	0.6729	0.8916
1038	0.4127	0.0	0.7593	1.497	0.6477	1.135
1039	0.7866	0.0	1.492	1.362	1.417	1.334
1040	0.4406	0.0	0.8887	0.9679	0.7309	0.9484
