Step	Loss
1	4.2106
2	3.7717
3	4.9037
4	3.7953
5	4.2174
6	3.3919
7	5.3233
8	4.3453
9	5.7684
10	2.5288
11	5.8459
12	5.3992
13	2.8846
14	5.0256
15	3.6561
16	5.0471
17	5.4937
18	4.5968
19	5.0841
20	5.4717
21	5.4784
22	5.9602
23	4.6346
24	5.1052
25	4.9003
26	6.0297
27	5.3195
28	3.7361
29	5.1982
30	5.4481
31	2.1965
32	4.9469
33	5.9433
34	3.5426
35	4.697
36	4.4468
37	2.788
38	4.1477
39	4.4248
40	5.0594
41	5.8595
42	3.6933
43	5.3559
44	3.3748
45	5.4084
46	2.1659
47	4.8232
48	4.3495
49	4.8368
50	3.843
51	1.4672
52	4.5482
53	2.4767
54	5.1848
55	4.7518
56	1.4765
57	2.4334
58	4.763
59	4.8006
60	4.4124
61	3.008
62	4.4364
63	3.1579
64	4.7318
65	4.6396
66	4.2574
67	2.0187
68	4.4557
69	4.6044
70	4.5784
71	4.2077
72	4.5336
73	4.0037
74	3.8888
75	2.3985
76	4.6379
77	1.2676
78	2.2798
79	3.8976
80	5.6527
81	4.4614
82	4.5544
83	5.0392
84	3.5521
85	4.704
86	3.9469
87	4.5702
88	4.0111
89	6.0115
90	1.6562
91	4.923
92	4.5089
93	0.9856
94	2.5821
95	4.4082
96	4.601
97	2.9012
98	3.69
99	3.0656
100	4.0292
101	3.986
102	5.2067
103	4.5666
104	4.1229
105	2.7522
106	3.2824
107	4.0781
108	2.5027
109	3.2826
110	2.6012
111	4.6393
112	3.5807
113	4.6531
114	1.9169
115	4.8578
116	4.3261
117	1.9928
118	3.7902
119	2.8439
120	4.1153
121	4.4674
122	4.0237
123	4.1415
124	4.7491
125	4.3532
126	5.0948
127	3.6538
128	4.428
129	4.0929
130	5.322
131	4.413
132	3.4339
133	4.3876
134	4.5745
135	2.2928
136	4.3317
137	4.3851
138	3.0585
139	4.1936
140	3.9909
141	2.3829
142	3.6032
143	3.5226
144	4.2869
145	5.8386
146	2.98
147	4.0089
148	2.4844
149	5.0688
150	1.9016
151	3.6764
152	3.8296
153	4.2316
154	3.6021
155	1.5816
156	3.9274
157	2.2535
158	4.3063
159	4.0241
160	1.0296
161	1.9727
162	4.222
163	4.4198
164	3.6893
165	2.3731
166	4.1464
167	2.9102
168	4.2066
169	4.3365
170	3.6521
171	1.8437
172	3.7389
173	4.1771
174	3.2051
175	3.6888
176	4.1242
177	3.616
178	3.458
179	2.2879
180	4.1027
181	1.2515
182	1.7307
183	3.5227
184	5.318
185	4.0614
186	4.1541
187	4.9562
188	3.5433
189	4.3107
190	3.4435
191	4.2393
192	3.5985
193	5.9669
194	0.7829
195	4.4848
196	4.1978
197	0.4867
198	2.4683
199	3.9467
200	4.1967
201	2.4866
202	3.3698
203	2.4523
204	3.7708
205	3.6843
206	4.9209
207	4.1554
208	3.9643
209	2.1383
210	3.0442
211	3.8219
212	2.3601
213	2.8105
214	2.5452
215	4.2552
216	3.3439
217	4.0567
218	1.7121
219	4.7057
220	4.0049
221	1.6085
222	3.3113
223	2.8287
224	3.8139
225	4.1661
226	3.7219
227	3.9577
228	4.4346
229	4.1056
230	4.7911
231	3.588
232	4.147
233	3.8725
234	4.969
235	4.118
236	3.4208
237	4.1706
238	4.2089
239	2.2949
240	4.0997
241	4.1027
242	2.7484
243	3.856
244	3.8739
245	2.247
246	3.4905
247	3.1476
248	3.9648
249	5.3485
250	2.8431
251	3.9863
252	2.2491
253	4.7924
254	1.6733
255	3.1793
256	3.5595
257	3.9277
258	3.3111
259	1.1722
260	3.6807
261	2.0542
262	4.1225
263	3.7912
264	1.063
265	1.695
266	4.0534
267	4.1915
268	3.3865
269	2.0627
270	4.2663
271	2.825
272	3.942
273	4.0635
274	3.4936
275	1.8139
276	3.5109
277	3.9069
278	2.7682
279	3.4949
280	3.9521
281	3.4675
282	3.3498
283	1.9219
284	4.0479
285	1.2111
286	1.3356
287	3.3125
288	5.2389
289	3.9101
290	3.8484
291	4.7886
292	3.0237
293	4.2092
294	3.2918
295	4.0463
296	3.5271
297	4.8027
298	0.4029
299	4.3107
300	3.9732
301	0.6674
302	1.5285
303	3.8716
304	4.0109
305	2.3928
306	3.2361
307	2.0014
308	3.6078
309	3.6074
310	4.624
311	4.0832
312	3.7487
313	2.5869
314	2.6779
315	3.7777
316	2.1839
317	2.6954
318	2.4129
319	4.0129
320	2.931
321	3.6666
322	1.4149
323	4.2993
324	3.9086
325	1.5054
326	3.2671
327	2.5914
328	3.6582
329	4.0146
330	3.6793
331	3.7488
332	4.256
333	3.8944
334	4.62
335	3.4485
336	4.01
337	3.8523
338	4.8959
339	3.9239
340	3.2137
341	4.0712
342	4.0047
343	1.9916
344	3.9009
345	3.5855
346	2.6988
347	3.7849
348	3.7838
349	2.0148
350	3.2581
351	2.9393
352	3.7286
353	5.4951
354	2.5544
355	4.0045
356	2.0664
357	4.6975
358	1.7336
359	0.7919
360	3.3097
361	3.8216
362	3.2706
363	0.9984
364	3.4852
365	1.8585
366	3.7271
367	3.6693
368	0.9052
369	1.4104
370	3.8102
371	4.0735
372	3.3127
373	2.0231
374	3.9111
375	2.685
376	3.8229
377	3.9177
378	3.4071
379	1.8828
380	3.441
381	3.8947
382	2.2583
383	3.645
384	3.8376
385	3.3162
386	2.7675
387	1.8927
388	3.9804
389	1.2496
390	1.2362
391	3.2663
392	5.1918
393	3.9299
394	3.8593
395	4.1507
396	2.5696
397	4.1101
398	3.1276
399	4.0021
400	3.4274
401	4.5197
402	0.3944
403	4.1606
404	3.8498
405	0.2891
406	1.1409
407	3.8845
408	3.8349
409	2.0705
410	3.0691
411	1.6596
412	3.5409
413	3.5537
414	4.4862
415	3.9835
416	3.6898
417	2.3221
418	2.9329
419	3.6358
420	2.0951
421	2.4373
422	2.2955
423	3.7835
424	2.7894
425	3.522
426	1.627
427	4.3465
428	3.7486
429	1.3656
430	2.9642
431	2.3387
432	3.5824
433	3.9343
434	3.5551
435	3.6203
436	4.145
437	3.6232
438	4.5447
439	3.2597
440	3.9433
441	3.543
442	4.6031
443	3.8394
444	3.1084
445	3.9544
446	4.0111
447	1.9014
448	3.8633
449	3.3213
450	2.564
451	3.6654
452	3.726
453	1.8805
454	3.2576
455	2.7386
456	3.6434
457	5.3446
458	2.6023
459	3.9852
460	1.7962
461	4.4979
462	1.9594
463	0.4465
464	3.2764
465	3.744
466	3.1196
467	1.0445
468	3.4484
469	1.79
470	3.6438
471	3.5993
472	0.868
473	1.4977
474	3.8177
475	3.8338
476	3.1921
477	1.7595
478	3.8319
479	2.6185
480	3.7553
481	3.8229
482	3.2627
483	1.6718
484	3.4581
485	3.7827
486	1.4649
487	3.559
488	3.7124
489	3.2944
490	2.6432
491	1.9247
492	3.8501
493	1.1103
494	1.5241
495	3.1975
496	4.9395
497	3.7992
498	3.6504
499	4.5114
500	1.921
501	4.1355
502	3.0465
503	3.8234
504	3.3216
505	3.7357
506	0.3178
507	4.0297
508	3.6886
509	0.7886
510	1.2786
511	3.6783
512	3.7861
513	1.6247
514	2.8989
515	1.5057
516	3.5119
517	3.4056
518	4.4625
519	3.8405
520	3.5526
521	2.0615
522	2.6234
523	3.5921
524	2.0449
525	2.2356
526	2.1377
527	3.6982
528	2.7004
529	3.7536
530	1.5098
531	4.1283
532	3.6939
533	1.2656
534	2.9847
535	2.238
536	3.5213
537	3.8566
538	3.4635
539	3.6168
540	4.09
541	3.8001
542	4.3994
543	3.0713
544	3.8925
545	3.4999
546	4.6334
547	3.812
548	3.0539
549	3.8682
550	3.6945
551	1.8858
552	3.8073
553	3.43
554	2.6262
555	3.5257
556	3.7453
557	1.9256
558	2.9855
559	2.612
560	3.4469
561	5.1722
562	2.1116
563	3.8315
564	1.9441
565	4.4839
566	1.6998
567	1.8053
568	3.1311
569	3.6941
570	3.2303
571	1.032
572	3.3781
573	2.2151
574	3.2903
575	3.5608
576	0.8429
577	1.3635
578	3.6773
579	4.0202
580	3.2124
581	1.8117
582	3.8583
583	2.554
584	3.7979
585	3.8063
586	3.3463
587	1.4969
588	3.1548
589	3.6774
590	1.5544
591	3.4114
592	3.6972
593	3.1707
594	2.9565
595	1.7797
596	3.833
597	0.9601
598	0.7926
599	3.2217
600	4.8983
601	3.6233
602	3.6098
603	3.846
604	1.4975
605	4.0409
606	2.8135
607	3.84
608	3.2699
609	3.3022
610	0.3007
611	3.9748
612	3.6076
613	0.2803
614	0.9499
615	3.4731
616	3.7615
617	1.5966
618	2.8441
619	1.5078
620	3.4592
621	3.3209
622	4.225
623	3.7551
624	3.6045
625	2.1607
626	2.5738
627	3.6326
628	1.9701
629	2.1534
630	2.1866
631	3.6748
632	2.7074
633	3.2639
634	1.2133
635	4.2252
636	3.6518
637	1.2006
638	2.8652
639	2.0376
640	3.4574
641	3.7753
642	3.3368
643	3.5163
644	4.0054
645	3.6092
646	4.4076
647	3.097
648	3.8384
649	3.5131
650	4.5421
651	3.6705
652	2.9405
653	3.8486
654	3.7795
655	1.8172
656	3.6519
657	3.3274
658	2.5975
659	3.514
660	3.7226
661	1.9758
662	2.9433
663	2.4174
664	3.4593
665	5.0
666	2.2072
667	3.4052
668	1.9809
669	4.4028
670	1.7524
671	0.022
672	3.1403
673	3.5935
674	3.1964
675	1.0939
676	3.3568
677	1.9379
678	3.4428
679	3.5091
680	0.6678
681	1.2841
682	3.6589
683	3.8969
684	3.1607
685	1.7187
686	3.7314
687	2.5504
688	3.5395
689	3.7781
690	3.2487
691	1.7105
692	2.939
693	3.7251
694	2.7718
695	3.5218
696	3.5226
697	3.1667
698	2.5591
699	1.8354
700	3.6748
701	1.1238
702	0.4309
703	3.0659
704	4.8093
705	3.7893
706	3.3818
707	3.3986
708	1.3229
709	3.977
710	2.7518
711	3.7419
712	3.2694
713	2.8981
714	0.3382
715	3.943
716	3.5807
717	0.5565
718	0.6231
719	3.5012
720	3.6248
721	1.4706
722	2.9469
723	1.5168
724	3.4744
725	3.3077
726	4.2515
727	3.7778
728	3.4595
729	1.9636
730	2.4081
731	3.6487
732	1.9531
733	1.8728
734	2.2317
735	3.6866
736	2.1449
737	3.4081
738	1.3257
739	4.014
740	3.5639
741	1.1872
742	2.9174
743	2.1666
744	3.4138
745	3.7328
746	3.3229
747	3.405
748	3.9124
749	3.5184
750	4.2412
751	3.0274
752	3.6917
753	3.4595
754	4.4054
755	3.6373
756	2.9369
757	3.786
758	3.653
759	1.5535
760	3.7059
761	3.0439
762	2.4886
763	3.499
764	3.6365
765	1.8803
766	2.8961
767	2.4211
768	3.3379
769	5.0701
770	2.043
771	3.2519
772	1.7944
773	4.2595
774	1.6211
775	0.2639
776	2.8791
777	3.5752
778	3.2306
779	0.8141
780	3.2671
781	1.7333
782	3.3004
783	3.3702
784	0.7323
785	1.3062
786	3.5103
787	3.9077
788	3.0684
789	1.5584
790	3.6823
791	2.5074
792	3.528
793	3.6171
794	3.2534
795	1.6585
796	2.9922
797	3.523
798	1.2982
799	3.2227
800	3.5186
801	3.1854
802	2.6421
803	1.6738
804	3.5931
805	1.0324
806	0.102
807	3.0647
808	4.7102
809	3.738
810	3.325
811	3.729
812	1.4221
813	3.9576
814	2.8061
815	3.7043
816	3.1365
817	2.8834
818	0.1264
819	3.7553
820	3.5278
821	0.2131
822	0.4888
823	3.4424
824	3.6276
825	1.4659
826	2.801
827	1.4176
828	3.4257
829	3.2304
830	4.2711
831	3.7002
832	3.4004
833	2.0654
834	2.2084
835	3.5584
836	1.8683
837	2.0438
838	1.9963
839	3.4909
840	2.2716
841	3.237
842	1.1683
843	3.8645
844	3.5477
845	1.1442
846	2.7842
847	2.3492
848	3.3785
849	3.6896
850	3.2415
851	3.4365
852	4.0035
853	3.5175
854	4.2338
855	2.9951
856	3.6669
857	3.3696
858	4.4654
859	3.6674
860	3.0886
861	3.6455
862	3.6356
863	1.6627
864	3.6516
865	2.9462
866	2.4899
867	3.3977
868	3.4502
869	1.9102
870	3.0197
871	2.1511
872	3.2926
873	4.9511
874	1.8054
875	3.3712
876	1.7682
877	4.1785
878	1.8746
879	0.0053
880	2.9425
881	3.5173
882	3.0101
883	0.8373
884	3.1827
885	1.7848
886	3.1503
887	3.3322
888	0.7348
889	1.1863
890	3.485
891	3.69
892	3.0063
893	1.5571
894	3.621
895	2.4916
896	3.3321
897	3.5608
898	3.078
899	1.3932
900	2.9867
901	3.5769
902	1.6329
903	3.3171
904	3.5057
905	3.1613
906	2.4098
907	1.8052
908	3.5395
909	1.031
910	0.0717
911	3.0115
912	4.5073
913	3.5072
914	3.3878
915	3.3654
916	1.2346
917	3.8464
918	2.6659
919	3.6879
920	3.1223
921	2.0559
922	0.2225
923	3.7611
924	3.4549
925	0.1451
926	0.853
927	3.386
928	3.5954
929	1.3113
930	2.8697
931	1.3006
932	3.3551
933	3.1644
934	4.0789
935	3.6307
936	3.2539
937	2.6054
938	2.4692
939	3.4942
940	1.8818
941	1.8559
942	1.8606
943	3.4395
944	2.2396
945	3.1233
946	1.2369
947	4.0363
948	3.5688
949	1.0574
950	2.7761
951	1.9514
952	3.3427
953	3.6479
954	3.2425
955	3.3202
956	3.9665
957	3.5448
958	4.185
959	2.9389
960	3.6166
961	3.1809
962	4.1934
963	3.5836
964	2.9426
965	3.676
966	3.3178
967	1.6329
968	3.6261
969	2.7427
970	2.3429
971	3.4091
972	3.6473
973	1.8429
974	2.9406
975	2.2367
976	3.2905
977	4.8561
978	1.8893
979	2.71
980	1.7995
981	4.2155
982	1.3741
983	0.8656
984	2.9046
985	3.4692
986	2.8607
987	0.8093
988	3.2505
989	2.23
990	3.2146
991	3.2295
992	0.5799
993	1.2949
994	3.4651
995	3.6987
996	3.0028
997	1.6075
998	3.6055
999	2.3609
1000	3.5108
1001	3.5237
1002	3.1091
1003	1.6709
1004	3.0105
1005	3.4731
1006	1.0677
1007	3.0117
1008	3.3924
1009	3.0905
1010	2.5605
1011	1.5792
1012	3.545
1013	0.993
1014	0.4739
1015	2.9956
1016	4.5945
1017	3.6267
1018	3.1067
1019	3.3939
1020	0.9068
1021	3.8688
1022	2.4944
1023	3.6557
1024	3.1117
1025	1.5761
1026	0.1626
1027	3.7506
1028	3.3885
1029	0.1156
1030	0.4364
1031	3.2816
1032	3.5075
1033	1.1865
1034	2.8201
1035	1.0492
1036	3.2919
1037	3.1416
1038	4.0711
1039	3.6346
1040	3.1807
