Step	Loss(S)	Loss(T)	fwd_S	fwd_T	rev_S	rev_T
1	0.0	5.261	4.139	5.261	4.317	5.287
2	0.0	2.969	2.819	2.969	2.785	3.042
3	0.0	3.424	2.204	3.424	2.591	4.037
4	0.0	1.378	3.438	1.378	4.448	1.723
5	0.0	1.634	1.678	1.634	2.034	2.024
6	0.0	3.358	2.415	3.358	3.037	4.098
7	0.0	1.487	2.891	1.487	2.915	1.791
8	0.0	1.089	2.13	1.089	2.741	1.286
9	0.0	0.4107	1.072	0.4107	1.265	0.4543
10	0.0	0.7221	0.9095	0.7221	1.142	0.8748
11	0.0	2.092	2.258	2.092	3.104	2.558
12	0.0	1.064	1.321	1.064	2.018	1.495
13	0.0	1.478	1.391	1.478	1.64	2.043
14	0.0	1.318	1.487	1.318	2.128	2.029
15	0.0	1.26	1.622	1.26	2.183	1.452
16	0.0	0.498	1.203	0.498	1.561	0.6911
17	0.0	1.025	0.4074	1.025	0.5014	1.473
18	0.0	0.3813	0.423	0.3813	0.465	0.4253
19	0.0	1.333	1.535	1.333	1.823	1.548
20	0.0	0.6947	0.6025	0.6947	0.6967	0.8802
21	0.0	1.678	0.6445	1.678	0.8357	1.661
22	0.0	0.7866	0.7437	0.7866	0.9143	0.8771
23	0.0	1.572	0.8927	1.572	1.184	1.732
24	0.0	1.109	0.594	1.109	0.765	1.39
25	0.0	1.079	1.223	1.079	1.327	1.175
26	0.0	0.5525	1.082	0.5525	1.369	0.6755
27	0.0	0.401	0.6197	0.401	0.7431	0.4516
28	0.0	0.7007	0.5529	0.7007	0.7025	0.9149
29	0.0	0.4153	0.5334	0.4153	0.6883	0.4962
30	0.0	0.912	0.265	0.912	0.34	1.28
31	0.0	1.144	0.8526	1.144	1.06	1.349
32	0.0	0.5019	0.418	0.5019	0.5949	0.7062
33	0.0	0.4095	0.5362	0.4095	0.7358	0.6214
34	0.0	0.6766	0.7986	0.6766	0.8694	0.7441
35	0.0	1.294	0.8671	1.294	0.9099	1.471
36	0.0	0.5138	0.5225	0.5138	0.7075	0.6747
37	0.0	0.4609	0.5139	0.4609	0.6683	0.5588
38	0.0	0.6637	1.004	0.6637	1.096	0.7379
39	0.0	0.4471	0.3973	0.4471	0.5337	0.5625
40	0.0	0.6118	0.519	0.6118	0.6663	0.8044
41	0.0	0.8789	0.4994	0.8789	0.5997	1.124
42	0.0	0.3904	0.535	0.3904	0.7015	0.4938
43	0.0	0.336	0.6437	0.336	0.779	0.3762
44	0.0	0.3429	0.307	0.3429	0.3905	0.437
45	0.0	0.2499	0.2984	0.2499	0.3886	0.3266
46	0.0	0.347	0.2897	0.347	0.4416	0.4877
47	0.0	0.5139	0.6819	0.5139	0.7908	0.6087
48	0.0	0.3364	0.6387	0.3364	0.8551	0.4405
49	0.0	0.4969	0.7541	0.4969	0.9548	0.6539
50	0.0	1.276	1.16	1.276	1.226	1.44
51	0.0	1.19	0.7408	1.19	0.8947	1.565
52	0.0	0.8382	1.046	0.8382	1.127	0.9454
53	0.0	0.8203	0.479	0.8203	0.6535	0.9937
54	0.0	0.8223	0.8331	0.8223	0.9784	0.9669
55	0.0	0.3527	0.5103	0.3527	0.6527	0.4047
56	0.0	0.2983	0.3675	0.2983	0.4303	0.4045
57	0.0	0.412	0.563	0.412	0.8877	0.5888
58	0.0	0.7308	0.2592	0.7308	0.3996	0.826
59	0.0	0.5336	0.7327	0.5336	0.9022	0.6553
60	0.0	0.3305	0.3863	0.3305	0.5062	0.4412
61	0.0	1.088	1.108	1.088	1.187	1.245
62	0.0	0.8922	0.442	0.8922	0.5136	1.067
63	0.0	1.113	1.162	1.113	1.341	1.299
64	0.0	0.624	0.7637	0.624	0.8957	0.6843
65	0.0	0.4578	0.4498	0.4578	0.6262	0.6636
66	0.0	0.6412	1.004	0.6412	1.144	0.7515
67	0.0	0.3597	0.4648	0.3597	0.6	0.5236
68	0.0	0.712	0.6935	0.712	0.9116	0.8152
69	0.0	0.4786	0.4014	0.4786	0.6212	0.7981
70	0.0	0.5913	0.7359	0.5913	0.8773	0.7541
71	0.0	0.8219	0.7135	0.8219	0.825	1.028
72	0.0	0.3226	0.3931	0.3226	0.5185	0.4205
73	0.0	0.326	0.3308	0.326	0.4414	0.4174
74	0.0	1.102	0.9001	1.102	1.094	1.295
75	0.0	0.4167	0.3294	0.4167	0.3735	0.5292
76	0.0	0.6757	0.7104	0.6757	0.74	0.7649
77	0.0	0.3525	0.5899	0.3525	0.7255	0.4522
78	0.0	0.2681	0.3189	0.2681	0.4258	0.3529
79	0.0	0.4973	0.3883	0.4973	0.533	0.6653
80	0.0	0.5918	0.7395	0.5918	0.8901	0.6663
81	0.0	0.9895	0.8195	0.9895	1.118	1.224
82	0.0	0.5615	0.3814	0.5615	0.5203	0.7981
83	0.0	0.5628	1.136	0.5628	1.366	0.6351
84	0.0	0.2933	0.6208	0.2933	0.6994	0.4223
85	0.0	0.4786	0.2626	0.4786	0.3609	0.5851
86	0.0	0.4186	0.24	0.4186	0.3619	0.5557
87	0.0	0.4687	0.5302	0.4687	0.6812	0.7112
88	0.0	0.2137	0.3471	0.2137	0.4281	0.2944
89	0.0	0.389	0.4123	0.389	0.4839	0.4729
90	0.0	0.6367	0.578	0.6367	0.7377	0.7494
91	0.0	0.3844	0.353	0.3844	0.4333	0.4595
92	0.0	0.4844	0.538	0.4844	0.7657	0.5836
93	0.0	0.3528	0.3005	0.3528	0.4179	0.497
94	0.0	0.5315	0.7649	0.5315	0.8399	0.5888
95	0.0	0.2453	0.4661	0.2453	0.6071	0.2598
96	0.0	0.6907	0.3075	0.6907	0.4086	0.8408
97	0.0	0.9638	0.6668	0.9638	0.8888	1.145
98	0.0	0.2051	0.2903	0.2051	0.4356	0.2719
99	0.0	0.3488	0.404	0.3488	0.5412	0.4123
100	0.0	0.4707	0.7436	0.4707	0.8108	0.6529
101	0.0	0.9657	0.47	0.9657	0.5537	1.075
102	0.0	0.434	0.3243	0.434	0.3496	0.6749
103	0.0	0.702	0.7292	0.702	0.9047	0.756
104	0.0	0.7831	1.05	0.7831	1.351	1.018
105	0.0	0.4584	0.2877	0.4584	0.4166	0.6809
106	0.0	0.5829	0.888	0.5829	0.9933	0.6822
107	0.0	0.3662	0.3446	0.3662	0.4656	0.5373
108	0.0	0.322	0.3559	0.322	0.4425	0.3914
109	0.0	0.409	0.3552	0.409	0.3927	0.465
110	0.0	0.796	1.323	0.796	1.506	1.033
111	0.0	0.3192	0.2979	0.3192	0.3044	0.4443
112	0.0	0.8687	1.047	0.8687	1.352	1.076
113	0.0	0.433	0.5865	0.433	0.8366	0.5659
114	0.0	0.2665	0.5759	0.2665	0.6794	0.374
115	0.0	0.8943	0.7479	0.8943	0.8077	1.075
116	0.0	0.3982	0.5492	0.3982	0.6525	0.5342
117	0.0	1.055	0.3957	1.055	0.4724	1.225
118	0.0	0.3884	0.4509	0.3884	0.5556	0.4686
119	0.0	1.083	0.528	1.083	0.6133	1.315
120	0.0	0.324	0.5449	0.324	0.6832	0.4288
121	0.0	0.4065	0.3807	0.4065	0.4571	0.5594
122	0.0	0.2995	0.2473	0.2995	0.3092	0.389
123	0.0	0.8294	0.8488	0.8294	0.9721	0.9169
124	0.0	0.3208	0.3271	0.3208	0.4517	0.4411
125	0.0	0.8151	0.6055	0.8151	0.6728	0.893
126	0.0	0.5059	0.3608	0.5059	0.5172	0.5507
127	0.0	0.9173	0.8499	0.9173	0.9392	1.068
128	0.0	0.6746	0.6802	0.6746	0.861	0.7872
129	0.0	0.8899	1.027	0.8899	1.159	0.9877
130	0.0	0.7349	0.6382	0.7349	0.7392	0.7926
131	0.0	0.8267	0.8249	0.8267	0.9249	0.9824
132	0.0	0.4555	0.396	0.4555	0.5305	0.6523
133	0.0	0.2456	0.4006	0.2456	0.4948	0.3243
134	0.0	0.6829	0.6849	0.6829	0.8644	0.8799
135	0.0	0.748	1.122	0.748	1.242	0.8703
136	0.0	0.2387	0.6616	0.2387	0.9354	0.3388
137	0.0	0.3308	0.2623	0.3308	0.329	0.5402
138	0.0	0.654	0.4383	0.654	0.478	0.7033
139	0.0	0.6807	0.7012	0.6807	0.7932	0.7958
140	0.0	0.2908	0.3359	0.2908	0.4259	0.3843
141	0.0	0.3507	0.2575	0.3507	0.3596	0.5196
142	0.0	0.463	0.2978	0.463	0.3763	0.5289
143	0.0	0.3521	0.3219	0.3521	0.447	0.5013
144	0.0	0.362	0.3649	0.362	0.4679	0.487
145	0.0	0.4163	0.4972	0.4163	0.579	0.5363
146	0.0	0.4279	0.4168	0.4279	0.5357	0.5586
147	0.0	0.6517	0.6241	0.6517	0.6771	0.7647
148	0.0	0.4177	0.3521	0.4177	0.4747	0.5143
149	0.0	0.2414	0.5413	0.2414	0.6587	0.3207
150	0.0	0.2025	0.1923	0.2025	0.2991	0.3032
151	0.0	0.9171	0.8601	0.9171	1.044	1.135
152	0.0	0.3515	0.2623	0.3515	0.355	0.449
153	0.0	0.5022	0.6453	0.5022	0.832	0.6782
154	0.0	0.8417	0.7762	0.8417	0.8765	1.012
155	0.0	1.053	0.7668	1.053	1.007	1.383
156	0.0	0.5144	0.3061	0.5144	0.3148	0.5578
157	0.0	0.6209	0.6683	0.6209	0.7744	0.8119
158	0.0	0.6833	0.7088	0.6833	0.8967	0.826
159	0.0	0.3567	0.2718	0.3567	0.3433	0.4824
160	0.0	0.3126	0.3522	0.3126	0.4987	0.4438
161	0.0	0.3337	0.3527	0.3337	0.4738	0.4953
162	0.0	0.2309	0.5534	0.2309	0.6435	0.3029
163	0.0	0.4806	0.7587	0.4806	0.8685	0.53
164	0.0	0.2864	0.5008	0.2864	0.593	0.3645
165	0.0	1.192	0.6368	1.192	0.661	1.491
166	0.0	1.002	0.977	1.002	1.197	1.234
167	0.0	0.8004	0.7967	0.8004	0.9464	0.9764
168	0.0	0.4867	0.5821	0.4867	0.6531	0.5324
169	0.0	0.4185	0.5213	0.4185	0.6541	0.5862
170	0.0	0.3389	0.4849	0.3389	0.6019	0.4074
171	0.0	0.4798	0.2924	0.4798	0.3628	0.5789
172	0.0	0.6624	0.2877	0.6624	0.3357	0.8065
173	0.0	0.281	0.2906	0.281	0.3391	0.3662
174	0.0	0.7916	0.7207	0.7916	0.9079	1.072
175	0.0	0.819	0.6264	0.819	0.7675	1.106
176	0.0	0.241	0.2491	0.241	0.359	0.3505
177	0.0	0.3067	0.3074	0.3067	0.4148	0.3543
178	0.0	0.5198	0.8274	0.5198	1.061	0.6821
179	0.0	0.3151	0.2959	0.3151	0.3887	0.371
180	0.0	0.3597	0.6742	0.3597	0.7317	0.3927
181	0.0	0.3453	0.2789	0.3453	0.3188	0.4263
182	0.0	0.2109	0.2844	0.2109	0.3799	0.2933
183	0.0	0.2278	0.3715	0.2278	0.4944	0.2965
184	0.0	0.4456	0.6434	0.4456	0.7423	0.5745
185	0.0	0.6431	0.3582	0.6431	0.4248	0.9167
186	0.0	0.2375	0.406	0.2375	0.5596	0.3126
187	0.0	0.888	0.4193	0.888	0.4857	1.257
188	0.0	0.4974	0.2972	0.4974	0.3824	0.6357
189	0.0	0.2672	0.5496	0.2672	0.6373	0.3467
190	0.0	0.2888	0.5376	0.2888	0.6523	0.3397
191	0.0	0.2774	0.3698	0.2774	0.4398	0.4068
192	0.0	0.256	0.2943	0.256	0.4336	0.3343
193	0.0	0.4709	0.3362	0.4709	0.4285	0.5875
194	0.0	0.7486	0.3664	0.7486	0.4526	0.8772
195	0.0	0.3074	0.4096	0.3074	0.5256	0.4079
196	0.0	0.3897	0.7595	0.3897	0.8899	0.4445
197	0.0	0.2825	0.2751	0.2825	0.3879	0.4007
198	0.0	0.4702	0.6993	0.4702	0.7716	0.5936
199	0.0	0.3073	0.3038	0.3073	0.3899	0.3859
200	0.0	0.5136	0.472	0.5136	0.5708	0.5932
201	0.0	0.2577	0.7557	0.2577	0.9595	0.3589
202	0.0	0.3044	0.3828	0.3044	0.5616	0.3694
203	0.0	0.3076	0.2839	0.3076	0.292	0.401
204	0.0	0.452	0.4058	0.452	0.466	0.5642
205	0.0	0.3057	0.6325	0.3057	0.6738	0.3443
206	0.0	0.3357	0.3201	0.3357	0.474	0.4757
207	0.0	0.59	0.7265	0.59	0.8752	0.7676
208	0.0	0.9218	0.4298	0.9218	0.5122	1.228
209	0.0	0.3306	0.3968	0.3306	0.4571	0.4756
210	0.0	0.427	0.5797	0.427	0.7549	0.5138
211	0.0	0.3017	0.3796	0.3017	0.5603	0.3751
212	0.0	0.568	0.2789	0.568	0.3431	0.7928
213	0.0	0.6	0.2767	0.6	0.3838	0.8077
214	0.0	0.6202	0.4035	0.6202	0.553	0.743
215	0.0	0.3127	0.2642	0.3127	0.4022	0.5005
216	0.0	0.8614	0.7777	0.8614	0.8791	1.224
217	0.0	0.4218	0.3	0.4218	0.3468	0.5334
218	0.0	0.1976	0.1938	0.1976	0.2574	0.2685
219	0.0	0.9303	0.4003	0.9303	0.4498	1.194
220	0.0	0.323	0.3576	0.323	0.4525	0.3776
221	0.0	1.06	0.895	1.06	1.147	1.407
222	0.0	0.4412	0.4067	0.4412	0.4853	0.6074
223	0.0	0.7854	0.3715	0.7854	0.4167	1.0
224	0.0	0.4018	0.4163	0.4018	0.5529	0.5507
225	0.0	0.2853	0.396	0.2853	0.5011	0.3705
226	0.0	0.208	0.2731	0.208	0.3787	0.2375
227	0.0	0.6085	0.7834	0.6085	0.883	0.6965
228	0.0	0.3633	0.3357	0.3633	0.5005	0.5753
229	0.0	0.5059	0.5336	0.5059	0.5718	0.6233
230	0.0	0.3759	0.4529	0.3759	0.5163	0.4121
231	0.0	0.6059	0.3958	0.6059	0.4967	0.7155
232	0.0	0.6725	0.7557	0.6725	0.9256	0.8273
233	0.0	0.8491	0.5515	0.8491	0.6295	0.9807
234	0.0	0.7137	0.9519	0.7137	1.096	0.8194
235	0.0	0.3629	0.37	0.3629	0.4292	0.4673
236	0.0	0.3853	0.3429	0.3853	0.3897	0.58
237	0.0	0.2347	0.6119	0.2347	0.7494	0.3151
238	0.0	0.7737	0.5187	0.7737	0.6116	0.8914
239	0.0	0.4865	0.4074	0.4865	0.4789	0.542
240	0.0	0.2786	0.1957	0.2786	0.2482	0.3946
241	0.0	0.3612	0.2878	0.3612	0.3097	0.5763
242	0.0	0.4573	0.9037	0.4573	0.9415	0.4904
243	0.0	0.8371	0.5583	0.8371	0.5896	0.9482
244	0.0	0.3823	0.3106	0.3823	0.388	0.5014
245	0.0	0.3064	0.3322	0.3064	0.4138	0.4775
246	0.0	0.2883	0.5046	0.2883	0.5906	0.3425
247	0.0	0.2508	0.2157	0.2508	0.2733	0.3271
248	0.0	0.4527	0.3841	0.4527	0.5167	0.6041
249	0.0	0.1582	0.2053	0.1582	0.2419	0.2031
250	0.0	0.2693	0.2806	0.2693	0.3859	0.3347
251	0.0	0.7736	0.4903	0.7736	0.6193	0.8183
252	0.0	0.1786	0.351	0.1786	0.4848	0.2388
253	0.0	0.2386	0.2136	0.2386	0.273	0.3537
254	0.0	0.2115	0.1911	0.2115	0.2831	0.2934
255	0.0	0.6403	0.6348	0.6403	0.6694	0.7375
256	0.0	0.2515	0.2876	0.2515	0.3639	0.319
257	0.0	0.4394	0.8575	0.4394	1.065	0.6416
258	0.0	0.8362	0.3154	0.8362	0.3745	0.9513
259	0.0	0.5501	0.7958	0.5501	1.065	0.7551
260	0.0	0.26	0.2871	0.26	0.3619	0.2995
261	0.0	0.2479	0.3475	0.2479	0.4178	0.3194
262	0.0	0.6576	0.3435	0.6576	0.3808	0.7655
263	0.0	0.2549	0.4031	0.2549	0.5514	0.3165
264	0.0	0.1956	0.3633	0.1956	0.4364	0.2846
265	0.0	0.295	0.3326	0.295	0.4592	0.405
266	0.0	0.2336	0.2135	0.2336	0.2807	0.2945
267	0.0	0.6026	0.5555	0.6026	0.7152	0.7379
268	0.0	0.2807	0.3309	0.2807	0.4804	0.3805
269	0.0	0.8701	0.6841	0.8701	0.8138	0.9982
270	0.0	0.4349	0.6213	0.4349	0.7593	0.5299
271	0.0	0.4303	0.8992	0.4303	0.9703	0.484
272	0.0	0.7499	0.8143	0.7499	0.9334	0.9188
273	0.0	0.3286	0.568	0.3286	0.61	0.4859
274	0.0	0.4436	0.5679	0.4436	0.6855	0.5584
275	0.0	0.23	0.2794	0.23	0.3955	0.294
276	0.0	0.4625	0.6539	0.4625	0.7113	0.5169
277	0.0	0.3638	0.2863	0.3638	0.3791	0.5176
278	0.0	0.8159	0.2476	0.8159	0.2783	1.036
279	0.0	0.6615	0.5411	0.6615	0.7536	0.9599
280	0.0	0.2541	0.2261	0.2541	0.2633	0.3257
281	0.0	0.2886	0.2696	0.2886	0.4004	0.3576
282	0.0	0.3365	0.4844	0.3365	0.6505	0.3714
283	0.0	0.3011	0.271	0.3011	0.3462	0.3965
284	0.0	0.7314	0.6915	0.7314	0.7917	0.8149
285	0.0	0.2889	0.3815	0.2889	0.5055	0.3715
286	0.0	0.1577	0.1554	0.1577	0.186	0.1974
287	0.0	0.3146	0.3382	0.3146	0.4295	0.4083
288	0.0	0.594	0.4449	0.594	0.5102	0.6809
289	0.0	0.7518	0.724	0.7518	0.8979	0.9557
290	0.0	0.2469	0.2663	0.2469	0.3791	0.327
291	0.0	0.6358	0.6915	0.6358	0.8259	0.7703
292	0.0	0.2522	0.3057	0.2522	0.3932	0.3266
293	0.0	0.3065	0.2448	0.3065	0.3559	0.4028
294	0.0	0.3266	0.3229	0.3266	0.3723	0.381
295	0.0	0.2563	0.2165	0.2563	0.3088	0.3173
296	0.0	0.2697	0.2918	0.2697	0.4206	0.3152
297	0.0	0.3638	0.3798	0.3638	0.4537	0.4414
298	0.0	0.6455	0.8072	0.6455	0.9124	0.802
299	0.0	0.2412	0.427	0.2412	0.5182	0.3385
300	0.0	0.3191	0.4387	0.3191	0.6216	0.452
301	0.0	0.299	0.2894	0.299	0.4897	0.4445
302	0.0	0.8667	0.5011	0.8667	0.5205	1.039
303	0.0	0.3632	0.2615	0.3632	0.3149	0.4723
304	0.0	0.2264	0.3201	0.2264	0.3931	0.2688
305	0.0	0.3053	0.2199	0.3053	0.2329	0.3271
306	0.0	0.2766	0.3066	0.2766	0.3355	0.3394
307	0.0	0.4091	0.3209	0.4091	0.3722	0.4972
308	0.0	0.3336	0.4838	0.3336	0.5665	0.4005
309	0.0	0.5804	0.8156	0.5804	0.9874	0.6866
310	0.0	0.3995	0.3178	0.3995	0.4364	0.5489
311	0.0	0.6585	0.2946	0.6585	0.3344	0.8456
312	0.0	0.6857	0.5329	0.6857	0.6547	0.9814
313	0.0	0.371	0.4673	0.371	0.5995	0.4677
314	0.0	0.5441	0.7493	0.5441	0.8591	0.6843
315	0.0	0.2578	0.2885	0.2578	0.315	0.3214
316	0.0	0.2726	0.3826	0.2726	0.4751	0.3318
317	0.0	0.4999	0.2678	0.4999	0.347	0.5708
318	0.0	0.6971	0.3545	0.6971	0.4325	0.7945
319	0.0	0.2856	0.3044	0.2856	0.4634	0.4305
320	0.0	0.5299	0.3274	0.5299	0.3846	0.6153
321	0.0	0.2446	0.537	0.2446	0.6539	0.3576
322	0.0	0.2649	0.2944	0.2649	0.3873	0.3585
323	0.0	0.8689	0.6726	0.8689	0.7938	1.044
324	0.0	0.2464	0.3631	0.2464	0.477	0.3101
325	0.0	0.893	0.8468	0.893	1.023	1.157
326	0.0	0.4699	0.5351	0.4699	0.7002	0.6045
327	0.0	0.7312	0.5699	0.7312	0.6252	0.9669
328	0.0	0.262	0.2793	0.262	0.3123	0.3239
329	0.0	0.4331	0.352	0.4331	0.4567	0.5401
330	0.0	0.1887	0.1836	0.1887	0.2199	0.2284
331	0.0	0.8158	0.9015	0.8158	1.053	1.015
332	0.0	0.2946	0.29	0.2946	0.3735	0.4399
333	0.0	0.7869	0.524	0.7869	0.5922	0.914
334	0.0	0.3612	0.3452	0.3612	0.4142	0.4572
335	0.0	0.6934	0.6858	0.6934	0.77	0.8795
336	0.0	0.6288	0.6257	0.6288	0.8511	0.8614
337	0.0	0.7595	0.6376	0.7595	0.7885	0.8534
338	0.0	0.686	0.4828	0.686	0.6314	0.8538
339	0.0	0.3273	0.4406	0.3273	0.607	0.3354
340	0.0	0.3879	0.3264	0.3879	0.4126	0.5741
341	0.0	0.2155	0.3368	0.2155	0.4301	0.3001
342	0.0	0.6001	0.7021	0.6001	0.927	0.724
343	0.0	0.6669	0.8279	0.6669	0.9573	0.7607
344	0.0	0.2782	0.21	0.2782	0.2662	0.3698
345	0.0	0.3016	0.3137	0.3016	0.4361	0.5364
346	0.0	0.7136	0.6042	0.7136	0.6847	0.8554
347	0.0	0.7554	0.3788	0.7554	0.4661	0.8726
348	0.0	0.2578	0.5484	0.2578	0.6672	0.3795
349	0.0	0.2954	0.2839	0.2954	0.4217	0.4274
350	0.0	0.4172	0.5519	0.4172	0.6413	0.5016
351	0.0	0.2138	0.2845	0.2138	0.387	0.273
352	0.0	0.3588	0.3551	0.3588	0.4895	0.5301
353	0.0	0.2037	0.361	0.2037	0.4681	0.2451
354	0.0	0.3125	0.3366	0.3125	0.4499	0.4131
355	0.0	0.4868	0.6541	0.4868	0.6747	0.5674
356	0.0	0.3059	0.332	0.3059	0.4885	0.4041
357	0.0	0.1965	0.2039	0.1965	0.318	0.2826
358	0.0	0.188	0.204	0.188	0.2834	0.2933
359	0.0	0.7162	0.5925	0.7162	0.7219	0.8348
360	0.0	0.3205	0.5269	0.3205	0.5965	0.4256
361	0.0	0.5461	0.4653	0.5461	0.5979	0.6896
362	0.0	0.9162	0.7023	0.9162	0.7525	1.134
363	0.0	0.5601	0.6422	0.5601	0.8149	0.7002
364	0.0	0.5508	0.2896	0.5508	0.3252	0.6565
365	0.0	0.2427	0.5579	0.2427	0.6581	0.37
366	0.0	0.7182	0.7576	0.7182	0.8886	0.914
367	0.0	0.2795	0.2841	0.2795	0.3298	0.3189
368	0.0	0.198	0.5268	0.198	0.5737	0.2731
369	0.0	0.2818	0.3693	0.2818	0.5656	0.4463
370	0.0	0.2799	0.2657	0.2799	0.3539	0.379
371	0.0	0.5577	0.4457	0.5577	0.5391	0.7169
372	0.0	0.3467	0.2861	0.3467	0.3129	0.4621
373	0.0	0.914	0.4916	0.914	0.5383	1.188
374	0.0	0.4973	0.669	0.4973	0.7536	0.633
375	0.0	0.3307	0.704	0.3307	0.781	0.4166
376	0.0	0.5553	0.5306	0.5553	0.6651	0.6462
377	0.0	0.2115	0.2974	0.2115	0.424	0.2645
378	0.0	0.7469	0.4869	0.7469	0.6606	0.9898
379	0.0	0.2402	0.2493	0.2402	0.3241	0.3331
380	0.0	0.5131	0.5888	0.5131	0.7472	0.5996
381	0.0	0.2645	0.2838	0.2645	0.3977	0.3826
382	0.0	0.2701	0.2165	0.2701	0.263	0.3034
383	0.0	0.3544	0.5759	0.3544	0.6849	0.403
384	0.0	0.2309	0.289	0.2309	0.4534	0.2956
385	0.0	0.2665	0.3178	0.2665	0.3623	0.3659
386	0.0	0.426	0.9268	0.426	1.114	0.5377
387	0.0	0.3145	0.239	0.3145	0.3012	0.4475
388	0.0	0.4813	0.1653	0.4813	0.1683	0.5527
389	0.0	0.3632	0.2599	0.3632	0.3525	0.5409
390	0.0	0.2127	0.2492	0.2127	0.349	0.2657
391	0.0	0.2687	0.2613	0.2687	0.3473	0.4088
392	0.0	0.6128	0.3663	0.6128	0.479	0.6349
393	0.0	0.4787	0.3389	0.4787	0.3694	0.5976
394	0.0	0.3688	0.3042	0.3688	0.4519	0.4823
395	0.0	0.5844	0.9621	0.5844	1.226	0.6846
396	0.0	0.2279	0.3363	0.2279	0.3998	0.2952
397	0.0	0.2541	0.347	0.2541	0.4628	0.3333
398	0.0	0.3387	0.3743	0.3387	0.3747	0.3876
399	0.0	0.293	0.3036	0.293	0.3715	0.4323
400	0.0	0.2756	0.353	0.2756	0.4383	0.3762
401	0.0	0.3314	0.3544	0.3314	0.4297	0.3775
402	0.0	0.5233	0.6877	0.5233	0.7435	0.6263
403	0.0	0.3932	0.3635	0.3932	0.4613	0.5017
404	0.0	0.2503	0.3261	0.2503	0.4343	0.3486
405	0.0	0.2228	0.2362	0.2228	0.363	0.3105
406	0.0	0.5578	0.6181	0.5578	0.7162	0.6465
407	0.0	0.3055	0.2486	0.3055	0.3167	0.4252
408	0.0	0.2973	0.5023	0.2973	0.6104	0.3874
409	0.0	0.3626	0.5522	0.3626	0.6702	0.4254
410	0.0	0.1993	0.1815	0.1993	0.2532	0.3029
411	0.0	0.3174	0.4498	0.3174	0.5915	0.4745
412	0.0	0.3266	0.3915	0.3266	0.4811	0.4516
413	0.0	0.884	0.4533	0.884	0.4737	1.03
414	0.0	0.2774	0.2904	0.2774	0.4822	0.3939
415	0.0	0.3272	0.5848	0.3272	0.73	0.3686
416	0.0	0.641	0.3364	0.641	0.4139	0.8082
417	0.0	0.3689	0.2948	0.3689	0.3339	0.4821
418	0.0	0.9074	0.4802	0.9074	0.575	1.065
419	0.0	0.2513	0.2659	0.2513	0.3993	0.3595
420	0.0	0.2224	0.244	0.2224	0.3065	0.3119
421	0.0	0.2704	0.3086	0.2704	0.4024	0.3986
422	0.0	0.6257	0.466	0.6257	0.5832	0.7401
423	0.0	0.2763	0.3038	0.2763	0.43	0.4117
424	0.0	0.6124	0.5437	0.6124	0.7042	0.8177
425	0.0	0.5845	0.3818	0.5845	0.4526	0.7158
426	0.0	0.2992	0.3724	0.2992	0.4703	0.3685
427	0.0	0.65	0.7499	0.65	0.8141	0.7982
428	0.0	0.3874	0.266	0.3874	0.3293	0.51
429	0.0	0.7203	0.5746	0.7203	0.6723	0.892
430	0.0	0.6818	0.4465	0.6818	0.5382	0.8028
431	0.0	0.5689	0.1794	0.5689	0.2113	0.6327
432	0.0	0.4326	0.3476	0.4326	0.4473	0.5187
433	0.0	0.5665	0.4033	0.5665	0.4717	0.7607
434	0.0	0.2345	0.2212	0.2345	0.2892	0.2816
435	0.0	0.6083	0.8504	0.6083	0.9808	0.6216
436	0.0	0.2867	0.2967	0.2867	0.3727	0.3634
437	0.0	0.8089	0.4806	0.8089	0.6319	0.9565
438	0.0	0.396	0.3757	0.396	0.4981	0.4748
439	0.0	0.7713	0.6359	0.7713	0.7465	0.995
440	0.0	0.6887	0.4211	0.6887	0.5114	0.9468
441	0.0	0.7125	0.9045	0.7125	1.061	0.8096
442	0.0	0.3485	0.6961	0.3485	0.7894	0.4177
443	0.0	0.4018	0.7353	0.4018	0.8526	0.5666
444	0.0	0.2819	0.3199	0.2819	0.4136	0.4231
445	0.0	0.245	0.352	0.245	0.5399	0.3415
446	0.0	0.611	0.3862	0.611	0.4967	0.7648
447	0.0	0.873	0.5204	0.873	0.6128	1.031
448	0.0	0.2134	0.2645	0.2134	0.3404	0.3115
449	0.0	0.2385	0.5968	0.2385	0.68	0.3354
450	0.0	0.2758	0.5245	0.2758	0.5962	0.3014
451	0.0	0.5344	0.3289	0.5344	0.357	0.6947
452	0.0	0.325	0.3011	0.325	0.4341	0.4633
453	0.0	0.4203	0.4156	0.4203	0.5873	0.6579
454	0.0	0.6636	0.68	0.6636	0.7904	0.7455
455	0.0	0.2608	0.2653	0.2608	0.3558	0.3711
456	0.0	0.3196	0.3403	0.3196	0.5086	0.4539
457	0.0	0.2748	0.3937	0.2748	0.5157	0.3868
458	0.0	0.3405	0.3299	0.3405	0.39	0.4609
459	0.0	0.4292	0.4883	0.4292	0.4956	0.5625
460	0.0	0.3046	0.2847	0.3046	0.3356	0.3772
461	0.0	0.2699	0.3588	0.2699	0.4711	0.3752
462	0.0	0.147	0.4459	0.147	0.5687	0.2049
463	0.0	0.6813	0.9845	0.6813	1.103	0.8634
464	0.0	0.1904	0.3086	0.1904	0.3807	0.2367
465	0.0	0.6134	0.5724	0.6134	0.8655	0.8553
466	0.0	0.947	0.8571	0.947	0.9654	1.153
467	0.0	0.4662	0.3223	0.4662	0.3564	0.6048
468	0.0	0.7932	0.1903	0.7932	0.2406	0.8431
469	0.0	0.6624	0.5061	0.6624	0.6079	0.8544
470	0.0	0.4511	0.7881	0.4511	0.8685	0.5662
471	0.0	0.347	0.2865	0.347	0.3836	0.4625
472	0.0	0.1561	0.4726	0.1561	0.5658	0.2164
473	0.0	0.4212	0.2824	0.4212	0.3906	0.6779
474	0.0	0.2313	0.2811	0.2313	0.3864	0.2961
475	0.0	0.5308	0.6321	0.5308	0.7035	0.6548
476	0.0	0.2921	0.3075	0.2921	0.4058	0.4296
477	0.0	0.9098	0.5303	0.9098	0.5826	1.117
478	0.0	0.4242	0.5951	0.4242	0.7564	0.4927
479	0.0	0.7371	0.6205	0.7371	0.7505	0.9039
480	0.0	0.5513	0.6862	0.5513	0.7908	0.6168
481	0.0	0.3594	0.418	0.3594	0.4823	0.4691
482	0.0	0.6379	0.8349	0.6379	0.9657	0.7749
483	0.0	0.2361	0.2612	0.2361	0.3913	0.3125
484	0.0	0.717	0.4085	0.717	0.4564	0.8521
485	0.0	0.4457	0.2326	0.4457	0.3099	0.6113
486	0.0	0.6975	0.1972	0.6975	0.2255	0.8848
487	0.0	0.5814	0.3474	0.5814	0.4357	0.748
488	0.0	0.2524	0.3074	0.2524	0.445	0.3445
489	0.0	0.304	0.2832	0.304	0.3909	0.4025
490	0.0	0.2987	0.5765	0.2987	0.7136	0.3197
491	0.0	0.19	0.2558	0.19	0.3414	0.2632
492	0.0	0.3729	0.6658	0.3729	0.7479	0.435
493	0.0	0.3078	0.3098	0.3078	0.4086	0.3871
494	0.0	0.1894	0.1953	0.1894	0.2805	0.2408
495	0.0	0.2739	0.4111	0.2739	0.6368	0.325
496	0.0	0.7424	0.6334	0.7424	0.7558	0.9294
497	0.0	0.6778	0.2896	0.6778	0.3493	0.8316
498	0.0	0.1888	0.2683	0.1888	0.3857	0.2408
499	0.0	0.5658	0.5702	0.5658	0.6605	0.7276
500	0.0	0.2255	0.3899	0.2255	0.4416	0.3075
501	0.0	0.2714	0.2834	0.2714	0.3833	0.3735
502	0.0	0.2723	0.3372	0.2723	0.4359	0.3587
503	0.0	0.2703	0.2534	0.2703	0.3406	0.3535
504	0.0	0.3707	0.315	0.3707	0.3834	0.5067
505	0.0	0.3059	0.2787	0.3059	0.3435	0.4712
506	0.0	0.4288	0.5283	0.4288	0.6327	0.5058
507	0.0	0.3281	0.2543	0.3281	0.292	0.4262
508	0.0	0.334	0.6382	0.334	0.784	0.4464
509	0.0	0.2863	0.2655	0.2863	0.4343	0.4725
510	0.0	0.5337	0.5694	0.5337	0.6477	0.5639
511	0.0	0.2819	0.3312	0.2819	0.3964	0.3949
512	0.0	0.4345	0.295	0.4345	0.361	0.5087
513	0.0	0.5854	0.7998	0.5854	0.9434	0.7336
514	0.0	0.2186	0.2295	0.2186	0.342	0.2614
515	0.0	0.4621	0.4488	0.4621	0.5686	0.5717
516	0.0	0.2496	0.3904	0.2496	0.4704	0.3126
517	0.0	0.6541	0.3959	0.6541	0.5124	0.7362
518	0.0	0.2352	0.2399	0.2352	0.2969	0.3772
519	0.0	0.4988	0.8162	0.4988	0.9424	0.6036
520	0.0	0.932	0.5594	0.932	0.6197	1.237
521	0.0	0.3364	0.3448	0.3364	0.4462	0.4947
522	0.0	0.4003	0.2679	0.4003	0.3237	0.4443
523	0.0	0.2474	0.2359	0.2474	0.3233	0.3159
524	0.0	0.24	0.4677	0.24	0.6573	0.3011
525	0.0	0.2864	0.4003	0.2864	0.5594	0.4079
526	0.0	0.6012	0.6122	0.6012	0.7452	0.7466
527	0.0	0.2388	0.2743	0.2388	0.3885	0.3471
528	0.0	0.5983	0.5904	0.5983	0.7236	0.662
529	0.0	0.4799	0.4811	0.4799	0.5867	0.6369
530	0.0	0.2029	0.3735	0.2029	0.4504	0.2893
531	0.0	0.5591	0.7074	0.5591	0.8244	0.6366
532	0.0	0.2523	0.4141	0.2523	0.5412	0.3279
533	0.0	0.623	0.4253	0.623	0.5268	0.7265
534	0.0	0.5103	0.3888	0.5103	0.5778	0.6161
535	0.0	0.7766	0.4179	0.7766	0.5136	1.011
536	0.0	0.2979	0.4221	0.2979	0.5063	0.3743
537	0.0	0.3534	0.3633	0.3534	0.4266	0.4673
538	0.0	0.2047	0.2096	0.2047	0.2691	0.2364
539	0.0	0.4302	0.3812	0.4302	0.5243	0.5259
540	0.0	0.251	0.3506	0.251	0.5062	0.3574
541	0.0	0.4696	0.5462	0.4696	0.6493	0.5498
542	0.0	0.1948	0.3079	0.1948	0.3626	0.2387
543	0.0	0.717	0.4968	0.717	0.5824	0.8598
544	0.0	0.6626	0.7156	0.6626	0.8735	0.7925
545	0.0	0.8468	0.4616	0.8468	0.5703	0.9118
546	0.0	0.4475	0.2908	0.4475	0.3376	0.5172
547	0.0	0.4715	0.5308	0.4715	0.6239	0.6349
548	0.0	0.2535	0.4054	0.2535	0.4985	0.3503
549	0.0	0.1795	0.2735	0.1795	0.4022	0.2364
550	0.0	0.5753	0.4411	0.5753	0.5988	0.7055
551	0.0	0.6408	0.69	0.6408	0.795	0.7691
552	0.0	0.2498	0.2977	0.2498	0.3273	0.3085
553	0.0	0.2566	0.3273	0.2566	0.4059	0.3714
554	0.0	0.2445	0.3221	0.2445	0.362	0.2723
555	0.0	0.5191	0.6052	0.5191	0.6537	0.6503
556	0.0	0.3784	0.4219	0.3784	0.539	0.482
557	0.0	0.2841	0.3366	0.2841	0.4224	0.4029
558	0.0	0.5015	0.5839	0.5015	0.7187	0.5722
559	0.0	0.2541	0.3069	0.2541	0.4555	0.3674
560	0.0	0.2251	0.2625	0.2251	0.3475	0.3081
561	0.0	0.363	0.2825	0.363	0.3549	0.4866
562	0.0	0.3795	0.2952	0.3795	0.3815	0.5372
563	0.0	0.6047	0.3642	0.6047	0.4358	0.7341
564	0.0	0.176	0.1982	0.176	0.2163	0.2298
565	0.0	0.1646	0.382	0.1646	0.5232	0.2273
566	0.0	0.143	0.4428	0.143	0.49	0.196
567	0.0	0.5013	0.303	0.5013	0.3491	0.64
568	0.0	0.2198	0.4511	0.2198	0.5816	0.266
569	0.0	0.4623	0.6979	0.4623	0.9859	0.5104
570	0.0	0.3638	0.4808	0.3638	0.5344	0.4475
571	0.0	0.4911	0.3997	0.4911	0.5205	0.6199
572	0.0	0.5221	0.5365	0.5221	0.7039	0.5824
573	0.0	0.5918	0.7968	0.5918	0.8945	0.7192
574	0.0	0.594	0.5902	0.594	0.6831	0.7482
575	0.0	0.2397	0.5552	0.2397	0.6943	0.3277
576	0.0	0.2396	0.3489	0.2396	0.5053	0.3311
577	0.0	0.1853	0.2843	0.1853	0.4446	0.2518
578	0.0	0.2097	0.6368	0.2097	0.6494	0.2756
579	0.0	0.4691	0.491	0.4691	0.6178	0.6323
580	0.0	0.2608	0.3015	0.2608	0.4093	0.3226
581	0.0	0.6879	0.4159	0.6879	0.48	0.7769
582	0.0	0.5453	0.2893	0.5453	0.3601	0.6018
583	0.0	0.5476	0.3397	0.5476	0.4479	0.649
584	0.0	0.697	0.3429	0.697	0.4181	0.7738
585	0.0	0.2177	0.2431	0.2177	0.3175	0.2805
586	0.0	0.5847	0.5163	0.5847	0.5526	0.7282
587	0.0	0.1938	0.4084	0.1938	0.521	0.2478
588	0.0	0.4589	0.6602	0.4589	0.8033	0.548
589	0.0	0.3161	0.3119	0.3161	0.4505	0.494
590	0.0	0.3997	0.6285	0.3997	0.7976	0.5093
591	0.0	0.7708	0.4919	0.7708	0.5371	1.002
592	0.0	0.2256	0.2164	0.2256	0.2733	0.3163
593	0.0	0.2939	0.2429	0.2939	0.3449	0.369
594	0.0	0.7458	0.6651	0.7458	0.7367	0.9183
595	0.0	0.2645	0.4663	0.2645	0.5272	0.3361
596	0.0	0.6662	0.745	0.6662	0.9029	0.7645
597	0.0	0.3906	0.2312	0.3906	0.2487	0.4841
598	0.0	0.1657	0.2283	0.1657	0.3061	0.2092
599	0.0	0.2197	0.5483	0.2197	0.7134	0.3159
600	0.0	0.4365	0.5698	0.4365	0.6737	0.4844
601	0.0	0.5236	0.469	0.5236	0.6102	0.6092
602	0.0	0.2934	0.2397	0.2934	0.3376	0.3969
603	0.0	0.5204	0.5793	0.5204	0.6518	0.677
604	0.0	0.2379	0.2789	0.2379	0.3462	0.3109
605	0.0	0.1947	0.3394	0.1947	0.4798	0.2436
606	0.0	0.2758	0.336	0.2758	0.3592	0.3546
607	0.0	0.4504	0.351	0.4504	0.4027	0.4982
608	0.0	0.2393	0.1269	0.2393	0.1634	0.2835
609	0.0	0.3541	0.3632	0.3541	0.4152	0.4418
610	0.0	0.3785	0.622	0.3785	0.7881	0.5275
611	0.0	0.2565	0.2939	0.2565	0.3542	0.3361
612	0.0	0.428	0.2421	0.428	0.275	0.5494
613	0.0	0.221	0.2494	0.221	0.4055	0.332
614	0.0	0.3249	0.4791	0.3249	0.5898	0.3922
615	0.0	0.2084	0.3685	0.2084	0.5134	0.2759
616	0.0	0.2439	0.4614	0.2439	0.6068	0.301
617	0.0	0.1875	0.2355	0.1875	0.2528	0.2275
618	0.0	0.308	0.561	0.308	0.6838	0.4116
619	0.0	0.2855	0.4797	0.2855	0.601	0.3884
620	0.0	0.4937	0.4422	0.4937	0.5602	0.7354
621	0.0	0.3161	0.3511	0.3161	0.4198	0.3604
622	0.0	0.2928	0.2922	0.2928	0.4267	0.3815
623	0.0	0.7854	0.6815	0.7854	0.8429	0.9308
624	0.0	0.6989	0.6737	0.6989	0.846	0.9332
625	0.0	0.3526	0.2734	0.3526	0.344	0.4788
626	0.0	0.3943	0.3505	0.3943	0.4201	0.4254
627	0.0	0.2628	0.2695	0.2628	0.3557	0.3657
628	0.0	0.275	0.3839	0.275	0.4313	0.3559
629	0.0	0.2883	0.2636	0.2883	0.3916	0.3594
630	0.0	0.6155	0.498	0.6155	0.599	0.8071
631	0.0	0.3064	0.2547	0.3064	0.3675	0.4579
632	0.0	0.6211	0.5073	0.6211	0.5765	0.7669
633	0.0	0.353	0.4796	0.353	0.575	0.3868
634	0.0	0.2794	0.4832	0.2794	0.594	0.3539
635	0.0	0.878	0.3299	0.878	0.3917	1.033
636	0.0	0.3024	0.5547	0.3024	0.6507	0.3776
637	0.0	0.8553	0.2657	0.8553	0.3246	1.127
638	0.0	0.5927	0.4023	0.5927	0.454	0.8206
639	0.0	0.7851	0.5798	0.7851	0.6833	1.015
640	0.0	0.2512	0.4095	0.2512	0.4661	0.3579
641	0.0	0.2635	0.3015	0.2635	0.3515	0.35
642	0.0	0.2353	0.2122	0.2353	0.2526	0.308
643	0.0	0.5387	0.2583	0.5387	0.3045	0.6679
644	0.0	0.2332	0.2194	0.2332	0.2895	0.3149
645	0.0	0.7962	0.46	0.7962	0.5172	0.9826
646	0.0	0.3524	0.4945	0.3524	0.6295	0.4021
647	0.0	0.5687	0.5838	0.5687	0.6601	0.6713
648	0.0	0.6098	0.4046	0.6098	0.5383	0.8146
649	0.0	0.4561	0.7673	0.4561	0.9255	0.5355
650	0.0	0.5912	0.5428	0.5912	0.6792	0.7051
651	0.0	0.31	0.445	0.31	0.5383	0.417
652	0.0	0.3051	0.2662	0.3051	0.3737	0.4406
653	0.0	0.1475	0.403	0.1475	0.4261	0.1906
654	0.0	0.6614	0.4604	0.6614	0.5486	0.8265
655	0.0	0.5206	0.84	0.5206	0.9037	0.6037
656	0.0	0.3288	0.3206	0.3288	0.4512	0.4638
657	0.0	0.4721	0.342	0.4721	0.4125	0.5772
658	0.0	0.6905	0.2661	0.6905	0.3216	0.7248
659	0.0	0.6761	0.7139	0.6761	0.8321	0.8336
660	0.0	0.2368	0.3463	0.2368	0.518	0.3402
661	0.0	0.3522	0.4271	0.3522	0.5529	0.3883
662	0.0	0.6458	0.3528	0.6458	0.4045	0.7821
663	0.0	0.2207	0.2091	0.2207	0.2795	0.308
664	0.0	0.3224	0.2864	0.3224	0.3927	0.4757
665	0.0	0.2681	0.2842	0.2681	0.3671	0.3653
666	0.0	0.2903	0.2358	0.2903	0.2894	0.3822
667	0.0	0.4041	0.475	0.4041	0.5348	0.4845
668	0.0	0.1951	0.1813	0.1951	0.2222	0.2507
669	0.0	0.174	0.2956	0.174	0.3653	0.2434
670	0.0	0.1361	0.2338	0.1361	0.3138	0.186
671	0.0	0.5555	0.734	0.5555	0.8916	0.6759
672	0.0	0.2411	0.4257	0.2411	0.4941	0.3378
673	0.0	0.451	0.6494	0.451	0.8305	0.539
674	0.0	0.695	0.3246	0.695	0.3791	0.9647
675	0.0	0.5966	0.4122	0.5966	0.5757	0.7921
676	0.0	0.5711	0.4465	0.5711	0.5631	0.6707
677	0.0	0.2231	0.5136	0.2231	0.5703	0.2807
678	0.0	0.3531	0.619	0.3531	0.7032	0.4126
679	0.0	0.4824	0.256	0.4824	0.3493	0.6827
680	0.0	0.1751	0.2505	0.1751	0.332	0.2128
681	0.0	0.2991	0.2639	0.2991	0.3533	0.4626
682	0.0	0.2116	0.3504	0.2116	0.4052	0.3116
683	0.0	0.4503	0.7002	0.4503	0.891	0.5562
684	0.0	0.2276	0.2632	0.2276	0.2992	0.3073
685	0.0	0.9515	0.6561	0.9515	0.7427	1.256
686	0.0	0.3799	0.5357	0.3799	0.6633	0.4921
687	0.0	0.5948	0.3671	0.5948	0.4262	0.6952
688	0.0	0.6371	0.8259	0.6371	1.208	0.7154
689	0.0	0.2363	0.4707	0.2363	0.5556	0.3163
690	0.0	0.5196	0.5415	0.5196	0.6566	0.6766
691	0.0	0.214	0.1877	0.214	0.2526	0.3079
692	0.0	0.4507	0.4602	0.4507	0.5839	0.5745
693	0.0	0.2621	0.332	0.2621	0.4675	0.38
694	0.0	0.3253	0.5769	0.3253	0.6498	0.3687
695	0.0	0.6599	0.3682	0.6599	0.4735	0.7913
696	0.0	0.1847	0.2852	0.1847	0.4207	0.26
697	0.0	0.3066	0.3014	0.3066	0.4413	0.4182
698	0.0	0.2454	0.2279	0.2454	0.2711	0.2865
699	0.0	0.289	0.2524	0.289	0.3434	0.4315
700	0.0	0.4288	0.8477	0.4288	0.9883	0.4814
701	0.0	0.4853	0.4546	0.4853	0.6435	0.5985
702	0.0	0.1714	0.1617	0.1714	0.2153	0.222
703	0.0	0.2185	0.2649	0.2185	0.3193	0.2911
704	0.0	0.727	0.4501	0.727	0.5966	0.9192
705	0.0	0.506	0.7524	0.506	0.8595	0.6567
706	0.0	0.4065	0.3568	0.4065	0.5372	0.6184
707	0.0	0.2844	0.5248	0.2844	0.6314	0.3348
708	0.0	0.2874	0.2201	0.2874	0.2866	0.3991
709	0.0	0.2608	0.2527	0.2608	0.3718	0.3452
710	0.0	0.2894	0.3361	0.2894	0.3983	0.3226
711	0.0	0.3468	0.3635	0.3468	0.4016	0.4313
712	0.0	0.2996	0.2464	0.2996	0.3164	0.3503
713	0.0	0.3279	0.4908	0.3279	0.552	0.4238
714	0.0	0.6091	0.3611	0.6091	0.4626	0.7301
715	0.0	0.3857	0.2614	0.3857	0.2907	0.4681
716	0.0	0.2722	0.4052	0.2722	0.4974	0.3394
717	0.0	0.2882	0.2477	0.2882	0.3886	0.3755
718	0.0	0.8291	0.7132	0.8291	0.8607	0.9539
719	0.0	0.3029	0.2202	0.3029	0.288	0.3775
720	0.0	0.3914	0.3252	0.3914	0.385	0.4867
721	0.0	0.2998	0.7394	0.2998	0.9155	0.353
722	0.0	0.3706	0.4685	0.3706	0.6153	0.4818
723	0.0	0.3714	0.2587	0.3714	0.3474	0.4723
724	0.0	0.2739	0.3735	0.2739	0.4823	0.3407
725	0.0	0.6191	0.4522	0.6191	0.4696	0.7265
726	0.0	0.2388	0.2555	0.2388	0.3607	0.3403
727	0.0	0.5629	0.2514	0.5629	0.2995	0.799
728	0.0	0.6817	0.5212	0.6817	0.6653	0.831
729	0.0	0.1897	0.2617	0.1897	0.2789	0.2677
730	0.0	0.499	0.5316	0.499	0.6546	0.6071
731	0.0	0.2635	0.2174	0.2635	0.3103	0.343
732	0.0	0.2876	0.2149	0.2876	0.221	0.3968
733	0.0	0.2198	0.2442	0.2198	0.3025	0.3017
734	0.0	0.4848	0.3081	0.4848	0.3519	0.5657
735	0.0	0.2198	0.4556	0.2198	0.5137	0.2846
736	0.0	0.4745	0.3019	0.4745	0.3688	0.5904
737	0.0	0.5569	0.2853	0.5569	0.3401	0.709
738	0.0	0.1631	0.1798	0.1631	0.2315	0.257
739	0.0	0.4805	0.3898	0.4805	0.467	0.5433
740	0.0	0.2143	0.2581	0.2143	0.3471	0.2956
741	0.0	0.7586	0.8219	0.7586	0.9563	0.8423
742	0.0	0.5134	0.3621	0.5134	0.4327	0.6058
743	0.0	0.5848	0.8246	0.5848	0.9964	0.7146
744	0.0	0.4604	0.298	0.4604	0.3536	0.5032
745	0.0	0.223	0.2599	0.223	0.3466	0.2607
746	0.0	0.206	0.1951	0.206	0.2586	0.2702
747	0.0	0.7178	0.223	0.7178	0.2738	0.8476
748	0.0	0.2427	0.3057	0.2427	0.4263	0.3588
749	0.0	0.4705	0.9423	0.4705	1.227	0.519
750	0.0	0.3285	0.5287	0.3285	0.6124	0.3894
751	0.0	0.5728	0.5352	0.5728	0.6158	0.717
752	0.0	0.7101	0.1961	0.7101	0.279	0.8946
753	0.0	0.6882	0.3035	0.6882	0.3291	0.7652
754	0.0	0.6853	0.2396	0.6853	0.2662	0.8097
755	0.0	0.276	0.3252	0.276	0.3728	0.3432
756	0.0	0.3143	0.3736	0.3143	0.5525	0.4428
757	0.0	0.1733	0.2884	0.1733	0.3763	0.2058
758	0.0	0.5791	0.3924	0.5791	0.5092	0.8134
759	0.0	0.2254	0.3165	0.2254	0.4136	0.2843
760	0.0	0.336	0.2737	0.336	0.3621	0.4858
761	0.0	0.3389	0.3437	0.3389	0.4394	0.455
762	0.0	0.6865	0.6656	0.6865	0.7153	0.7359
763	0.0	0.6774	0.5669	0.6774	0.6316	0.8097
764	0.0	0.2352	0.3758	0.2352	0.5383	0.2802
765	0.0	0.3028	0.3851	0.3028	0.4535	0.3539
766	0.0	0.9081	0.3117	0.9081	0.3388	1.049
767	0.0	0.3122	0.275	0.3122	0.3538	0.4815
768	0.0	0.3097	0.3421	0.3097	0.5154	0.4342
769	0.0	0.1824	0.4115	0.1824	0.5675	0.2455
770	0.0	0.2892	0.2434	0.2892	0.3579	0.4061
771	0.0	0.5637	0.2948	0.5637	0.3477	0.578
772	0.0	0.2907	0.2404	0.2907	0.2904	0.3902
773	0.0	0.2125	0.2954	0.2125	0.3949	0.2739
774	0.0	0.151	0.2684	0.151	0.3144	0.19
775	0.0	0.6812	0.671	0.6812	0.8412	0.8488
776	0.0	0.2006	0.3052	0.2006	0.3778	0.227
777	0.0	0.5256	0.4633	0.5256	0.655	0.7334
778	0.0	0.7551	0.492	0.7551	0.6216	0.9665
779	0.0	0.5326	0.3693	0.5326	0.5685	0.696
780	0.0	0.3901	0.2834	0.3901	0.3537	0.4222
781	0.0	0.3756	0.4156	0.3756	0.5066	0.4355
782	0.0	0.5386	0.4975	0.5386	0.5856	0.6474
783	0.0	0.3175	0.5385	0.3175	0.6227	0.3583
784	0.0	0.1181	0.1633	0.1181	0.1847	0.1531
785	0.0	0.328	0.2957	0.328	0.3956	0.4717
786	0.0	0.1828	0.2749	0.1828	0.3094	0.2376
787	0.0	0.3139	0.3318	0.3139	0.447	0.3804
788	0.0	0.2505	0.2696	0.2505	0.3793	0.352
789	0.0	0.8113	0.5798	0.8113	0.6972	1.011
790	0.0	0.8326	0.6341	0.8326	0.7549	0.9406
791	0.0	0.6779	0.2239	0.6779	0.2499	0.86
792	0.0	0.3112	0.592	0.3112	0.7007	0.3325
793	0.0	0.1626	0.2658	0.1626	0.3573	0.212
794	0.0	0.3785	0.3823	0.3785	0.4382	0.4193
795	0.0	0.1706	0.2022	0.1706	0.2654	0.2336
796	0.0	0.6477	0.285	0.6477	0.3224	0.9154
797	0.0	0.3186	0.2603	0.3186	0.3857	0.4252
798	0.0	0.6298	0.2952	0.6298	0.3367	0.7786
799	0.0	0.5521	0.3116	0.5521	0.3625	0.7098
800	0.0	0.2025	0.215	0.2025	0.3304	0.2834
801	0.0	0.2376	0.2554	0.2376	0.369	0.2918
802	0.0	0.5023	0.6354	0.5023	0.7938	0.6419
803	0.0	0.2554	0.3119	0.2554	0.41	0.3363
804	0.0	0.3601	0.3136	0.3601	0.3741	0.4108
805	0.0	0.3287	0.2814	0.3287	0.3398	0.4359
806	0.0	0.1907	0.1985	0.1907	0.2596	0.229
807	0.0	0.3119	0.3268	0.3119	0.396	0.4126
808	0.0	0.5959	0.4587	0.5959	0.4955	0.6497
809	0.0	0.6242	0.4513	0.6242	0.5859	0.8328
810	0.0	0.2138	0.3032	0.2138	0.3756	0.3192
811	0.0	0.6581	0.5283	0.6581	0.6813	0.8648
812	0.0	0.1862	0.3053	0.1862	0.4157	0.2475
813	0.0	0.2216	0.2187	0.2216	0.3248	0.3113
814	0.0	0.546	0.2991	0.546	0.3967	0.7409
815	0.0	0.1605	0.2918	0.1605	0.3327	0.1955
816	0.0	0.2831	0.2055	0.2831	0.2965	0.334
817	0.0	0.3688	0.436	0.3688	0.5397	0.4328
818	0.0	0.6162	0.7155	0.6162	0.8861	0.8039
819	0.0	0.2545	0.3095	0.2545	0.41	0.3777
820	0.0	0.4789	0.2731	0.4789	0.4084	0.6398
821	0.0	0.516	0.2126	0.516	0.2805	0.6933
822	0.0	0.506	0.342	0.506	0.4217	0.5356
823	0.0	0.2822	0.2492	0.2822	0.3305	0.3638
824	0.0	0.4739	0.2593	0.4739	0.3117	0.6296
825	0.0	0.4685	0.2388	0.4685	0.2565	0.5968
826	0.0	0.4875	0.167	0.4875	0.2442	0.6409
827	0.0	0.4004	0.2389	0.4004	0.338	0.511
828	0.0	0.3285	0.5155	0.3285	0.5523	0.4529
829	0.0	0.4119	0.6622	0.4119	0.7786	0.4306
830	0.0	0.2914	0.2295	0.2914	0.2999	0.3924
831	0.0	0.5257	0.6273	0.5257	0.7183	0.7135
832	0.0	0.6295	0.3671	0.6295	0.4969	0.8503
833	0.0	0.3536	0.3457	0.3536	0.3909	0.4878
834	0.0	0.472	0.2467	0.472	0.2591	0.6555
835	0.0	0.2482	0.2021	0.2482	0.2478	0.2893
836	0.0	0.3105	0.2736	0.3105	0.3214	0.3622
837	0.0	0.3981	0.2777	0.3981	0.3379	0.5326
838	0.0	0.6724	0.3396	0.6724	0.3939	0.7915
839	0.0	0.2084	0.2728	0.2084	0.3129	0.2771
840	0.0	0.5872	0.5755	0.5872	0.7667	0.8084
841	0.0	0.5317	0.1618	0.5317	0.1305	0.6002
842	0.0	0.1199	0.2234	0.1199	0.3031	0.1685
843	0.0	0.7244	0.6897	0.7244	0.8424	0.7519
844	0.0	0.2741	0.3538	0.2741	0.4306	0.3368
845	0.0	0.8198	0.5929	0.8198	0.6661	1.16
846	0.0	0.5266	0.4388	0.5266	0.4693	0.5835
847	0.0	0.5638	0.8571	0.5638	0.9506	0.6367
848	0.0	0.2436	0.2485	0.2436	0.3103	0.3014
849	0.0	0.4385	0.465	0.4385	0.5277	0.5954
850	0.0	0.1897	0.1704	0.1897	0.1914	0.249
851	0.0	0.6216	0.3395	0.6216	0.4292	0.7206
852	0.0	0.2227	0.1577	0.2227	0.2102	0.3604
853	0.0	0.7352	0.8079	0.7352	0.9161	0.9533
854	0.0	0.3116	0.2748	0.3116	0.3108	0.3909
855	0.0	0.4573	0.5579	0.4573	0.6722	0.5091
856	0.0	0.5748	0.3033	0.5748	0.341	0.7867
857	0.0	0.3954	0.4007	0.3954	0.436	0.4979
858	0.0	0.2968	0.5396	0.2968	0.6262	0.3639
859	0.0	0.3708	0.2187	0.3708	0.2954	0.4922
860	0.0	0.253	0.3844	0.253	0.5611	0.3677
861	0.0	0.1371	0.5163	0.1371	0.5498	0.1877
862	0.0	0.4142	0.7992	0.4142	0.9553	0.4671
863	0.0	0.451	0.3807	0.451	0.4575	0.4981
864	0.0	0.2498	0.1624	0.2498	0.2049	0.3755
865	0.0	0.2693	0.3222	0.2693	0.3891	0.3751
866	0.0	0.5114	0.4778	0.5114	0.5579	0.5598
867	0.0	0.725	0.7306	0.725	0.9012	0.913
868	0.0	0.2569	0.3719	0.2569	0.5019	0.338
869	0.0	0.2019	0.4952	0.2019	0.6265	0.2964
870	0.0	0.5702	0.4812	0.5702	0.5678	0.6315
871	0.0	0.2228	0.1971	0.2228	0.2613	0.3072
872	0.0	0.3531	0.3548	0.3531	0.4812	0.4573
873	0.0	0.1852	0.5862	0.1852	0.7031	0.2548
874	0.0	0.3099	0.2664	0.3099	0.359	0.4389
875	0.0	0.4878	0.5008	0.4878	0.5405	0.607
876	0.0	0.2901	0.2138	0.2901	0.2663	0.3449
877	0.0	0.2361	0.1849	0.2361	0.2617	0.2996
878	0.0	0.1791	0.3035	0.1791	0.4212	0.2123
879	0.0	0.5601	0.4067	0.5601	0.5007	0.6766
880	0.0	0.3154	0.2443	0.3154	0.2841	0.345
881	0.0	0.3747	0.4081	0.3747	0.4868	0.4491
882	0.0	0.5841	0.3147	0.5841	0.369	0.6938
883	0.0	0.3826	0.2692	0.3826	0.3092	0.4284
884	0.0	0.636	0.218	0.636	0.2338	0.7259
885	0.0	0.7669	0.4962	0.7669	0.6688	0.8731
886	0.0	0.5171	0.3166	0.5171	0.3874	0.5818
887	0.0	0.5342	0.5908	0.5342	0.7144	0.6363
888	0.0	0.215	0.2749	0.215	0.3742	0.2955
889	0.0	0.3073	0.3205	0.3073	0.4488	0.4345
890	0.0	0.2683	0.3655	0.2683	0.4339	0.3512
891	0.0	0.3848	0.3908	0.3848	0.4931	0.4943
892	0.0	0.1948	0.2306	0.1948	0.2757	0.2759
893	0.0	0.5566	0.5696	0.5566	0.6645	0.6524
894	0.0	0.7991	0.2978	0.7991	0.3725	0.8767
895	0.0	0.3087	0.3682	0.3087	0.4405	0.3621
896	0.0	0.3978	0.4105	0.3978	0.5112	0.4605
897	0.0	0.2947	0.2617	0.2947	0.3281	0.3564
898	0.0	0.6725	0.2911	0.6725	0.3334	0.8216
899	0.0	0.2057	0.2116	0.2057	0.2873	0.2585
900	0.0	0.5873	0.2977	0.5873	0.3509	0.6995
901	0.0	0.2503	0.2315	0.2503	0.352	0.3579
902	0.0	0.8112	0.3452	0.8112	0.3799	0.9667
903	0.0	0.6393	0.5835	0.6393	0.6901	0.8133
904	0.0	0.2944	0.2008	0.2944	0.2995	0.4021
905	0.0	0.2825	0.2798	0.2825	0.4355	0.3773
906	0.0	0.5845	0.3399	0.5845	0.3737	0.7312
907	0.0	0.2022	0.2239	0.2022	0.3118	0.2478
908	0.0	0.5682	0.6412	0.5682	0.6841	0.6344
909	0.0	0.2522	0.2765	0.2522	0.3051	0.3449
910	0.0	0.1832	0.2195	0.1832	0.3214	0.2115
911	0.0	0.2065	0.2485	0.2065	0.2953	0.2621
912	0.0	0.5446	0.3722	0.5446	0.4223	0.6014
913	0.0	0.5322	0.3344	0.5322	0.4388	0.7168
914	0.0	0.2018	0.2258	0.2018	0.279	0.2822
915	0.0	0.6365	0.6156	0.6365	0.7728	0.8088
916	0.0	0.2686	0.3178	0.2686	0.4588	0.3663
917	0.0	0.3859	0.3024	0.3859	0.4249	0.5597
918	0.0	0.2911	0.3842	0.2911	0.5284	0.3108
919	0.0	0.1968	0.2569	0.1968	0.3059	0.2047
920	0.0	0.3288	0.2543	0.3288	0.3126	0.4764
921	0.0	0.3458	0.2681	0.3458	0.3162	0.5101
922	0.0	0.4793	0.2713	0.4793	0.311	0.5298
923	0.0	0.2536	0.2335	0.2536	0.3271	0.3516
924	0.0	0.5135	0.4694	0.5135	0.6478	0.6813
925	0.0	0.2485	0.2683	0.2485	0.4373	0.3596
926	0.0	0.6227	0.7098	0.6227	0.832	0.7246
927	0.0	0.2994	0.2353	0.2994	0.265	0.4202
928	0.0	0.3889	0.2565	0.3889	0.2622	0.4692
929	0.0	0.4494	0.5692	0.4494	0.6989	0.5806
930	0.0	0.3257	0.3261	0.3257	0.3967	0.4641
931	0.0	0.4122	0.3821	0.4122	0.463	0.5606
932	0.0	0.3623	0.5831	0.3623	0.6609	0.4233
933	0.0	0.5285	0.3979	0.5285	0.4793	0.5843
934	0.0	0.2588	0.2519	0.2588	0.3736	0.4109
935	0.0	0.3815	0.5709	0.3815	0.6949	0.4544
936	0.0	0.4065	0.5213	0.4065	0.7012	0.5456
937	0.0	0.3566	0.5437	0.3566	0.665	0.4591
938	0.0	0.4739	0.3578	0.4739	0.4401	0.6028
939	0.0	0.2206	0.2225	0.2206	0.3212	0.2966
940	0.0	0.2676	0.2841	0.2676	0.3381	0.376
941	0.0	0.3144	0.3346	0.3144	0.3963	0.4915
942	0.0	0.486	0.2781	0.486	0.3088	0.5174
943	0.0	0.1802	0.2379	0.1802	0.3402	0.2426
944	0.0	0.5424	0.4592	0.5424	0.5415	0.6099
945	0.0	0.579	0.3598	0.579	0.4587	0.6911
946	0.0	0.1301	0.1545	0.1301	0.1906	0.1658
947	0.0	0.6954	0.46	0.6954	0.6039	0.8764
948	0.0	0.234	0.3686	0.234	0.4964	0.3034
949	0.0	0.4467	0.5204	0.4467	0.5561	0.4855
950	0.0	0.4116	0.4679	0.4116	0.5696	0.5122
951	0.0	0.4713	0.7936	0.4713	0.9285	0.5024
952	0.0	0.2612	0.4141	0.2612	0.4808	0.333
953	0.0	0.2985	0.2831	0.2985	0.3596	0.3881
954	0.0	0.2102	0.1913	0.2102	0.2569	0.2744
955	0.0	0.6545	0.3916	0.6545	0.4438	0.785
956	0.0	0.2376	0.2478	0.2376	0.3237	0.3325
957	0.0	0.3797	0.2668	0.3797	0.2904	0.4111
958	0.0	0.3479	0.4154	0.3479	0.5562	0.4154
959	0.0	0.7703	0.3343	0.7703	0.3767	0.993
960	0.0	0.3678	0.5525	0.3678	0.7227	0.5201
961	0.0	0.588	0.3292	0.588	0.4174	0.6348
962	0.0	0.5671	0.304	0.5671	0.384	0.6708
963	0.0	0.3897	0.3434	0.3897	0.3856	0.5414
964	0.0	0.2768	0.4241	0.2768	0.5055	0.3956
965	0.0	0.1526	0.4001	0.1526	0.4835	0.1877
966	0.0	0.6585	0.3458	0.6585	0.4094	0.7515
967	0.0	0.4648	0.5868	0.4648	0.6708	0.5421
968	0.0	0.2253	0.3092	0.2253	0.4166	0.2338
969	0.0	0.1787	0.2825	0.1787	0.3867	0.269
970	0.0	0.5967	0.2656	0.5967	0.3191	0.6076
971	0.0	0.5928	0.617	0.5928	0.7461	0.7194
972	0.0	0.2361	0.4376	0.2361	0.5813	0.3327
973	0.0	0.1685	0.3093	0.1685	0.3704	0.2172
974	0.0	0.4049	0.5696	0.4049	0.6436	0.4474
975	0.0	0.2396	0.2364	0.2396	0.3402	0.3397
976	0.0	0.2802	0.3192	0.2802	0.4299	0.4071
977	0.0	0.2449	0.275	0.2449	0.2917	0.3031
978	0.0	0.3433	0.1863	0.3433	0.2596	0.4322
979	0.0	0.5606	0.447	0.5606	0.5318	0.578
980	0.0	0.2738	0.2961	0.2738	0.3634	0.3598
981	0.0	0.2699	0.2162	0.2699	0.2747	0.3387
982	0.0	0.1368	0.3008	0.1368	0.3813	0.1946
983	0.0	0.5702	0.6113	0.5702	0.7154	0.6822
984	0.0	0.2215	0.211	0.2215	0.2607	0.2724
985	0.0	0.4173	0.4651	0.4173	0.5202	0.4639
986	0.0	0.732	0.6047	0.732	0.7237	0.8719
987	0.0	0.4816	0.4599	0.4816	0.5928	0.6337
988	0.0	0.4526	0.2837	0.4526	0.3284	0.4999
989	0.0	0.4811	0.1972	0.4811	0.2352	0.6303
990	0.0	0.5444	0.7232	0.5444	0.8764	0.5879
991	0.0	0.3994	0.3257	0.3994	0.3786	0.5669
992	0.0	0.1216	0.1931	0.1216	0.2423	0.1432
993	0.0	0.3385	0.2868	0.3385	0.4142	0.5046
994	0.0	0.2332	0.1827	0.2332	0.2337	0.2894
995	0.0	0.3581	0.4511	0.3581	0.6047	0.4596
996	0.0	0.2607	0.2536	0.2607	0.2674	0.3442
997	0.0	0.6623	0.4991	0.6623	0.5469	0.8201
998	0.0	0.32	0.3791	0.32	0.4251	0.3779
999	0.0	0.3293	0.6215	0.3293	0.7103	0.3574
1000	0.0	0.5578	0.5992	0.5578	0.8209	0.6086
1001	0.0	0.3082	0.265	0.3082	0.3158	0.3907
1002	0.0	0.3834	0.344	0.3834	0.4208	0.4455
1003	0.0	0.1883	0.1745	0.1883	0.2448	0.2582
1004	0.0	0.4567	0.7656	0.4567	0.8901	0.6937
1005	0.0	0.2671	0.2247	0.2671	0.3267	0.3624
1006	0.0	0.5068	0.39	0.5068	0.4432	0.6495
1007	0.0	0.5916	0.3439	0.5916	0.3985	0.7572
1008	0.0	0.2152	0.2764	0.2152	0.3604	0.291
1009	0.0	0.2433	0.244	0.2433	0.3307	0.3167
1010	0.0	0.1343	0.172	0.1343	0.1849	0.1436
1011	0.0	0.3376	0.2954	0.3376	0.4468	0.4061
1012	0.0	0.5762	0.4727	0.5762	0.5244	0.6034
1013	0.0	0.3579	0.3408	0.3579	0.401	0.4243
1014	0.0	0.1435	0.181	0.1435	0.2301	0.1882
1015	0.0	0.3449	0.3781	0.3449	0.4517	0.3978
1016	0.0	0.5897	0.4105	0.5897	0.5061	0.6861
1017	0.0	0.7577	0.2972	0.7577	0.3861	0.8731
1018	0.0	0.2572	0.2583	0.2572	0.361	0.3112
1019	0.0	0.4354	0.632	0.4354	0.7988	0.4761
1020	0.0	0.2637	0.2493	0.2637	0.3622	0.3923
1021	0.0	0.2251	0.2466	0.2251	0.3484	0.3242
1022	0.0	0.4575	0.2456	0.4575	0.3216	0.6105
1023	0.0	0.2944	0.2979	0.2944	0.3693	0.3652
1024	0.0	0.2029	0.2586	0.2029	0.3174	0.26
1025	0.0	0.3115	0.2122	0.3115	0.2945	0.4602
1026	0.0	0.754	0.4099	0.754	0.5053	0.9118
1027	0.0	0.2906	0.2367	0.2906	0.2913	0.4153
1028	0.0	0.2719	0.4165	0.2719	0.5528	0.4133
1029	0.0	0.1843	0.228	0.1843	0.3521	0.2757
1030	0.0	0.5348	0.4667	0.5348	0.5617	0.6604
1031	0.0	0.3687	0.3216	0.3687	0.4253	0.4374
1032	0.0	0.2626	0.2537	0.2626	0.3241	0.2939
1033	0.0	0.3901	0.5724	0.3901	0.6594	0.4752
1034	0.0	0.2825	0.1881	0.2825	0.2358	0.3883
1035	0.0	0.2671	0.6243	0.2671	0.6966	0.3049
1036	0.0	0.2691	0.4637	0.2691	0.5994	0.3878
1037	0.0	0.4998	0.6882	0.4998	0.7705	0.5526
1038	0.0	0.2856	0.2871	0.2856	0.3435	0.4486
1039	0.0	0.607	0.2742	0.607	0.3446	0.7454
1040	0.0	0.4104	0.3959	0.4104	0.4654	0.5056
