Step	Loss
1	0.9843
2	2.8619
3	3.0937
4	1.6839
5	2.49
6	3.6494
7	0.3536
8	0.9649
9	2.8611
10	3.9073
11	2.6884
12	0.8304
13	3.1796
14	0.9123
15	2.7377
16	1.09
17	3.8351
18	2.7933
19	2.9127
20	2.1601
21	2.8547
22	1.2017
23	2.5187
24	2.6712
25	2.842
26	2.4063
27	2.7938
28	2.4028
29	0.7182
30	3.173
31	2.7283
32	3.0525
33	1.8586
34	0.6195
35	1.86
36	0.3033
37	0.2968
38	1.3081
39	3.2346
40	2.9001
41	2.2242
42	2.7295
43	3.0953
44	0.2018
45	2.0437
46	0.2955
47	2.6265
48	2.5645
49	1.923
50	1.2824
51	0.2567
52	2.9164
53	3.2158
54	1.5363
55	3.0255
56	2.9685
57	1.5326
58	1.89
59	0.7867
60	2.2049
61	3.0069
62	0.9152
63	3.1241
64	2.2489
65	1.0413
66	3.0251
67	2.0671
68	0.7216
69	0.2138
70	2.4952
71	0.3355
72	1.7297
73	0.9549
74	1.1634
75	3.1015
76	1.6334
77	2.7151
78	0.6545
79	6.0889
80	2.2148
81	2.9341
82	3.7083
83	1.9691
84	1.6666
85	2.7929
86	1.7807
87	2.5052
88	0.6187
89	1.0256
90	1.9524
91	1.5914
92	2.081
93	2.0182
94	2.5483
95	1.5506
96	0.2746
97	2.8379
98	1.2956
99	2.2173
100	1.2463
101	0.8402
102	2.698
103	0.1381
104	2.4171
105	0.4383
106	2.4086
107	2.8712
108	0.3049
109	2.162
110	3.3085
111	0.2878
112	0.5104
113	2.6364
114	0.345
115	2.328
116	0.4919
117	3.0037
118	0.5611
119	2.2198
120	0.0747
121	3.5126
122	2.4492
123	2.747
124	1.892
125	2.5755
126	1.0442
127	2.1292
128	2.3535
129	2.7087
130	2.2821
131	2.6376
132	2.1143
133	0.5874
134	3.0314
135	2.5726
136	2.4351
137	1.5729
138	0.0461
139	1.6474
140	0.1326
141	0.2268
142	0.8444
143	2.7894
144	2.7428
145	2.1065
146	2.5395
147	3.0116
148	0.2196
149	1.9535
150	0.3471
151	2.4637
152	2.1745
153	1.8091
154	1.2053
155	0.2266
156	2.6073
157	3.1551
158	1.3805
159	2.6954
160	0.0713
161	1.4678
162	1.7374
163	0.6429
164	2.118
165	2.9553
166	0.624
167	1.9644
168	2.0589
169	0.8901
170	2.8844
171	1.8673
172	0.5929
173	0.1879
174	2.4104
175	0.22
176	1.5467
177	0.5817
178	1.1764
179	3.0643
180	1.4949
181	2.6173
182	0.371
183	3.0752
184	2.0382
185	1.608
186	3.6239
187	1.4911
188	1.3689
189	2.5039
190	1.3918
191	2.419
192	0.6147
193	0.95
194	1.5355
195	1.3806
196	1.4428
197	2.1874
198	2.4314
199	1.4241
200	0.1929
201	2.5269
202	1.0894
203	2.0858
204	1.8456
205	0.6366
206	2.599
207	0.2477
208	2.1441
209	0.3037
210	2.2364
211	2.7656
212	0.1144
213	2.1191
214	3.1867
215	0.254
216	0.4215
217	2.5826
218	0.0349
219	2.0838
220	0.5363
221	2.9709
222	0.3813
223	1.9202
224	0.0257
225	3.3788
226	2.3294
227	2.5886
228	1.8536
229	2.4354
230	0.7902
231	2.0362
232	2.2756
233	2.6205
234	2.2376
235	2.6161
236	2.0709
237	0.6072
238	2.9031
239	2.4609
240	2.1677
241	1.0047
242	0.017
243	1.5707
244	0.0526
245	0.117
246	0.8834
247	2.5005
248	2.6537
249	2.0275
250	2.5164
251	2.8831
252	0.1511
253	1.9296
254	0.2312
255	2.1603
256	1.5883
257	1.4585
258	1.1209
259	0.2029
260	2.5311
261	2.917
262	1.3774
263	2.5997
264	0.0063
265	1.1176
266	1.761
267	0.5688
268	1.907
269	2.8126
270	0.4797
271	1.1359
272	1.9549
273	0.9258
274	2.7824
275	1.7127
276	0.5984
277	0.0281
278	2.3062
279	0.2066
280	1.4649
281	0.5415
282	1.0382
283	2.9497
284	1.3758
285	2.5228
286	0.4001
287	1.6381
288	1.9574
289	0.6749
290	3.3432
291	1.2047
292	1.3741
293	2.3939
294	1.1539
295	2.3093
296	0.4085
297	0.9687
298	1.2997
299	1.3405
300	1.2155
301	1.7259
302	2.363
303	1.2674
304	0.1322
305	2.1094
306	0.9406
307	1.9227
308	0.1039
309	0.5261
310	2.4477
311	0.4297
312	1.9238
313	0.3019
314	2.1385
315	2.7181
316	0.085
317	2.004
318	3.1063
319	0.2715
320	0.4128
321	2.5223
322	0.0491
323	2.2155
324	0.3826
325	2.9166
326	0.2826
327	1.5051
328	0.0223
329	3.1131
330	2.3373
331	2.5473
332	1.7689
333	2.3222
334	0.82
335	1.8168
336	2.0461
337	2.4138
338	2.1497
339	2.5537
340	1.9281
341	0.4271
342	2.9093
343	2.3639
344	1.8025
345	0.7023
346	0.1695
347	1.4215
348	0.0874
349	0.1574
350	0.6866
351	2.2962
352	2.5946
353	2.0322
354	2.3797
355	2.9023
356	0.1863
357	1.8477
358	0.1676
359	2.0373
360	1.5569
361	1.4221
362	1.0076
363	0.1128
364	2.2879
365	2.7315
366	1.0816
367	2.3679
368	0.0027
369	1.1939
370	1.6922
371	0.4427
372	1.8722
373	2.8261
374	0.3619
375	0.26
376	1.965
377	0.8861
378	2.687
379	1.6982
380	0.5522
381	0.0235
382	2.1981
383	0.1775
384	1.3716
385	0.5154
386	1.0765
387	2.6757
388	1.3745
389	2.5861
390	0.2096
391	0.9631
392	1.9279
393	0.0877
394	3.1456
395	1.1021
396	1.1999
397	2.4827
398	0.9637
399	2.2427
400	0.42
401	0.8549
402	1.1502
403	1.1147
404	0.9033
405	1.7517
406	2.334
407	1.2915
408	0.1963
409	1.9407
410	0.7728
411	1.7337
412	0.0583
413	0.3884
414	2.52
415	0.1283
416	1.7663
417	0.3266
418	2.0144
419	2.7321
420	0.1328
421	1.9234
422	3.0087
423	0.2603
424	0.339
425	2.4367
426	0.0118
427	1.9317
428	0.3572
429	2.9029
430	0.02
431	1.6606
432	0.0291
433	2.9574
434	2.3506
435	2.4729
436	1.5704
437	2.2733
438	0.7074
439	1.7179
440	2.0575
441	2.3605
442	2.172
443	2.4567
444	1.7003
445	0.4967
446	2.7592
447	2.2852
448	1.3124
449	0.5582
450	0.0093
451	1.3527
452	0.0186
453	0.1712
454	0.5655
455	2.0613
456	2.5361
457	1.9274
458	2.3778
459	2.8555
460	0.1269
461	1.4625
462	0.1985
463	1.9276
464	1.4033
465	1.2856
466	0.9996
467	0.2112
468	2.2862
469	2.6011
470	1.1333
471	2.1029
472	0.0035
473	0.9553
474	1.6025
475	0.3609
476	1.6449
477	2.7638
478	0.3778
479	0.0254
480	1.8974
481	0.8316
482	2.5668
483	1.4709
484	0.4776
485	0.0634
486	2.0996
487	0.158
488	1.2197
489	0.4014
490	0.9453
491	2.5427
492	1.278
493	2.4854
494	0.1217
495	0.6642
496	1.8698
497	0.0097
498	3.1789
499	0.9699
500	1.2703
501	2.0699
502	0.8861
503	2.1937
504	0.2502
505	0.8974
506	0.9335
507	1.1523
508	0.8654
509	1.5388
510	2.2904
511	1.1967
512	0.1815
513	1.7132
514	0.7804
515	1.7675
516	0.0949
517	0.2648
518	2.4425
519	0.2828
520	1.9435
521	0.3108
522	1.9244
523	2.6399
524	0.0764
525	1.8228
526	2.9334
527	0.2644
528	0.343
529	2.4843
530	0.0081
531	2.0347
532	0.3298
533	2.8456
534	0.0133
535	1.0338
536	0.0344
537	2.3772
538	2.1958
539	2.4
540	1.3923
541	2.2078
542	0.7075
543	1.5927
544	1.8745
545	2.3311
546	2.1407
547	2.3718
548	1.605
549	0.4165
550	2.8049
551	2.2121
552	1.144
553	0.4838
554	0.019
555	1.1716
556	0.011
557	0.0728
558	0.5145
559	1.849
560	2.4405
561	1.7913
562	2.2271
563	2.8415
564	0.083
565	1.3082
566	0.173
567	1.6808
568	1.312
569	1.2609
570	0.9614
571	0.1902
572	2.1449
573	2.577
574	1.0707
575	2.0853
576	0.0039
577	0.8955
578	1.6534
579	0.2611
580	1.616
581	2.7758
582	0.2451
583	0.038
584	1.8095
585	0.7686
586	2.5733
587	1.3277
588	0.4755
589	0.0172
590	2.1173
591	0.1448
592	1.2585
593	0.3331
594	0.8278
595	2.4021
596	1.1555
597	2.4979
598	0.0337
599	0.8342
600	1.7911
601	0.0191
602	2.9834
603	0.8295
604	1.1184
605	2.0136
606	0.6992
607	2.2044
608	0.1805
609	0.855
610	0.7978
611	1.0361
612	0.5311
613	1.2648
614	2.2927
615	1.0976
616	0.0737
617	1.4555
618	0.8272
619	1.4989
620	0.1107
621	0.2481
622	2.2839
623	0.0236
624	1.5572
625	0.2641
626	1.7903
627	2.6043
628	0.0376
629	1.7559
630	2.9668
631	0.2519
632	0.251
633	2.408
634	0.0393
635	1.9393
636	0.4169
637	2.8116
638	0.1122
639	0.7739
640	0.0113
641	2.4804
642	2.0906
643	2.3175
644	1.5194
645	2.1079
646	0.6569
647	1.4952
648	1.8426
649	2.2187
650	2.0963
651	2.3861
652	1.3948
653	0.3472
654	2.7428
655	2.1208
656	0.7589
657	0.315
658	0.007
659	1.1234
660	0.2074
661	0.0692
662	0.463
663	1.7787
664	2.3234
665	1.8269
666	2.1682
667	2.8033
668	0.1195
669	1.1936
670	0.1116
671	1.5424
672	1.1027
673	1.1629
674	0.9252
675	0.1648
676	2.1418
677	2.4455
678	1.0807
679	2.1326
680	0.0027
681	0.879
682	1.6
683	0.2599
684	1.5417
685	2.7015
686	0.3467
687	0.0925
688	1.7448
689	0.695
690	2.5185
691	1.2568
692	0.4575
693	0.0403
694	2.1054
695	0.1146
696	1.0857
697	0.321
698	0.8154
699	2.354
700	1.0303
701	2.3648
702	0.1143
703	0.3121
704	1.7667
705	0.0358
706	2.915
707	0.8034
708	1.0409
709	1.975
710	0.4581
711	2.1613
712	0.137
713	0.7266
714	0.7641
715	0.9491
716	0.5181
717	1.1838
718	2.2167
719	1.0996
720	0.048
721	1.5515
722	0.7059
723	1.333
724	0.0134
725	0.0779
726	2.2571
727	0.0198
728	1.4159
729	0.293
730	1.848
731	2.5894
732	0.0543
733	1.5734
734	2.8658
735	0.2478
736	0.1989
737	2.3254
738	0.0276
739	1.6846
740	0.2431
741	2.7854
742	0.0023
743	0.7412
744	0.0089
745	2.2609
746	2.0313
747	2.3336
748	1.2645
749	2.1128
750	0.6536
751	1.3405
752	1.7604
753	2.0721
754	1.9783
755	2.335
756	1.2005
757	0.3489
758	2.7619
759	2.1347
760	0.4158
761	0.2854
762	0.0032
763	1.0584
764	0.002
765	0.0273
766	0.5542
767	1.5971
768	2.3833
769	1.8599
770	2.1699
771	2.7487
772	0.0426
773	0.9772
774	0.1429
775	1.3697
776	1.0005
777	1.1985
778	0.9111
779	0.1955
780	2.04
781	2.3072
782	0.9348
783	1.9111
784	0.0026
785	0.8072
786	1.5372
787	0.1829
788	1.3951
789	2.6519
790	0.2337
791	0.0148
792	1.7632
793	0.6761
794	2.5028
795	1.1054
796	0.4446
797	0.002
798	2.0075
799	0.0843
800	1.108
801	0.3424
802	0.7422
803	2.1349
804	0.9689
805	2.4024
806	0.0598
807	0.04
808	1.7585
809	0.0064
810	2.6808
811	0.7382
812	0.9278
813	1.8967
814	0.4854
815	2.0882
816	0.1005
817	0.7066
818	0.5918
819	0.8803
820	0.3679
821	0.8771
822	2.242
823	0.8899
824	0.0875
825	1.0057
826	0.5437
827	1.3912
828	0.0535
829	0.2142
830	2.2012
831	0.0102
832	1.1314
833	0.1705
834	1.8083
835	2.5072
836	0.0204
837	1.5938
838	2.7605
839	0.2382
840	0.1689
841	2.3759
842	0.0012
843	1.8119
844	0.2731
845	2.8136
846	0.0501
847	0.3545
848	0.0101
849	2.061
850	2.0574
851	2.2425
852	1.1238
853	2.044
854	0.6006
855	1.3761
856	1.7247
857	2.0968
858	2.0184
859	2.3241
860	1.289
861	0.2049
862	2.6613
863	2.0231
864	0.4498
865	0.4113
866	0.0018
867	0.907
868	0.0023
869	0.1249
870	0.4045
871	1.5097
872	2.3015
873	1.7356
874	2.108
875	2.7061
876	0.1216
877	1.0588
878	0.0973
879	1.2586
880	0.9946
881	1.0854
882	0.863
883	0.1188
884	1.8115
885	2.2755
886	0.8399
887	1.9594
888	0.002
889	0.6753
890	1.4547
891	0.1721
892	1.3317
893	2.7333
894	0.3299
895	0.0555
896	1.6752
897	0.7046
898	2.4477
899	0.9531
900	0.3767
901	0.0038
902	1.9398
903	0.1096
904	1.02
905	0.3053
906	0.6934
907	2.1247
908	0.8171
909	2.3184
910	0.03
911	0.0505
912	1.6593
913	0.0482
914	2.5726
915	0.6844
916	0.9185
917	1.7219
918	0.19
919	2.0612
920	0.0631
921	0.6201
922	0.4747
923	0.9071
924	0.2363
925	0.6891
926	2.1941
927	1.1429
928	0.0767
929	1.0826
930	0.5844
931	1.2522
932	0.0136
933	0.0876
934	2.1633
935	0.0196
936	1.0333
937	0.1475
938	1.7896
939	2.4293
940	0.0738
941	1.4246
942	2.7313
943	0.2274
944	0.1976
945	2.286
946	0.0054
947	1.5287
948	0.2147
949	2.7195
950	0.0137
951	0.1525
952	0.0307
953	1.9653
954	1.9573
955	2.234
956	1.0574
957	1.9981
958	0.5423
959	1.2441
960	1.6515
961	1.9826
962	1.9773
963	2.2989
964	1.0813
965	0.1541
966	2.6618
967	1.9834
968	0.1746
969	0.325
970	0.0049
971	1.032
972	0.0614
973	0.0221
974	0.4049
975	1.3638
976	2.2781
977	1.6022
978	2.0692
979	2.7499
980	0.0419
981	0.8093
982	0.1011
983	1.1206
984	0.7893
985	0.9736
986	0.849
987	0.0616
988	1.7651
989	2.0478
990	0.8201
991	1.6921
992	0.008
993	0.773
994	1.4218
995	0.1003
996	1.1923
997	2.6317
998	0.2553
999	0.0043
1000	1.6124
1001	0.6512
1002	2.3319
1003	0.7862
1004	0.4374
1005	0.0062
1006	1.9576
1007	0.0963
1008	0.9546
1009	0.2799
1010	0.6503
1011	1.9803
1012	0.8061
1013	2.2668
1014	0.0757
1015	0.0656
1016	1.6319
1017	0.0182
1018	2.2597
1019	0.6252
1020	0.8816
1021	1.4836
1022	0.1808
1023	2.0248
1024	0.0567
1025	0.6097
1026	0.4994
1027	0.8047
1028	0.2005
1029	0.7352
1030	2.1222
1031	0.8155
1032	0.0503
1033	0.9074
1034	0.5205
1035	1.1167
1036	0.0213
1037	0.1056
1038	2.0368
1039	0.0361
1040	1.0022
