Step	Loss(S)	Loss(T)	fwd_S	fwd_T	rev_S	rev_T
1	4.825	0.0	5.06	7.509	4.825	7.501
2	5.465	0.0	5.973	4.187	5.465	3.829
3	4.027	0.0	5.779	7.258	4.027	5.8
4	6.383	0.0	7.369	3.12	6.383	2.9
5	5.564	0.0	6.926	7.266	5.564	5.443
6	3.92	0.0	4.473	3.078	3.92	3.292
7	5.36	0.0	7.102	6.916	5.36	4.433
8	4.118	0.0	4.181	4.21	4.118	4.266
9	3.772	0.0	4.156	2.3	3.772	2.138
10	4.605	0.0	4.515	4.323	4.605	4.459
11	3.141	0.0	2.422	2.759	3.141	2.858
12	4.222	0.0	3.792	5.045	4.222	5.207
13	2.122	0.0	2.307	2.429	2.122	3.249
14	3.191	0.0	3.057	3.385	3.191	3.785
15	2.082	0.0	2.114	1.867	2.082	1.803
16	3.494	0.0	3.521	4.057	3.494	4.258
17	3.01	0.0	2.982	2.825	3.01	3.067
18	3.561	0.0	3.794	4.755	3.561	3.69
19	2.441	0.0	2.509	2.503	2.441	2.391
20	3.49	0.0	3.933	3.687	3.49	3.292
21	2.019	0.0	2.001	2.702	2.019	2.796
22	3.335	0.0	3.072	2.339	3.335	2.712
23	2.911	0.0	2.682	3.01	2.911	2.845
24	2.579	0.0	2.268	2.389	2.579	2.567
25	1.861	0.0	1.746	2.159	1.861	2.373
26	2.373	0.0	2.118	1.553	2.373	1.851
27	2.366	0.0	1.953	1.549	2.366	2.003
28	2.323	0.0	1.805	1.576	2.323	1.949
29	1.926	0.0	1.494	1.622	1.926	2.054
30	1.578	0.0	1.249	1.921	1.578	2.327
31	3.159	0.0	2.533	2.616	3.159	3.238
32	1.044	0.0	0.9566	1.331	1.044	1.556
33	1.182	0.0	1.015	1.198	1.182	1.592
34	1.503	0.0	1.264	1.903	1.503	2.244
35	2.629	0.0	2.129	2.511	2.629	3.121
36	2.447	0.0	1.962	1.35	2.447	1.554
37	2.985	0.0	2.383	1.421	2.985	1.831
38	2.107	0.0	1.858	1.779	2.107	2.13
39	1.315	0.0	1.191	1.225	1.315	1.382
40	1.307	0.0	1.194	1.258	1.307	1.415
41	1.383	0.0	1.142	2.24	1.383	2.6
42	1.218	0.0	1.03	0.9842	1.218	1.101
43	1.897	0.0	1.793	0.7949	1.897	0.8028
44	1.693	0.0	1.414	1.354	1.693	1.702
45	1.079	0.0	0.944	0.8589	1.079	0.9187
46	1.112	0.0	1.153	0.9553	1.112	1.022
47	2.082	0.0	2.057	1.341	2.082	1.537
48	1.556	0.0	1.604	1.074	1.556	1.397
49	1.612	0.0	1.333	1.124	1.612	1.45
50	1.599	0.0	1.66	2.082	1.599	2.339
51	0.8896	0.0	0.8434	1.816	0.8896	1.957
52	1.795	0.0	1.604	1.902	1.795	1.898
53	0.9473	0.0	0.9344	1.789	0.9473	1.909
54	0.7922	0.0	0.8609	1.754	0.7922	1.817
55	1.694	0.0	1.621	0.8486	1.694	0.8057
56	1.229	0.0	1.325	0.9347	1.229	0.8672
57	1.04	0.0	1.397	1.077	1.04	0.9494
58	0.7405	0.0	0.8531	1.681	0.7405	1.513
59	0.771	0.0	0.8835	1.243	0.771	1.213
60	0.8199	0.0	0.9047	0.9433	0.8199	0.834
61	1.92	0.0	1.973	1.889	1.92	1.782
62	1.705	0.0	1.853	1.64	1.705	1.86
63	0.6875	0.0	0.878	1.912	0.6875	1.762
64	1.884	0.0	2.121	1.488	1.884	1.553
65	0.9145	0.0	1.111	0.7991	0.9145	0.8151
66	1.618	0.0	1.685	1.381	1.618	1.536
67	0.9062	0.0	1.045	0.9179	0.9062	0.7616
68	2.115	0.0	1.992	1.491	2.115	1.376
69	0.9055	0.0	1.082	1.412	0.9055	1.271
70	1.123	0.0	0.9737	1.091	1.123	1.167
71	1.622	0.0	1.716	1.598	1.622	1.651
72	0.8571	0.0	0.9884	0.7437	0.8571	0.7601
73	1.104	0.0	1.164	0.7691	1.104	0.7256
74	1.33	0.0	1.394	2.024	1.33	1.973
75	0.8411	0.0	1.022	0.8756	0.8411	0.7991
76	1.202	0.0	1.43	1.508	1.202	1.38
77	0.9531	0.0	1.103	0.7493	0.9531	0.7378
78	0.7597	0.0	0.9234	0.6327	0.7597	0.6167
79	1.004	0.0	1.05	0.9434	1.004	1.031
80	1.412	0.0	1.497	1.295	1.412	1.116
81	1.432	0.0	1.423	1.775	1.432	1.626
82	0.6365	0.0	0.713	0.9944	0.6365	1.213
83	1.289	0.0	1.509	1.218	1.289	1.119
84	0.5885	0.0	0.6476	0.6003	0.5885	0.6074
85	1.007	0.0	1.07	1.134	1.007	1.339
86	0.9806	0.0	1.137	0.9194	0.9806	0.914
87	0.9851	0.0	0.9375	0.7962	0.9851	0.8635
88	0.6942	0.0	0.7456	0.4064	0.6942	0.3593
89	0.9598	0.0	1.03	0.8829	0.9598	0.8625
90	1.798	0.0	2.078	1.304	1.798	1.196
91	0.5473	0.0	0.6284	0.8617	0.5473	1.031
92	0.751	0.0	0.8294	0.9699	0.751	1.056
93	0.8878	0.0	1.018	0.7528	0.8878	0.7375
94	1.814	0.0	2.232	1.093	1.814	0.9814
95	0.6642	0.0	0.7495	0.5903	0.6642	0.5222
96	1.391	0.0	1.201	1.176	1.391	1.053
97	1.008	0.0	1.084	1.596	1.008	1.418
98	0.5076	0.0	0.49	0.3514	0.5076	0.3367
99	1.401	0.0	1.421	0.6505	1.401	0.6716
100	1.209	0.0	1.285	0.8331	1.209	0.8412
101	1.401	0.0	1.755	1.692	1.401	1.588
102	0.8068	0.0	0.8889	0.9496	0.8068	0.9747
103	0.9766	0.0	0.896	1.63	0.9766	1.557
104	1.87	0.0	1.711	1.344	1.87	1.424
105	0.5707	0.0	0.6133	0.8042	0.5707	0.8085
106	0.6016	0.0	0.6779	1.079	0.6016	0.961
107	0.6576	0.0	0.6609	0.7306	0.6576	0.7562
108	1.067	0.0	0.9448	0.6757	1.067	0.6632
109	0.801	0.0	0.8267	0.7608	0.801	0.6703
110	1.11	0.0	1.145	1.403	1.11	1.407
111	0.5764	0.0	0.6156	0.6343	0.5764	0.6229
112	1.267	0.0	1.313	1.492	1.267	1.485
113	0.8009	0.0	0.8175	0.797	0.8009	0.8673
114	0.8715	0.0	0.9508	0.563	0.8715	0.5715
115	1.171	0.0	1.437	1.635	1.171	1.766
116	0.6136	0.0	0.6529	0.667	0.6136	0.7084
117	0.9164	0.0	1.032	1.737	0.9164	1.734
118	0.6771	0.0	0.6514	0.6799	0.6771	0.6371
119	1.181	0.0	1.352	1.805	1.181	1.971
120	0.5009	0.0	0.5291	0.6165	0.5009	0.4916
121	0.5336	0.0	0.6477	0.9306	0.5336	0.921
122	0.5198	0.0	0.5671	0.5923	0.5198	0.5724
123	0.9851	0.0	0.9682	1.523	0.9851	1.215
124	0.5354	0.0	0.5342	0.6404	0.5354	0.734
125	0.654	0.0	0.7434	1.49	0.654	1.136
126	1.451	0.0	1.266	1.006	1.451	0.8206
127	0.9039	0.0	1.013	1.542	0.9039	1.191
128	1.153	0.0	1.248	1.373	1.153	1.353
129	1.223	0.0	1.402	1.588	1.223	1.465
130	0.8705	0.0	0.8964	1.383	0.8705	1.174
131	1.116	0.0	1.195	1.487	1.116	1.294
132	0.4788	0.0	0.5044	1.023	0.4788	0.9086
133	1.363	0.0	1.495	0.3995	1.363	0.3499
134	1.2	0.0	1.359	1.227	1.2	1.16
135	1.045	0.0	1.194	1.528	1.045	1.257
136	0.4243	0.0	0.4623	0.4444	0.4243	0.4717
137	0.8469	0.0	0.8588	0.7139	0.8469	1.046
138	1.122	0.0	1.442	1.306	1.122	1.033
139	0.8794	0.0	1.055	1.46	0.8794	1.39
140	0.731	0.0	0.8279	0.4651	0.731	0.4555
141	0.7693	0.0	0.8513	0.674	0.7693	0.7698
142	1.031	0.0	1.176	0.8645	1.031	0.8463
143	0.5945	0.0	0.6292	0.6299	0.5945	0.5791
144	0.9216	0.0	0.8847	0.804	0.9216	0.8871
145	0.7362	0.0	0.804	0.6596	0.7362	0.686
146	0.6088	0.0	0.6485	0.8406	0.6088	0.8332
147	0.7728	0.0	0.8606	1.245	0.7728	1.158
148	0.608	0.0	0.5824	0.7152	0.608	0.771
149	0.6071	0.0	0.5991	0.4298	0.6071	0.4358
150	0.4595	0.0	0.4826	0.4073	0.4595	0.4888
151	0.9555	0.0	0.9863	1.663	0.9555	1.534
152	0.7573	0.0	0.7999	0.63	0.7573	0.573
153	0.9557	0.0	1.074	1.207	0.9557	1.279
154	1.388	0.0	1.649	1.465	1.388	1.394
155	0.8617	0.0	0.9252	1.712	0.8617	1.574
156	0.5632	0.0	0.6553	1.01	0.5632	0.8814
157	0.3543	0.0	0.4566	1.081	0.3543	1.072
158	0.9734	0.0	1.079	1.322	0.9734	1.15
159	0.9764	0.0	1.152	0.6523	0.9764	0.7184
160	0.6244	0.0	0.6818	0.5678	0.6244	0.6185
161	0.5056	0.0	0.5503	0.7107	0.5056	0.7304
162	0.6031	0.0	0.6316	0.446	0.6031	0.4018
163	0.7028	0.0	0.7336	0.958	0.7028	0.826
164	0.438	0.0	0.456	0.5385	0.438	0.5395
165	1.05	0.0	1.284	1.976	1.05	1.908
166	0.5632	0.0	0.6256	1.604	0.5632	1.533
167	1.135	0.0	1.396	1.561	1.135	1.418
168	0.8639	0.0	0.9309	1.079	0.8639	0.9348
169	0.6025	0.0	0.6631	0.7509	0.6025	0.7072
170	0.9285	0.0	0.9796	0.7514	0.9285	0.7747
171	0.3397	0.0	0.3522	0.7247	0.3397	0.7545
172	1.047	0.0	1.123	1.319	1.047	1.167
173	0.4526	0.0	0.5185	0.5353	0.4526	0.5422
174	0.6711	0.0	0.7182	1.466	0.6711	1.458
175	0.8574	0.0	1.004	1.475	0.8574	1.444
176	0.4601	0.0	0.4835	0.5297	0.4601	0.5742
177	0.5385	0.0	0.5917	0.7124	0.5385	0.6223
178	0.5755	0.0	0.5895	1.069	0.5755	0.9706
179	0.5842	0.0	0.5617	0.6458	0.5842	0.6052
180	1.212	0.0	1.529	0.8228	1.212	0.7857
181	0.8184	0.0	0.893	0.6459	0.8184	0.6318
182	0.7021	0.0	0.7403	0.4072	0.7021	0.4547
183	0.3731	0.0	0.3851	0.4307	0.3731	0.4222
184	0.9727	0.0	1.126	0.9222	0.9727	0.8856
185	1.109	0.0	1.09	1.078	1.109	1.152
186	0.706	0.0	0.7974	0.5316	0.706	0.5107
187	0.7515	0.0	0.8331	1.943	0.7515	1.988
188	0.7927	0.0	0.739	0.9991	0.7927	0.9226
189	0.8185	0.0	0.8251	0.4639	0.8185	0.455
190	0.7868	0.0	0.8071	0.6134	0.7868	0.5589
191	0.8079	0.0	0.8963	0.5177	0.8079	0.5747
192	0.7019	0.0	0.794	0.5292	0.7019	0.5058
193	0.5723	0.0	0.6719	0.704	0.5723	0.6022
194	1.308	0.0	1.638	1.377	1.308	1.319
195	0.4038	0.0	0.4126	0.5784	0.4038	0.6358
196	0.9793	0.0	1.054	0.8049	0.9793	0.7264
197	0.4798	0.0	0.4858	0.514	0.4798	0.6093
198	1.111	0.0	1.444	0.8729	1.111	0.8629
199	0.7931	0.0	0.7813	0.6172	0.7931	0.5867
200	0.7432	0.0	0.7617	1.017	0.7432	0.8705
201	0.9077	0.0	0.9104	0.5097	0.9077	0.501
202	0.656	0.0	0.7674	0.5918	0.656	0.5151
203	0.7688	0.0	0.9082	0.642	0.7688	0.6345
204	0.5159	0.0	0.5244	0.8192	0.5159	0.8392
205	1.385	0.0	1.559	0.6953	1.385	0.7017
206	0.6587	0.0	0.7434	0.5778	0.6587	0.6078
207	0.9287	0.0	0.9734	1.453	0.9287	1.529
208	0.3943	0.0	0.4259	1.464	0.3943	1.547
209	0.3609	0.0	0.3513	0.5809	0.3609	0.6049
210	1.062	0.0	1.253	0.84	1.062	0.7882
211	0.4907	0.0	0.4696	0.448	0.4907	0.4713
212	0.8945	0.0	0.9731	0.8118	0.8945	0.8311
213	0.4933	0.0	0.5102	1.312	0.4933	1.112
214	0.8368	0.0	0.9269	1.149	0.8368	1.091
215	0.6767	0.0	0.728	0.6229	0.6767	0.6983
216	0.8662	0.0	0.9542	1.797	0.8662	1.892
217	0.6369	0.0	0.71	0.8116	0.6369	0.7458
218	0.427	0.0	0.4497	0.3873	0.427	0.3725
219	0.8937	0.0	0.9693	1.639	0.8937	1.527
220	0.5372	0.0	0.5766	0.4628	0.5372	0.4286
221	0.8508	0.0	0.9063	1.9	0.8508	1.878
222	0.3753	0.0	0.3887	0.8462	0.3753	0.7734
223	1.05	0.0	1.07	1.409	1.05	1.399
224	0.7017	0.0	0.6685	0.6572	0.7017	0.629
225	0.598	0.0	0.7144	0.5938	0.598	0.6713
226	0.4464	0.0	0.4618	0.5882	0.4464	0.584
227	0.5635	0.0	0.6258	1.168	0.5635	1.008
228	0.7113	0.0	0.7328	0.6885	0.7113	0.8096
229	0.48	0.0	0.5511	1.168	0.48	1.022
230	0.5642	0.0	0.6902	0.7334	0.5642	0.5891
231	0.4688	0.0	0.4975	1.03	0.4688	0.8679
232	0.8923	0.0	0.9137	1.121	0.8923	1.084
233	0.6554	0.0	0.7305	1.494	0.6554	1.362
234	1.029	0.0	1.108	1.246	1.029	1.241
235	0.5366	0.0	0.5928	0.7845	0.5366	0.7151
236	0.721	0.0	0.7128	0.763	0.721	0.8261
237	0.8881	0.0	1.063	0.3993	0.8881	0.4095
238	1.003	0.0	0.9482	1.383	1.003	1.137
239	0.591	0.0	0.6515	0.9932	0.591	0.8383
240	0.457	0.0	0.5246	0.5493	0.457	0.5663
241	0.4831	0.0	0.507	0.8498	0.4831	1.281
242	0.7772	0.0	0.8488	1.009	0.7772	0.8655
243	1.121	0.0	1.395	1.65	1.121	1.327
244	0.4891	0.0	0.576	0.8161	0.4891	0.7417
245	0.2692	0.0	0.2627	0.3963	0.2692	0.4007
246	1.212	0.0	1.239	0.6802	1.212	0.6735
247	0.4587	0.0	0.441	0.3988	0.4587	0.4124
248	0.4776	0.0	0.4924	0.7631	0.4776	0.752
249	0.5394	0.0	0.6144	0.2364	0.5394	0.2123
250	0.3542	0.0	0.4194	0.5025	0.3542	0.4063
251	0.8137	0.0	0.9317	1.175	0.8137	0.9325
252	0.6126	0.0	0.6306	0.3774	0.6126	0.3783
253	0.5299	0.0	0.5537	0.466	0.5299	0.4565
254	1.139	0.0	1.171	0.4586	1.139	0.4533
255	1.097	0.0	1.237	1.471	1.097	1.272
256	0.7478	0.0	0.8982	0.433	0.7478	0.3511
257	0.744	0.0	0.7901	0.9043	0.744	0.9442
258	0.7183	0.0	0.7687	1.556	0.7183	1.381
259	0.5621	0.0	0.6135	1.086	0.5621	0.9601
260	0.3274	0.0	0.3397	0.5846	0.3274	0.5844
261	0.7773	0.0	1.006	0.4715	0.7773	0.4681
262	1.002	0.0	1.153	1.092	1.002	1.078
263	0.7864	0.0	0.7759	0.4885	0.7864	0.4259
264	0.6744	0.0	0.6912	0.3397	0.6744	0.2919
265	0.3926	0.0	0.4297	0.5139	0.3926	0.5452
266	0.617	0.0	0.6503	0.4124	0.617	0.4071
267	0.4079	0.0	0.4711	1.099	0.4079	1.047
268	0.4315	0.0	0.4288	0.4724	0.4315	0.5088
269	1.365	0.0	1.651	1.71	1.365	1.478
270	0.7818	0.0	0.8488	0.8034	0.7818	0.803
271	1.207	0.0	1.444	0.798	1.207	0.7369
272	1.035	0.0	1.178	1.47	1.035	1.229
273	0.687	0.0	0.712	0.5537	0.687	0.5696
274	0.6808	0.0	0.7424	0.9173	0.6808	0.9579
275	0.3881	0.0	0.377	0.417	0.3881	0.4261
276	0.9373	0.0	0.9622	0.9026	0.9373	0.8266
277	0.5259	0.0	0.5075	0.6976	0.5259	0.7647
278	0.8468	0.0	1.031	1.482	0.8468	1.41
279	1.223	0.0	1.39	1.251	1.223	1.268
280	0.4963	0.0	0.4669	0.4124	0.4963	0.4338
281	0.2206	0.0	0.2634	0.4964	0.2206	0.4947
282	0.9701	0.0	1.045	0.7606	0.9701	0.6372
283	0.4715	0.0	0.4583	0.4567	0.4715	0.4908
284	1.252	0.0	1.275	1.194	1.252	0.9869
285	0.4432	0.0	0.4382	0.5765	0.4432	0.6539
286	0.3472	0.0	0.3251	0.315	0.3472	0.3631
287	0.5704	0.0	0.514	0.6296	0.5704	0.6782
288	0.4772	0.0	0.5288	1.27	0.4772	1.121
289	0.5312	0.0	0.5704	1.304	0.5312	1.27
290	0.5382	0.0	0.5548	0.4314	0.5382	0.4447
291	0.8861	0.0	1.001	1.443	0.8861	1.434
292	0.5473	0.0	0.5101	0.5657	0.5473	0.4713
293	0.5276	0.0	0.5035	0.5587	0.5276	0.5231
294	0.3798	0.0	0.4041	0.5553	0.3798	0.5145
295	0.8894	0.0	0.9494	0.4438	0.8894	0.4281
296	0.3481	0.0	0.4922	0.5267	0.3481	0.5166
297	0.3571	0.0	0.371	0.6822	0.3571	0.6173
298	1.103	0.0	1.153	1.154	1.103	1.043
299	0.3283	0.0	0.3786	0.3798	0.3283	0.3542
300	0.425	0.0	0.481	0.6444	0.425	0.6414
301	0.5615	0.0	0.7173	0.4872	0.5615	0.5614
302	0.5537	0.0	0.5981	1.743	0.5537	1.38
303	0.5442	0.0	0.5506	0.6546	0.5442	0.6564
304	0.6689	0.0	0.8298	0.3514	0.6689	0.3502
305	0.4859	0.0	0.5341	0.6399	0.4859	0.5802
306	0.3989	0.0	0.3469	0.4886	0.3989	0.4223
307	0.5259	0.0	0.5787	0.7168	0.5259	0.6425
308	0.5772	0.0	0.6312	0.6965	0.5772	0.6289
309	1.205	0.0	1.371	1.288	1.205	1.208
310	0.6706	0.0	0.6556	0.6322	0.6706	0.6004
311	0.497	0.0	0.4748	1.168	0.497	1.267
312	1.012	0.0	1.188	1.208	1.012	1.286
313	0.4516	0.0	0.3916	0.6836	0.4516	0.6611
314	0.7342	0.0	0.7544	0.9479	0.7342	0.9325
315	0.6077	0.0	0.53	0.413	0.6077	0.4185
316	0.3412	0.0	0.3686	0.4437	0.3412	0.4066
317	0.4597	0.0	0.5259	1.203	0.4597	0.9163
318	0.7871	0.0	0.9508	1.201	0.7871	0.9729
319	0.5004	0.0	0.4724	0.4852	0.5004	0.5673
320	1.17	0.0	1.248	0.958	1.17	0.8111
321	0.7085	0.0	0.6676	0.3902	0.7085	0.4209
322	0.3972	0.0	0.4166	0.4602	0.3972	0.4141
323	0.4728	0.0	0.515	1.518	0.4728	1.314
324	0.8279	0.0	0.9094	0.456	0.8279	0.369
325	1.221	0.0	1.478	1.771	1.221	2.02
326	0.6456	0.0	0.5515	1.032	0.6456	0.9243
327	0.6284	0.0	0.7274	1.563	0.6284	1.551
328	0.5109	0.0	0.5581	0.4972	0.5109	0.4529
329	0.4522	0.0	0.5314	0.7711	0.4522	0.7384
330	0.3893	0.0	0.3919	0.4794	0.3893	0.4554
331	0.1204	0.0	0.1429	1.563	0.1204	1.343
332	0.7031	0.0	0.5628	0.5514	0.7031	0.6553
333	0.7765	0.0	0.8661	1.491	0.7765	1.129
334	0.7683	0.0	0.8601	0.6895	0.7683	0.6401
335	0.4642	0.0	0.4949	1.144	0.4642	1.028
336	0.8964	0.0	1.074	1.271	0.8964	1.434
337	0.8099	0.0	0.957	1.591	0.8099	1.265
338	0.9689	0.0	1.127	1.353	0.9689	1.229
339	0.2987	0.0	0.3348	0.5968	0.2987	0.4922
340	0.6005	0.0	0.5714	0.8237	0.6005	0.8216
341	0.67	0.0	0.6986	0.364	0.67	0.3509
342	1.182	0.0	1.188	1.151	1.182	1.162
343	1.227	0.0	1.478	1.229	1.227	0.9774
344	0.2796	0.0	0.3016	0.4428	0.2796	0.4643
345	0.7826	0.0	0.8007	0.7184	0.7826	1.267
346	0.4937	0.0	0.5227	1.272	0.4937	1.245
347	0.9935	0.0	1.196	1.414	0.9935	1.107
348	0.3966	0.0	0.4669	0.4157	0.3966	0.4345
349	0.8371	0.0	0.7785	0.5306	0.8371	0.5054
350	1.129	0.0	1.127	0.9315	1.129	0.9191
351	0.5277	0.0	0.49	0.3749	0.5277	0.3928
352	0.3335	0.0	0.3333	0.6921	0.3335	0.6596
353	0.5684	0.0	0.6093	0.4796	0.5684	0.4402
354	0.4336	0.0	0.4578	0.5046	0.4336	0.4198
355	0.6896	0.0	0.8159	1.141	0.6896	1.074
356	0.6161	0.0	0.5992	0.5399	0.6161	0.5706
357	0.3467	0.0	0.3838	0.3627	0.3467	0.3953
358	0.6703	0.0	0.7435	0.4229	0.6703	0.4571
359	0.9181	0.0	1.158	1.469	0.9181	1.212
360	0.4474	0.0	0.5227	0.5881	0.4474	0.5236
361	0.502	0.0	0.5805	1.099	0.502	0.9643
362	1.079	0.0	1.24	1.655	1.079	1.384
363	0.7754	0.0	0.8393	1.021	0.7754	0.9972
364	0.4316	0.0	0.4737	1.149	0.4316	0.8859
365	0.5776	0.0	0.6382	0.464	0.5776	0.4921
366	0.4644	0.0	0.5205	0.988	0.4644	0.9267
367	0.6245	0.0	0.6622	0.5427	0.6245	0.5002
368	0.6539	0.0	0.6968	0.3792	0.6539	0.3806
369	0.9336	0.0	0.7867	0.5047	0.9336	0.6032
370	0.6572	0.0	0.6602	0.504	0.6572	0.5527
371	0.6423	0.0	0.7427	1.202	0.6423	1.13
372	0.2889	0.0	0.3199	0.5804	0.2889	0.5911
373	1.292	0.0	1.447	1.573	1.292	1.386
374	0.1785	0.0	0.3507	0.8204	0.1785	0.8961
375	1.046	0.0	1.21	0.6081	1.046	0.5998
376	0.7707	0.0	0.8875	1.247	0.7707	1.144
377	0.432	0.0	0.462	0.3514	0.432	0.3202
378	1.044	0.0	1.159	1.524	1.044	1.588
379	0.3568	0.0	0.3183	0.4542	0.3568	0.511
380	1.066	0.0	1.045	0.8789	1.066	0.8556
381	0.5874	0.0	0.558	0.5141	0.5874	0.6
382	0.9293	0.0	0.9694	0.6715	0.9293	0.5776
383	0.7943	0.0	0.8716	0.7162	0.7943	0.6422
384	0.3755	0.0	0.3799	0.3764	0.3755	0.3619
385	0.5265	0.0	0.5282	0.5136	0.5265	0.5284
386	0.7337	0.0	0.9481	0.9502	0.7337	0.9528
387	0.6113	0.0	0.6013	0.5621	0.6113	0.6314
388	0.576	0.0	0.6212	0.9235	0.576	0.8523
389	0.5623	0.0	0.5104	0.6598	0.5623	0.7072
390	0.4756	0.0	0.4314	0.4893	0.4756	0.5375
391	0.6795	0.0	0.76	0.4129	0.6795	0.4283
392	0.8098	0.0	0.9407	1.37	0.8098	1.065
393	0.9525	0.0	1.048	0.9367	0.9525	0.9292
394	0.6128	0.0	0.624	0.554	0.6128	0.5571
395	0.6025	0.0	0.6284	1.322	0.6025	1.333
396	0.5344	0.0	0.5622	0.3959	0.5344	0.3399
397	0.5505	0.0	0.6154	0.443	0.5505	0.4724
398	0.4693	0.0	0.484	0.6339	0.4693	0.6638
399	0.4954	0.0	0.5946	0.6951	0.4954	0.8965
400	0.6027	0.0	0.584	0.5305	0.6027	0.5431
401	0.6813	0.0	0.7488	0.656	0.6813	0.568
402	0.9396	0.0	1.071	1.133	0.9396	0.8558
403	0.273	0.0	0.2927	0.691	0.273	0.66
404	0.587	0.0	0.666	0.4698	0.587	0.4745
405	0.4421	0.0	0.4426	0.3617	0.4421	0.4594
406	0.9103	0.0	1.268	1.039	0.9103	0.8955
407	0.3804	0.0	0.3912	0.5421	0.3804	0.5798
408	0.3642	0.0	0.3488	0.524	0.3642	0.5869
409	0.7744	0.0	0.8307	0.6491	0.7744	0.6462
410	0.6521	0.0	0.6263	0.3046	0.6521	0.2801
411	0.7616	0.0	0.9287	0.4879	0.7616	0.5403
412	0.4501	0.0	0.445	0.6464	0.4501	0.5511
413	0.9054	0.0	1.029	1.75	0.9054	1.544
414	0.4641	0.0	0.5122	0.5106	0.4641	0.5643
415	1.007	0.0	1.142	0.693	1.007	0.6674
416	0.4359	0.0	0.4597	1.152	0.4359	1.013
417	0.245	0.0	0.2748	0.6897	0.245	0.6924
418	0.5493	0.0	0.5986	1.472	0.5493	1.24
419	0.3711	0.0	0.3649	0.4239	0.3711	0.471
420	0.5718	0.0	0.5686	0.3666	0.5718	0.3698
421	0.4901	0.0	0.4604	0.3696	0.4901	0.3828
422	0.8144	0.0	0.9696	1.147	0.8144	0.9699
423	0.4339	0.0	0.4872	0.5126	0.4339	0.5994
424	0.6845	0.0	0.8335	0.9748	0.6845	0.8441
425	0.2151	0.0	0.2018	1.277	0.2151	0.9192
426	0.5911	0.0	0.5882	0.5992	0.5911	0.5715
427	0.6029	0.0	0.6337	1.565	0.6029	1.263
428	0.4188	0.0	0.5118	0.6258	0.4188	0.5951
429	0.4383	0.0	0.5134	1.577	0.4383	1.394
430	0.6319	0.0	0.6933	1.33	0.6319	1.106
431	0.7404	0.0	0.7617	1.196	0.7404	1.011
432	0.4614	0.0	0.5115	0.736	0.4614	0.6975
433	0.6949	0.0	0.812	1.128	0.6949	1.101
434	0.4578	0.0	0.4639	0.6284	0.4578	0.6216
435	0.7609	0.0	0.7742	1.0	0.7609	0.8275
436	0.5471	0.0	0.4851	0.7331	0.5471	0.7868
437	0.6317	0.0	0.7863	1.37	0.6317	1.15
438	0.39	0.0	0.372	0.6795	0.39	0.6736
439	0.5299	0.0	0.5638	1.442	0.5299	1.367
440	0.5267	0.0	0.5685	1.482	0.5267	1.546
441	0.7481	0.0	0.9094	1.387	0.7481	1.122
442	1.023	0.0	1.096	0.8177	1.023	0.777
443	0.9542	0.0	1.095	0.8978	0.9542	0.9459
444	0.2167	0.0	0.3173	0.582	0.2167	0.6444
445	0.5162	0.0	0.5784	0.4159	0.5162	0.3842
446	0.3668	0.0	0.4331	0.9701	0.3668	0.9039
447	0.9638	0.0	1.174	1.468	0.9638	1.213
448	0.5715	0.0	0.5774	0.3662	0.5715	0.3754
449	0.583	0.0	0.5273	0.5755	0.583	0.9237
450	0.7204	0.0	0.7867	0.5692	0.7204	0.487
451	0.3289	0.0	0.3704	1.004	0.3289	0.9382
452	0.8825	0.0	0.7502	0.6209	0.8825	0.6117
453	0.6971	0.0	0.6745	0.5517	0.6971	0.6352
454	0.9897	0.0	1.141	1.4	0.9897	1.156
455	0.5495	0.0	0.4968	0.433	0.5495	0.517
456	0.2716	0.0	0.4387	0.5899	0.2716	0.5632
457	0.4978	0.0	0.4983	0.4306	0.4978	0.4378
458	0.5439	0.0	0.5882	0.5901	0.5439	0.5766
459	0.6978	0.0	0.8655	0.8659	0.6978	0.8115
460	0.367	0.0	0.4047	0.5109	0.367	0.5549
461	0.3535	0.0	0.3592	0.4635	0.3535	0.539
462	0.4568	0.0	0.4002	0.371	0.4568	0.486
463	0.6065	0.0	0.664	1.356	0.6065	1.26
464	0.7014	0.0	0.6891	0.3441	0.7014	0.3003
465	0.7213	0.0	0.7433	1.163	0.7213	1.191
466	0.5892	0.0	0.5862	1.676	0.5892	1.307
467	0.8409	0.0	0.8836	0.8325	0.8409	0.8117
468	0.522	0.0	0.5633	1.506	0.522	1.181
469	0.554	0.0	0.5405	1.165	0.554	1.165
470	0.5977	0.0	0.6216	0.8377	0.5977	0.8479
471	0.5549	0.0	0.5572	0.5536	0.5549	0.5706
472	0.573	0.0	0.5847	0.2589	0.573	0.2613
473	0.6122	0.0	0.8236	0.8279	0.6122	0.9169
474	0.1372	0.0	0.2071	0.4091	0.1372	0.377
475	0.7535	0.0	0.7579	0.9565	0.7535	0.8835
476	0.3916	0.0	0.3565	0.5331	0.3916	0.601
477	0.9104	0.0	1.071	1.769	0.9104	1.446
478	0.5562	0.0	0.5623	0.7808	0.5562	0.7196
479	0.8025	0.0	0.9016	1.591	0.8025	1.3
480	0.54	0.0	0.5841	1.044	0.54	0.9357
481	0.3946	0.0	0.4226	0.5727	0.3946	0.5648
482	0.5427	0.0	0.5856	1.282	0.5427	1.166
483	0.3216	0.0	0.3546	0.4745	0.3216	0.4998
484	0.7178	0.0	0.7809	1.68	0.7178	1.424
485	0.5796	0.0	0.5392	0.7789	0.5796	0.8443
486	0.4788	0.0	0.572	1.434	0.4788	1.186
487	0.809	0.0	0.9175	1.114	0.809	1.11
488	0.5024	0.0	0.4475	0.4503	0.5024	0.4734
489	0.4502	0.0	0.4002	0.4779	0.4502	0.5012
490	0.8492	0.0	1.005	0.5789	0.8492	0.4989
491	0.8375	0.0	0.7973	0.2999	0.8375	0.3197
492	1.106	0.0	1.447	0.7749	1.106	0.7629
493	0.4251	0.0	0.3321	0.5186	0.4251	0.4843
494	0.4439	0.0	0.4447	0.3619	0.4439	0.3471
495	0.6117	0.0	0.8278	0.5986	0.6117	0.5482
496	0.7775	0.0	0.9775	1.706	0.7775	1.604
497	0.09772	0.0	0.2149	0.9178	0.09772	0.9624
498	0.5672	0.0	0.5077	0.3276	0.5672	0.3201
499	0.8048	0.0	0.9603	1.339	0.8048	1.424
500	0.4252	0.0	0.3778	0.4379	0.4252	0.3976
501	0.4718	0.0	0.4478	0.4313	0.4718	0.4693
502	0.7061	0.0	0.6779	0.4839	0.7061	0.5001
503	0.51	0.0	0.5713	0.5471	0.51	0.4669
504	0.3012	0.0	0.3326	0.697	0.3012	0.7232
505	0.6176	0.0	0.763	0.6692	0.6176	0.7247
506	1.124	0.0	1.329	1.104	1.124	0.8117
507	0.3217	0.0	0.3577	0.6675	0.3217	0.6442
508	0.1276	0.0	0.2295	0.6369	0.1276	0.6201
509	0.4602	0.0	0.4489	0.5129	0.4602	0.6508
510	0.771	0.0	0.814	1.037	0.771	0.8345
511	0.6136	0.0	0.5867	0.4904	0.6136	0.5365
512	0.3957	0.0	0.4451	0.772	0.3957	0.6888
513	0.722	0.0	0.8243	1.041	0.722	1.014
514	0.371	0.0	0.4343	0.3548	0.371	0.3095
515	0.6149	0.0	0.6493	0.8468	0.6149	0.8027
516	0.7447	0.0	0.8131	0.4629	0.7447	0.3992
517	0.9418	0.0	1.169	1.099	0.9418	0.9865
518	0.5487	0.0	0.5985	0.5095	0.5487	0.6734
519	0.4006	0.0	0.3586	1.076	0.4006	1.053
520	0.5744	0.0	0.6093	1.618	0.5744	1.641
521	0.3992	0.0	0.3881	0.5943	0.3992	0.5705
522	0.646	0.0	0.7379	0.7326	0.646	0.6646
523	0.4861	0.0	0.4967	0.4208	0.4861	0.4056
524	0.1464	0.0	0.2101	0.428	0.1464	0.4021
525	0.3838	0.0	0.3772	0.4316	0.3838	0.4703
526	0.6552	0.0	0.676	1.046	0.6552	0.9253
527	0.4464	0.0	0.4761	0.4362	0.4464	0.5105
528	0.7632	0.0	0.9412	1.252	0.7632	1.02
529	0.4616	0.0	0.4559	0.8631	0.4616	0.8609
530	0.5397	0.0	0.4301	0.4962	0.5397	0.4591
531	1.053	0.0	1.153	1.063	1.053	0.9493
532	0.9501	0.0	0.8401	0.4159	0.9501	0.3896
533	0.7344	0.0	0.8535	1.472	0.7344	1.287
534	0.5066	0.0	0.5369	0.9041	0.5066	0.8772
535	0.415	0.0	0.4782	1.566	0.415	1.504
536	0.6571	0.0	0.6545	0.5714	0.6571	0.6009
537	0.57	0.0	0.5913	0.6748	0.57	0.71
538	0.3126	0.0	0.3505	0.4343	0.3126	0.3786
539	0.345	0.0	0.4195	0.8746	0.345	0.8118
540	0.5212	0.0	0.4583	0.471	0.5212	0.4938
541	0.8294	0.0	1.033	0.9124	0.8294	0.736
542	0.5342	0.0	0.5816	0.3619	0.5342	0.3077
543	0.727	0.0	0.8041	1.408	0.727	1.127
544	0.7715	0.0	0.7456	1.509	0.7715	1.19
545	0.727	0.0	0.7536	1.532	0.727	1.25
546	0.816	0.0	0.961	0.9393	0.816	0.8888
547	0.6522	0.0	0.6765	0.8708	0.6522	0.8909
548	0.6451	0.0	0.6399	0.5549	0.6451	0.5167
549	0.5863	0.0	0.5529	0.3703	0.5863	0.338
550	0.8878	0.0	0.9633	1.067	0.8878	0.9843
551	1.106	0.0	1.299	1.257	1.106	1.015
552	0.4657	0.0	0.5665	0.4363	0.4657	0.3879
553	0.5579	0.0	0.5403	0.5871	0.5579	0.8312
554	0.9858	0.0	1.178	0.5256	0.9858	0.4862
555	0.7605	0.0	0.7852	1.082	0.7605	0.9298
556	0.6214	0.0	0.605	0.6559	0.6214	0.6316
557	0.524	0.0	0.6034	0.5877	0.524	0.6442
558	1.01	0.0	1.236	1.041	1.01	0.9576
559	0.4817	0.0	0.4331	0.4181	0.4817	0.4881
560	0.3781	0.0	0.3512	0.3801	0.3781	0.4045
561	0.5888	0.0	0.6247	0.6867	0.5888	0.5819
562	0.5056	0.0	0.531	0.6864	0.5056	0.7546
563	0.7538	0.0	0.8853	1.165	0.7538	1.003
564	0.4029	0.0	0.4127	0.3141	0.4029	0.323
565	0.3408	0.0	0.3567	0.2721	0.3408	0.2988
566	0.3365	0.0	0.3572	0.3249	0.3365	0.4239
567	0.7938	0.0	0.8918	1.022	0.7938	0.9779
568	0.7208	0.0	0.7997	0.4123	0.7208	0.3508
569	0.8249	0.0	0.8668	1.014	0.8249	0.9779
570	0.6296	0.0	0.6631	0.7152	0.6296	0.6857
571	0.3385	0.0	0.3628	0.8253	0.3385	0.7695
572	0.2453	0.0	0.2951	0.9686	0.2453	0.817
573	0.694	0.0	0.7383	0.9312	0.694	0.851
574	0.9639	0.0	1.154	1.163	0.9639	0.9052
575	0.5488	0.0	0.5959	0.4605	0.5488	0.4704
576	0.5728	0.0	0.5362	0.5105	0.5728	0.5443
577	0.4955	0.0	0.4593	0.3198	0.4955	0.3987
578	0.6023	0.0	0.6587	0.3535	0.6023	0.3558
579	0.8471	0.0	1.017	0.9524	0.8471	0.865
580	0.3877	0.0	0.3814	0.6445	0.3877	0.7173
581	0.6255	0.0	0.7298	1.275	0.6255	1.066
582	0.4936	0.0	0.6968	1.051	0.4936	0.8711
583	0.9641	0.0	0.991	1.204	0.9641	1.151
584	0.8856	0.0	0.9931	1.371	0.8856	1.095
585	0.4875	0.0	0.4805	0.4104	0.4875	0.3371
586	1.029	0.0	1.335	1.153	1.029	1.172
587	0.5779	0.0	0.5081	0.3328	0.5779	0.3735
588	0.7923	0.0	0.8877	0.8506	0.7923	0.7911
589	0.5794	0.0	0.531	0.5089	0.5794	0.6424
590	0.527	0.0	0.5807	0.8778	0.527	0.7768
591	0.4753	0.0	0.495	1.526	0.4753	1.347
592	0.5005	0.0	0.4841	0.4234	0.5005	0.4619
593	0.5551	0.0	0.4992	0.5346	0.5551	0.5302
594	0.7926	0.0	0.8595	1.128	0.7926	1.055
595	0.4364	0.0	0.4438	0.3839	0.4364	0.3869
596	1.243	0.0	1.523	1.103	1.243	0.95
597	0.6024	0.0	0.5618	0.8082	0.6024	0.7902
598	0.3576	0.0	0.3312	0.3878	0.3576	0.3784
599	0.3048	0.0	0.3158	0.4405	0.3048	0.4224
600	0.7624	0.0	0.7657	0.8877	0.7624	0.8228
601	0.8898	0.0	0.9604	1.023	0.8898	0.9913
602	0.4983	0.0	0.4584	0.5616	0.4983	0.5478
603	1.209	0.0	1.476	1.451	1.209	1.42
604	0.3128	0.0	0.2896	0.4085	0.3128	0.3598
605	0.4906	0.0	0.4368	0.3801	0.4906	0.3835
606	0.6768	0.0	0.7746	0.4922	0.6768	0.4444
607	0.4599	0.0	0.5079	0.7319	0.4599	0.671
608	0.575	0.0	0.5198	0.5413	0.575	0.4286
609	0.3149	0.0	0.2947	0.7468	0.3149	0.6819
610	0.4364	0.0	0.4853	0.8093	0.4364	1.151
611	0.7141	0.0	0.7169	0.5298	0.7141	0.5192
612	0.5364	0.0	0.572	0.7426	0.5364	0.7409
613	0.5147	0.0	0.4436	0.3801	0.5147	0.4857
614	0.6991	0.0	0.8305	0.6664	0.6991	0.687
615	0.4029	0.0	0.4213	0.3711	0.4029	0.351
616	0.4382	0.0	0.4555	0.5084	0.4382	0.4853
617	0.9086	0.0	0.9213	0.3878	0.9086	0.358
618	0.4951	0.0	0.4953	0.5419	0.4951	0.5512
619	0.4221	0.0	0.4926	0.5917	0.4221	0.587
620	0.3902	0.0	0.4565	0.973	0.3902	0.9573
621	0.803	0.0	0.872	0.7417	0.803	0.6707
622	0.4738	0.0	0.4826	0.5177	0.4738	0.5557
623	1.007	0.0	1.166	1.458	1.007	1.177
624	0.3203	0.0	0.3708	1.23	0.3203	1.272
625	0.1416	0.0	0.1913	0.6968	0.1416	0.6881
626	0.4711	0.0	0.4676	0.6358	0.4711	0.5669
627	0.4701	0.0	0.4188	0.4525	0.4701	0.4918
628	0.3811	0.0	0.4095	0.5268	0.3811	0.5498
629	0.2532	0.0	0.2608	0.4685	0.2532	0.4491
630	0.6715	0.0	0.7137	1.095	0.6715	0.9346
631	0.4402	0.0	0.41	0.5493	0.4402	0.5811
632	0.6634	0.0	0.759	1.044	0.6634	0.8263
633	0.6642	0.0	0.6211	0.7118	0.6642	0.5846
634	0.4974	0.0	0.4796	0.5652	0.4974	0.5619
635	1.155	0.0	1.457	1.43	1.155	1.275
636	0.6776	0.0	0.8281	0.4557	0.6776	0.433
637	0.479	0.0	0.5578	2.074	0.479	2.13
638	0.5638	0.0	0.5691	1.125	0.5638	1.028
639	0.5185	0.0	0.5686	1.484	0.5185	1.434
640	0.5849	0.0	0.5649	0.4346	0.5849	0.4154
641	0.5099	0.0	0.615	0.4993	0.5099	0.4488
642	0.3488	0.0	0.4018	0.5305	0.3488	0.4857
643	0.8881	0.0	1.042	1.055	0.8881	0.9924
644	0.4686	0.0	0.4232	0.4552	0.4686	0.476
645	0.7206	0.0	0.9591	1.382	0.7206	1.221
646	0.437	0.0	0.4664	0.662	0.437	0.5889
647	0.5704	0.0	0.592	0.8765	0.5704	0.803
648	0.5703	0.0	0.5939	1.098	0.5703	1.042
649	0.8173	0.0	0.9494	0.8944	0.8173	0.8574
650	1.029	0.0	1.304	1.062	1.029	0.9712
651	0.6133	0.0	0.6567	0.5847	0.6133	0.5528
652	0.6329	0.0	0.6791	0.4708	0.6329	0.5141
653	0.5426	0.0	0.548	0.2746	0.5426	0.2766
654	0.8419	0.0	0.9182	1.113	0.8419	1.092
655	0.7435	0.0	0.9222	0.9508	0.7435	0.8235
656	0.2829	0.0	0.3109	0.4749	0.2829	0.4877
657	0.6075	0.0	0.6142	0.8511	0.6075	1.112
658	0.9397	0.0	1.133	1.235	0.9397	1.04
659	0.9458	0.0	1.149	1.29	0.9458	1.093
660	0.6976	0.0	0.7396	0.3814	0.6976	0.3589
661	0.6139	0.0	0.7218	0.738	0.6139	0.6433
662	0.9216	0.0	0.9611	1.131	0.9216	1.064
663	0.6904	0.0	0.5608	0.345	0.6904	0.3948
664	0.6331	0.0	0.6803	0.5772	0.6331	0.5919
665	0.61	0.0	0.6327	0.428	0.61	0.4335
666	0.4585	0.0	0.477	0.4789	0.4585	0.4817
667	0.7771	0.0	0.8866	0.8702	0.7771	0.8394
668	0.5719	0.0	0.6396	0.4421	0.5719	0.435
669	0.5188	0.0	0.5057	0.3239	0.5188	0.3155
670	0.2742	0.0	0.2854	0.33	0.2742	0.3929
671	0.7367	0.0	0.866	1.191	0.7367	1.17
672	0.3252	0.0	0.3868	0.4664	0.3252	0.4218
673	0.4557	0.0	0.5292	0.9546	0.4557	0.9097
674	0.4205	0.0	0.4431	1.516	0.4205	1.493
675	0.7396	0.0	0.7951	1.128	0.7396	1.273
676	0.7008	0.0	0.7424	1.17	0.7008	0.9566
677	0.949	0.0	1.111	0.4051	0.949	0.3655
678	0.9892	0.0	1.043	0.776	0.9892	0.7648
679	0.5996	0.0	0.6732	0.7978	0.5996	0.8569
680	0.4923	0.0	0.3903	0.351	0.4923	0.3112
681	0.463	0.0	0.4789	0.5726	0.463	0.6608
682	0.3434	0.0	0.3882	0.3621	0.3434	0.3863
683	0.6623	0.0	0.6972	0.8575	0.6623	0.7284
684	0.2714	0.0	0.2532	0.4589	0.2714	0.4971
685	0.5422	0.0	0.6364	1.883	0.5422	1.532
686	0.9228	0.0	1.033	0.771	0.9228	0.799
687	0.3149	0.0	0.3625	1.056	0.3149	0.9505
688	0.7142	0.0	0.84	1.252	0.7142	1.013
689	0.5734	0.0	0.5369	0.4536	0.5734	0.3904
690	0.8279	0.0	0.9981	0.9909	0.8279	0.9579
691	0.309	0.0	0.3101	0.3551	0.309	0.4103
692	1.153	0.0	1.251	0.8555	1.153	0.8336
693	0.5008	0.0	0.4582	0.4269	0.5008	0.5187
694	0.8791	0.0	0.9295	0.5538	0.8791	0.5172
695	1.088	0.0	1.305	1.104	1.088	0.9629
696	0.489	0.0	0.423	0.2977	0.489	0.3017
697	0.5242	0.0	0.4613	0.531	0.5242	0.5547
698	1.011	0.0	1.181	0.5138	1.011	0.4925
699	0.5811	0.0	0.5667	0.4699	0.5811	0.5213
700	0.5024	0.0	0.5697	0.8025	0.5024	0.735
701	0.6735	0.0	0.7246	0.8118	0.6735	0.7428
702	0.452	0.0	0.4035	0.3127	0.452	0.3244
703	0.7855	0.0	0.7025	0.4061	0.7855	0.4411
704	0.7444	0.0	0.9338	1.523	0.7444	1.224
705	0.499	0.0	0.5097	0.99	0.499	1.02
706	0.4858	0.0	0.4537	0.7995	0.4858	0.8329
707	0.6645	0.0	0.7769	0.6354	0.6645	0.6007
708	0.3469	0.0	0.3788	0.5001	0.3469	0.4697
709	0.4079	0.0	0.375	0.4349	0.4079	0.4457
710	0.4392	0.0	0.442	0.6137	0.4392	0.6025
711	0.4083	0.0	0.4192	0.6705	0.4083	0.654
712	0.3462	0.0	0.347	0.6474	0.3462	0.5172
713	0.345	0.0	0.363	0.5219	0.345	0.447
714	0.7007	0.0	0.7518	1.209	0.7007	1.048
715	0.1877	0.0	0.2155	0.6737	0.1877	0.6699
716	0.5694	0.0	0.5894	0.5612	0.5694	0.5719
717	0.4457	0.0	0.4053	0.4454	0.4457	0.5314
718	0.5498	0.0	0.5199	1.721	0.5498	1.44
719	0.3949	0.0	0.4071	0.5841	0.3949	0.5843
720	0.4013	0.0	0.4582	0.6632	0.4013	0.6424
721	0.6973	0.0	0.6872	0.5643	0.6973	0.5337
722	0.5717	0.0	0.5474	0.7407	0.5717	0.7423
723	0.8236	0.0	0.8419	0.5771	0.8236	0.5046
724	1.398	0.0	1.763	0.5837	1.398	0.5724
725	0.988	0.0	1.162	1.14	0.988	0.9966
726	0.3896	0.0	0.4532	0.3945	0.3896	0.466
727	0.8704	0.0	1.047	1.002	0.8704	1.03
728	0.8189	0.0	0.8603	1.12	0.8189	1.069
729	0.4361	0.0	0.4646	0.4511	0.4361	0.4553
730	0.5078	0.0	0.53	0.8823	0.5078	0.8836
731	0.538	0.0	0.517	0.5661	0.538	0.5173
732	0.4104	0.0	0.4431	0.4982	0.4104	0.4851
733	0.703	0.0	0.618	0.3781	0.703	0.4274
734	0.6667	0.0	0.7843	0.7653	0.6667	0.6474
735	0.6332	0.0	0.5785	0.3516	0.6332	0.401
736	0.688	0.0	0.8625	1.116	0.688	1.085
737	0.6377	0.0	0.6388	0.7998	0.6377	0.7026
738	0.4749	0.0	0.5039	0.3046	0.4749	0.3352
739	0.9662	0.0	1.019	0.9409	0.9662	0.8702
740	0.5094	0.0	0.5293	0.381	0.5094	0.3475
741	1.018	0.0	1.203	1.687	1.018	1.429
742	0.8693	0.0	0.9135	0.9001	0.8693	0.8084
743	0.8191	0.0	0.9177	0.9954	0.8191	0.9144
744	0.6429	0.0	0.5975	0.783	0.6429	0.6461
745	0.5783	0.0	0.6618	0.5407	0.5783	0.5466
746	0.3383	0.0	0.3426	0.4347	0.3383	0.395
747	0.832	0.0	0.8739	1.52	0.832	1.187
748	0.1772	0.0	0.4555	0.4279	0.1772	0.5345
749	0.7944	0.0	0.9453	0.9308	0.7944	0.7274
750	0.751	0.0	0.7856	0.593	0.751	0.5608
751	0.5935	0.0	0.6216	0.9933	0.5935	0.937
752	0.5655	0.0	0.6469	1.317	0.5655	1.095
753	0.8063	0.0	1.01	1.323	0.8063	1.07
754	0.7904	0.0	0.8876	1.105	0.7904	1.01
755	0.6649	0.0	0.6708	0.4716	0.6649	0.4868
756	0.2974	0.0	0.2935	0.7064	0.2974	0.6891
757	0.3285	0.0	0.336	0.322	0.3285	0.2807
758	0.857	0.0	0.9336	0.9165	0.857	0.9215
759	1.036	0.0	1.257	0.4656	1.036	0.4566
760	0.3517	0.0	0.3798	0.4832	0.3517	0.5138
761	0.3797	0.0	0.4052	0.6035	0.3797	0.6131
762	1.048	0.0	1.126	1.276	1.048	1.018
763	0.4641	0.0	0.5676	1.293	0.4641	1.171
764	0.6302	0.0	0.5636	0.4011	0.6302	0.3847
765	0.4982	0.0	0.5678	0.5145	0.4982	0.5431
766	0.9466	0.0	1.148	1.703	0.9466	1.375
767	0.4493	0.0	0.4049	0.5219	0.4493	0.6037
768	0.4269	0.0	0.4446	0.6358	0.4269	0.579
769	0.2538	0.0	0.2758	0.3512	0.2538	0.3575
770	0.5461	0.0	0.5319	0.5447	0.5461	0.5513
771	0.9487	0.0	1.17	1.1	0.9487	0.882
772	0.4292	0.0	0.4306	0.4984	0.4292	0.4983
773	0.3935	0.0	0.3939	0.3511	0.3935	0.3933
774	0.3891	0.0	0.376	0.4038	0.3891	0.4627
775	0.8252	0.0	1.013	1.322	0.8252	1.312
776	0.3673	0.0	0.4452	0.4253	0.3673	0.3449
777	0.7218	0.0	0.8158	0.8896	0.7218	0.9155
778	0.9907	0.0	1.233	1.335	0.9907	1.095
779	0.6299	0.0	0.7406	0.8563	0.6299	0.832
780	0.8412	0.0	0.9274	0.8173	0.8412	0.6824
781	0.3635	0.0	0.4874	0.7188	0.3635	0.6395
782	0.8171	0.0	0.9467	0.9747	0.8171	0.9057
783	0.1981	0.0	0.2771	0.6363	0.1981	0.5834
784	0.4449	0.0	0.4496	0.2057	0.4449	0.2438
785	0.6011	0.0	0.5147	0.4923	0.6011	0.5418
786	0.3794	0.0	0.417	0.3107	0.3794	0.2889
787	0.5582	0.0	0.5869	0.6033	0.5582	0.5833
788	0.4343	0.0	0.4993	0.4726	0.4343	0.4679
789	0.8787	0.0	1.027	1.511	0.8787	1.264
790	0.5424	0.0	0.5533	1.485	0.5424	1.237
791	0.9634	0.0	1.164	1.103	0.9634	1.087
792	0.9204	0.0	1.167	0.7082	0.9204	0.6846
793	0.3136	0.0	0.3268	0.2804	0.3136	0.263
794	0.833	0.0	0.9354	0.9523	0.833	0.9078
795	0.322	0.0	0.3177	0.3197	0.322	0.3626
796	0.8267	0.0	0.9378	1.035	0.8267	1.017
797	0.4653	0.0	0.4161	0.5721	0.4653	0.6125
798	0.4529	0.0	0.4706	1.093	0.4529	0.982
799	0.4829	0.0	0.5279	0.9463	0.4829	0.8834
800	0.3462	0.0	0.3481	0.3327	0.3462	0.3703
801	0.2021	0.0	0.2422	0.4356	0.2021	0.4725
802	0.8651	0.0	0.9896	1.014	0.8651	1.008
803	0.4993	0.0	0.5067	0.4533	0.4993	0.452
804	1.026	0.0	1.28	0.6469	1.026	0.5587
805	0.3793	0.0	0.4307	0.6014	0.3793	0.5734
806	0.3271	0.0	0.3627	0.3748	0.3271	0.32
807	0.4393	0.0	0.5477	0.5368	0.4393	0.4808
808	0.9209	0.0	1.071	1.243	0.9209	0.959
809	0.5033	0.0	0.5032	0.9575	0.5033	0.9442
810	0.4754	0.0	0.5094	0.3719	0.4754	0.4058
811	1.067	0.0	1.288	1.213	1.067	1.095
812	0.2759	0.0	0.3561	0.326	0.2759	0.3
813	0.4482	0.0	0.4017	0.3654	0.4482	0.4125
814	0.6112	0.0	0.599	0.9361	0.6112	0.9032
815	0.4205	0.0	0.3993	0.339	0.4205	0.381
816	0.6222	0.0	0.5305	0.6134	0.6222	0.5383
817	0.659	0.0	0.7435	0.7479	0.659	0.7528
818	0.6758	0.0	0.7136	1.321	0.6758	1.038
819	0.2515	0.0	0.2652	0.5489	0.2515	0.7186
820	0.2391	0.0	0.2872	0.789	0.2391	0.7465
821	0.3838	0.0	0.3518	0.9364	0.3838	0.9095
822	0.9528	0.0	1.096	0.9499	0.9528	0.7724
823	0.4307	0.0	0.4269	0.5731	0.4307	0.5472
824	0.3807	0.0	0.4353	0.7429	0.3807	0.7319
825	0.7918	0.0	0.8031	0.7504	0.7918	0.7262
826	0.1332	0.0	0.23	0.7155	0.1332	0.7394
827	0.7117	0.0	0.7706	0.5805	0.7117	0.5347
828	0.8719	0.0	1.21	0.5568	0.8719	0.5106
829	0.9743	0.0	1.288	0.8118	0.9743	0.7391
830	0.4451	0.0	0.4787	0.4811	0.4451	0.5345
831	0.9804	0.0	1.091	1.042	0.9804	1.009
832	0.2506	0.0	0.3154	1.107	0.2506	1.06
833	0.3813	0.0	0.4856	0.6893	0.3813	0.6436
834	0.783	0.0	0.9046	0.8373	0.783	0.8844
835	0.3801	0.0	0.3697	0.4828	0.3801	0.4275
836	0.7149	0.0	0.7565	0.581	0.7149	0.5557
837	0.4743	0.0	0.5907	0.6899	0.4743	0.6806
838	0.7042	0.0	0.7613	1.312	0.7042	1.023
839	0.5317	0.0	0.4617	0.3338	0.5317	0.3419
840	0.7117	0.0	0.7637	1.126	0.7117	1.093
841	0.5076	0.0	0.6344	0.8283	0.5076	0.7215
842	0.5358	0.0	0.4646	0.2163	0.5358	0.2565
843	0.5436	0.0	0.5824	1.438	0.5436	1.07
844	0.5049	0.0	0.5137	0.4338	0.5049	0.4319
845	0.4227	0.0	0.4867	1.523	0.4227	1.387
846	0.4541	0.0	0.4929	1.077	0.4541	0.8277
847	0.566	0.0	0.5898	1.302	0.566	1.188
848	0.4754	0.0	0.4383	0.4563	0.4754	0.419
849	0.4572	0.0	0.4965	0.6865	0.4572	0.6717
850	0.324	0.0	0.3848	0.3451	0.324	0.3496
851	0.8482	0.0	0.9862	1.149	0.8482	1.008
852	0.5107	0.0	0.4133	0.4965	0.5107	0.6455
853	0.5652	0.0	0.6299	1.309	0.5652	1.152
854	0.5077	0.0	0.5528	0.5442	0.5077	0.5172
855	0.9955	0.0	1.135	0.8236	0.9955	0.6847
856	0.5003	0.0	0.4954	1.12	0.5003	1.014
857	1.121	0.0	1.465	0.784	1.121	0.8055
858	0.9702	0.0	1.205	0.6414	0.9702	0.6315
859	0.881	0.0	0.9455	0.6567	0.881	0.6657
860	0.7785	0.0	0.788	0.49	0.7785	0.5542
861	0.5662	0.0	0.632	0.2598	0.5662	0.2532
862	1.073	0.0	1.129	0.7802	1.073	0.6615
863	0.5501	0.0	0.5904	0.8012	0.5501	0.6645
864	0.4214	0.0	0.4532	0.443	0.4214	0.434
865	0.5972	0.0	0.7369	0.4886	0.5972	0.5342
866	1.055	0.0	1.325	1.106	1.055	0.8956
867	0.8644	0.0	0.9976	1.403	0.8644	1.159
868	0.5085	0.0	0.6088	0.4286	0.5085	0.4011
869	0.5953	0.0	0.6266	0.3731	0.5953	0.4319
870	0.8442	0.0	0.9923	1.127	0.8442	0.8934
871	0.4055	0.0	0.3608	0.3419	0.4055	0.3892
872	0.3822	0.0	0.3683	0.685	0.3822	0.6454
873	0.3915	0.0	0.4409	0.3335	0.3915	0.3151
874	0.431	0.0	0.4464	0.5888	0.431	0.5791
875	1.016	0.0	1.206	1.092	1.016	1.048
876	0.3599	0.0	0.3197	0.5203	0.3599	0.4826
877	0.2298	0.0	0.2742	0.4215	0.2298	0.4387
878	0.4112	0.0	0.4041	0.2775	0.4112	0.2393
879	1.015	0.0	1.204	1.063	1.015	0.9183
880	0.3846	0.0	0.39	0.5299	0.3846	0.4037
881	0.9854	0.0	0.9547	0.7187	0.9854	0.6747
882	0.3648	0.0	0.4116	1.165	0.3648	1.042
883	0.464	0.0	0.5495	0.7683	0.464	0.7125
884	0.963	0.0	1.144	1.102	0.963	0.9174
885	0.762	0.0	0.9387	1.363	0.762	1.072
886	0.8223	0.0	1.0	1.05	0.8223	0.8539
887	0.4845	0.0	0.5267	1.071	0.4845	0.8979
888	0.4523	0.0	0.4972	0.4591	0.4523	0.5653
889	0.4154	0.0	0.3563	0.5094	0.4154	0.5524
890	0.5068	0.0	0.5652	0.552	0.5068	0.5971
891	0.7081	0.0	0.7402	0.7163	0.7081	0.6523
892	0.4791	0.0	0.5327	0.429	0.4791	0.429
893	0.8851	0.0	1.121	1.058	0.8851	0.9164
894	0.825	0.0	0.9945	1.631	0.825	1.317
895	0.6718	0.0	0.7615	0.6868	0.6718	0.6443
896	1.057	0.0	1.34	0.8257	1.057	0.6854
897	0.4578	0.0	0.5321	0.5457	0.4578	0.4489
898	0.6	0.0	0.5758	1.474	0.6	1.248
899	0.4309	0.0	0.5176	0.404	0.4309	0.4035
900	0.4475	0.0	0.4889	1.033	0.4475	0.881
901	0.3815	0.0	0.3738	0.4432	0.3815	0.4424
902	0.7763	0.0	0.9822	1.722	0.7763	1.328
903	0.6849	0.0	0.7563	1.279	0.6849	1.107
904	0.4136	0.0	0.4034	0.4641	0.4136	0.4632
905	0.4093	0.0	0.4357	0.5359	0.4093	0.5738
906	0.6338	0.0	0.7495	1.096	0.6338	0.9864
907	0.5338	0.0	0.4764	0.3895	0.5338	0.338
908	0.9494	0.0	1.077	1.001	0.9494	0.8454
909	0.4121	0.0	0.4736	0.5674	0.4121	0.5213
910	0.3661	0.0	0.3866	0.4001	0.3661	0.4089
911	0.4752	0.0	0.4901	0.4188	0.4752	0.4534
912	0.8914	0.0	1.194	1.129	0.8914	1.006
913	1.028	0.0	1.021	0.855	1.028	0.8969
914	0.5596	0.0	0.6238	0.3475	0.5596	0.332
915	0.466	0.0	0.4954	1.258	0.466	1.132
916	0.2641	0.0	0.2905	0.4771	0.2641	0.4634
917	0.3392	0.0	0.3499	0.6212	0.3392	0.7249
918	0.6729	0.0	0.6856	0.5502	0.6729	0.4825
919	0.5524	0.0	0.6018	0.4202	0.5524	0.3939
920	0.7972	0.0	0.8295	0.603	0.7972	0.6814
921	0.4624	0.0	0.5316	0.5563	0.4624	0.5267
922	0.8052	0.0	0.991	1.066	0.8052	0.851
923	0.2895	0.0	0.2995	0.4607	0.2895	0.3916
924	0.6308	0.0	0.6831	0.9098	0.6308	0.8958
925	0.6515	0.0	0.5467	0.4005	0.6515	0.495
926	0.2461	0.0	0.8062	1.176	0.2461	0.9902
927	0.4526	0.0	0.4814	0.5532	0.4526	0.5945
928	0.3014	0.0	0.3087	0.789	0.3014	0.7069
929	0.5688	0.0	0.618	0.7096	0.5688	0.6914
930	0.2911	0.0	0.3197	0.5957	0.2911	0.585
931	0.5783	0.0	0.7247	0.6973	0.5783	0.6156
932	1.008	0.0	1.072	0.7406	1.008	0.6943
933	0.81	0.0	0.9821	1.058	0.81	0.9127
934	0.4988	0.0	0.5198	0.3736	0.4988	0.4539
935	0.3982	0.0	0.4283	0.6652	0.3982	0.6162
936	0.7241	0.0	0.8033	0.8457	0.7241	0.752
937	0.5343	0.0	0.5419	0.5969	0.5343	0.5814
938	0.6876	0.0	0.8731	0.7431	0.6876	0.7619
939	0.5387	0.0	0.4943	0.4076	0.5387	0.4152
940	0.4549	0.0	0.4499	0.5296	0.4549	0.5137
941	0.3159	0.0	0.2753	0.5326	0.3159	0.6355
942	0.5535	0.0	0.6337	0.8588	0.5535	0.678
943	0.4059	0.0	0.4161	0.2977	0.4059	0.3142
944	0.796	0.0	0.8594	1.052	0.796	0.8526
945	0.4418	0.0	0.5012	1.077	0.4418	0.8963
946	0.6375	0.0	0.7679	0.3384	0.6375	0.3733
947	0.5922	0.0	0.701	1.33	0.5922	1.194
948	0.261	0.0	0.2949	0.3699	0.261	0.3476
949	0.4961	0.0	0.5172	0.9663	0.4961	0.8267
950	0.4875	0.0	0.5412	0.7875	0.4875	0.688
951	0.882	0.0	1.059	0.9681	0.882	0.8437
952	0.6867	0.0	0.6815	0.4118	0.6867	0.4393
953	0.4935	0.0	0.4947	0.5478	0.4935	0.5445
954	0.3035	0.0	0.3312	0.4584	0.3035	0.4268
955	1.012	0.0	1.099	1.133	1.012	0.8891
956	0.3454	0.0	0.3026	0.483	0.3454	0.4925
957	0.8245	0.0	0.9913	0.8525	0.8245	0.6348
958	0.5303	0.0	0.5901	0.5591	0.5303	0.5167
959	0.8162	0.0	0.8445	1.532	0.8162	1.159
960	0.5164	0.0	0.5956	0.8637	0.5164	0.8809
961	0.7076	0.0	0.8284	1.154	0.7076	1.048
962	0.4293	0.0	0.4591	1.047	0.4293	0.9901
963	0.5807	0.0	0.5939	0.6997	0.5807	0.6695
964	0.4866	0.0	0.4825	0.5021	0.4866	0.4805
965	0.5837	0.0	0.7359	0.2856	0.5837	0.2511
966	0.7942	0.0	0.8253	0.9459	0.7942	0.8889
967	0.7706	0.0	0.7987	0.9487	0.7706	0.9149
968	0.407	0.0	0.4008	0.35	0.407	0.2948
969	0.5967	0.0	0.6437	0.5616	0.5967	0.8894
970	0.6993	0.0	0.7382	1.163	0.6993	0.8943
971	0.7254	0.0	0.8512	1.182	0.7254	1.024
972	0.3779	0.0	0.4113	0.4539	0.3779	0.4153
973	0.6938	0.0	0.7226	0.3698	0.6938	0.3807
974	0.7134	0.0	0.8304	0.8471	0.7134	0.7916
975	0.3981	0.0	0.3609	0.4261	0.3981	0.4553
976	0.4921	0.0	0.5235	0.5762	0.4921	0.5528
977	0.5305	0.0	0.5834	0.3997	0.5305	0.4073
978	0.412	0.0	0.462	0.7223	0.412	0.6928
979	0.8558	0.0	1.005	1.092	0.8558	0.8597
980	0.5878	0.0	0.5726	0.481	0.5878	0.4873
981	0.5739	0.0	0.653	0.3962	0.5739	0.4109
982	0.4802	0.0	0.473	0.3549	0.4802	0.4382
983	1.034	0.0	1.24	1.154	1.034	0.9795
984	0.4718	0.0	0.46	0.4308	0.4718	0.3642
985	0.9849	0.0	0.9522	0.7208	0.9849	0.622
986	0.9322	0.0	1.116	1.327	0.9322	1.135
987	0.9907	0.0	1.195	0.9106	0.9907	0.8714
988	0.478	0.0	0.5145	0.9037	0.478	0.8734
989	0.9558	0.0	1.175	0.8421	0.9558	0.7712
990	0.905	0.0	0.8987	0.9473	0.905	0.8163
991	0.6877	0.0	0.6783	0.6372	0.6877	0.6743
992	0.4254	0.0	0.458	0.2381	0.4254	0.2257
993	0.4889	0.0	0.4075	0.5648	0.4889	0.6534
994	0.619	0.0	0.7484	0.3751	0.619	0.3775
995	0.6395	0.0	0.7837	0.7865	0.6395	0.6806
996	0.2683	0.0	0.2704	0.4957	0.2683	0.4926
997	0.757	0.0	0.8751	1.414	0.757	1.192
998	0.6723	0.0	0.749	0.6474	0.6723	0.5841
999	0.8388	0.0	0.8975	0.6834	0.8388	0.6152
1000	0.6627	0.0	0.7943	1.152	0.6627	0.8747
1001	0.4765	0.0	0.5388	0.6702	0.4765	0.7341
1002	1.078	0.0	1.345	0.7837	1.078	0.6905
1003	0.4821	0.0	0.4736	0.3197	0.4821	0.3567
1004	0.5913	0.0	0.6418	0.8087	0.5913	0.873
1005	0.3377	0.0	0.3879	0.4909	0.3377	0.5196
1006	0.591	0.0	0.6435	0.916	0.591	0.9004
1007	0.4282	0.0	0.4726	1.108	0.4282	0.9457
1008	0.4763	0.0	0.4443	0.4522	0.4763	0.442
1009	0.4375	0.0	0.4619	0.5558	0.4375	0.5634
1010	0.4614	0.0	0.5042	0.2211	0.4614	0.1835
1011	0.4223	0.0	0.4127	0.6597	0.4223	0.6869
1012	0.482	0.0	0.5554	1.035	0.482	0.8291
1013	0.3898	0.0	0.382	0.6609	0.3898	0.5814
1014	0.339	0.0	0.3852	0.284	0.339	0.3014
1015	0.4108	0.0	0.4522	0.6475	0.4108	0.581
1016	0.8728	0.0	1.181	1.214	0.8728	1.013
1017	0.8628	0.0	0.8506	1.254	0.8628	1.0
1018	0.4786	0.0	0.5243	0.586	0.4786	0.5013
1019	0.9457	0.0	1.08	0.962	0.9457	1.027
1020	0.2335	0.0	0.26	0.5503	0.2335	0.5281
1021	0.4474	0.0	0.4123	0.3101	0.4474	0.3483
1022	0.458	0.0	0.4857	0.7382	0.458	0.6865
1023	0.4059	0.0	0.3898	0.5775	0.4059	0.5369
1024	0.3257	0.0	0.3175	0.429	0.3257	0.3742
1025	0.4135	0.0	0.4669	0.4614	0.4135	0.4892
1026	0.6483	0.0	0.7518	1.249	0.6483	1.065
1027	0.228	0.0	0.256	0.5176	0.228	0.558
1028	0.6127	0.0	0.5773	0.4841	0.6127	0.5387
1029	0.4023	0.0	0.3963	0.3457	0.4023	0.4123
1030	0.5881	0.0	0.6486	0.9368	0.5881	0.8297
1031	0.3665	0.0	0.3738	0.6842	0.3665	0.5898
1032	0.4959	0.0	0.5834	0.5105	0.4959	0.4386
1033	0.7966	0.0	0.8203	0.6848	0.7966	0.639
1034	0.429	0.0	0.4785	0.4516	0.429	0.4812
1035	0.4576	0.0	0.5347	0.5344	0.4576	0.4417
1036	0.487	0.0	0.5476	0.4835	0.487	0.4846
1037	0.794	0.0	1.014	0.9786	0.794	0.9019
1038	0.4633	0.0	0.4957	0.5138	0.4633	0.5832
1039	0.91	0.0	1.054	1.177	0.91	1.091
1040	0.8203	0.0	0.8899	0.9744	0.8203	0.9147
