Step	Loss(S)	Loss(T)	fwd_S	fwd_T	rev_S	rev_T
1	0.0	5.634	8.016	5.634	5.998	4.519
2	0.0	5.8	7.401	5.8	5.854	4.798
3	0.0	6.275	4.219	6.275	3.544	4.762
4	0.0	1.158	7.836	1.158	6.215	0.9827
5	0.0	4.789	5.735	4.789	5.049	4.559
6	0.0	2.994	3.035	2.994	3.02	3.699
7	0.0	3.586	5.036	3.586	4.709	3.883
8	0.0	3.137	2.535	3.137	2.99	3.227
9	0.0	1.003	2.335	1.003	2.75	1.147
10	0.0	1.708	2.267	1.708	3.534	2.517
11	0.0	2.561	2.154	2.561	3.137	3.116
12	0.0	1.848	2.197	1.848	2.806	2.326
13	0.0	2.256	2.484	2.256	3.461	3.241
14	0.0	1.603	1.039	1.603	1.199	2.154
15	0.0	1.436	1.608	1.436	2.18	1.811
16	0.0	1.351	1.072	1.351	1.283	1.84
17	0.0	2.43	1.08	2.43	1.437	3.577
18	0.0	1.076	2.36	1.076	3.622	1.556
19	0.0	1.973	1.579	1.973	2.198	2.593
20	0.0	1.775	3.611	1.775	3.9	2.077
21	0.0	2.948	1.096	2.948	1.296	3.883
22	0.0	2.292	2.006	2.292	2.476	2.652
23	0.0	1.918	1.837	1.918	2.584	2.08
24	0.0	2.264	2.078	2.264	2.843	2.847
25	0.0	1.194	1.65	1.194	1.964	1.421
26	0.0	0.7728	2.133	0.7728	2.695	0.9905
27	0.0	0.8023	1.755	0.8023	2.551	1.254
28	0.0	1.133	1.218	1.133	2.222	2.05
29	0.0	1.02	1.537	1.02	1.769	1.154
30	0.0	1.112	0.8239	1.112	1.312	1.795
31	0.0	1.723	2.262	1.723	2.215	2.258
32	0.0	1.1	0.7907	1.1	1.311	1.911
33	0.0	1.715	1.47	1.715	2.179	2.095
34	0.0	1.679	1.346	1.679	1.72	2.117
35	0.0	1.547	1.281	1.547	1.57	1.889
36	0.0	1.029	0.839	1.029	1.052	1.342
37	0.0	0.6599	0.8906	0.6599	1.167	1.032
38	0.0	0.8501	1.214	0.8501	1.489	1.047
39	0.0	0.8842	0.6518	0.8842	0.725	0.9363
40	0.0	0.6422	0.6761	0.6422	0.8856	0.7231
41	0.0	0.9825	0.4846	0.9825	0.6954	1.362
42	0.0	0.6013	0.7364	0.6013	0.75	0.7162
43	0.0	0.7361	0.4718	0.7361	0.8031	0.9625
44	0.0	0.6343	0.5676	0.6343	0.7792	0.8256
45	0.0	0.4818	0.7507	0.4818	1.08	0.6269
46	0.0	0.7019	2.057	0.7019	2.78	0.9748
47	0.0	0.6131	0.6754	0.6131	0.7365	0.7642
48	0.0	0.842	0.5807	0.842	0.6794	1.546
49	0.0	0.6905	1.599	0.6905	1.648	1.289
50	0.0	1.438	0.609	1.438	0.6669	1.761
51	0.0	1.609	1.054	1.609	1.074	1.953
52	0.0	1.762	0.2762	1.762	0.3387	1.881
53	0.0	0.7834	1.288	0.7834	1.464	0.8959
54	0.0	1.106	1.368	1.106	1.446	1.365
55	0.0	0.6295	0.5982	0.6295	0.7364	1.016
56	0.0	1.103	0.897	1.103	1.018	1.155
57	0.0	0.6094	0.7727	0.6094	0.865	0.6504
58	0.0	1.291	0.4055	1.291	0.543	1.405
59	0.0	1.262	1.162	1.262	1.367	1.703
60	0.0	0.4951	0.5197	0.4951	0.5887	0.5635
61	0.0	0.8225	2.155	0.8225	2.51	0.9247
62	0.0	1.072	1.081	1.072	1.191	1.425
63	0.0	1.301	0.4956	1.301	0.5012	1.369
64	0.0	0.7934	1.589	0.7934	1.608	1.103
65	0.0	0.5173	0.7212	0.5173	0.896	0.5998
66	0.0	1.143	1.325	1.143	1.535	1.44
67	0.0	0.4256	0.6203	0.4256	0.7202	0.5371
68	0.0	1.17	0.943	1.17	1.227	1.41
69	0.0	0.7287	0.7385	0.7287	0.8777	0.8549
70	0.0	0.5443	1.124	0.5443	1.444	0.8004
71	0.0	0.9362	1.597	0.9362	1.893	1.391
72	0.0	0.9218	1.244	0.9218	1.285	1.066
73	0.0	1.001	0.9713	1.001	1.228	1.003
74	0.0	1.459	0.9674	1.459	1.088	1.767
75	0.0	0.4731	0.5438	0.4731	0.6639	0.5618
76	0.0	0.9289	1.216	0.9289	1.238	1.052
77	0.0	0.4591	0.8075	0.4591	0.997	0.6413
78	0.0	0.3676	0.4685	0.3676	0.6191	0.4626
79	0.0	0.8248	0.7248	0.8248	0.8355	1.087
80	0.0	0.7471	1.236	0.7471	1.23	0.7928
81	0.0	1.239	0.8294	1.239	1.117	1.353
82	0.0	0.429	0.6777	0.429	0.8554	0.5649
83	0.0	0.8462	1.28	0.8462	1.338	1.045
84	0.0	0.4508	0.2482	0.4508	0.3391	0.6811
85	0.0	0.7644	0.4738	0.7644	0.6213	1.004
86	0.0	0.5235	0.9767	0.5235	1.527	0.6512
87	0.0	0.6279	0.4895	0.6279	0.6526	0.9449
88	0.0	0.2924	0.4828	0.2924	0.6498	0.3609
89	0.0	0.3548	0.3934	0.3548	0.5284	0.449
90	0.0	0.7157	0.9749	0.7157	1.068	0.8104
91	0.0	1.023	0.8992	1.023	0.9258	1.199
92	0.0	1.271	1.122	1.271	1.578	1.716
93	0.0	1.022	0.9792	1.022	1.271	1.245
94	0.0	0.6509	0.9426	0.6509	1.027	0.713
95	0.0	0.4308	0.3773	0.4308	0.4805	0.4956
96	0.0	0.4991	0.8819	0.4991	0.9564	0.6003
97	0.0	0.7777	0.6294	0.7777	0.6723	0.9976
98	0.0	1.072	1.277	1.072	1.366	1.33
99	0.0	1.084	1.214	1.084	1.417	1.232
100	0.0	0.7702	1.161	0.7702	1.438	1.139
101	0.0	0.9313	0.8625	0.9313	0.976	1.031
102	0.0	1.095	0.8203	1.095	0.9817	1.194
103	0.0	1.075	1.358	1.075	1.691	1.174
104	0.0	1.114	1.255	1.114	1.499	1.475
105	0.0	0.5708	0.8539	0.5708	1.051	0.7839
106	0.0	0.4941	0.5068	0.4941	0.6898	0.5634
107	0.0	0.9736	0.5274	0.9736	0.6689	1.179
108	0.0	0.4479	0.5139	0.4479	0.5812	0.5496
109	0.0	1.028	0.4944	1.028	0.6499	1.343
110	0.0	0.7714	1.471	0.7714	1.531	0.8383
111	0.0	0.3721	0.4974	0.3721	0.6297	0.6362
112	0.0	1.254	1.426	1.254	1.662	1.462
113	0.0	0.5714	0.6309	0.5714	0.7902	0.7142
114	0.0	0.3922	0.6679	0.3922	0.8377	0.5955
115	0.0	0.8842	1.038	0.8842	1.23	1.064
116	0.0	1.158	0.7465	1.158	0.7901	1.204
117	0.0	0.9436	0.8556	0.9436	0.9354	1.204
118	0.0	0.382	0.5823	0.382	0.7676	0.5571
119	0.0	1.055	0.8951	1.055	0.9773	1.222
120	0.0	0.4963	0.445	0.4963	0.5381	0.6942
121	0.0	0.5238	0.7579	0.5238	0.9056	0.6045
122	0.0	0.6547	0.9657	0.6547	1.305	0.977
123	0.0	0.7669	0.764	0.7669	0.8626	0.8449
124	0.0	0.862	0.9548	0.862	1.054	0.9214
125	0.0	0.8084	0.7566	0.8084	0.7696	0.7924
126	0.0	0.7267	0.6058	0.7267	0.6246	0.8474
127	0.0	0.8453	1.338	0.8453	1.512	0.934
128	0.0	1.194	0.9353	1.194	1.385	1.635
129	0.0	0.9062	1.04	0.9062	1.244	1.066
130	0.0	0.9169	0.9852	0.9169	1.337	1.073
131	0.0	1.236	0.6378	1.236	0.8956	1.367
132	0.0	0.444	0.4491	0.444	0.5171	0.587
133	0.0	0.8824	0.6859	0.8824	0.7156	0.9407
134	0.0	0.9282	1.007	0.9282	1.2	1.45
135	0.0	0.9489	0.5856	0.9489	0.5973	1.179
136	0.0	0.3137	0.2881	0.3137	0.3905	0.4301
137	0.0	1.081	0.728	1.081	0.8461	1.274
138	0.0	1.018	0.7654	1.018	0.7916	1.165
139	0.0	1.209	0.9687	1.209	1.037	1.304
140	0.0	0.4205	0.484	0.4205	0.605	0.5454
141	0.0	0.5071	0.3708	0.5071	0.4628	0.7705
142	0.0	0.6944	0.9447	0.6944	0.9553	0.8091
143	0.0	0.4927	0.4867	0.4927	0.6032	0.7168
144	0.0	0.5146	0.5077	0.5146	0.6607	0.6562
145	0.0	0.3283	0.4628	0.3283	0.5721	0.4724
146	0.0	0.4424	0.5005	0.4424	0.5841	0.5074
147	0.0	0.4742	1.048	0.4742	1.102	0.5869
148	0.0	0.4883	0.4958	0.4883	0.6509	0.6055
149	0.0	0.3549	0.2826	0.3549	0.3876	0.4837
150	0.0	0.6011	1.1	0.6011	1.266	0.7126
151	0.0	0.9399	0.4326	0.9399	0.512	1.088
152	0.0	0.3101	0.9077	0.3101	1.128	0.4157
153	0.0	1.024	0.5894	1.024	0.6993	1.502
154	0.0	0.9419	1.039	0.9419	1.199	1.143
155	0.0	1.254	0.8777	1.254	0.9972	1.504
156	0.0	0.5262	1.124	0.5262	1.362	0.673
157	0.0	1.161	1.093	1.161	1.271	1.279
158	0.0	0.7132	0.726	0.7132	0.7652	0.761
159	0.0	0.3682	0.4403	0.3682	0.5164	0.5078
160	0.0	0.5576	1.022	0.5576	1.103	0.6087
161	0.0	0.5003	0.412	0.5003	0.5421	0.6934
162	0.0	0.3968	0.5074	0.3968	0.7478	0.587
163	0.0	1.595	1.557	1.595	1.6	1.719
164	0.0	0.3541	0.432	0.3541	0.5602	0.4746
165	0.0	1.364	1.226	1.364	1.438	1.712
166	0.0	1.068	0.8859	1.068	1.044	1.373
167	0.0	0.6091	0.8837	0.6091	0.9926	0.6719
168	0.0	0.6618	0.612	0.6618	0.6784	0.7812
169	0.0	0.6595	0.5236	0.6595	0.6184	0.7522
170	0.0	0.8444	0.9423	0.8444	1.115	1.097
171	0.0	0.6139	0.5524	0.6139	0.5647	0.9004
172	0.0	1.1	0.697	1.1	0.724	1.178
173	0.0	1.169	1.074	1.169	1.205	1.602
174	0.0	1.047	0.8637	1.047	1.134	1.311
175	0.0	1.109	0.7923	1.109	0.819	1.502
176	0.0	0.7684	0.4101	0.7684	0.583	0.9209
177	0.0	1.046	1.028	1.046	1.174	1.493
178	0.0	0.7756	0.5107	0.7756	0.5485	1.048
179	0.0	0.4299	0.4676	0.4299	0.6652	0.5373
180	0.0	0.8518	0.7898	0.8518	0.9369	0.9691
181	0.0	0.6852	0.6655	0.6852	0.7648	0.7819
182	0.0	0.3312	0.4768	0.3312	0.5281	0.5581
183	0.0	0.3937	0.5378	0.3937	0.8698	0.5681
184	0.0	0.5525	0.7935	0.5525	0.9611	0.6406
185	0.0	1.056	0.679	1.056	0.8997	1.514
186	0.0	0.3231	0.5242	0.3231	0.6849	0.3793
187	0.0	0.978	1.171	0.978	1.403	1.193
188	0.0	0.6116	0.3676	0.6116	0.4389	0.786
189	0.0	0.4642	0.852	0.4642	1.07	0.6455
190	0.0	0.423	0.4566	0.423	0.5835	0.5324
191	0.0	0.4348	0.404	0.4348	0.5342	0.6502
192	0.0	0.393	0.5053	0.393	0.6703	0.51
193	0.0	0.3188	0.5552	0.3188	0.6722	0.4299
194	0.0	0.9888	0.744	0.9888	0.8593	1.21
195	0.0	0.4859	1.003	0.4859	1.174	0.5572
196	0.0	0.7275	0.9828	0.7275	1.068	0.8365
197	0.0	0.6767	1.164	0.6767	1.591	0.946
198	0.0	1.221	0.9188	1.221	0.9529	1.469
199	0.0	0.4821	0.5193	0.4821	0.701	0.5602
200	0.0	0.4585	0.8186	0.4585	1.144	0.5477
201	0.0	0.375	0.5421	0.375	0.6819	0.5214
202	0.0	1.057	0.5027	1.057	0.5498	1.225
203	0.0	1.038	0.7259	1.038	0.8647	1.321
204	0.0	0.6196	0.7327	0.6196	0.9508	0.8426
205	0.0	0.9548	0.8423	0.9548	1.01	1.259
206	0.0	0.8839	1.107	0.8839	1.457	0.9791
207	0.0	0.5617	0.9208	0.5617	1.362	0.6825
208	0.0	1.004	1.171	1.004	1.335	1.432
209	0.0	0.6691	0.5379	0.6691	0.7105	0.7602
210	0.0	0.5633	0.7071	0.5633	0.9129	0.7674
211	0.0	0.3938	0.5128	0.3938	0.7087	0.4996
212	0.0	0.6145	0.3361	0.6145	0.4658	0.8203
213	0.0	1.018	0.5306	1.018	0.6829	1.36
214	0.0	0.7636	0.9408	0.7636	1.01	0.9268
215	0.0	0.4007	0.4775	0.4007	0.7034	0.6108
216	0.0	0.9809	1.168	0.9809	1.526	1.18
217	0.0	0.7871	0.6212	0.7871	0.8496	1.11
218	0.0	0.2938	0.3399	0.2938	0.4667	0.4288
219	0.0	0.9288	0.7878	0.9288	0.9032	1.096
220	0.0	0.9157	1.038	0.9157	1.174	1.162
221	0.0	0.9506	0.9745	0.9506	1.471	1.311
222	0.0	0.5576	0.4917	0.5576	0.6192	0.7887
223	0.0	1.165	1.033	1.165	1.179	1.354
224	0.0	0.3764	0.6095	0.3764	0.7673	0.468
225	0.0	0.4146	0.4467	0.4146	0.5503	0.623
226	0.0	0.82	0.7689	0.82	0.9961	1.043
227	0.0	0.6957	0.65	0.6957	0.7225	0.7753
228	0.0	0.6581	0.7607	0.6581	0.8986	0.7648
229	0.0	0.6947	0.5313	0.6947	0.5929	0.9163
230	0.0	0.5865	0.4515	0.5865	0.4884	0.673
231	0.0	0.7888	1.008	0.7888	1.08	0.8798
232	0.0	0.5286	0.3459	0.5286	0.3834	0.6457
233	0.0	0.8934	0.9177	0.8934	0.9337	1.037
234	0.0	0.8646	0.6669	0.8646	0.9527	0.999
235	0.0	0.3833	0.6642	0.3833	0.964	0.5594
236	0.0	0.3839	0.433	0.3839	0.5606	0.5256
237	0.0	0.9245	0.6095	0.9245	0.6015	1.114
238	0.0	1.42	0.9503	1.42	1.38	1.804
239	0.0	0.75	1.129	0.75	1.257	0.8388
240	0.0	0.5666	0.4986	0.5666	0.7604	0.9018
241	0.0	0.668	0.5635	0.668	0.6554	0.6918
242	0.0	1.06	0.7432	1.06	0.7909	1.335
243	0.0	1.146	0.4384	1.146	0.4392	1.344
244	0.0	0.456	0.3316	0.456	0.4689	0.577
245	0.0	0.2923	0.5107	0.2923	0.7207	0.4263
246	0.0	0.443	0.8157	0.443	0.9267	0.5286
247	0.0	0.3254	0.3787	0.3254	0.4878	0.4831
248	0.0	0.4359	0.715	0.4359	0.7137	0.546
249	0.0	0.1809	0.6733	0.1809	0.8293	0.3056
250	0.0	0.3998	0.551	0.3998	0.6246	0.5144
251	0.0	0.3605	0.65	0.3605	0.6576	0.4585
252	0.0	0.3238	0.44	0.3238	0.5916	0.4538
253	0.0	0.3186	0.2661	0.3186	0.3793	0.4533
254	0.0	0.9246	0.8835	0.9246	1.109	1.205
255	0.0	0.8486	0.9628	0.8486	1.017	0.9715
256	0.0	0.2226	0.3148	0.2226	0.4184	0.301
257	0.0	0.7778	1.075	0.7778	1.33	1.141
258	0.0	0.9784	0.8846	0.9784	0.936	1.088
259	0.0	1.326	0.6266	1.326	0.6978	1.482
260	0.0	0.1184	0.9844	0.1184	1.039	0.1351
261	0.0	0.9465	0.9142	0.9465	1.061	1.097
262	0.0	0.7716	1.05	0.7716	1.104	0.9246
263	0.0	0.3283	0.4085	0.3283	0.5123	0.4154
264	0.0	0.9923	1.027	0.9923	1.116	1.158
265	0.0	0.4132	0.2983	0.4132	0.3984	0.538
266	0.0	0.3884	0.2769	0.3884	0.4402	0.5249
267	0.0	0.752	0.4992	0.752	0.5623	0.9381
268	0.0	0.3871	0.4258	0.3871	0.5536	0.5635
269	0.0	1.316	0.6573	1.316	0.7123	1.725
270	0.0	0.5474	0.6236	0.5474	0.6475	0.6635
271	0.0	0.5978	0.7817	0.5978	0.877	0.6681
272	0.0	0.6292	1.021	0.6292	1.136	0.7724
273	0.0	0.4053	0.4203	0.4053	0.5214	0.5056
274	0.0	0.5104	0.6021	0.5104	0.6945	0.5385
275	0.0	0.4611	0.1925	0.4611	0.2803	0.6901
276	0.0	0.5592	0.775	0.5592	1.008	0.7287
277	0.0	0.8687	1.019	0.8687	1.115	1.069
278	0.0	0.8833	0.7899	0.8833	1.16	1.232
279	0.0	0.9533	0.6304	0.9533	0.7797	1.117
280	0.0	0.4863	0.8074	0.4863	0.8619	0.7577
281	0.0	1.059	0.6876	1.059	0.7489	1.212
282	0.0	0.5893	0.401	0.5893	0.4515	0.6547
283	0.0	0.401	0.4783	0.401	0.726	0.5485
284	0.0	0.535	0.73	0.535	0.8164	0.6512
285	0.0	0.793	0.691	0.793	0.8976	1.115
286	0.0	0.2822	0.4422	0.2822	0.639	0.4077
287	0.0	0.481	0.532	0.481	0.6237	0.6587
288	0.0	0.8306	0.6248	0.8306	0.665	0.8411
289	0.0	0.8774	0.6576	0.8774	0.886	1.097
290	0.0	0.3883	0.5325	0.3883	0.7352	0.4901
291	0.0	0.6619	0.6425	0.6619	0.7445	0.7434
292	0.0	0.3549	0.4002	0.3549	0.5107	0.4179
293	0.0	0.4696	0.3795	0.4696	0.4998	0.641
294	0.0	0.4809	0.3989	0.4809	0.4637	0.5244
295	0.0	0.3417	0.3417	0.3417	0.4144	0.4593
296	0.0	0.4246	0.3112	0.4246	0.4288	0.4707
297	0.0	0.5398	0.3613	0.5398	0.4754	0.6478
298	0.0	0.6238	0.7685	0.6238	0.8332	0.7052
299	0.0	0.8591	0.8124	0.8591	0.9301	0.9777
300	0.0	0.5196	0.5015	0.5196	0.5641	0.6023
301	0.0	1.069	0.6868	1.069	0.8119	1.338
302	0.0	0.6371	0.4527	0.6371	0.5234	0.7742
303	0.0	0.4904	0.5412	0.4904	0.5869	0.657
304	0.0	0.9013	0.5249	0.9013	0.5879	1.157
305	0.0	0.5838	0.6856	0.5838	0.7686	0.7864
306	0.0	0.9631	1.136	0.9631	1.168	1.136
307	0.0	0.9187	0.8809	0.9187	0.9677	1.192
308	0.0	0.5393	0.6394	0.5393	0.8782	0.6978
309	0.0	0.7279	0.5575	0.7279	0.7039	1.054
310	0.0	0.7756	0.6351	0.7756	0.6839	0.9909
311	0.0	0.6241	1.184	0.6241	1.529	0.7115
312	0.0	0.5968	1.163	0.5968	1.373	0.8631
313	0.0	0.5698	0.8663	0.5698	1.111	0.9711
314	0.0	0.7135	0.6618	0.7135	0.9331	0.8679
315	0.0	0.53	0.5674	0.53	0.7345	0.6252
316	0.0	0.4259	0.4624	0.4259	0.5335	0.5116
317	0.0	0.9019	0.8855	0.9019	1.131	0.9042
318	0.0	0.4781	0.7216	0.4781	0.8683	0.6117
319	0.0	0.334	0.6831	0.334	0.8541	0.5168
320	0.0	1.101	1.111	1.101	1.242	1.279
321	0.0	0.3576	0.6415	0.3576	0.752	0.5378
322	0.0	0.3374	0.5375	0.3374	0.6383	0.4119
323	0.0	0.7643	0.7922	0.7643	1.045	0.952
324	0.0	0.8678	0.6141	0.8678	0.6276	1.097
325	0.0	0.8765	1.042	0.8765	1.312	1.331
326	0.0	0.5043	0.7485	0.5043	0.9258	0.6209
327	0.0	1.185	1.033	1.185	1.195	1.355
328	0.0	0.3889	0.6274	0.3889	0.8245	0.5274
329	0.0	0.6282	0.5293	0.6282	0.6307	0.8701
330	0.0	0.5232	0.847	0.5232	1.256	0.7675
331	0.0	0.6638	0.5879	0.6638	0.7175	0.6596
332	0.0	0.5492	0.6965	0.5492	0.9206	0.7363
333	0.0	0.482	0.5856	0.482	0.7699	0.5143
334	0.0	0.7449	0.737	0.7449	0.7656	0.8275
335	0.0	0.713	1.074	0.713	1.169	0.8465
336	0.0	0.6621	0.8511	0.6621	1.013	0.8361
337	0.0	0.8833	0.7555	0.8833	0.8589	0.9973
338	0.0	0.8195	0.8655	0.8195	1.023	1.129
339	0.0	0.383	0.6258	0.383	0.8158	0.5282
340	0.0	0.4165	0.6336	0.4165	0.9488	0.6146
341	0.0	1.089	0.7947	1.089	0.8005	1.232
342	0.0	0.9262	0.1693	0.9262	0.2572	1.121
343	0.0	0.6476	0.7879	0.6476	0.9721	0.7032
344	0.0	0.4332	0.3036	0.4332	0.4101	0.5713
345	0.0	1.035	0.7249	1.035	0.853	1.262
346	0.0	0.8953	0.7544	0.8953	0.8657	1.084
347	0.0	1.095	0.7969	1.095	0.9039	1.496
348	0.0	0.5573	0.6423	0.5573	0.8316	0.8229
349	0.0	0.3274	0.2983	0.3274	0.4191	0.4205
350	0.0	0.5895	0.5637	0.5895	0.6155	0.6943
351	0.0	0.3573	0.4169	0.3573	0.5973	0.5401
352	0.0	0.5503	0.6486	0.5503	0.7461	0.7694
353	0.0	0.2877	0.3587	0.2877	0.4942	0.4147
354	0.0	0.3635	0.4002	0.3635	0.5052	0.5006
355	0.0	0.3809	0.4008	0.3809	0.5208	0.4375
356	0.0	0.3308	0.4799	0.3308	0.5552	0.4425
357	0.0	0.2669	0.273	0.2669	0.4046	0.414
358	0.0	0.5656	1.149	0.5656	1.511	0.6907
359	0.0	0.8415	0.7469	0.8415	0.7691	0.9308
360	0.0	0.6361	0.4625	0.6361	0.6871	0.8996
361	0.0	0.7934	0.9776	0.7934	1.051	0.8258
362	0.0	1.017	0.7837	1.017	0.8666	1.274
363	0.0	0.7334	0.9643	0.7334	1.141	0.9515
364	0.0	0.4858	1.055	0.4858	1.146	0.6361
365	0.0	1.1	0.7983	1.1	0.8571	1.318
366	0.0	0.6877	0.744	0.6877	0.8429	0.7891
367	0.0	0.3781	0.4544	0.3781	0.6136	0.5222
368	0.0	0.9053	0.5005	0.9053	0.4879	1.096
369	0.0	0.4099	0.5042	0.4099	0.7597	0.6383
370	0.0	0.4066	0.5453	0.4066	0.881	0.6455
371	0.0	1.239	0.6136	1.239	0.7009	1.425
372	0.0	0.4784	0.4187	0.4784	0.5762	0.6205
373	0.0	1.128	1.248	1.128	1.373	1.544
374	0.0	0.6917	0.8022	0.6917	0.9441	0.8909
375	0.0	0.4038	0.7704	0.4038	0.8935	0.4394
376	0.0	0.8563	0.7097	0.8563	0.8038	0.9571
377	0.0	0.4152	0.4304	0.4152	0.6071	0.4719
378	0.0	1.053	0.9055	1.053	1.098	1.281
379	0.0	0.2579	0.3329	0.2579	0.5144	0.4984
380	0.0	0.6864	0.9181	0.6864	1.202	0.7833
381	0.0	1.196	0.7682	1.196	0.9242	1.241
382	0.0	0.3626	0.5343	0.3626	0.6422	0.4421
383	0.0	0.4644	0.8119	0.4644	1.068	0.5361
384	0.0	0.5633	0.8195	0.5633	0.882	0.8161
385	0.0	1.261	0.8313	1.261	1.002	1.4
386	0.0	0.6847	0.421	0.6847	0.4837	0.9473
387	0.0	0.445	0.3854	0.445	0.5363	0.7033
388	0.0	0.8296	1.486	0.8296	1.511	0.9035
389	0.0	0.7514	0.5721	0.7514	0.7854	0.8613
390	0.0	0.4525	0.3063	0.4525	0.4003	0.5186
391	0.0	0.362	0.7671	0.362	0.8246	0.517
392	0.0	0.6347	0.5875	0.6347	0.684	0.6825
393	0.0	0.5707	0.8912	0.5707	1.059	0.7012
394	0.0	0.5325	0.5415	0.5325	0.7898	0.7979
395	0.0	0.7106	0.8052	0.7106	0.8605	0.9151
396	0.0	0.309	0.3534	0.309	0.4603	0.3908
397	0.0	0.4501	0.4284	0.4501	0.6016	0.5313
398	0.0	0.4716	0.4626	0.4716	0.5411	0.5462
399	0.0	0.4872	0.3483	0.4872	0.4417	0.6691
400	0.0	0.4364	0.3034	0.4364	0.3986	0.5204
401	0.0	0.3355	0.5314	0.3355	0.6663	0.4711
402	0.0	0.6758	0.6602	0.6758	0.756	0.8013
403	0.0	1.066	0.7839	1.066	0.8573	1.256
404	0.0	0.5429	0.813	0.5429	0.8944	0.5956
405	0.0	0.4472	0.6401	0.4472	0.8096	0.5231
406	0.0	0.8305	1.026	0.8305	1.209	0.9108
407	0.0	0.47	0.5591	0.47	0.931	0.6191
408	0.0	0.3687	0.561	0.3687	0.6569	0.4135
409	0.0	0.6185	0.4433	0.6185	0.67	0.7786
410	0.0	0.5221	0.5983	0.5221	0.7017	0.6517
411	0.0	0.8428	0.739	0.8428	0.7352	0.9686
412	0.0	0.4883	0.4935	0.4883	0.5681	0.6017
413	0.0	1.039	1.371	1.039	1.611	1.284
414	0.0	0.6404	1.01	0.6404	1.276	0.718
415	0.0	0.4162	1.182	0.4162	1.145	0.4516
416	0.0	1.142	0.5443	1.142	0.6632	1.542
417	0.0	0.4686	0.8954	0.4686	1.203	0.7268
418	0.0	1.012	0.5775	1.012	0.8191	1.23
419	0.0	0.3503	0.9608	0.3503	1.362	0.4468
420	0.0	0.3042	0.757	0.3042	0.8191	0.4493
421	0.0	0.4064	0.6212	0.4064	0.845	0.5848
422	0.0	0.7445	0.8291	0.7445	0.9791	0.7996
423	0.0	0.3397	0.3409	0.3397	0.5088	0.5465
424	0.0	0.8551	1.181	0.8551	1.269	1.032
425	0.0	0.9033	0.5259	0.9033	0.6595	1.008
426	0.0	0.2793	0.3214	0.2793	0.4466	0.4122
427	0.0	0.7457	0.3895	0.7457	0.4095	0.9118
428	0.0	0.5831	0.7609	0.5831	0.7957	0.6707
429	0.0	1.033	1.07	1.033	1.311	1.6
430	0.0	0.5521	0.8674	0.5521	1.072	0.6806
431	0.0	0.6718	0.8142	0.6718	1.108	0.7456
432	0.0	0.6643	0.5404	0.6643	0.7558	0.7702
433	0.0	0.6674	0.3588	0.6674	0.4015	0.8895
434	0.0	0.9411	0.9509	0.9411	1.179	1.22
435	0.0	0.5865	0.5693	0.5865	0.6171	0.66
436	0.0	0.5833	0.4371	0.5833	0.5006	0.6396
437	0.0	0.9138	0.6682	0.9138	0.7144	1.045
438	0.0	0.607	0.5277	0.607	0.595	0.6605
439	0.0	0.8417	1.372	0.8417	1.671	0.9311
440	0.0	0.5898	0.947	0.5898	1.34	0.7811
441	0.0	0.8373	0.6847	0.8373	0.7215	0.9074
442	0.0	1.043	0.5883	1.043	0.6801	1.202
443	0.0	0.269	0.6361	0.269	0.8528	0.4091
444	0.0	0.3252	0.7158	0.3252	1.014	0.5118
445	0.0	0.8867	0.6347	0.8867	0.6449	1.039
446	0.0	0.8582	0.513	0.8582	0.6857	1.022
447	0.0	0.697	0.8048	0.697	0.8565	0.8001
448	0.0	0.4056	0.2847	0.4056	0.3576	0.5584
449	0.0	0.8199	0.659	0.8199	0.6963	1.006
450	0.0	0.9926	0.7319	0.9926	0.7945	1.159
451	0.0	0.6594	0.8406	0.6594	0.9829	0.7909
452	0.0	0.7077	0.5502	0.7077	0.6235	1.118
453	0.0	0.5234	0.3052	0.5234	0.476	0.7811
454	0.0	0.5914	0.789	0.5914	0.8217	0.6678
455	0.0	0.3874	0.4224	0.3874	0.6143	0.5698
456	0.0	0.412	0.5908	0.412	0.6761	0.553
457	0.0	0.3041	0.4417	0.3041	0.5185	0.4664
458	0.0	0.3738	0.5063	0.3738	0.5492	0.4226
459	0.0	0.8682	0.7425	0.8682	0.8068	0.9171
460	0.0	0.34	0.3491	0.34	0.4024	0.4153
461	0.0	0.3027	0.2044	0.3027	0.3334	0.5087
462	0.0	0.5387	0.8014	0.5387	0.8925	0.6598
463	0.0	0.7063	0.8012	0.7063	0.9288	0.8713
464	0.0	0.3368	0.9723	0.3368	1.128	0.3965
465	0.0	0.5705	0.9455	0.5705	1.068	0.6856
466	0.0	0.9063	0.7319	0.9063	0.7868	1.006
467	0.0	1.095	0.9928	1.095	1.214	1.225
468	0.0	0.9676	1.228	0.9676	1.578	1.179
469	0.0	0.9115	0.4525	0.9115	0.4898	1.087
470	0.0	0.7887	0.5632	0.7887	0.6305	0.9396
471	0.0	0.5675	0.4213	0.5675	0.5215	0.883
472	0.0	0.8307	0.7213	0.8307	0.8349	1.004
473	0.0	0.488	0.3613	0.488	0.4918	0.7713
474	0.0	0.3006	0.2378	0.3006	0.3875	0.4026
475	0.0	1.02	0.7981	1.02	0.9521	1.391
476	0.0	0.4059	0.3687	0.4059	0.4372	0.5593
477	0.0	0.955	1.108	0.955	1.356	1.204
478	0.0	0.4049	0.5254	0.4049	0.5918	0.4364
479	0.0	0.884	0.4281	0.884	0.4373	1.07
480	0.0	0.5193	0.9566	0.5193	1.276	0.6211
481	0.0	0.33	0.2093	0.33	0.2359	0.3894
482	0.0	0.487	0.7678	0.487	0.8626	0.5289
483	0.0	0.45	0.6339	0.45	1.026	0.6091
484	0.0	1.279	0.9197	1.279	1.085	1.439
485	0.0	0.5018	0.9293	0.5018	1.009	0.5384
486	0.0	0.4335	0.6679	0.4335	0.832	0.6064
487	0.0	0.9414	0.4057	0.9414	0.453	1.369
488	0.0	0.7502	0.523	0.7502	0.6552	0.8323
489	0.0	0.9117	1.031	0.9117	1.268	1.188
490	0.0	0.4206	0.7022	0.4206	0.9146	0.4468
491	0.0	0.2272	0.3476	0.2272	0.4583	0.3069
492	0.0	0.6791	0.819	0.6791	0.9659	0.7468
493	0.0	0.5212	0.2558	0.5212	0.2762	0.6494
494	0.0	0.3675	0.5499	0.3675	0.6585	0.4717
495	0.0	0.4612	0.2472	0.4612	0.4156	0.5939
496	0.0	0.8043	0.4882	0.8043	0.5432	1.096
497	0.0	0.8106	0.8073	0.8106	0.9786	1.223
498	0.0	0.4688	0.5024	0.4688	0.7832	0.6456
499	0.0	0.8879	1.061	0.8879	1.276	1.234
500	0.0	0.3435	0.2106	0.3435	0.3321	0.4303
501	0.0	0.5122	0.3841	0.5122	0.5537	0.7391
502	0.0	0.4026	0.4042	0.4026	0.4853	0.4995
503	0.0	0.3818	0.9983	0.3818	1.103	0.4934
504	0.0	0.5117	0.4599	0.5117	0.528	0.5791
505	0.0	0.3067	0.484	0.3067	0.6955	0.4517
506	0.0	0.4592	0.7609	0.4592	0.9015	0.5723
507	0.0	1.092	0.732	1.092	0.8091	1.228
508	0.0	0.5853	0.6363	0.5853	0.8849	0.6705
509	0.0	0.8485	1.019	0.8485	1.151	1.198
510	0.0	0.9488	0.7031	0.9488	0.7493	1.121
511	0.0	0.3799	0.4851	0.3799	0.5811	0.5061
512	0.0	0.5055	0.5885	0.5055	0.6646	0.6319
513	0.0	0.9616	0.5503	0.9616	0.7288	1.164
514	0.0	0.7741	0.8103	0.7741	1.025	0.8878
515	0.0	0.9018	0.8439	0.9018	1.006	1.023
516	0.0	0.3958	0.7092	0.3958	0.803	0.5485
517	0.0	0.6443	0.7557	0.6443	1.012	0.9682
518	0.0	0.8423	0.5786	0.8423	0.5773	1.019
519	0.0	0.847	0.4764	0.847	0.52	1.135
520	0.0	1.311	1.206	1.311	1.322	1.764
521	0.0	0.4035	0.5693	0.4035	0.6977	0.6003
522	0.0	0.3196	0.6376	0.3196	0.7663	0.3883
523	0.0	0.4189	0.4448	0.4189	0.5091	0.5181
524	0.0	0.3723	0.552	0.3723	0.6673	0.447
525	0.0	0.6199	0.3619	0.6199	0.4926	0.8533
526	0.0	0.6986	0.7004	0.6986	0.777	0.8127
527	0.0	0.4212	0.4535	0.4212	0.6879	0.6608
528	0.0	0.8239	0.4585	0.8239	0.5438	1.043
529	0.0	0.6632	0.8116	0.6632	0.9018	0.8082
530	0.0	0.3419	0.4208	0.3419	0.5148	0.4319
531	0.0	0.6205	1.113	0.6205	1.215	0.7124
532	0.0	0.472	0.4987	0.472	0.5951	0.5606
533	0.0	1.019	1.083	1.019	1.457	1.637
534	0.0	0.5854	0.6829	0.5854	0.7923	0.7541
535	0.0	0.9194	0.824	0.9194	0.9487	1.303
536	0.0	0.4097	0.7296	0.4097	1.012	0.5457
537	0.0	0.5137	0.7078	0.5137	0.9201	0.7387
538	0.0	0.3386	0.4059	0.3386	0.4756	0.4555
539	0.0	0.5603	0.5381	0.5603	0.5873	0.6573
540	0.0	0.5525	0.5561	0.5525	0.6049	0.5866
541	0.0	0.5462	0.5012	0.5462	0.5542	0.6614
542	0.0	0.7491	0.4425	0.7491	0.5791	0.8313
543	0.0	1.025	0.8299	1.025	1.001	1.262
544	0.0	0.8371	1.007	0.8371	1.188	1.088
545	0.0	0.7925	0.673	0.7925	0.676	0.8802
546	0.0	0.6746	0.6555	0.6746	0.7293	0.9017
547	0.0	0.3274	0.3832	0.3274	0.4997	0.4895
548	0.0	0.2752	0.5203	0.2752	0.6574	0.4273
549	0.0	1.05	0.6192	1.05	0.6424	1.391
550	0.0	0.7289	0.5936	0.7289	0.8317	0.8889
551	0.0	0.7748	1.192	0.7748	1.411	1.15
552	0.0	0.3333	0.5198	0.3333	0.7963	0.4247
553	0.0	0.5314	0.5199	0.5314	0.5694	0.7078
554	0.0	1.005	0.8873	1.005	0.9743	1.14
555	0.0	0.9096	0.8044	0.9096	0.9753	1.1
556	0.0	0.6411	0.4252	0.6411	0.4994	0.7902
557	0.0	0.4179	0.3443	0.4179	0.499	0.6534
558	0.0	1.151	0.4207	1.151	0.4517	1.701
559	0.0	0.3338	0.3168	0.3338	0.4821	0.4967
560	0.0	0.3191	0.4293	0.3191	0.497	0.3914
561	0.0	0.2794	0.3728	0.2794	0.4667	0.371
562	0.0	0.4181	0.462	0.4181	0.5951	0.4817
563	0.0	0.743	1.126	0.743	1.219	0.9402
564	0.0	0.2602	0.4906	0.2602	0.5834	0.3698
565	0.0	0.2011	0.6963	0.2011	0.9591	0.267
566	0.0	0.3723	0.6924	0.3723	0.7819	0.5322
567	0.0	0.5033	0.6791	0.5033	0.7623	0.6079
568	0.0	0.4706	0.3996	0.4706	0.4006	0.6187
569	0.0	0.5977	0.7134	0.5977	0.9071	0.7228
570	0.0	0.5036	0.762	0.5036	0.8098	0.6239
571	0.0	0.9059	0.9088	0.9059	0.9031	1.182
572	0.0	0.5973	0.6698	0.5973	0.7532	0.7047
573	0.0	1.019	0.4473	1.019	0.4755	1.22
574	0.0	0.6636	0.7187	0.6636	0.8048	0.7836
575	0.0	0.3261	0.5195	0.3261	0.6405	0.4124
576	0.0	0.8554	0.7668	0.8554	0.8178	1.021
577	0.0	0.2217	0.4597	0.2217	0.6497	0.3299
578	0.0	0.2449	0.4857	0.2449	0.6483	0.3264
579	0.0	0.6896	0.8788	0.6896	1.019	0.7563
580	0.0	0.4452	0.3773	0.4452	0.3666	0.5937
581	0.0	0.7353	0.8344	0.7353	0.9682	0.845
582	0.0	0.7364	0.7548	0.7364	0.8599	0.8886
583	0.0	0.6281	0.6546	0.6281	0.7602	0.6859
584	0.0	0.7506	0.7233	0.7506	0.8303	0.8685
585	0.0	0.3575	0.6425	0.3575	0.8515	0.4492
586	0.0	0.906	0.9909	0.906	1.048	1.058
587	0.0	0.5077	0.5881	0.5077	0.81	0.8132
588	0.0	0.553	0.4618	0.553	0.5895	0.7333
589	0.0	0.54	0.5399	0.54	0.5864	0.5763
590	0.0	0.4786	0.6013	0.4786	0.7253	0.6378
591	0.0	0.8886	0.8429	0.8886	1.157	1.102
592	0.0	0.3384	0.6021	0.3384	0.7109	0.4763
593	0.0	0.7458	0.9521	0.7458	1.045	0.8435
594	0.0	0.9396	0.509	0.9396	0.658	1.146
595	0.0	0.3548	0.3354	0.3548	0.462	0.5009
596	0.0	0.6483	0.6451	0.6483	0.7913	0.8042
597	0.0	0.9457	0.7565	0.9457	0.9595	1.185
598	0.0	0.2672	0.4738	0.2672	0.5205	0.328
599	0.0	0.335	0.5901	0.335	0.8447	0.4468
600	0.0	0.6006	0.538	0.6006	0.6575	0.6796
601	0.0	0.6538	0.9528	0.6538	1.251	0.7709
602	0.0	0.4964	0.5496	0.4964	0.7627	0.7581
603	0.0	0.7489	0.6851	0.7489	0.8384	0.9744
604	0.0	0.3307	0.2213	0.3307	0.3311	0.4185
605	0.0	0.3548	0.4067	0.3548	0.54	0.5085
606	0.0	0.4678	0.432	0.4678	0.5636	0.5483
607	0.0	0.275	0.4653	0.275	0.5703	0.3355
608	0.0	0.2923	0.1681	0.2923	0.2261	0.3629
609	0.0	0.5687	0.4331	0.5687	0.537	0.7058
610	0.0	0.85	0.8551	0.85	0.9679	0.9956
611	0.0	0.8216	0.5053	0.8216	0.5699	0.9432
612	0.0	0.8324	0.3779	0.8324	0.3932	0.976
613	0.0	0.7625	0.8068	0.7625	0.8736	1.008
614	0.0	0.4485	0.785	0.4485	0.9202	0.4951
615	0.0	0.3639	0.4344	0.3639	0.506	0.481
616	0.0	0.4934	0.4235	0.4934	0.4468	0.5877
617	0.0	0.3194	0.3937	0.3194	0.459	0.432
618	0.0	0.9309	0.8862	0.9309	0.9971	1.352
619	0.0	0.8148	0.5975	0.8148	0.64	1.043
620	0.0	0.6254	0.5205	0.6254	0.5912	0.8658
621	0.0	0.5717	0.6397	0.5717	0.8423	0.8494
622	0.0	0.995	0.9575	0.995	1.139	1.388
623	0.0	0.8567	0.9369	0.8567	1.139	1.051
624	0.0	0.8567	0.718	0.8567	0.9061	1.24
625	0.0	0.4377	0.7855	0.4377	0.9156	0.8548
626	0.0	0.5206	0.5625	0.5206	0.6325	0.6265
627	0.0	0.2623	0.3846	0.2623	0.4626	0.3214
628	0.0	0.3994	0.2305	0.3994	0.2919	0.4867
629	0.0	0.4113	0.4143	0.4113	0.4918	0.527
630	0.0	0.6455	0.7434	0.6455	0.8681	0.6457
631	0.0	0.3705	0.4976	0.3705	0.6619	0.486
632	0.0	0.9357	1.024	0.9357	1.109	1.232
633	0.0	0.4838	0.5146	0.4838	0.6591	0.5094
634	0.0	0.4322	0.2196	0.4322	0.2694	0.5636
635	0.0	0.8072	0.4581	0.8072	0.5163	0.9307
636	0.0	0.8395	1.445	0.8395	1.619	0.992
637	0.0	0.7321	0.8043	0.7321	0.9236	1.231
638	0.0	0.4349	0.605	0.4349	0.7665	0.5867
639	0.0	0.7035	1.039	0.7035	1.302	0.8529
640	0.0	0.2759	0.745	0.2759	0.8369	0.3556
641	0.0	0.318	0.4664	0.318	0.5144	0.3883
642	0.0	0.4507	0.5457	0.4507	0.623	0.5839
643	0.0	0.7772	0.5407	0.7772	0.6389	0.9958
644	0.0	0.7087	0.5876	0.7087	0.6504	0.7657
645	0.0	0.8572	0.7343	0.8572	0.7624	1.124
646	0.0	0.4763	0.664	0.4763	0.7546	0.5813
647	0.0	0.9175	0.9709	0.9175	1.09	1.117
648	0.0	0.63	0.4978	0.63	0.5165	0.8875
649	0.0	0.7155	0.6071	0.7155	0.6313	0.9165
650	0.0	0.8401	0.5636	0.8401	0.6219	1.039
651	0.0	0.267	0.7219	0.267	1.013	0.4153
652	0.0	0.2338	0.3367	0.2338	0.5072	0.3636
653	0.0	0.9272	0.7246	0.9272	0.795	1.172
654	0.0	0.6981	0.5375	0.6981	0.6754	0.9497
655	0.0	0.7347	0.6972	0.7347	0.7891	0.839
656	0.0	0.258	0.4579	0.258	0.6446	0.3576
657	0.0	0.7552	1.146	0.7552	1.444	0.8733
658	0.0	0.6608	0.6015	0.6608	0.6925	0.8759
659	0.0	1.025	0.6577	1.025	0.7332	1.281
660	0.0	0.4536	0.4421	0.4536	0.4469	0.5697
661	0.0	0.4667	0.4191	0.4667	0.5809	0.5072
662	0.0	0.6843	0.4759	0.6843	0.5433	0.7606
663	0.0	0.3355	0.4958	0.3355	0.5089	0.4586
664	0.0	0.594	0.5652	0.594	0.7737	0.674
665	0.0	0.2324	0.5003	0.2324	0.6744	0.3023
666	0.0	0.4176	0.484	0.4176	0.5985	0.4836
667	0.0	0.3776	0.4504	0.3776	0.5544	0.4368
668	0.0	0.3182	0.4418	0.3182	0.5362	0.4501
669	0.0	0.2574	0.3051	0.2574	0.4418	0.3625
670	0.0	0.3538	0.6353	0.3538	0.901	0.436
671	0.0	0.488	0.7791	0.488	1.002	0.6448
672	0.0	0.2006	0.4823	0.2006	0.6352	0.2681
673	0.0	0.6542	0.6221	0.6542	0.7606	0.726
674	0.0	0.8123	1.001	0.8123	1.135	1.122
675	0.0	1.127	0.6464	1.127	0.7194	1.295
676	0.0	0.7959	0.4841	0.7959	0.5504	0.9056
677	0.0	0.6853	0.8636	0.6853	0.9947	0.7572
678	0.0	0.4464	0.601	0.4464	0.6481	0.5156
679	0.0	0.5953	0.5087	0.5953	0.6102	0.8771
680	0.0	0.6229	0.6663	0.6229	0.7127	0.7948
681	0.0	0.5103	0.4874	0.5103	0.6819	0.7162
682	0.0	0.3069	0.2599	0.3069	0.392	0.517
683	0.0	0.7089	0.5014	0.7089	0.5622	0.7556
684	0.0	0.3379	0.3107	0.3379	0.3283	0.4661
685	0.0	1.264	0.5266	1.264	0.5365	1.486
686	0.0	0.6782	0.7778	0.6782	0.8342	0.8356
687	0.0	0.6921	0.9423	0.6921	1.035	0.8171
688	0.0	0.6821	0.4672	0.6821	0.5124	0.8521
689	0.0	0.3017	0.3905	0.3017	0.5636	0.3841
690	0.0	0.5525	0.6451	0.5525	0.7569	0.639
691	0.0	0.4103	0.432	0.4103	0.5596	0.597
692	0.0	0.5048	0.55	0.5048	0.6435	0.5733
693	0.0	0.7369	0.5674	0.7369	0.6338	0.8934
694	0.0	0.3307	0.9101	0.3307	0.9725	0.3883
695	0.0	0.6861	0.9639	0.6861	1.147	0.8322
696	0.0	0.5365	0.496	0.5365	0.6316	0.7165
697	0.0	1.319	0.5169	1.319	0.5523	1.687
698	0.0	0.3659	0.8213	0.3659	0.9875	0.4441
699	0.0	0.419	0.4204	0.419	0.5119	0.6511
700	0.0	0.5539	0.5414	0.5539	0.5747	0.683
701	0.0	0.5177	0.7734	0.5177	0.8903	0.6572
702	0.0	0.2973	0.2524	0.2973	0.3078	0.3663
703	0.0	0.4108	0.3169	0.4108	0.4437	0.5795
704	0.0	0.8528	0.5871	0.8528	0.6682	1.068
705	0.0	0.6583	0.4265	0.6583	0.4816	0.8805
706	0.0	0.4748	0.4003	0.4748	0.5731	0.6902
707	0.0	0.4268	0.5615	0.4268	0.7064	0.4742
708	0.0	0.3662	0.2877	0.3662	0.3826	0.4545
709	0.0	0.468	0.4298	0.468	0.5416	0.5929
710	0.0	0.4906	0.4574	0.4906	0.4979	0.5757
711	0.0	0.4987	0.3014	0.4987	0.3866	0.6398
712	0.0	0.4929	0.4287	0.4929	0.4711	0.5606
713	0.0	0.24	0.6746	0.24	0.7429	0.2901
714	0.0	0.776	0.593	0.776	0.7332	0.8623
715	0.0	0.5241	0.7124	0.5241	0.7969	0.568
716	0.0	0.6433	0.7721	0.6433	1.041	0.7346
717	0.0	0.8192	0.8851	0.8192	1.177	1.059
718	0.0	0.5377	0.5767	0.5377	0.6719	0.5948
719	0.0	0.4453	0.6175	0.4453	0.8443	0.5305
720	0.0	0.6294	1.01	0.6294	0.9656	0.9095
721	0.0	0.4837	0.4068	0.4837	0.5133	0.5539
722	0.0	0.8593	0.5496	0.8593	0.7664	0.909
723	0.0	0.9908	0.3922	0.9908	0.4382	1.162
724	0.0	0.4156	0.7708	0.4156	1.055	0.4593
725	0.0	0.5537	0.5472	0.5537	0.7005	0.8825
726	0.0	0.4753	0.4983	0.4753	0.5526	0.5313
727	0.0	0.8223	0.6291	0.8223	0.642	1.112
728	0.0	0.9407	0.9282	0.9407	1.355	1.26
729	0.0	0.3511	0.5109	0.3511	0.5744	0.5448
730	0.0	0.6667	0.4263	0.6667	0.5138	0.829
731	0.0	0.5051	0.4583	0.5051	0.6042	0.6528
732	0.0	0.4409	0.4269	0.4409	0.5329	0.5217
733	0.0	0.3283	0.6074	0.3283	0.7268	0.4499
734	0.0	0.1704	0.5718	0.1704	0.6394	0.2445
735	0.0	0.3442	0.3003	0.3442	0.4738	0.5203
736	0.0	0.6827	0.4856	0.6827	0.5614	0.933
737	0.0	0.7262	0.4398	0.7262	0.6173	0.84
738	0.0	0.2242	0.3618	0.2242	0.4019	0.3138
739	0.0	0.7365	0.7998	0.7365	0.9128	0.8615
740	0.0	0.7325	0.6302	0.7325	0.6966	0.9193
741	0.0	0.9175	0.7581	0.9175	1.091	1.097
742	0.0	0.6195	0.7892	0.6195	0.9935	0.7025
743	0.0	0.5097	0.6881	0.5097	0.7833	0.5278
744	0.0	0.4818	0.5189	0.4818	0.6288	0.5006
745	0.0	0.3129	0.7541	0.3129	1.011	0.3732
746	0.0	0.5424	0.5612	0.5424	0.7546	0.8429
747	0.0	0.9309	0.9148	0.9309	1.029	1.034
748	0.0	0.6111	0.5502	0.6111	0.6228	0.6365
749	0.0	0.7227	0.8316	0.7227	0.8862	0.7811
750	0.0	0.4966	0.8186	0.4966	0.8504	0.5618
751	0.0	1.031	0.7745	1.031	0.8906	1.221
752	0.0	0.6915	0.7094	0.6915	0.9807	0.993
753	0.0	0.7144	0.9029	0.7144	1.074	0.8852
754	0.0	0.7156	0.8377	0.7156	1.028	0.9432
755	0.0	0.328	0.368	0.328	0.518	0.4723
756	0.0	0.2788	0.3112	0.2788	0.4157	0.3905
757	0.0	0.7111	0.841	0.7111	0.9434	0.8705
758	0.0	0.6479	0.5366	0.6479	0.6087	0.9136
759	0.0	0.7794	0.6967	0.7794	0.8255	0.8523
760	0.0	0.4169	0.5107	0.4169	0.5786	0.5746
761	0.0	0.475	0.5322	0.475	0.6041	0.5778
762	0.0	0.8231	0.8245	0.8231	0.9038	0.9261
763	0.0	0.7722	0.7745	0.7722	0.8616	0.8989
764	0.0	0.4406	0.5284	0.4406	0.724	0.5283
765	0.0	0.4665	0.4031	0.4665	0.6108	0.6441
766	0.0	1.093	0.6102	1.093	0.7116	1.347
767	0.0	0.459	0.3242	0.459	0.4728	0.7376
768	0.0	0.4168	0.4198	0.4168	0.3986	0.4765
769	0.0	0.2126	0.4388	0.2126	0.4509	0.3324
770	0.0	0.4016	0.3816	0.4016	0.473	0.4872
771	0.0	0.7291	0.7271	0.7291	0.9642	0.875
772	0.0	0.3185	0.6218	0.3185	0.6948	0.5699
773	0.0	0.2541	0.2856	0.2541	0.3532	0.3103
774	0.0	0.8312	0.7914	0.8312	0.9838	1.066
775	0.0	0.7798	0.8224	0.7798	0.9017	0.9528
776	0.0	0.4253	0.3243	0.4253	0.417	0.5561
777	0.0	0.6224	0.9837	0.6224	1.075	0.6514
778	0.0	0.7542	0.9026	0.7542	0.9599	0.9588
779	0.0	0.936	0.7848	0.936	0.8854	0.9736
780	0.0	0.2549	0.4235	0.2549	0.4492	0.3401
781	0.0	0.7929	0.5117	0.7929	0.5716	0.8702
782	0.0	1.077	0.7212	1.077	0.8255	1.168
783	0.0	0.4103	0.32	0.4103	0.383	0.5052
784	0.0	0.8258	0.5641	0.8258	0.6022	1.013
785	0.0	0.4309	0.4819	0.4309	0.649	0.6661
786	0.0	0.2326	0.3241	0.2326	0.5237	0.3259
787	0.0	0.5396	1.283	0.5396	1.515	0.6668
788	0.0	0.3345	0.4462	0.3345	0.5573	0.4468
789	0.0	0.9328	0.6711	0.9328	0.787	1.218
790	0.0	0.8899	0.6963	0.8899	0.775	1.066
791	0.0	0.6729	0.6517	0.6729	0.6946	0.8072
792	0.0	0.4608	0.6351	0.4608	0.6928	0.5174
793	0.0	0.3392	0.4547	0.3392	0.5542	0.4337
794	0.0	0.4647	0.811	0.4647	0.8988	0.5195
795	0.0	0.3235	0.5723	0.3235	0.8082	0.5216
796	0.0	0.8322	0.5875	0.8322	0.7461	1.004
797	0.0	0.6383	0.9519	0.6383	1.073	0.7096
798	0.0	1.013	0.5685	1.013	0.6283	1.212
799	0.0	0.6203	0.9984	0.6203	1.132	0.7984
800	0.0	0.5223	0.3804	0.5223	0.4715	0.6176
801	0.0	0.9707	0.7454	0.9707	0.9591	1.296
802	0.0	0.8458	0.7107	0.8458	0.781	1.119
803	0.0	0.3616	0.4152	0.3616	0.5792	0.5254
804	0.0	0.4501	0.6949	0.4501	0.7523	0.5161
805	0.0	0.4167	0.3972	0.4167	0.4308	0.5601
806	0.0	0.3443	0.3925	0.3443	0.5032	0.4217
807	0.0	0.5512	0.6865	0.5512	0.8052	0.8365
808	0.0	0.6789	0.4666	0.6789	0.5313	0.6552
809	0.0	0.6861	0.621	0.6861	0.7561	0.804
810	0.0	0.4423	0.5074	0.4423	0.6847	0.6359
811	0.0	0.7238	0.9408	0.7238	1.071	1.063
812	0.0	0.4011	0.4165	0.4011	0.5542	0.5157
813	0.0	0.3105	0.4734	0.3105	0.6475	0.4349
814	0.0	0.6677	0.3945	0.6677	0.484	0.9237
815	0.0	0.3505	0.3409	0.3505	0.4596	0.4936
816	0.0	0.3987	0.4271	0.3987	0.5192	0.4584
817	0.0	0.2764	0.4245	0.2764	0.486	0.3294
818	0.0	0.7561	0.767	0.7561	0.8663	0.8631
819	0.0	0.7432	0.7555	0.7432	0.8602	0.8346
820	0.0	0.5824	0.5109	0.5824	0.6434	0.6478
821	0.0	0.3585	0.252	0.3585	0.2965	0.5396
822	0.0	0.7475	0.323	0.7475	0.3574	0.8574
823	0.0	0.5223	0.4472	0.5223	0.5007	0.6335
824	0.0	0.4352	0.6475	0.4352	0.7524	0.4734
825	0.0	0.629	0.4056	0.629	0.5962	0.7468
826	0.0	0.5084	0.7549	0.5084	0.86	0.732
827	0.0	0.9798	0.7319	0.9798	0.8215	1.236
828	0.0	0.6588	0.5322	0.6588	0.6472	0.821
829	0.0	0.5246	0.6511	0.5246	0.8095	0.835
830	0.0	0.7568	0.801	0.7568	0.9321	1.259
831	0.0	0.5042	0.4144	0.5042	0.405	0.596
832	0.0	0.8044	0.8863	0.8044	1.133	1.18
833	0.0	0.4102	0.5357	0.4102	0.7712	0.5515
834	0.0	0.5056	0.8056	0.5056	0.9145	0.6505
835	0.0	0.471	0.4308	0.471	0.4709	0.5841
836	0.0	0.4129	0.4792	0.4129	0.6583	0.4988
837	0.0	0.6146	0.3832	0.6146	0.5047	0.7779
838	0.0	0.4357	0.7455	0.4357	0.9218	0.4822
839	0.0	0.2868	0.4483	0.2868	0.7014	0.457
840	0.0	0.7786	0.5941	0.7786	0.677	0.9444
841	0.0	0.7302	0.6806	0.7302	0.81	0.8217
842	0.0	0.1982	0.4657	0.1982	0.5402	0.2793
843	0.0	0.9455	0.8876	0.9455	1.051	0.9928
844	0.0	0.6785	0.7357	0.6785	0.8443	0.771
845	0.0	1.004	0.7732	1.004	1.089	1.763
846	0.0	0.4181	0.5126	0.4181	0.6366	0.4839
847	0.0	0.7676	0.9761	0.7676	1.114	0.7997
848	0.0	0.3901	0.3592	0.3901	0.4532	0.5195
849	0.0	0.6564	0.3233	0.6564	0.3782	0.8275
850	0.0	0.556	0.6148	0.556	0.6139	0.7083
851	0.0	0.8012	0.5593	0.8012	0.6403	0.9856
852	0.0	0.7629	0.623	0.7629	0.6989	0.9061
853	0.0	0.5749	0.4933	0.5749	0.5625	0.6522
854	0.0	0.7371	0.6683	0.7371	0.7388	0.7545
855	0.0	0.6834	0.7227	0.6834	0.8152	0.7481
856	0.0	0.628	0.8702	0.628	0.9773	0.9025
857	0.0	0.4566	0.6667	0.4566	0.7512	0.566
858	0.0	0.5144	0.6504	0.5144	0.8095	0.5973
859	0.0	0.5523	0.4791	0.5523	0.5863	0.659
860	0.0	0.3099	0.2564	0.3099	0.3833	0.5243
861	0.0	0.9675	0.7836	0.9675	0.8562	1.13
862	0.0	0.7328	0.5356	0.7328	0.6362	0.9145
863	0.0	0.5659	0.6068	0.5659	0.7632	0.6673
864	0.0	0.3008	0.2278	0.3008	0.2882	0.3958
865	0.0	0.8789	0.8264	0.8789	0.9554	1.011
866	0.0	0.6442	0.7493	0.6442	0.8748	0.7267
867	0.0	0.6655	0.8844	0.6655	1.009	0.82
868	0.0	0.5665	0.3241	0.5665	0.399	0.6675
869	0.0	0.2758	0.2186	0.2758	0.357	0.4114
870	0.0	0.66	0.6733	0.66	0.7432	0.8277
871	0.0	0.3375	0.5026	0.3375	0.5197	0.4912
872	0.0	0.5877	0.5044	0.5877	0.5795	0.7465
873	0.0	0.2782	0.3614	0.2782	0.4121	0.3961
874	0.0	0.3382	0.4731	0.3382	0.6251	0.4281
875	0.0	0.3608	0.6533	0.3608	0.6965	0.4162
876	0.0	0.3379	0.3887	0.3379	0.4321	0.393
877	0.0	0.2618	0.3231	0.2618	0.5022	0.4679
878	0.0	0.6362	0.7036	0.6362	0.8111	0.831
879	0.0	0.6338	0.7357	0.6338	0.8459	0.8141
880	0.0	0.2601	0.3865	0.2601	0.4156	0.3515
881	0.0	0.6458	0.7472	0.6458	0.952	0.7111
882	0.0	0.6615	0.722	0.6615	0.7858	0.7464
883	0.0	0.6287	0.8866	0.6287	1.04	0.7293
884	0.0	0.4712	0.8584	0.4712	0.8937	0.5832
885	0.0	0.7313	0.5688	0.7313	0.6166	0.8218
886	0.0	0.7653	0.5225	0.7653	0.5243	0.868
887	0.0	0.8813	0.5664	0.8813	0.7689	1.011
888	0.0	0.6677	0.452	0.6677	0.4561	0.7133
889	0.0	0.4808	0.4211	0.4808	0.564	0.5938
890	0.0	0.3962	0.2348	0.3962	0.3336	0.5689
891	0.0	0.6908	0.6652	0.6908	0.8192	0.7489
892	0.0	0.2681	0.4193	0.2681	0.4917	0.4326
893	0.0	0.5886	1.143	0.5886	1.438	0.7565
894	0.0	0.7361	0.4993	0.7361	0.5454	0.8697
895	0.0	0.4166	0.6375	0.4166	0.6936	0.4659
896	0.0	0.4228	0.3416	0.4228	0.4099	0.4893
897	0.0	0.5237	0.4033	0.5237	0.5191	0.6685
898	0.0	0.6836	0.8023	0.6836	0.9731	0.7926
899	0.0	0.3704	0.3878	0.3704	0.5614	0.5973
900	0.0	0.5874	0.8259	0.5874	0.9732	0.7361
901	0.0	0.7247	0.8611	0.7247	1.133	0.8422
902	0.0	0.8036	0.6001	0.8036	0.7345	0.8703
903	0.0	0.6546	0.6929	0.6546	0.7538	0.8821
904	0.0	0.5598	0.638	0.5598	0.7316	0.7449
905	0.0	0.6876	0.6648	0.6876	0.707	0.784
906	0.0	0.6423	0.688	0.6423	0.7834	0.7171
907	0.0	0.3102	0.3121	0.3102	0.4339	0.4155
908	0.0	0.6595	0.9421	0.6595	1.052	0.8142
909	0.0	0.7484	0.7574	0.7484	0.8325	0.9003
910	0.0	0.3413	0.2813	0.3413	0.3872	0.4083
911	0.0	0.3227	0.5903	0.3227	0.7372	0.4744
912	0.0	0.7489	0.691	0.7489	0.7572	0.8678
913	0.0	0.6081	0.8693	0.6081	0.9447	0.8173
914	0.0	0.3292	0.4755	0.3292	0.6959	0.432
915	0.0	0.8853	0.8819	0.8853	1.035	1.09
916	0.0	0.376	0.4764	0.376	0.5569	0.524
917	0.0	0.6431	0.5249	0.6431	0.6295	0.7787
918	0.0	0.4674	0.4118	0.4674	0.4425	0.5055
919	0.0	0.2786	0.2842	0.2786	0.4147	0.3463
920	0.0	0.5221	0.3545	0.5221	0.3817	0.5777
921	0.0	0.3444	0.4439	0.3444	0.4592	0.4652
922	0.0	0.71	0.553	0.71	0.6005	0.8709
923	0.0	0.5363	0.8188	0.5363	1.021	0.5868
924	0.0	0.7073	0.7789	0.7073	0.8594	0.8618
925	0.0	0.7703	0.4507	0.7703	0.6172	0.9672
926	0.0	0.6382	0.4777	0.6382	0.5471	0.6776
927	0.0	0.4728	0.3853	0.4728	0.4664	0.6503
928	0.0	0.3758	0.3316	0.3758	0.3569	0.4571
929	0.0	0.6853	0.6269	0.6853	0.7382	0.8236
930	0.0	1.015	0.717	1.015	0.8613	1.144
931	0.0	1.04	0.7534	1.04	0.8554	1.212
932	0.0	0.6624	0.6779	0.6624	0.7977	0.7433
933	0.0	0.358	0.5247	0.358	0.6697	0.4775
934	0.0	0.6941	0.5556	0.6941	0.6245	0.942
935	0.0	0.553	0.4993	0.553	0.4882	0.5954
936	0.0	0.876	0.7566	0.876	0.8604	1.172
937	0.0	0.3758	0.3372	0.3758	0.5233	0.5594
938	0.0	0.5027	0.4593	0.5027	0.6504	0.652
939	0.0	0.4568	0.3077	0.4568	0.373	0.5506
940	0.0	0.5503	0.4076	0.5503	0.6233	0.7356
941	0.0	0.4305	0.4913	0.4305	0.5089	0.6087
942	0.0	0.6045	0.8074	0.6045	0.9019	0.6636
943	0.0	0.2485	0.3608	0.2485	0.5357	0.3358
944	0.0	1.069	0.4164	1.069	0.477	1.34
945	0.0	0.7504	0.4195	0.7504	0.4685	0.9025
946	0.0	0.2204	0.437	0.2204	0.582	0.3563
947	0.0	0.5967	0.4303	0.5967	0.4998	0.713
948	0.0	0.5637	0.7914	0.5637	0.8621	0.7027
949	0.0	0.6028	0.7053	0.6028	1.086	0.8679
950	0.0	0.3625	0.4519	0.3625	0.5695	0.469
951	0.0	0.9674	0.6595	0.9674	0.7519	1.168
952	0.0	0.378	0.5962	0.378	0.6988	0.5018
953	0.0	0.3911	0.46	0.3911	0.6161	0.4495
954	0.0	0.4418	0.3523	0.4418	0.4689	0.551
955	0.0	0.5615	0.8135	0.5615	0.9781	0.6363
956	0.0	0.6434	0.622	0.6434	0.6797	0.7714
957	0.0	0.4165	0.7351	0.4165	0.8597	0.4373
958	0.0	0.7062	0.4213	0.7062	0.4673	0.7656
959	0.0	0.9311	0.8441	0.9311	0.8374	1.074
960	0.0	0.7289	0.5541	0.7289	0.7659	0.9792
961	0.0	0.7042	0.3971	0.7042	0.4275	0.7947
962	0.0	0.7392	0.8901	0.7392	1.16	1.061
963	0.0	0.2411	0.7241	0.2411	0.8891	0.3934
964	0.0	0.2333	0.443	0.2333	0.5368	0.3535
965	0.0	1.104	0.8528	1.104	1.097	1.246
966	0.0	0.7889	0.7569	0.7889	0.9218	0.9245
967	0.0	0.5284	0.6439	0.5284	0.7526	0.591
968	0.0	0.28	0.3915	0.28	0.5339	0.3156
969	0.0	0.5638	0.4688	0.5638	0.6034	0.7195
970	0.0	1.043	0.7234	1.043	0.7376	1.254
971	0.0	0.9395	0.718	0.9395	0.7905	1.128
972	0.0	0.4561	0.4397	0.4561	0.5578	0.5583
973	0.0	0.2666	0.6069	0.2666	0.8403	0.3329
974	0.0	0.4839	0.6434	0.4839	0.8419	0.5221
975	0.0	0.3306	0.3102	0.3306	0.4349	0.4753
976	0.0	0.4112	0.3623	0.4112	0.4197	0.5346
977	0.0	0.2804	0.187	0.2804	0.2677	0.3505
978	0.0	0.4763	0.481	0.4763	0.5422	0.614
979	0.0	0.3314	0.6138	0.3314	0.7234	0.4263
980	0.0	0.3447	0.1881	0.3447	0.3397	0.448
981	0.0	0.3474	0.2577	0.3474	0.3363	0.4538
982	0.0	0.7809	0.785	0.7809	1.021	0.9679
983	0.0	0.6598	0.5894	0.6598	0.6457	0.9238
984	0.0	0.1894	0.4698	0.1894	0.5546	0.236
985	0.0	0.4869	0.5785	0.4869	0.6989	0.5546
986	0.0	0.781	0.6627	0.781	0.743	0.8543
987	0.0	1.072	0.8716	1.072	1.044	1.424
988	0.0	0.6485	0.4518	0.6485	0.5406	0.7395
989	0.0	0.7501	0.717	0.7501	0.8063	0.8992
990	0.0	0.7721	0.6732	0.7721	0.7825	0.8704
991	0.0	0.4405	0.4749	0.4405	0.6669	0.6304
992	0.0	0.8876	0.4277	0.8876	0.457	1.097
993	0.0	0.4271	0.3971	0.4271	0.577	0.6689
994	0.0	0.3587	0.2553	0.3587	0.3489	0.5981
995	0.0	0.7372	0.9071	0.7372	1.06	0.9168
996	0.0	0.3908	0.406	0.3908	0.5209	0.5396
997	0.0	0.9249	1.059	0.9249	1.341	1.16
998	0.0	0.3525	0.4828	0.3525	0.5104	0.4019
999	0.0	0.4722	0.7524	0.4722	0.7966	0.5142
1000	0.0	0.4196	0.8073	0.4196	0.8972	0.5066
1001	0.0	0.2614	0.2681	0.2614	0.3743	0.3003
1002	0.0	0.539	0.5114	0.539	0.5461	0.6569
1003	0.0	0.2136	0.4888	0.2136	0.5558	0.3144
1004	0.0	0.4202	0.6916	0.4202	0.9214	0.5441
1005	0.0	0.7999	0.8101	0.7999	0.8958	0.8846
1006	0.0	0.6404	0.5304	0.6404	0.6917	0.8842
1007	0.0	0.8303	0.513	0.8303	0.5797	1.025
1008	0.0	0.5986	0.5002	0.5986	0.5674	0.6499
1009	0.0	1.002	0.9025	1.002	1.232	1.393
1010	0.0	0.196	0.4281	0.196	0.6444	0.2284
1011	0.0	0.4004	0.3004	0.4004	0.4199	0.4662
1012	0.0	0.5873	0.9576	0.5873	1.184	0.6245
1013	0.0	0.7401	0.5061	0.7401	0.6656	0.8178
1014	0.0	0.2232	0.4699	0.2232	0.5415	0.3024
1015	0.0	0.6444	0.6723	0.6444	0.8015	0.7869
1016	0.0	0.6589	0.7865	0.6589	1.107	0.9555
1017	0.0	0.7254	0.6629	0.7254	0.7592	0.9426
1018	0.0	0.4573	0.3726	0.4573	0.5111	0.5295
1019	0.0	0.6898	0.4765	0.6898	0.669	0.8016
1020	0.0	0.3934	0.4197	0.3934	0.5678	0.5508
1021	0.0	0.3759	0.5284	0.3759	0.6439	0.5893
1022	0.0	0.6485	0.5766	0.6485	0.7053	0.8863
1023	0.0	0.2868	0.4976	0.2868	0.5127	0.4275
1024	0.0	0.2764	0.411	0.2764	0.5059	0.3227
1025	0.0	0.3197	0.284	0.3197	0.3388	0.3823
1026	0.0	0.6586	0.8653	0.6586	0.9582	0.807
1027	0.0	0.7352	0.6927	0.7352	0.7118	0.8391
1028	0.0	0.6605	0.4971	0.6605	0.6022	0.7806
1029	0.0	0.5071	0.8878	0.5071	1.118	0.5415
1030	0.0	0.59	0.7577	0.59	0.9296	0.6985
1031	0.0	0.3678	0.431	0.3678	0.5178	0.4711
1032	0.0	0.5662	0.5437	0.5662	0.646	0.7566
1033	0.0	0.5647	0.3637	0.5647	0.462	0.7204
1034	0.0	0.5632	0.9236	0.5632	1.172	0.7291
1035	0.0	0.6948	1.061	0.6948	1.151	0.9053
1036	0.0	0.3033	0.577	0.3033	0.8342	0.519
1037	0.0	0.5051	0.6169	0.5051	0.9851	0.9064
1038	0.0	0.6361	0.597	0.6361	0.7112	0.7792
1039	0.0	0.9889	0.3574	0.9889	0.3839	1.542
1040	0.0	0.7141	0.828	0.7141	0.9181	0.9533
