Step	Loss(S)	Loss(T)	fwd_S	fwd_T	rev_S	rev_T
1	0.0	5.242	8.258	6.848	6.248	5.242
2	0.0	4.572	7.288	6.103	5.651	4.572
3	0.0	4.906	4.507	6.671	3.402	4.906
4	0.0	0.9482	6.803	1.025	5.856	0.9482
5	0.0	4.532	5.854	6.706	4.895	4.532
6	0.0	3.728	3.096	3.568	2.97	3.728
7	0.0	4.578	6.725	4.732	5.049	4.578
8	0.0	3.039	3.157	3.625	2.964	3.039
9	0.0	1.251	3.813	1.426	3.933	1.251
10	0.0	3.43	5.023	3.761	5.832	3.43
11	0.0	2.288	2.092	2.565	2.411	2.288
12	0.0	1.887	1.999	2.121	2.113	1.887
13	0.0	2.232	2.178	2.297	2.371	2.232
14	0.0	3.72	2.656	3.484	2.932	3.72
15	0.0	1.088	1.564	1.203	1.671	1.088
16	0.0	3.334	2.056	2.807	2.395	3.334
17	0.0	2.29	2.218	2.088	2.639	2.29
18	0.0	2.757	2.164	2.407	2.211	2.757
19	0.0	1.798	1.524	2.028	1.552	1.798
20	0.0	1.735	4.115	1.745	3.603	1.735
21	0.0	2.846	1.304	2.859	1.389	2.846
22	0.0	2.572	2.664	2.776	2.622	2.572
23	0.0	1.967	1.895	2.401	2.247	1.967
24	0.0	3.246	2.28	3.108	2.683	3.246
25	0.0	1.458	1.967	1.373	2.008	1.458
26	0.0	0.9056	2.693	0.8979	2.87	0.9056
27	0.0	0.8288	2.203	0.7364	2.258	0.8288
28	0.0	1.268	1.168	1.02	1.343	1.268
29	0.0	1.17	1.71	1.185	1.654	1.17
30	0.0	1.558	1.014	1.277	1.273	1.558
31	0.0	2.15	2.934	2.159	2.241	2.15
32	0.0	1.861	0.8412	1.418	0.9278	1.861
33	0.0	1.705	1.865	2.021	1.902	1.705
34	0.0	1.935	1.516	2.164	1.207	1.935
35	0.0	1.553	1.536	1.701	1.494	1.553
36	0.0	1.186	1.067	1.295	0.9899	1.186
37	0.0	0.7351	1.201	0.6814	1.236	0.7351
38	0.0	0.8731	1.445	0.9025	1.188	0.8731
39	0.0	1.121	1.068	1.491	0.7838	1.121
40	0.0	0.7291	0.6178	0.8504	0.5264	0.7291
41	0.0	1.15	0.5887	1.019	0.5703	1.15
42	0.0	0.6662	1.01	0.7607	0.8069	0.6662
43	0.0	1.097	0.6446	1.232	0.6456	1.097
44	0.0	0.6184	0.7257	0.6695	0.7706	0.6184
45	0.0	0.4857	0.8529	0.6701	0.8221	0.4857
46	0.0	1.205	2.565	0.8986	2.369	1.205
47	0.0	0.8408	0.7384	0.8622	0.6441	0.8408
48	0.0	1.123	0.8632	0.8914	0.6264	1.123
49	0.0	0.6586	2.242	0.7005	1.62	0.6586
50	0.0	1.532	0.743	1.705	0.6369	1.532
51	0.0	1.684	1.386	1.819	0.9934	1.684
52	0.0	1.854	0.3646	2.325	0.3546	1.854
53	0.0	0.775	1.588	0.977	1.28	0.775
54	0.0	1.32	1.426	1.477	1.258	1.32
55	0.0	0.5756	0.6778	0.5778	0.6665	0.5756
56	0.0	1.114	1.126	1.405	1.026	1.114
57	0.0	0.6652	1.315	0.8275	0.9687	0.6652
58	0.0	1.252	0.5257	1.457	0.4288	1.252
59	0.0	1.389	1.427	1.67	1.278	1.389
60	0.0	0.6037	0.5598	0.8052	0.4969	0.6037
61	0.0	0.8511	2.784	1.13	2.062	0.8511
62	0.0	1.31	1.255	1.309	1.112	1.31
63	0.0	1.276	0.6343	1.507	0.4899	1.276
64	0.0	0.966	1.866	0.9322	1.536	0.966
65	0.0	0.6269	1.026	0.7229	0.9803	0.6269
66	0.0	1.122	1.408	1.2	1.239	1.122
67	0.0	0.4755	0.9838	0.5469	0.7165	0.4755
68	0.0	1.446	1.14	1.475	1.151	1.446
69	0.0	0.8046	0.882	0.9394	0.8558	0.8046
70	0.0	0.6643	1.33	0.6049	1.419	0.6643
71	0.0	1.288	1.844	1.132	1.655	1.288
72	0.0	0.9742	1.541	1.145	1.166	0.9742
73	0.0	0.9974	1.158	1.365	1.059	0.9974
74	0.0	1.801	1.196	1.794	0.982	1.801
75	0.0	0.5727	0.8612	0.7024	0.6902	0.5727
76	0.0	0.8457	1.438	1.029	1.217	0.8457
77	0.0	0.5842	1.116	0.5778	1.218	0.5842
78	0.0	0.4431	0.5224	0.5121	0.507	0.4431
79	0.0	1.045	0.9648	1.084	0.8046	1.045
80	0.0	0.7685	1.591	1.079	1.215	0.7685
81	0.0	1.464	1.052	1.709	0.9845	1.464
82	0.0	0.5204	1.087	0.6536	0.8598	0.5204
83	0.0	1.015	1.719	1.01	1.323	1.015
84	0.0	0.467	0.3043	0.4365	0.2981	0.467
85	0.0	0.8749	0.6331	0.7917	0.572	0.8749
86	0.0	0.6583	1.056	0.7013	1.211	0.6583
87	0.0	0.8452	0.6074	0.7421	0.532	0.8452
88	0.0	0.2797	0.5178	0.308	0.5281	0.2797
89	0.0	0.4164	0.4027	0.41	0.3845	0.4164
90	0.0	0.8205	0.9782	0.9129	0.9214	0.8205
91	0.0	0.9751	1.144	1.093	0.9431	0.9751
92	0.0	1.8	1.409	1.637	1.52	1.8
93	0.0	1.173	1.415	1.28	1.357	1.173
94	0.0	0.691	1.159	0.798	0.9383	0.691
95	0.0	0.4827	0.4405	0.5283	0.3745	0.4827
96	0.0	0.6267	1.098	0.6561	0.8888	0.6267
97	0.0	1.025	0.7624	0.9681	0.6384	1.025
98	0.0	1.285	1.415	1.415	1.201	1.285
99	0.0	1.089	1.477	1.44	1.235	1.089
100	0.0	0.9013	1.497	0.8239	1.406	0.9013
101	0.0	0.7198	1.063	0.9292	0.8026	0.7198
102	0.0	0.9922	0.9499	1.216	0.795	0.9922
103	0.0	1.058	1.817	1.337	1.59	1.058
104	0.0	1.238	1.707	1.297	1.503	1.238
105	0.0	0.7658	0.8474	0.7697	0.7641	0.7658
106	0.0	0.5272	1.216	0.5728	1.04	0.5272
107	0.0	1.092	0.3288	1.149	0.2767	1.092
108	0.0	0.5812	0.9068	0.5754	0.8252	0.5812
109	0.0	1.294	0.2981	1.309	0.2746	1.294
110	0.0	0.816	0.8978	1.035	0.8754	0.816
111	0.0	0.3477	0.3119	0.3716	0.422	0.3477
112	0.0	1.607	2.355	1.818	1.776	1.607
113	0.0	0.6532	0.4033	0.6547	0.3401	0.6532
114	0.0	0.4614	1.234	0.4259	1.083	0.4614
115	0.0	0.9475	0.8927	1.084	0.8213	0.9475
116	0.0	1.138	1.224	1.431	1.087	1.138
117	0.0	1.241	1.284	1.3	1.153	1.241
118	0.0	0.5366	1.075	0.4721	1.218	0.5366
119	0.0	1.047	1.018	1.317	0.8932	1.047
120	0.0	0.5686	1.49	0.6231	1.273	0.5686
121	0.0	0.6091	0.7045	0.6695	0.7239	0.6091
122	0.0	0.7234	0.5693	0.7144	0.5764	0.7234
123	0.0	0.7627	0.9555	0.9724	0.7677	0.7627
124	0.0	0.8294	1.106	1.009	0.9436	0.8294
125	0.0	0.8665	0.8631	1.238	0.6493	0.8665
126	0.0	0.851	0.7983	0.9576	0.6522	0.851
127	0.0	0.891	1.333	1.089	1.021	0.891
128	0.0	1.528	1.476	1.422	1.468	1.528
129	0.0	0.9653	0.4821	1.057	0.4158	0.9653
130	0.0	1.144	1.119	1.35	0.8849	1.144
131	0.0	1.218	0.8464	1.484	0.7281	1.218
132	0.0	0.6159	0.6053	0.6203	0.542	0.6159
133	0.0	0.8742	0.9893	1.105	0.8451	0.8742
134	0.0	1.411	1.737	1.207	1.496	1.411
135	0.0	1.024	0.6521	1.209	0.5832	1.024
136	0.0	0.3592	0.3703	0.3608	0.3872	0.3592
137	0.0	1.189	1.044	1.46	0.8025	1.189
138	0.0	0.9593	1.091	1.182	0.9227	0.9593
139	0.0	1.264	0.7115	1.623	0.6529	1.264
140	0.0	0.4173	0.7842	0.4759	0.6111	0.4173
141	0.0	0.5033	0.8733	0.4319	0.9274	0.5033
142	0.0	0.74	1.259	0.8042	0.9321	0.74
143	0.0	0.7136	0.6532	0.7503	0.6419	0.7136
144	0.0	0.6076	0.6563	0.6962	0.4284	0.6076
145	0.0	0.3281	0.8938	0.3365	0.8847	0.3281
146	0.0	0.4489	0.5701	0.5413	0.5145	0.4489
147	0.0	0.5281	1.357	0.6073	1.229	0.5281
148	0.0	0.5426	0.5444	0.6313	0.4661	0.5426
149	0.0	0.4066	0.3954	0.5107	0.401	0.4066
150	0.0	0.693	1.662	0.8022	1.531	0.693
151	0.0	0.9938	0.9401	1.134	0.8339	0.9938
152	0.0	0.337	0.4624	0.3468	0.4561	0.337
153	0.0	1.316	1.536	1.236	1.393	1.316
154	0.0	0.9466	1.105	1.033	0.9945	0.9466
155	0.0	1.319	1.326	1.534	1.067	1.319
156	0.0	0.6046	1.6	0.6674	1.296	0.6046
157	0.0	1.152	0.9305	1.33	0.7156	1.152
158	0.0	0.701	0.9607	0.9251	0.7992	0.701
159	0.0	0.3916	0.5186	0.3738	0.4137	0.3916
160	0.0	0.603	0.7052	0.6978	0.5647	0.603
161	0.0	0.6908	0.8662	0.6803	0.8894	0.6908
162	0.0	0.4999	0.3403	0.5351	0.3571	0.4999
163	0.0	1.898	1.989	2.216	1.42	1.898
164	0.0	0.3759	0.408	0.4113	0.3794	0.3759
165	0.0	1.394	1.694	1.653	1.495	1.394
166	0.0	1.092	1.195	1.169	1.134	1.092
167	0.0	0.6699	1.291	0.7566	0.9861	0.6699
168	0.0	0.6505	0.826	0.6969	0.7423	0.6505
169	0.0	0.7578	0.3971	0.938	0.3655	0.7578
170	0.0	0.9824	0.5961	0.984	0.5261	0.9824
171	0.0	0.7294	1.084	0.8256	0.9535	0.7294
172	0.0	1.202	0.9783	1.463	0.848	1.202
173	0.0	1.298	0.9981	1.348	0.9381	1.298
174	0.0	1.259	0.5542	1.354	0.4813	1.259
175	0.0	1.368	0.9881	1.487	0.9265	1.368
176	0.0	0.7886	1.522	0.9618	1.143	0.7886
177	0.0	1.305	1.649	1.285	1.404	1.305
178	0.0	0.9788	0.4094	1.003	0.4401	0.9788
179	0.0	0.4967	0.5953	0.5494	0.5795	0.4967
180	0.0	0.9439	1.897	1.14	1.655	0.9439
181	0.0	0.7112	0.9527	0.7905	0.9324	0.7112
182	0.0	0.3999	0.5729	0.3489	0.5589	0.3999
183	0.0	0.4768	0.2808	0.4291	0.2729	0.4768
184	0.0	0.585	1.019	0.6658	0.759	0.585
185	0.0	1.491	1.04	1.353	0.9897	1.491
186	0.0	0.4639	0.6948	0.5565	0.6068	0.4639
187	0.0	1.025	0.9245	1.122	0.8295	1.025
188	0.0	0.8734	0.4266	1.028	0.3426	0.8734
189	0.0	0.519	1.332	0.6335	1.107	0.519
190	0.0	0.4414	0.4933	0.4706	0.4404	0.4414
191	0.0	0.5584	0.4208	0.5188	0.4198	0.5584
192	0.0	0.3752	0.4213	0.4397	0.4031	0.3752
193	0.0	0.3202	0.8625	0.3283	0.848	0.3202
194	0.0	1.138	0.6373	1.171	0.5692	1.138
195	0.0	0.5707	0.9835	0.5992	0.8446	0.5707
196	0.0	0.8073	1.052	0.9058	0.9114	0.8073
197	0.0	0.8997	1.116	0.8516	1.009	0.8997
198	0.0	1.398	0.5366	1.413	0.4896	1.398
199	0.0	0.5205	0.5119	0.5885	0.4738	0.5205
200	0.0	0.5086	0.8015	0.567	0.7746	0.5086
201	0.0	0.4197	0.7317	0.4262	0.7192	0.4197
202	0.0	1.144	1.084	1.295	1.245	1.144
203	0.0	0.9801	0.4462	1.299	0.382	0.9801
204	0.0	0.7752	1.002	0.7861	0.7191	0.7752
205	0.0	1.204	1.45	1.628	0.9851	1.204
206	0.0	0.971	1.182	1.267	0.9842	0.971
207	0.0	0.6707	1.005	0.6831	0.695	0.6707
208	0.0	1.215	1.399	1.129	1.286	1.215
209	0.0	0.6633	1.005	0.9369	1.067	0.6633
210	0.0	0.6496	0.5412	0.6731	0.5831	0.6496
211	0.0	0.4127	0.7073	0.5054	0.662	0.4127
212	0.0	0.8325	0.6393	0.7781	0.5622	0.8325
213	0.0	1.494	0.5393	1.773	0.5763	1.494
214	0.0	0.8351	0.4119	0.9218	0.3407	0.8351
215	0.0	0.5122	0.5273	0.471	0.5008	0.5122
216	0.0	1.162	1.927	1.519	1.529	1.162
217	0.0	1.435	1.063	1.307	1.211	1.435
218	0.0	0.3508	0.3791	0.3647	0.2935	0.3508
219	0.0	0.935	1.221	1.112	0.9529	0.935
220	0.0	1.183	0.7665	1.257	0.623	1.183
221	0.0	1.036	1.113	1.124	1.038	1.036
222	0.0	1.507	0.6925	1.141	0.7255	1.507
223	0.0	1.225	1.405	1.571	1.208	1.225
224	0.0	0.3369	0.3926	0.4237	0.3415	0.3369
225	0.0	0.5208	0.3129	0.5425	0.2661	0.5208
226	0.0	0.9506	0.8235	1.098	0.7945	0.9506
227	0.0	0.7156	0.9333	0.842	0.7604	0.7156
228	0.0	0.7203	0.8762	0.8128	0.7566	0.7203
229	0.0	0.8302	0.3472	0.9424	0.3893	0.8302
230	0.0	0.6011	0.8475	0.657	0.77	0.6011
231	0.0	0.7922	1.041	0.9131	0.781	0.7922
232	0.0	0.569	1.159	0.5915	1.296	0.569
233	0.0	0.9391	0.8824	1.2	0.7471	0.9391
234	0.0	0.9449	0.8387	1.054	0.7987	0.9449
235	0.0	0.483	0.7562	0.4941	0.6729	0.483
236	0.0	0.4689	0.355	0.533	0.3482	0.4689
237	0.0	0.9681	0.8644	1.122	0.728	0.9681
238	0.0	1.667	0.7751	1.722	0.7229	1.667
239	0.0	0.7025	1.226	0.8327	0.9045	0.7025
240	0.0	0.6964	0.7189	0.6355	0.8028	0.6964
241	0.0	0.7749	1.323	0.8948	1.27	0.7749
242	0.0	1.102	1.108	1.284	0.9439	1.102
243	0.0	1.007	0.8661	1.224	0.7848	1.007
244	0.0	0.6439	0.7108	0.6484	0.6748	0.6439
245	0.0	0.3724	0.4986	0.3564	0.4624	0.3724
246	0.0	0.4303	0.4304	0.4857	0.3861	0.4303
247	0.0	0.373	0.5148	0.371	0.4919	0.373
248	0.0	0.4191	0.8453	0.4697	0.7235	0.4191
249	0.0	0.1729	0.5504	0.1675	0.5004	0.1729
250	0.0	0.4569	0.4438	0.4896	0.3849	0.4569
251	0.0	0.3951	0.7135	0.4348	0.5945	0.3951
252	0.0	0.3337	0.4323	0.3486	0.4527	0.3337
253	0.0	0.4123	0.4004	0.4499	0.4058	0.4123
254	0.0	1.057	0.8776	1.14	0.7077	1.057
255	0.0	0.8624	0.8042	1.016	0.6383	0.8624
256	0.0	0.2244	0.3208	0.2432	0.3058	0.2244
257	0.0	0.8565	1.368	0.8003	1.152	0.8565
258	0.0	0.9175	0.8578	1.229	0.6905	0.9175
259	0.0	1.338	0.8692	1.651	0.6548	1.338
260	0.0	0.1047	0.5024	0.1582	0.4294	0.1047
261	0.0	0.9584	1.008	1.168	0.8957	0.9584
262	0.0	0.7694	0.8504	0.866	0.6707	0.7694
263	0.0	0.3032	0.8842	0.3433	0.8136	0.3032
264	0.0	0.9913	1.002	1.252	0.8086	0.9913
265	0.0	0.5003	0.7445	0.5331	0.6994	0.5003
266	0.0	0.4395	0.3308	0.5275	0.2914	0.4395
267	0.0	0.7947	1.09	0.9099	0.9179	0.7947
268	0.0	0.5242	0.4272	0.5274	0.3563	0.5242
269	0.0	1.48	1.234	1.668	1.072	1.48
270	0.0	0.6226	0.384	0.6294	0.3354	0.6226
271	0.0	0.622	0.8358	0.7217	0.661	0.622
272	0.0	0.7844	1.494	0.8819	1.144	0.7844
273	0.0	0.4042	0.6921	0.4449	0.4459	0.4042
274	0.0	0.4981	0.8682	0.5831	0.7678	0.4981
275	0.0	0.9492	0.6667	0.7811	0.6002	0.9492
276	0.0	0.7242	0.8195	0.7821	0.9056	0.7242
277	0.0	1.018	0.4963	1.058	0.4329	1.018
278	0.0	1.082	0.6177	1.085	0.5406	1.082
279	0.0	1.094	0.5938	1.188	0.5566	1.094
280	0.0	0.5881	0.7079	0.5505	0.6711	0.5881
281	0.0	1.084	0.6748	1.46	0.5959	1.084
282	0.0	0.6203	0.7668	0.7237	0.8506	0.6203
283	0.0	0.4737	0.5235	0.4502	0.5458	0.4737
284	0.0	0.5288	0.1228	0.5926	0.11	0.5288
285	0.0	0.8968	0.6739	0.8075	0.7334	0.8968
286	0.0	0.3184	0.4099	0.3288	0.3955	0.3184
287	0.0	0.6074	0.3887	0.6632	0.4395	0.6074
288	0.0	0.8337	0.6799	1.244	0.5709	0.8337
289	0.0	0.9506	0.8046	0.995	0.7563	0.9506
290	0.0	0.4375	0.7982	0.5303	0.7077	0.4375
291	0.0	0.6866	0.8611	0.7511	0.7738	0.6866
292	0.0	0.3759	0.1635	0.5503	0.1393	0.3759
293	0.0	0.4883	0.6855	0.497	0.623	0.4883
294	0.0	0.4593	0.5506	0.5164	0.4532	0.4593
295	0.0	0.3928	1.342	0.4246	1.112	0.3928
296	0.0	0.4086	0.3112	0.4608	0.2434	0.4086
297	0.0	0.5497	0.3663	0.6458	0.352	0.5497
298	0.0	0.6156	1.285	0.7033	1.073	0.6156
299	0.0	0.8708	0.6521	1.031	0.6304	0.8708
300	0.0	0.5907	1.059	0.6786	0.879	0.5907
301	0.0	1.208	0.5887	1.151	0.5708	1.208
302	0.0	0.684	0.9958	0.7757	0.8394	0.684
303	0.0	0.6113	0.3997	0.597	0.3563	0.6113
304	0.0	1.164	0.5558	1.15	0.5015	1.164
305	0.0	0.7026	0.7683	0.7059	0.727	0.7026
306	0.0	1.123	0.9652	1.241	0.8738	1.123
307	0.0	1.118	0.8941	1.347	0.7652	1.118
308	0.0	0.5906	0.4971	0.6566	0.4181	0.5906
309	0.0	0.8841	1.762	1.331	0.9242	0.8841
310	0.0	0.8615	0.9427	0.9274	0.8637	0.8615
311	0.0	0.6461	1.283	0.7291	1.106	0.6461
312	0.0	0.7235	1.319	0.8004	1.237	0.7235
313	0.0	0.5403	0.5638	0.5665	0.5713	0.5403
314	0.0	0.6968	0.7384	0.8415	0.8601	0.6968
315	0.0	0.5515	0.3974	0.6999	0.3915	0.5515
316	0.0	0.411	0.6454	0.4488	0.5434	0.411
317	0.0	0.8584	0.4585	1.326	0.4638	0.8584
318	0.0	0.5528	0.9466	0.5801	0.7098	0.5528
319	0.0	0.4726	0.306	0.3908	0.5797	0.4726
320	0.0	1.227	1.124	1.548	1.029	1.227
321	0.0	0.4322	0.6072	0.3876	0.5799	0.4322
322	0.0	0.2793	0.2777	0.423	0.2376	0.2793
323	0.0	1.035	0.8155	1.1	0.6787	1.035
324	0.0	0.9734	0.6651	1.081	0.5518	0.9734
325	0.0	1.177	1.466	1.212	1.239	1.177
326	0.0	0.5173	0.6488	0.6068	0.5454	0.5173
327	0.0	1.237	1.061	1.636	0.8124	1.237
328	0.0	0.4049	0.2563	0.4815	0.2374	0.4049
329	0.0	0.6885	1.187	0.7275	1.169	0.6885
330	0.0	0.6707	0.6536	0.6718	0.6362	0.6707
331	0.0	0.7497	0.07494	1.021	0.06546	0.7497
332	0.0	0.7242	1.017	0.6627	0.9534	0.7242
333	0.0	0.487	0.7427	0.6272	0.5458	0.487
334	0.0	0.7203	0.8236	0.8741	0.6324	0.7203
335	0.0	0.6933	1.218	0.8654	0.9214	0.6933
336	0.0	0.7197	1.273	0.7206	1.133	0.7197
337	0.0	0.9551	0.8614	1.204	0.6852	0.9551
338	0.0	1.101	0.944	0.9803	0.7997	1.101
339	0.0	0.3317	0.8445	0.3156	0.7664	0.3317
340	0.0	0.4775	0.3743	0.4746	0.4251	0.4775
341	0.0	1.159	0.4572	1.434	0.3898	1.159
342	0.0	1.073	0.2347	1.195	0.2151	1.073
343	0.0	0.7563	1.342	0.8969	1.171	0.7563
344	0.0	0.5405	0.4904	0.5574	0.4681	0.5405
345	0.0	1.234	0.6691	1.356	0.612	1.234
346	0.0	0.8693	1.086	1.073	0.8489	0.8693
347	0.0	1.145	1.222	1.459	0.9457	1.145
348	0.0	0.7791	0.5779	0.7232	0.4767	0.7791
349	0.0	0.3788	0.2892	0.4241	0.3255	0.3788
350	0.0	0.6695	0.9165	0.7148	0.7897	0.6695
351	0.0	0.5207	0.5188	0.4745	0.5678	0.5207
352	0.0	0.6824	0.564	0.7447	0.3083	0.6824
353	0.0	0.2557	0.3104	0.2574	0.2864	0.2557
354	0.0	0.4041	0.5345	0.4655	0.5231	0.4041
355	0.0	0.3455	0.4947	0.3938	0.4659	0.3455
356	0.0	0.4293	0.4697	0.4028	0.4255	0.4293
357	0.0	0.4894	0.4068	0.3219	0.3599	0.4894
358	0.0	0.695	1.343	1.058	1.008	0.695
359	0.0	0.9043	1.04	1.153	0.8214	0.9043
360	0.0	1.185	0.7027	1.057	0.6795	1.185
361	0.0	0.8557	1.143	1.07	1.023	0.8557
362	0.0	1.078	0.7746	1.287	0.6607	1.078
363	0.0	0.9593	1.096	1.032	0.924	0.9593
364	0.0	0.7012	1.082	0.7811	0.8852	0.7012
365	0.0	1.095	0.6721	1.291	0.6171	1.095
366	0.0	0.6513	0.8286	0.7808	0.7458	0.6513
367	0.0	0.3881	0.3212	0.4047	0.313	0.3881
368	0.0	0.976	0.6786	1.125	0.5886	0.976
369	0.0	0.7108	0.9345	0.6383	0.9408	0.7108
370	0.0	0.5893	0.3739	0.5286	0.3889	0.5893
371	0.0	1.398	2.421	1.705	1.913	1.398
372	0.0	0.5825	0.5863	0.5838	0.5512	0.5825
373	0.0	1.289	1.693	1.562	1.375	1.289
374	0.0	0.7156	1.19	0.765	0.9854	0.7156
375	0.0	0.412	0.9074	0.4703	0.7741	0.412
376	0.0	0.8649	0.514	1.158	0.4394	0.8649
377	0.0	0.4076	0.4071	0.4508	0.4177	0.4076
378	0.0	1.124	0.7004	1.274	0.5644	1.124
379	0.0	0.2806	0.4004	0.2907	0.3343	0.2806
380	0.0	0.6992	0.7035	0.8657	0.6158	0.6992
381	0.0	1.068	0.7621	1.477	0.6355	1.068
382	0.0	0.4051	0.7143	0.4466	0.5688	0.4051
383	0.0	0.4683	1.58	0.5441	1.214	0.4683
384	0.0	0.6464	1.229	0.687	0.9382	0.6464
385	0.0	1.268	0.8913	1.472	0.7422	1.268
386	0.0	0.8456	0.7322	0.8262	0.6369	0.8456
387	0.0	0.7032	0.5736	0.6141	0.5696	0.7032
388	0.0	0.8894	0.7233	1.078	0.6176	0.8894
389	0.0	0.7696	0.9974	0.9019	1.034	0.7696
390	0.0	0.5017	0.419	0.61	0.4059	0.5017
391	0.0	0.4438	0.26	0.4558	0.2854	0.4438
392	0.0	0.6581	1.236	0.9062	1.276	0.6581
393	0.0	0.7671	0.846	0.8203	0.8375	0.7671
394	0.0	0.7169	0.7363	0.7554	0.7494	0.7169
395	0.0	0.7787	0.7394	0.815	0.6728	0.7787
396	0.0	0.3647	0.2899	0.4296	0.2633	0.3647
397	0.0	0.4899	0.7826	0.549	0.6981	0.4899
398	0.0	0.5069	0.573	0.5518	0.4936	0.5069
399	0.0	0.5054	0.366	0.5459	0.3469	0.5054
400	0.0	0.4428	0.2698	0.4708	0.2436	0.4428
401	0.0	0.3224	0.8322	0.3827	0.8048	0.3224
402	0.0	0.677	0.8447	0.8698	0.7532	0.677
403	0.0	1.186	0.6563	1.461	0.6812	1.186
404	0.0	0.5818	1.035	0.689	0.9236	0.5818
405	0.0	0.4729	0.7589	0.4932	0.6969	0.4729
406	0.0	0.8086	0.7766	0.9629	0.7674	0.8086
407	0.0	0.5269	0.5542	0.5282	0.4952	0.5269
408	0.0	0.3789	0.47	0.4441	0.3947	0.3789
409	0.0	0.6601	0.7851	0.6958	0.9153	0.6601
410	0.0	0.5699	0.3962	0.6739	0.4751	0.5699
411	0.0	0.8469	1.117	1.001	0.8881	0.8469
412	0.0	0.4702	0.4421	0.5	0.4507	0.4702
413	0.0	1.133	0.788	1.562	0.6395	1.133
414	0.0	0.6934	0.9321	0.8704	0.7151	0.6934
415	0.0	0.4212	1.402	0.449	1.248	0.4212
416	0.0	0.989	0.8989	1.319	0.8611	0.989
417	0.0	0.634	0.4716	0.5099	0.4228	0.634
418	0.0	1.166	0.8179	1.304	0.8656	1.166
419	0.0	0.342	0.6888	0.4096	0.7081	0.342
420	0.0	0.4042	0.5416	0.389	0.4504	0.4042
421	0.0	0.5274	0.5943	0.4616	0.5992	0.5274
422	0.0	0.7654	0.5473	0.9774	0.4572	0.7654
423	0.0	0.4653	0.488	0.4456	0.54	0.4653
424	0.0	0.9183	1.293	0.9966	1.018	0.9183
425	0.0	1.102	0.07754	1.411	0.07543	1.102
426	0.0	0.3343	0.2686	0.3507	0.2372	0.3343
427	0.0	0.7544	0.8825	0.8935	0.8188	0.7544
428	0.0	0.6327	0.9029	0.7027	0.7535	0.6327
429	0.0	1.301	1.028	1.278	0.8879	1.301
430	0.0	0.6901	1.02	0.778	1.081	0.6901
431	0.0	0.6823	0.6975	0.8411	0.6234	0.6823
432	0.0	0.7118	0.722	0.8167	0.7139	0.7118
433	0.0	0.9142	0.528	0.9304	0.4588	0.9142
434	0.0	1.127	1.071	1.171	0.9649	1.127
435	0.0	0.6039	0.6496	0.7903	0.655	0.6039
436	0.0	0.5728	1.036	0.7517	0.8758	0.5728
437	0.0	1.071	0.482	1.321	0.3788	1.071
438	0.0	0.67	0.2929	0.8202	0.2255	0.67
439	0.0	0.9084	1.38	1.158	1.077	0.9084
440	0.0	0.7265	0.661	0.6985	0.5843	0.7265
441	0.0	0.8649	0.924	1.072	0.7117	0.8649
442	0.0	1.211	1.395	1.571	1.264	1.211
443	0.0	0.3401	0.6972	0.3509	0.7554	0.3401
444	0.0	0.3564	0.5159	0.3314	0.5378	0.3564
445	0.0	1.056	0.601	1.272	0.5362	1.056
446	0.0	0.9083	2.294	1.128	1.818	0.9083
447	0.0	0.809	0.6371	1.074	0.5571	0.809
448	0.0	0.47	0.4498	0.4624	0.3917	0.47
449	0.0	0.8859	0.8502	1.141	0.7556	0.8859
450	0.0	1.049	1.187	1.392	0.9218	1.049
451	0.0	0.6867	0.5558	0.757	0.4464	0.6867
452	0.0	0.9802	0.4556	1.005	0.4407	0.9802
453	0.0	0.5356	0.5133	0.5365	0.5269	0.5356
454	0.0	0.5982	0.9983	0.7026	0.761	0.5982
455	0.0	0.5768	0.4593	0.5468	0.4721	0.5768
456	0.0	0.3932	0.662	0.4787	0.3305	0.3932
457	0.0	0.3848	0.2534	0.399	0.2831	0.3848
458	0.0	0.3931	0.5224	0.4516	0.4938	0.3931
459	0.0	0.807	1.131	1.119	0.8269	0.807
460	0.0	0.3524	0.5257	0.4278	0.5422	0.3524
461	0.0	0.3651	0.274	0.3298	0.3011	0.3651
462	0.0	0.5432	1.273	0.753	1.052	0.5432
463	0.0	0.8308	1.634	0.9776	1.128	0.8308
464	0.0	0.3474	0.4486	0.4272	0.3935	0.3474
465	0.0	0.555	1.529	0.5973	1.252	0.555
466	0.0	0.9279	0.8213	1.215	0.7373	0.9279
467	0.0	1.124	0.9212	1.548	0.7415	1.124
468	0.0	1.176	0.1563	1.169	0.1148	1.176
469	0.0	0.9751	1.001	1.07	0.9226	0.9751
470	0.0	0.8341	0.7407	0.9825	0.6172	0.8341
471	0.0	0.6402	0.7213	0.6332	0.7554	0.6402
472	0.0	0.8376	0.8806	0.9545	0.7597	0.8376
473	0.0	0.7709	0.6424	0.7039	0.6051	0.7709
474	0.0	0.4578	0.4601	0.5282	0.4783	0.4578
475	0.0	1.485	1.026	1.5	0.7775	1.485
476	0.0	0.5472	0.5816	0.5384	0.6452	0.5472
477	0.0	0.9137	1.365	1.173	1.117	0.9137
478	0.0	0.4379	0.8442	0.4917	0.6564	0.4379
479	0.0	1.021	1.153	1.269	0.9246	1.021
480	0.0	0.5724	1.273	0.6263	0.9731	0.5724
481	0.0	0.3408	0.4866	0.3721	0.4962	0.3408
482	0.0	0.5649	0.6583	0.577	0.5268	0.5649
483	0.0	0.5898	0.5619	0.5836	0.4452	0.5898
484	0.0	1.21	0.6617	1.414	0.9404	1.21
485	0.0	0.4979	1.07	0.5845	0.842	0.4979
486	0.0	0.5828	0.3251	0.5329	0.4428	0.5828
487	0.0	1.245	1.673	1.158	1.429	1.245
488	0.0	0.7636	0.7722	1.106	0.6326	0.7636
489	0.0	1.036	1.583	1.227	1.318	1.036
490	0.0	0.4797	1.056	0.5559	1.086	0.4797
491	0.0	0.2844	0.4449	0.2788	0.454	0.2844
492	0.0	0.6636	0.1023	0.7857	0.09463	0.6636
493	0.0	0.6405	0.3923	0.6655	0.3689	0.6405
494	0.0	0.3548	0.4334	0.4047	0.4037	0.3548
495	0.0	0.5235	0.2932	0.5381	0.2732	0.5235
496	0.0	1.326	0.7857	1.375	0.6932	1.326
497	0.0	1.056	0.428	0.9652	0.2996	1.056
498	0.0	0.4094	0.4787	0.5755	0.5251	0.4094
499	0.0	1.132	1.126	1.119	0.9654	1.132
500	0.0	0.4106	0.1584	0.4857	0.1383	0.4106
501	0.0	0.639	0.951	0.6144	0.6457	0.639
502	0.0	0.4081	0.3707	0.4346	0.3521	0.4081
503	0.0	0.4833	0.7732	0.5578	0.6819	0.4833
504	0.0	0.5239	0.3093	0.6209	0.2618	0.5239
505	0.0	0.3857	0.4482	0.4507	0.3926	0.3857
506	0.0	0.5556	0.5627	0.597	0.5173	0.5556
507	0.0	1.04	0.8484	1.235	0.7559	1.04
508	0.0	0.7267	0.7009	0.8184	0.6345	0.7267
509	0.0	1.153	0.9073	1.094	0.8308	1.153
510	0.0	0.8697	0.6603	1.053	0.5886	0.8697
511	0.0	0.4212	0.3863	0.441	0.3491	0.4212
512	0.0	0.6409	0.7062	0.7008	0.5943	0.6409
513	0.0	0.9737	1.192	1.203	0.9898	0.9737
514	0.0	0.8915	1.12	0.9517	1.079	0.8915
515	0.0	0.9469	1.262	1.192	0.9965	0.9469
516	0.0	0.4287	0.6851	0.4839	0.6013	0.4287
517	0.0	0.8947	1.221	1.059	0.7426	0.8947
518	0.0	0.9143	1.075	0.9824	0.8986	0.9143
519	0.0	1.006	0.6168	1.3	0.4571	1.006
520	0.0	1.452	1.179	1.889	1.029	1.452
521	0.0	0.471	0.5209	0.6058	0.4668	0.471
522	0.0	0.3211	0.8739	0.3626	0.8972	0.3211
523	0.0	0.3745	0.759	0.4247	0.668	0.3745
524	0.0	0.3933	0.8741	0.4398	0.98	0.3933
525	0.0	0.6349	0.2794	0.6091	0.2649	0.6349
526	0.0	0.7321	0.8643	0.8506	0.6512	0.7321
527	0.0	0.559	0.4443	0.461	0.3959	0.559
528	0.0	1.021	0.8602	1.093	0.863	1.021
529	0.0	0.6971	1.12	0.7719	0.8205	0.6971
530	0.0	0.4309	0.3426	0.461	0.3116	0.4309
531	0.0	0.7831	0.5339	0.8468	0.5078	0.7831
532	0.0	0.5141	0.6971	0.561	0.6486	0.5141
533	0.0	1.476	1.265	1.386	1.072	1.476
534	0.0	0.6882	0.6889	0.7045	0.607	0.6882
535	0.0	1.063	0.7469	0.9973	0.6141	1.063
536	0.0	0.5206	0.4274	0.5207	0.402	0.5206
537	0.0	0.7291	0.2922	0.6954	0.3086	0.7291
538	0.0	0.4509	0.2427	0.4126	0.2338	0.4509
539	0.0	0.6101	0.7908	0.6887	0.7772	0.6101
540	0.0	0.5532	0.6567	0.708	0.5252	0.5532
541	0.0	0.6117	0.5398	0.7406	0.4196	0.6117
542	0.0	0.7738	0.6611	0.9557	0.4952	0.7738
543	0.0	1.187	1.051	1.581	0.7787	1.187
544	0.0	1.184	0.9911	1.189	1.037	1.184
545	0.0	0.8514	0.5339	1.039	0.4975	0.8514
546	0.0	0.8072	0.9408	0.7956	0.827	0.8072
547	0.0	0.406	0.9566	0.4417	0.8591	0.406
548	0.0	0.3117	0.3971	0.3031	0.4364	0.3117
549	0.0	1.167	0.7344	1.233	0.667	1.167
550	0.0	0.7851	1.056	0.802	0.9422	0.7851
551	0.0	0.7768	1.324	0.8608	1.101	0.7768
552	0.0	0.3501	0.4628	0.4284	0.4208	0.3501
553	0.0	0.6155	0.6539	0.8344	0.6371	0.6155
554	0.0	1.051	0.1741	1.263	0.1271	1.051
555	0.0	1.163	0.9077	1.433	0.8025	1.163
556	0.0	0.7276	0.4118	0.895	0.3438	0.7276
557	0.0	0.4873	0.7066	0.4232	0.7401	0.4873
558	0.0	1.687	0.7128	1.625	0.5965	1.687
559	0.0	0.4513	0.5788	0.4424	0.5917	0.4513
560	0.0	0.3315	0.3856	0.3952	0.3258	0.3315
561	0.0	0.2601	0.6452	0.2921	0.6282	0.2601
562	0.0	0.4583	0.4963	0.5076	0.4512	0.4583
563	0.0	0.7494	1.314	0.7979	1.026	0.7494
564	0.0	0.3228	0.4928	0.2959	0.4259	0.3228
565	0.0	0.2022	0.2861	0.2146	0.2843	0.2022
566	0.0	0.5281	0.5495	0.5591	0.5021	0.5281
567	0.0	0.5516	0.8306	0.5763	0.7088	0.5516
568	0.0	0.5374	0.6797	0.5624	0.6151	0.5374
569	0.0	0.6234	0.6639	0.7015	0.6148	0.6234
570	0.0	0.635	0.6378	0.6469	0.6123	0.635
571	0.0	1.026	0.7594	1.055	0.6729	1.026
572	0.0	0.6312	0.7921	0.7407	0.6291	0.6312
573	0.0	0.9731	0.631	1.171	0.5652	0.9731
574	0.0	0.6641	1.063	0.7567	0.8581	0.6641
575	0.0	0.3249	0.6111	0.3472	0.5792	0.3249
576	0.0	0.861	1.001	1.037	0.8628	0.861
577	0.0	0.243	0.5181	0.2446	0.5208	0.243
578	0.0	0.2577	0.7056	0.2882	0.7353	0.2577
579	0.0	0.7291	0.9186	0.8635	0.7746	0.7291
580	0.0	0.5252	0.8074	0.4975	0.8346	0.5252
581	0.0	0.8503	1.426	1.007	1.132	0.8503
582	0.0	0.7863	0.8315	0.9507	0.7232	0.7863
583	0.0	0.694	0.6056	0.7726	0.4708	0.694
584	0.0	0.8053	0.7035	0.9349	0.6545	0.8053
585	0.0	0.3733	0.4823	0.4314	0.4368	0.3733
586	0.0	0.9283	1.129	1.136	0.9718	0.9283
587	0.0	0.9484	0.5599	0.8394	0.6081	0.9484
588	0.0	0.5816	1.375	0.6873	1.197	0.5816
589	0.0	0.5729	0.8189	0.6801	0.7009	0.5729
590	0.0	0.5659	0.8706	0.6081	0.7734	0.5659
591	0.0	1.034	0.5244	1.208	0.4873	1.034
592	0.0	0.5575	0.887	0.4347	0.7302	0.5575
593	0.0	0.6867	0.9244	0.8747	0.7005	0.6867
594	0.0	0.9977	1.492	1.03	1.268	0.9977
595	0.0	0.4208	0.5053	0.4033	0.5773	0.4208
596	0.0	0.6441	0.3515	0.7494	0.205	0.6441
597	0.0	0.9818	0.8864	1.147	0.7488	0.9818
598	0.0	0.3145	0.1057	0.3964	0.08987	0.3145
599	0.0	0.365	0.3732	0.3968	0.3921	0.365
600	0.0	0.5162	0.6369	0.7585	0.4312	0.5162
601	0.0	0.7377	0.7465	0.807	0.6113	0.7377
602	0.0	0.7553	0.6054	0.6829	0.6432	0.7553
603	0.0	0.9158	0.9605	0.8757	0.8052	0.9158
604	0.0	0.327	0.2054	0.3714	0.1962	0.327
605	0.0	0.4338	0.6731	0.3844	0.5558	0.4338
606	0.0	0.504	0.4581	0.5407	0.4371	0.504
607	0.0	0.3188	0.3957	0.3669	0.385	0.3188
608	0.0	0.2998	0.3742	0.3436	0.2891	0.2998
609	0.0	0.635	0.496	0.7157	0.4302	0.635
610	0.0	0.8725	0.8146	1.142	0.8279	0.8725
611	0.0	0.8891	1.265	1.116	1.096	0.8891
612	0.0	0.917	0.6755	1.12	0.6503	0.917
613	0.0	1.063	0.7833	0.9912	0.7132	1.063
614	0.0	0.466	1.272	0.521	1.064	0.466
615	0.0	0.4178	0.5183	0.4446	0.4928	0.4178
616	0.0	0.5061	0.5342	0.5922	0.4537	0.5061
617	0.0	0.3901	0.8167	0.384	0.7454	0.3901
618	0.0	1.164	1.125	1.019	1.015	1.164
619	0.0	0.8142	0.9234	1.016	0.7493	0.8142
620	0.0	0.8161	0.7148	0.9601	0.574	0.8161
621	0.0	0.7476	0.8852	0.9422	0.6813	0.7476
622	0.0	1.144	0.8269	1.11	0.68	1.144
623	0.0	1.096	1.371	1.403	1.095	1.096
624	0.0	0.9136	1.171	0.9571	0.995	0.9136
625	0.0	0.6223	0.676	0.5902	0.6535	0.6223
626	0.0	0.5315	1.571	0.6	1.289	0.5315
627	0.0	0.2644	0.7951	0.3028	0.6691	0.2644
628	0.0	0.3854	0.4965	0.417	0.4487	0.3854
629	0.0	0.4156	0.466	0.4224	0.4671	0.4156
630	0.0	0.6026	0.9673	0.6776	0.8448	0.6026
631	0.0	0.4646	0.3727	0.4586	0.4673	0.4646
632	0.0	1.218	1.397	1.312	1.283	1.218
633	0.0	0.5026	0.517	0.7159	0.5267	0.5026
634	0.0	0.475	0.391	0.4872	0.3709	0.475
635	0.0	0.8814	0.9859	1.119	0.7661	0.8814
636	0.0	0.8656	0.8596	1.025	0.7683	0.8656
637	0.0	1.178	0.4895	0.9981	0.4645	1.178
638	0.0	0.4873	0.3201	0.4997	0.2525	0.4873
639	0.0	0.7211	0.6124	0.9882	0.5254	0.7211
640	0.0	0.3554	0.5971	0.3769	0.5825	0.3554
641	0.0	0.289	0.3765	0.3493	0.3408	0.289
642	0.0	0.4905	0.4259	0.4946	0.387	0.4905
643	0.0	1.081	0.7156	1.197	0.5999	1.081
644	0.0	0.7234	0.9797	0.8818	0.7223	0.7234
645	0.0	1.008	0.4629	1.15	0.336	1.008
646	0.0	0.5233	0.6352	0.5533	0.5032	0.5233
647	0.0	0.9574	1.45	1.273	1.184	0.9574
648	0.0	0.9235	1.05	0.9409	0.9753	0.9235
649	0.0	0.8267	0.5499	0.9988	0.432	0.8267
650	0.0	0.938	0.7687	1.058	0.6635	0.938
651	0.0	0.3402	0.3936	0.3424	0.4194	0.3402
652	0.0	0.2307	1.158	0.2337	1.149	0.2307
653	0.0	0.9858	0.4635	1.127	0.4386	0.9858
654	0.0	0.8751	0.9804	0.8642	0.9266	0.8751
655	0.0	0.8147	0.7942	0.9508	0.724	0.8147
656	0.0	0.2526	0.3639	0.261	0.334	0.2526
657	0.0	0.801	1.174	1.022	0.9479	0.801
658	0.0	0.7326	0.7072	0.8201	0.6212	0.7326
659	0.0	1.013	0.9237	1.116	0.7962	1.013
660	0.0	0.5818	0.8267	0.5874	0.7134	0.5818
661	0.0	0.4642	0.5157	0.5249	0.5131	0.4642
662	0.0	0.7462	0.6301	0.8553	0.5759	0.7462
663	0.0	0.3846	0.5305	0.3828	0.5684	0.3846
664	0.0	0.5134	0.4047	0.7157	0.245	0.5134
665	0.0	0.2453	0.2634	0.2802	0.2307	0.2453
666	0.0	0.4403	0.5399	0.5004	0.4862	0.4403
667	0.0	0.3398	0.6752	0.4276	0.5139	0.3398
668	0.0	0.3181	0.4619	0.3658	0.4152	0.3181
669	0.0	0.2908	0.5788	0.3091	0.5234	0.2908
670	0.0	0.4934	1.161	0.5806	1.118	0.4934
671	0.0	0.5785	1.022	0.5961	0.8642	0.5785
672	0.0	0.1805	0.4919	0.2231	0.4635	0.1805
673	0.0	0.6349	0.5346	0.771	0.4244	0.6349
674	0.0	1.057	1.18	0.9048	0.9793	1.057
675	0.0	1.177	0.7383	1.622	0.6252	1.177
676	0.0	0.8276	1.01	1.143	0.7776	0.8276
677	0.0	0.7767	0.883	0.8199	0.7345	0.7767
678	0.0	0.4523	0.7955	0.5197	0.6934	0.4523
679	0.0	0.7539	0.454	0.6678	0.4924	0.7539
680	0.0	0.6213	0.7733	0.7692	0.6488	0.6213
681	0.0	0.7607	0.5442	0.695	0.4682	0.7607
682	0.0	0.3963	0.2804	0.3505	0.2505	0.3963
683	0.0	0.7672	1.103	0.9375	1.102	0.7672
684	0.0	0.3869	0.4354	0.382	0.398	0.3869
685	0.0	1.378	1.314	1.735	0.9824	1.378
686	0.0	0.9043	0.881	1.026	0.746	0.9043
687	0.0	0.837	0.7652	0.9536	0.6648	0.837
688	0.0	0.9129	0.9702	0.9117	0.9043	0.9129
689	0.0	0.3185	0.455	0.4354	0.359	0.3185
690	0.0	0.5553	0.7788	0.6049	0.7	0.5553
691	0.0	0.6181	0.3684	0.6018	0.4077	0.6181
692	0.0	0.5736	0.4738	0.5964	0.3946	0.5736
693	0.0	0.7489	0.556	0.8696	0.4739	0.7489
694	0.0	0.3501	0.5616	0.3898	0.5341	0.3501
695	0.0	0.8172	0.4749	0.865	0.3932	0.8172
696	0.0	0.6256	0.7873	0.6613	0.6975	0.6256
697	0.0	1.429	1.045	1.537	1.168	1.429
698	0.0	0.3746	0.8771	0.3998	0.8224	0.3746
699	0.0	0.7101	0.3217	0.5824	0.3078	0.7101
700	0.0	0.6889	1.012	0.6884	0.9241	0.6889
701	0.0	0.5273	1.042	0.5884	0.9792	0.5273
702	0.0	0.3444	0.4305	0.3837	0.3427	0.3444
703	0.0	0.5397	0.4353	0.5463	0.4322	0.5397
704	0.0	0.9381	1.247	1.189	1.044	0.9381
705	0.0	0.7082	0.2045	0.7053	0.08195	0.7082
706	0.0	0.7593	0.5848	0.6989	0.5481	0.7593
707	0.0	0.433	1.02	0.4856	0.8192	0.433
708	0.0	0.4012	0.2661	0.4597	0.267	0.4012
709	0.0	0.5559	0.8497	0.5916	0.6654	0.5559
710	0.0	0.4973	0.4103	0.5631	0.3734	0.4973
711	0.0	0.5484	0.5817	0.5653	0.6169	0.5484
712	0.0	0.5361	0.1131	0.6458	0.09836	0.5361
713	0.0	0.2438	0.5247	0.2747	0.4528	0.2438
714	0.0	0.7992	0.8139	0.9897	0.6664	0.7992
715	0.0	0.5698	0.5321	0.6048	0.4777	0.5698
716	0.0	0.7148	0.599	0.7588	0.5235	0.7148
717	0.0	1.029	0.5981	1.076	0.5179	1.029
718	0.0	0.5348	0.4993	0.626	0.4467	0.5348
719	0.0	0.5218	0.6671	0.5723	0.6877	0.5218
720	0.0	0.7864	0.4675	0.742	0.3996	0.7864
721	0.0	0.44	0.4943	0.5486	0.3976	0.44
722	0.0	0.8451	0.7828	1.097	0.7422	0.8451
723	0.0	0.9801	0.9217	1.31	0.7782	0.9801
724	0.0	0.4314	0.8452	0.475	0.7238	0.4314
725	0.0	0.7176	0.9749	0.8072	0.631	0.7176
726	0.0	0.4875	0.1331	0.5799	0.09268	0.4875
727	0.0	1.057	0.4831	1.181	0.4541	1.057
728	0.0	1.246	1.085	1.24	1.162	1.246
729	0.0	0.3856	0.8391	0.4566	0.7577	0.3856
730	0.0	0.7471	0.6677	0.7536	0.5967	0.7471
731	0.0	0.5302	0.5359	0.5746	0.4232	0.5302
732	0.0	0.4016	0.7076	0.5201	0.5819	0.4016
733	0.0	0.3286	0.4413	0.3319	0.4132	0.3286
734	0.0	0.1704	0.5445	0.1991	0.4873	0.1704
735	0.0	0.4835	0.4838	0.4602	0.6028	0.4835
736	0.0	0.8397	0.72	0.7761	0.6198	0.8397
737	0.0	0.7492	0.6419	0.8645	0.6121	0.7492
738	0.0	0.2639	0.429	0.3057	0.3583	0.2639
739	0.0	0.7844	0.8198	0.9269	0.7286	0.7844
740	0.0	0.8401	0.8374	0.9465	0.7993	0.8401
741	0.0	1.168	0.9907	1.282	0.755	1.168
742	0.0	0.517	0.5432	0.6752	0.533	0.517
743	0.0	0.5034	0.9852	0.6215	0.7731	0.5034
744	0.0	0.4428	0.2778	0.5448	0.271	0.4428
745	0.0	0.3786	0.5845	0.3923	0.5127	0.3786
746	0.0	0.8947	0.3734	0.7967	0.3357	0.8947
747	0.0	1.028	0.8205	1.386	0.6501	1.028
748	0.0	0.639	0.631	0.7644	0.5645	0.639
749	0.0	0.6485	0.6426	0.8278	0.5482	0.6485
750	0.0	0.5422	0.6915	0.5964	0.6215	0.5422
751	0.0	1.103	1.359	1.361	1.072	1.103
752	0.0	0.9524	0.9227	0.8953	0.8573	0.9524
753	0.0	0.7638	0.6601	0.922	0.5994	0.7638
754	0.0	0.8344	0.8704	0.8321	0.9929	0.8344
755	0.0	0.3951	0.4932	0.3865	0.5421	0.3951
756	0.0	0.3244	0.8921	0.3304	0.9532	0.3244
757	0.0	0.7781	0.9534	0.9057	0.739	0.7781
758	0.0	0.8373	1.003	0.7633	0.953	0.8373
759	0.0	0.9101	0.896	1.159	0.744	0.9101
760	0.0	0.493	0.4128	0.474	0.357	0.493
761	0.0	0.595	0.7581	0.6453	0.7025	0.595
762	0.0	0.8011	0.9753	0.9889	0.7719	0.8011
763	0.0	0.802	0.694	0.9237	0.6086	0.802
764	0.0	0.4283	0.9251	0.5052	0.8034	0.4283
765	0.0	0.5673	0.8426	0.5825	0.8194	0.5673
766	0.0	1.149	0.7484	1.393	0.6483	1.149
767	0.0	0.8165	0.3494	0.7091	0.3588	0.8165
768	0.0	0.4173	0.8113	0.4725	0.3886	0.4173
769	0.0	0.2517	0.2834	0.2014	0.2598	0.2517
770	0.0	0.3849	0.5178	0.4237	0.4975	0.3849
771	0.0	0.7347	0.7886	0.8654	0.7026	0.7347
772	0.0	0.4574	0.4538	0.3737	0.4508	0.4574
773	0.0	0.3013	0.3388	0.3445	0.313	0.3013
774	0.0	0.8933	0.6746	1.086	0.5655	0.8933
775	0.0	0.788	0.6066	1.06	0.5385	0.788
776	0.0	0.548	0.7177	0.5608	0.7086	0.548
777	0.0	0.6467	0.9157	0.7466	0.8056	0.6467
778	0.0	0.7998	0.6409	0.9304	0.5167	0.7998
779	0.0	0.9557	0.8059	1.234	0.663	0.9557
780	0.0	0.3458	0.7353	0.402	0.7189	0.3458
781	0.0	0.8306	0.8725	1.027	0.6594	0.8306
782	0.0	1.071	0.8196	1.359	0.6765	1.071
783	0.0	0.3764	0.2785	0.4194	0.2616	0.3764
784	0.0	0.9693	0.7343	1.029	0.6642	0.9693
785	0.0	0.6843	0.47	0.5896	0.4493	0.6843
786	0.0	0.2913	0.4632	0.226	0.3879	0.2913
787	0.0	0.6162	1.201	0.6791	1.037	0.6162
788	0.0	0.391	0.4708	0.4086	0.468	0.391
789	0.0	1.002	1.362	1.24	1.03	1.002
790	0.0	0.9573	0.4455	1.106	0.3847	0.9573
791	0.0	0.7315	0.5709	0.7964	0.481	0.7315
792	0.0	0.5315	0.9224	0.6146	0.7899	0.5315
793	0.0	0.3469	0.4992	0.3754	0.4662	0.3469
794	0.0	0.466	0.7253	0.5357	0.6301	0.466
795	0.0	0.3888	0.5795	0.3796	0.4614	0.3888
796	0.0	0.953	0.4245	1.101	0.4154	0.953
797	0.0	0.7028	0.7618	0.7725	0.6369	0.7028
798	0.0	1.089	0.7019	1.145	0.5797	1.089
799	0.0	0.6665	1.053	0.7164	0.8782	0.6665
800	0.0	0.63	0.7411	0.7282	0.654	0.63
801	0.0	1.012	1.181	1.141	0.9282	1.012
802	0.0	1.082	0.7984	1.039	0.651	1.082
803	0.0	0.4951	0.37	0.4666	0.3853	0.4951
804	0.0	0.4786	1.458	0.5734	1.232	0.4786
805	0.0	0.5059	0.174	0.4976	0.1703	0.5059
806	0.0	0.3473	0.402	0.4076	0.3392	0.3473
807	0.0	0.6766	0.3037	0.64	0.3044	0.6766
808	0.0	0.7561	0.5149	1.006	0.4462	0.7561
809	0.0	0.7701	0.9934	0.833	0.665	0.7701
810	0.0	0.6136	0.7302	0.6071	0.7243	0.6136
811	0.0	0.8219	1.511	0.8688	1.202	0.8219
812	0.0	0.4827	0.3997	0.5211	0.381	0.4827
813	0.0	0.3886	0.2359	0.3816	0.1661	0.3886
814	0.0	0.9558	0.8688	0.9051	0.9472	0.9558
815	0.0	0.3647	0.3297	0.4173	0.3269	0.3647
816	0.0	0.4381	0.3042	0.4514	0.2794	0.4381
817	0.0	0.3016	0.3292	0.349	0.3122	0.3016
818	0.0	0.8082	0.6821	0.9281	0.569	0.8082
819	0.0	0.7407	0.6038	0.8852	0.55	0.7407
820	0.0	0.6351	0.4354	0.6984	0.4497	0.6351
821	0.0	0.4599	0.1472	0.4508	0.1282	0.4599
822	0.0	0.7728	0.6432	0.9282	0.5718	0.7728
823	0.0	0.6209	0.5173	0.6541	0.4958	0.6209
824	0.0	0.4361	0.5118	0.5324	0.4189	0.4361
825	0.0	0.8897	0.6037	0.8424	0.5917	0.8897
826	0.0	0.736	0.5269	0.68	0.4939	0.736
827	0.0	1.166	0.9364	1.384	0.7908	1.166
828	0.0	0.7391	0.548	0.7641	0.4977	0.7391
829	0.0	0.5507	1.024	0.7071	0.7388	0.5507
830	0.0	0.9707	0.7931	0.8767	0.6025	0.9707
831	0.0	0.5986	1.277	0.5832	0.9665	0.5986
832	0.0	0.9957	0.805	1.001	0.8729	0.9957
833	0.0	0.514	0.44	0.5755	0.3704	0.514
834	0.0	0.5775	0.4443	0.6024	0.4052	0.5775
835	0.0	0.5803	0.6357	0.6466	0.65	0.5803
836	0.0	0.4523	0.529	0.5229	0.4717	0.4523
837	0.0	0.683	0.5	0.7138	0.4806	0.683
838	0.0	0.4519	0.6186	0.5404	0.5068	0.4519
839	0.0	0.356	0.317	0.2897	0.3152	0.356
840	0.0	0.8938	0.6633	1.055	0.6459	0.8938
841	0.0	0.7116	0.4504	0.8853	0.4442	0.7116
842	0.0	0.2307	0.2648	0.2077	0.2529	0.2307
843	0.0	0.9592	0.6201	1.326	0.5574	0.9592
844	0.0	0.704	0.3804	0.8389	0.321	0.704
845	0.0	1.31	1.123	1.418	1.129	1.31
846	0.0	0.4302	0.6745	0.5628	0.6877	0.4302
847	0.0	0.7782	0.6363	0.9184	0.5521	0.7782
848	0.0	0.4566	0.2721	0.4684	0.2561	0.4566
849	0.0	0.7524	0.59	0.7681	0.478	0.7524
850	0.0	0.6637	0.8481	0.7228	0.7998	0.6637
851	0.0	0.8032	0.6005	0.999	0.5073	0.8032
852	0.0	0.9146	0.5861	1.005	0.4976	0.9146
853	0.0	0.5926	0.4906	0.6609	0.4658	0.5926
854	0.0	0.6924	0.9435	1.018	0.5853	0.6924
855	0.0	0.6502	0.6827	0.8288	0.6171	0.6502
856	0.0	0.846	1.255	0.8245	1.203	0.846
857	0.0	0.5075	0.3181	0.5152	0.2709	0.5075
858	0.0	0.5779	0.7938	0.7134	0.663	0.5779
859	0.0	0.6917	0.4833	0.8006	0.4185	0.6917
860	0.0	0.3248	0.2478	0.3148	0.2749	0.3248
861	0.0	1.056	1.147	1.265	0.925	1.056
862	0.0	1.094	0.7038	1.06	0.573	1.094
863	0.0	0.575	0.7969	0.7165	0.652	0.575
864	0.0	0.4115	0.2598	0.4298	0.2202	0.4115
865	0.0	0.876	0.9679	1.061	0.8895	0.876
866	0.0	0.6474	1.149	0.7798	0.9515	0.6474
867	0.0	0.7931	0.6703	0.8858	0.5517	0.7931
868	0.0	0.5544	0.7503	0.6347	0.5878	0.5544
869	0.0	0.2833	0.5473	0.2814	0.5363	0.2833
870	0.0	0.695	0.5823	0.8414	0.5352	0.695
871	0.0	0.4072	0.7358	0.3829	0.6799	0.4072
872	0.0	0.6447	0.4979	0.6967	0.2945	0.6447
873	0.0	0.3225	0.5671	0.3149	0.595	0.3225
874	0.0	0.387	0.5617	0.4386	0.527	0.387
875	0.0	0.3979	0.676	0.4142	0.6187	0.3979
876	0.0	0.4095	0.3438	0.4311	0.3054	0.4095
877	0.0	0.3544	0.2276	0.3204	0.2296	0.3544
878	0.0	0.7217	0.8283	0.8898	0.6639	0.7217
879	0.0	0.8162	0.6272	0.8814	0.5153	0.8162
880	0.0	0.2568	0.4845	0.2816	0.4515	0.2568
881	0.0	0.6343	1.106	0.7251	1.089	0.6343
882	0.0	0.6954	0.791	0.826	0.7091	0.6954
883	0.0	0.7319	0.9525	0.8518	0.828	0.7319
884	0.0	0.5587	0.7408	0.6542	0.7076	0.5587
885	0.0	0.7798	0.6258	0.8763	0.5279	0.7798
886	0.0	0.6631	0.7262	0.805	0.6565	0.6631
887	0.0	1.005	0.7524	1.242	0.7828	1.005
888	0.0	0.6314	0.8056	0.7939	0.6674	0.6314
889	0.0	0.5456	0.4312	0.5469	0.4467	0.5456
890	0.0	0.4193	0.5098	0.4858	0.5377	0.4193
891	0.0	0.6774	1.668	0.8036	1.223	0.6774
892	0.0	0.2998	0.4965	0.3142	0.4092	0.2998
893	0.0	0.6466	1.164	0.766	1.037	0.6466
894	0.0	0.9595	0.4828	1.075	0.4247	0.9595
895	0.0	0.4246	0.7194	0.4718	0.6315	0.4246
896	0.0	0.4653	0.8872	0.5582	0.7288	0.4653
897	0.0	0.543	0.6132	0.6074	0.5238	0.543
898	0.0	0.7321	0.9018	0.8447	0.7734	0.7321
899	0.0	0.3699	0.4111	0.2972	0.3466	0.3699
900	0.0	0.5348	0.7916	0.689	0.6474	0.5348
901	0.0	0.697	1.161	0.8601	0.8662	0.697
902	0.0	0.8377	0.283	0.9841	0.2774	0.8377
903	0.0	0.9442	1.012	0.9667	0.8667	0.9442
904	0.0	0.5624	1.04	0.6312	0.898	0.5624
905	0.0	0.7129	0.9422	0.8273	0.7824	0.7129
906	0.0	0.8601	0.5571	1.141	0.4731	0.8601
907	0.0	0.3106	0.4901	0.3389	0.4445	0.3106
908	0.0	0.6458	0.774	0.7104	0.6026	0.6458
909	0.0	0.8946	0.5697	1.028	0.4878	0.8946
910	0.0	0.3514	0.2927	0.4164	0.3148	0.3514
911	0.0	0.3897	0.2294	0.3723	0.2497	0.3897
912	0.0	0.7782	0.809	0.9196	0.6858	0.7782
913	0.0	0.9271	0.3668	0.8328	0.3243	0.9271
914	0.0	0.4237	0.3468	0.427	0.3405	0.4237
915	0.0	1.183	0.4444	1.233	0.4082	1.183
916	0.0	0.4776	0.4762	0.4671	0.4324	0.4776
917	0.0	0.6467	0.6448	0.8495	0.6064	0.6467
918	0.0	0.4242	0.5482	0.5072	0.4397	0.4242
919	0.0	0.3246	0.4856	0.3492	0.4703	0.3246
920	0.0	0.4906	0.2707	0.6176	0.2681	0.4906
921	0.0	0.2709	0.3811	0.381	0.3286	0.2709
922	0.0	0.7202	0.2822	0.8317	0.2507	0.7202
923	0.0	0.5564	0.8573	0.6283	0.7487	0.5564
924	0.0	0.8084	0.5223	0.9263	0.4889	0.8084
925	0.0	0.9709	0.5295	0.9835	0.5251	0.9709
926	0.0	0.676	0.974	0.8317	0.7398	0.676
927	0.0	0.6233	0.5889	0.5914	0.5789	0.6233
928	0.0	0.4322	0.5101	0.4587	0.4227	0.4322
929	0.0	0.7871	0.759	0.7945	0.874	0.7871
930	0.0	1.118	0.7405	1.295	0.6376	1.118
931	0.0	1.066	1.031	1.392	0.863	1.066
932	0.0	0.7216	0.8762	0.7618	0.8171	0.7216
933	0.0	0.3695	0.535	0.4068	0.5041	0.3695
934	0.0	0.7665	0.9074	0.8344	0.8025	0.7665
935	0.0	0.5733	0.8235	0.6604	0.6591	0.5733
936	0.0	1.145	0.621	1.359	0.5148	1.145
937	0.0	0.4639	0.6377	0.5777	0.4898	0.4639
938	0.0	0.5888	0.6947	0.6085	0.7105	0.5888
939	0.0	0.5726	0.5534	0.6934	0.5212	0.5726
940	0.0	0.8363	0.3203	0.816	0.3211	0.8363
941	0.0	0.514	0.4332	0.4805	0.3751	0.514
942	0.0	0.6247	0.8529	0.7548	0.6808	0.6247
943	0.0	0.359	0.4139	0.3048	0.4427	0.359
944	0.0	1.303	0.9402	1.573	1.012	1.303
945	0.0	1.027	0.5153	1.215	0.4566	1.027
946	0.0	0.1676	0.6219	0.1784	0.7138	0.1676
947	0.0	0.6008	1.024	0.7071	0.8279	0.6008
948	0.0	0.5563	1.133	0.6235	1.005	0.5563
949	0.0	0.6301	1.045	0.7306	0.8781	0.6301
950	0.0	0.3528	0.2911	0.4512	0.2266	0.3528
951	0.0	1.084	0.7172	1.471	0.5446	1.084
952	0.0	0.4934	0.6139	0.4521	0.5632	0.4934
953	0.0	0.4139	0.4169	0.4439	0.3508	0.4139
954	0.0	0.4976	0.8714	0.5559	0.8857	0.4976
955	0.0	0.5741	0.5524	0.7584	0.4006	0.5741
956	0.0	0.6725	1.16	0.8529	0.8738	0.6725
957	0.0	0.3834	0.7599	0.5199	0.6588	0.3834
958	0.0	0.638	0.8472	0.8309	0.6599	0.638
959	0.0	1.097	0.8083	1.274	0.5825	1.097
960	0.0	1.054	0.5476	1.107	0.5331	1.054
961	0.0	0.6825	0.7257	0.7582	0.6252	0.6825
962	0.0	1.226	0.5929	1.109	0.5749	1.226
963	0.0	0.3355	0.5141	0.3045	0.5423	0.3355
964	0.0	0.2787	0.325	0.2862	0.305	0.2787
965	0.0	1.181	1.184	1.522	0.949	1.181
966	0.0	0.8861	1.605	1.014	1.339	0.8861
967	0.0	0.5273	0.6775	0.6887	0.6587	0.5273
968	0.0	0.2721	0.5875	0.3432	0.5741	0.2721
969	0.0	0.597	0.6813	0.6891	0.6707	0.597
970	0.0	1.192	1.1	1.369	0.8258	1.192
971	0.0	1.022	0.8862	1.238	0.7847	1.022
972	0.0	0.4501	0.3285	0.5138	0.3241	0.4501
973	0.0	0.2701	0.3466	0.2902	0.3353	0.2701
974	0.0	0.5165	0.628	0.5956	0.5639	0.5165
975	0.0	0.5064	0.4457	0.4443	0.4179	0.5064
976	0.0	0.3649	0.8743	0.6133	0.4655	0.3649
977	0.0	0.3192	0.5056	0.3653	0.4867	0.3192
978	0.0	0.5421	0.5247	0.5379	0.5195	0.5421
979	0.0	0.2958	1.002	0.3136	0.7932	0.2958
980	0.0	0.464	0.1992	0.454	0.1722	0.464
981	0.0	0.4263	0.2394	0.3971	0.224	0.4263
982	0.0	0.8157	1.025	0.9922	0.9423	0.8157
983	0.0	0.7974	0.8914	0.9555	0.743	0.7974
984	0.0	0.1686	0.5226	0.1898	0.5155	0.1686
985	0.0	0.5347	0.5743	0.5925	0.4817	0.5347
986	0.0	0.8087	0.6856	1.063	0.6184	0.8087
987	0.0	1.305	0.9038	1.491	0.7492	1.305
988	0.0	0.7228	0.9902	0.8794	0.8537	0.7228
989	0.0	0.8484	0.9309	1.027	0.7707	0.8484
990	0.0	0.785	1.151	0.8867	0.9733	0.785
991	0.0	0.5447	0.1881	0.5013	0.1775	0.5447
992	0.0	0.884	1.003	1.121	0.8545	0.884
993	0.0	0.7016	0.5371	0.5924	0.5109	0.7016
994	0.0	0.4148	0.5236	0.4261	0.453	0.4148
995	0.0	0.9254	0.9169	1.025	0.7352	0.9254
996	0.0	0.482	0.4224	0.4543	0.383	0.482
997	0.0	0.9424	1.111	1.118	0.881	0.9424
998	0.0	0.3819	0.383	0.4244	0.3518	0.3819
999	0.0	0.4827	0.4961	0.532	0.425	0.4827
1000	0.0	0.4891	0.7624	0.6325	0.7057	0.4891
1001	0.0	0.27	0.2805	0.3413	0.2382	0.27
1002	0.0	0.6264	0.6777	0.6206	0.5705	0.6264
1003	0.0	0.2841	0.327	0.2718	0.3743	0.2841
1004	0.0	0.4186	0.8959	0.4988	0.8903	0.4186
1005	0.0	0.8574	0.659	1.021	0.5828	0.8574
1006	0.0	0.8001	0.8569	0.7873	0.8265	0.8001
1007	0.0	0.9407	1.03	1.057	0.8742	0.9407
1008	0.0	0.6137	0.8781	0.7077	0.6649	0.6137
1009	0.0	1.2	0.7801	1.279	0.7062	1.2
1010	0.0	0.1945	0.7206	0.2422	0.6384	0.1945
1011	0.0	0.4923	0.3959	0.5547	0.46	0.4923
1012	0.0	0.568	0.4264	0.6898	0.415	0.568
1013	0.0	0.7456	0.7981	0.9473	0.7227	0.7456
1014	0.0	0.2271	0.4373	0.2737	0.3431	0.2271
1015	0.0	0.7035	0.4128	0.7619	0.3042	0.7035
1016	0.0	0.7886	0.7048	1.042	0.504	0.7886
1017	0.0	1.049	0.3706	1.054	0.2841	1.049
1018	0.0	0.4494	0.4755	0.5844	0.5123	0.4494
1019	0.0	0.8453	0.7551	0.9192	0.6452	0.8453
1020	0.0	0.5507	0.3513	0.533	0.2537	0.5507
1021	0.0	0.5239	0.6317	0.4478	0.5865	0.5239
1022	0.0	0.8195	0.5305	0.7811	0.5431	0.8195
1023	0.0	0.3283	0.281	0.3399	0.2813	0.3283
1024	0.0	0.3042	0.2337	0.345	0.1918	0.3042
1025	0.0	0.3177	0.4349	0.3505	0.3901	0.3177
1026	0.0	0.6787	1.049	0.7702	0.885	0.6787
1027	0.0	0.7762	0.771	0.9919	0.6353	0.7762
1028	0.0	0.6995	0.5651	0.7887	0.5222	0.6995
1029	0.0	0.519	1.131	0.6462	1.083	0.519
1030	0.0	0.594	0.6191	0.6583	0.5815	0.594
1031	0.0	0.3882	0.3252	0.4197	0.2487	0.3882
1032	0.0	0.7463	0.575	0.7286	0.4706	0.7463
1033	0.0	0.5726	0.4316	0.5918	0.3732	0.5726
1034	0.0	0.6619	1.229	0.6967	1.396	0.6619
1035	0.0	0.7681	1.188	0.9451	0.9469	0.7681
1036	0.0	0.4679	0.2644	0.3715	0.2759	0.4679
1037	0.0	0.6906	0.8626	0.7265	0.8793	0.6906
1038	0.0	0.7512	0.9013	0.7979	0.7952	0.7512
1039	0.0	1.452	1.569	1.593	1.28	1.452
1040	0.0	0.6624	1.075	0.8881	0.9226	0.6624
