Step	Loss(S)	Loss(T)	fwd_S	fwd_T	rev_S	rev_T
1	5.185	0.0	5.185	7.398	4.533	6.518
2	5.847	0.0	5.847	4.039	5.544	4.105
3	5.692	0.0	5.692	7.133	3.779	5.798
4	7.005	0.0	7.005	2.769	6.52	2.707
5	6.737	0.0	6.737	6.386	5.825	5.669
6	4.204	0.0	4.204	3.104	4.036	3.518
7	7.095	0.0	7.095	4.418	5.644	4.779
8	3.194	0.0	3.194	3.064	3.929	4.129
9	3.634	0.0	3.634	1.76	4.129	2.18
10	3.566	0.0	3.566	3.426	4.452	4.719
11	2.31	0.0	2.31	2.715	3.333	3.121
12	3.104	0.0	3.104	3.481	4.16	4.863
13	2.583	0.0	2.583	2.487	2.578	4.136
14	2.315	0.0	2.315	2.409	3.309	3.782
15	1.646	0.0	1.646	1.809	2.002	2.444
16	2.203	0.0	2.203	2.003	3.18	3.14
17	2.226	0.0	2.226	2.181	3.008	3.197
18	2.413	0.0	2.413	2.369	3.442	3.409
19	2.532	0.0	2.532	2.522	3.524	3.258
20	2.157	0.0	2.157	1.902	3.023	2.683
21	2.074	0.0	2.074	2.734	3.091	4.03
22	1.587	0.0	1.587	1.949	2.333	2.719
23	2.113	0.0	2.113	2.781	3.02	3.815
24	1.81	0.0	1.81	2.45	2.608	3.534
25	2.015	0.0	2.015	2.086	3.13	3.102
26	1.858	0.0	1.858	1.117	2.657	1.472
27	1.747	0.0	1.747	1.027	2.634	1.531
28	1.06	0.0	1.06	1.062	1.385	1.46
29	1.165	0.0	1.165	1.044	1.525	1.397
30	0.8649	0.0	0.8649	1.62	1.118	2.435
31	2.547	0.0	2.547	2.271	4.173	3.504
32	0.7687	0.0	0.7687	1.014	0.9971	1.428
33	0.927	0.0	0.927	0.9573	1.126	1.598
34	1.042	0.0	1.042	1.515	1.501	2.103
35	1.759	0.0	1.759	2.213	2.45	3.315
36	1.632	0.0	1.632	1.103	2.468	1.6
37	1.777	0.0	1.777	1.205	2.43	1.82
38	1.353	0.0	1.353	1.31	1.959	1.678
39	0.917	0.0	0.917	0.922	1.252	1.283
40	1.139	0.0	1.139	1.022	1.903	1.359
41	1.024	0.0	1.024	1.833	1.769	2.586
42	0.9188	0.0	0.9188	0.8222	1.403	1.124
43	1.561	0.0	1.561	0.7069	1.891	0.8122
44	1.038	0.0	1.038	1.046	1.603	1.58
45	0.76	0.0	0.76	0.6559	1.195	1.012
46	0.9928	0.0	0.9928	0.749	1.336	1.112
47	1.669	0.0	1.669	1.034	2.013	1.607
48	1.34	0.0	1.34	0.888	1.796	1.564
49	1.166	0.0	1.166	0.8671	1.834	1.456
50	1.466	0.0	1.466	1.943	1.711	2.684
51	0.6665	0.0	0.6665	1.758	0.8773	2.312
52	1.138	0.0	1.138	1.46	1.668	1.849
53	0.7657	0.0	0.7657	1.324	1.061	1.854
54	0.7068	0.0	0.7068	1.6	0.8214	2.053
55	1.17	0.0	1.17	0.728	1.596	0.8444
56	1.025	0.0	1.025	0.5918	1.289	0.8435
57	0.743	0.0	0.743	0.7517	0.862	0.9429
58	0.5217	0.0	0.5217	1.006	0.6799	1.209
59	0.6385	0.0	0.6385	0.9501	0.7913	1.264
60	0.7007	0.0	0.7007	0.6375	0.9001	0.8676
61	1.754	0.0	1.754	1.558	2.003	1.789
62	1.595	0.0	1.595	1.324	1.835	1.78
63	0.5847	0.0	0.5847	1.655	0.6937	1.888
64	1.693	0.0	1.693	1.234	1.757	1.618
65	0.7285	0.0	0.7285	0.6465	0.9179	0.9931
66	1.532	0.0	1.532	1.102	1.948	1.664
67	0.6492	0.0	0.6492	0.5852	0.9413	0.7937
68	1.5	0.0	1.5	1.125	2.046	1.481
69	0.6514	0.0	0.6514	0.8018	0.8267	1.163
70	0.6991	0.0	0.6991	0.9244	1.092	1.453
71	1.408	0.0	1.408	1.248	1.661	1.737
72	0.5967	0.0	0.5967	0.625	0.8272	0.9345
73	0.9538	0.0	0.9538	0.6622	1.27	1.015
74	1.065	0.0	1.065	1.403	1.458	1.755
75	0.6162	0.0	0.6162	0.659	0.7626	1.003
76	1.066	0.0	1.066	1.181	1.248	1.481
77	0.7611	0.0	0.7611	0.5791	0.914	0.7851
78	0.5563	0.0	0.5563	0.5106	0.7686	0.7665
79	0.7615	0.0	0.7615	0.7386	0.9181	1.016
80	1.206	0.0	1.206	1.003	1.476	1.145
81	1.18	0.0	1.18	1.357	1.588	1.618
82	0.5862	0.0	0.5862	0.8308	0.7958	1.436
83	1.071	0.0	1.071	1.0	1.205	1.208
84	0.4613	0.0	0.4613	0.4893	0.6545	0.699
85	0.7143	0.0	0.7143	1.202	1.015	1.669
86	0.8416	0.0	0.8416	0.7217	0.9639	0.9482
87	0.7162	0.0	0.7162	0.6603	1.014	0.9895
88	0.5733	0.0	0.5733	0.3225	0.7297	0.4712
89	0.8081	0.0	0.8081	0.739	0.923	0.9598
90	1.687	0.0	1.687	1.085	1.913	1.303
91	0.4834	0.0	0.4834	0.8208	0.5743	1.401
92	0.6037	0.0	0.6037	0.7501	0.7286	1.011
93	0.6876	0.0	0.6876	0.5334	0.8732	0.7607
94	1.975	0.0	1.975	0.9087	1.945	1.088
95	0.5603	0.0	0.5603	0.512	0.6732	0.5699
96	0.813	0.0	0.813	0.9145	1.18	1.037
97	0.8371	0.0	0.8371	1.324	1.026	1.559
98	0.421	0.0	0.421	0.3027	0.6402	0.4104
99	1.052	0.0	1.052	0.5588	1.337	0.7194
100	0.917	0.0	0.917	0.7457	1.211	0.9804
101	1.463	0.0	1.463	1.455	1.504	1.633
102	0.612	0.0	0.612	0.6131	0.8059	0.9481
103	0.7738	0.0	0.7738	1.223	1.116	1.507
104	1.139	0.0	1.139	1.094	1.647	1.438
105	0.8977	0.0	0.8977	0.5895	1.089	0.8459
106	0.4897	0.0	0.4897	0.8961	0.5544	1.033
107	0.4287	0.0	0.4287	0.506	0.5676	0.7314
108	0.7519	0.0	0.7519	0.5337	0.7549	0.692
109	0.8191	0.0	0.8191	0.5999	1.019	0.7465
110	0.8137	0.0	0.8137	1.234	0.9564	1.594
111	0.5989	0.0	0.5989	0.4496	0.7882	0.6282
112	1.329	0.0	1.329	1.258	1.764	1.603
113	0.6582	0.0	0.6582	0.5988	0.7436	0.8614
114	0.5103	0.0	0.5103	0.4845	0.6224	0.7371
115	1.701	0.0	1.701	1.368	2.17	1.906
116	0.6293	0.0	0.6293	0.5474	0.8111	0.7543
117	0.9881	0.0	0.9881	1.466	1.086	1.891
118	0.8757	0.0	0.8757	0.6037	1.166	0.9537
119	0.8577	0.0	0.8577	1.602	1.084	2.147
120	0.6691	0.0	0.6691	0.4517	0.8215	0.586
121	0.8013	0.0	0.8013	0.71	0.9776	0.9572
122	0.8631	0.0	0.8631	0.5039	0.9558	0.6953
123	0.6038	0.0	0.6038	1.28	0.7264	1.322
124	0.5089	0.0	0.5089	0.5245	0.6799	0.8193
125	0.9223	0.0	0.9223	1.174	1.065	1.263
126	0.6501	0.0	0.6501	0.7227	0.7709	0.7525
127	1.136	0.0	1.136	1.175	1.316	1.225
128	0.7865	0.0	0.7865	1.022	0.9298	1.432
129	0.7908	0.0	0.7908	1.328	0.9259	1.485
130	1.073	0.0	1.073	1.079	1.251	1.202
131	0.8682	0.0	0.8682	1.116	1.204	1.322
132	0.5684	0.0	0.5684	0.7397	0.77	0.964
133	0.766	0.0	0.766	0.3507	1.002	0.4921
134	1.065	0.0	1.065	0.883	1.42	1.126
135	1.322	0.0	1.322	1.098	1.444	1.249
136	0.9724	0.0	0.9724	0.3639	1.099	0.5496
137	0.5158	0.0	0.5158	0.7624	0.5706	1.797
138	0.6811	0.0	0.6811	1.025	0.8299	1.048
139	0.809	0.0	0.809	1.196	0.975	1.443
140	0.7319	0.0	0.7319	0.385	0.8714	0.5143
141	0.6795	0.0	0.6795	0.8835	0.8383	1.419
142	1.119	0.0	1.119	0.7753	1.267	0.9
143	0.4526	0.0	0.4526	0.4682	0.5793	0.6493
144	0.6645	0.0	0.6645	0.6431	0.8416	0.9175
145	0.598	0.0	0.598	0.5763	0.8186	0.7346
146	0.6605	0.0	0.6605	0.6241	0.8309	0.8253
147	1.479	0.0	1.479	1.004	1.706	1.137
148	0.6599	0.0	0.6599	0.6276	0.8801	0.8578
149	0.4965	0.0	0.4965	0.4022	0.6223	0.6881
150	0.4883	0.0	0.4883	0.342	0.6198	0.553
151	0.9057	0.0	0.9057	1.398	1.081	1.684
152	0.4498	0.0	0.4498	0.501	0.538	0.6282
153	0.9005	0.0	0.9005	0.8635	1.153	1.153
154	1.007	0.0	1.007	1.285	1.073	1.606
155	0.926	0.0	0.926	1.244	1.268	1.533
156	0.905	0.0	0.905	0.7813	1.078	0.968
157	0.5949	0.0	0.5949	0.8978	0.7399	1.217
158	1.077	0.0	1.077	1.265	1.204	1.536
159	0.456	0.0	0.456	0.544	0.6006	0.8498
160	0.4264	0.0	0.4264	0.5251	0.5285	0.787
161	0.5376	0.0	0.5376	0.5104	0.66	0.7546
162	0.4616	0.0	0.4616	0.3178	0.5596	0.4724
163	0.4897	0.0	0.4897	0.8314	0.5765	0.9779
164	0.4917	0.0	0.4917	0.4493	0.5114	0.6182
165	1.074	0.0	1.074	1.683	1.13	2.093
166	1.228	0.0	1.228	1.416	1.254	1.783
167	0.5085	0.0	0.5085	1.274	0.5598	1.454
168	0.9999	0.0	0.9999	0.7585	1.034	0.8831
169	0.4816	0.0	0.4816	0.5972	0.6171	0.7392
170	0.6555	0.0	0.6555	0.6845	0.7897	0.9035
171	0.5545	0.0	0.5545	0.6432	0.7762	0.8731
172	1.132	0.0	1.132	1.024	1.285	1.258
173	0.4904	0.0	0.4904	0.4464	0.6706	0.693
174	1.118	0.0	1.118	1.206	1.173	1.629
175	0.605	0.0	0.605	1.173	0.6976	1.55
176	0.4391	0.0	0.4391	0.4345	0.5854	0.731
177	0.5914	0.0	0.5914	0.6442	0.8411	0.829
178	0.7846	0.0	0.7846	0.8519	0.9618	1.006
179	0.63	0.0	0.63	0.5028	0.87	0.6334
180	0.8395	0.0	0.8395	0.7191	0.9031	0.868
181	0.5035	0.0	0.5035	0.5021	0.5351	0.7118
182	0.493	0.0	0.493	0.3653	0.6472	0.5682
183	0.7233	0.0	0.7233	0.3454	0.9844	0.5064
184	0.7403	0.0	0.7403	0.754	0.8133	0.9814
185	0.5611	0.0	0.5611	0.9974	0.6776	1.524
186	0.4828	0.0	0.4828	0.4135	0.7077	0.6164
187	0.8807	0.0	0.8807	1.488	1.282	2.013
188	0.5817	0.0	0.5817	0.6954	0.7713	0.8214
189	0.5954	0.0	0.5954	0.3734	0.7897	0.5155
190	0.9796	0.0	0.9796	0.517	1.049	0.6253
191	0.4707	0.0	0.4707	0.4196	0.612	0.5972
192	0.4234	0.0	0.4234	0.4421	0.5284	0.5998
193	0.7016	0.0	0.7016	0.6615	0.7944	0.8309
194	1.229	0.0	1.229	1.182	1.309	1.457
195	0.557	0.0	0.557	0.4476	0.7088	0.6586
196	0.4682	0.0	0.4682	0.7138	0.5594	0.8992
197	0.443	0.0	0.443	0.4212	0.6973	0.7231
198	0.6848	0.0	0.6848	0.7276	0.838	0.9434
199	0.5103	0.0	0.5103	0.541	0.6316	0.7453
200	0.4065	0.0	0.4065	0.7957	0.5665	0.9086
201	0.5307	0.0	0.5307	0.4495	0.6018	0.6167
202	0.5961	0.0	0.5961	0.4638	0.7296	0.5836
203	0.6504	0.0	0.6504	0.5882	0.7091	0.9175
204	0.8131	0.0	0.8131	0.7722	0.9522	1.017
205	1.151	0.0	1.151	0.6299	1.129	0.7748
206	0.5372	0.0	0.5372	0.4273	0.6951	0.616
207	1.123	0.0	1.123	1.119	1.319	1.466
208	0.9196	0.0	0.9196	1.25	1.09	1.696
209	0.5637	0.0	0.5637	0.4671	0.6811	0.6842
210	0.5005	0.0	0.5005	0.59	0.6158	0.7672
211	0.5079	0.0	0.5079	0.4132	0.6551	0.5699
212	0.5638	0.0	0.5638	0.6015	0.6893	0.8341
213	0.4103	0.0	0.4103	0.8614	0.5901	1.09
214	0.9962	0.0	0.9962	0.9228	1.041	1.167
215	0.3889	0.0	0.3889	0.4525	0.5716	0.708
216	1.114	0.0	1.114	1.405	1.469	1.889
217	0.7	0.0	0.7	0.6831	0.8999	0.8341
218	0.4913	0.0	0.4913	0.3059	0.6379	0.5017
219	0.866	0.0	0.866	1.39	1.02	1.771
220	0.693	0.0	0.693	0.421	0.7268	0.5687
221	1.301	0.0	1.301	1.602	1.718	2.252
222	0.7728	0.0	0.7728	0.7012	0.9459	1.041
223	1.354	0.0	1.354	1.313	1.684	1.657
224	0.4821	0.0	0.4821	0.5608	0.683	0.7976
225	0.7437	0.0	0.7437	0.5499	0.9725	0.9908
226	0.4204	0.0	0.4204	0.5221	0.6179	0.7148
227	0.8924	0.0	0.8924	0.9455	1.107	1.158
228	0.4421	0.0	0.4421	0.545	0.7098	0.8823
229	1.219	0.0	1.219	0.9304	1.215	1.184
230	0.5776	0.0	0.5776	0.6075	0.7191	0.6566
231	0.9945	0.0	0.9945	0.8554	1.113	0.9875
232	0.9564	0.0	0.9564	0.9611	1.266	1.221
233	1.054	0.0	1.054	1.319	1.068	1.546
234	0.6787	0.0	0.6787	1.081	0.853	1.334
235	0.6238	0.0	0.6238	0.5893	0.7809	0.7632
236	0.6231	0.0	0.6231	0.5461	0.7647	0.7718
237	0.3066	0.0	0.3066	0.3514	0.4434	0.5509
238	1.239	0.0	1.239	1.089	1.427	1.238
239	0.9667	0.0	0.9667	0.763	1.026	0.8646
240	0.45	0.0	0.45	0.4146	0.6138	0.6438
241	0.6885	0.0	0.6885	0.798	0.8453	1.599
242	1.329	0.0	1.329	0.8543	1.507	0.9308
243	0.5913	0.0	0.5913	1.302	0.7248	1.438
244	0.7207	0.0	0.7207	0.6198	0.8985	0.8037
245	0.4382	0.0	0.4382	0.3502	0.6139	0.5766
246	0.8105	0.0	0.8105	0.6413	0.9554	0.853
247	0.4168	0.0	0.4168	0.3396	0.6345	0.4898
248	0.8195	0.0	0.8195	0.5603	1.131	0.7778
249	0.3559	0.0	0.3559	0.2292	0.4569	0.3292
250	0.7256	0.0	0.7256	0.3731	0.8408	0.4413
251	1.062	0.0	1.062	0.9983	1.119	1.139
252	0.4124	0.0	0.4124	0.3867	0.5529	0.5898
253	0.2974	0.0	0.2974	0.386	0.4874	0.6791
254	0.3563	0.0	0.3563	0.3579	0.4803	0.4853
255	1.315	0.0	1.315	1.111	1.563	1.29
256	0.4333	0.0	0.4333	0.3799	0.5202	0.4452
257	1.15	0.0	1.15	0.6943	1.233	0.9924
258	1.552	0.0	1.552	1.289	1.742	1.532
259	1.184	0.0	1.184	0.7419	1.283	1.063
260	0.7278	0.0	0.7278	0.524	0.7977	0.6596
261	1.002	0.0	1.002	0.4046	1.244	0.5901
262	1.08	0.0	1.08	1.03	1.256	1.256
263	0.8228	0.0	0.8228	0.3902	0.9627	0.5048
264	0.4891	0.0	0.4891	0.2865	0.6338	0.4869
265	0.4011	0.0	0.4011	0.4395	0.5682	0.6149
266	0.4691	0.0	0.4691	0.3237	0.6688	0.4933
267	0.5967	0.0	0.5967	0.8295	0.6683	1.047
268	0.5184	0.0	0.5184	0.3969	0.603	0.563
269	1.336	0.0	1.336	1.339	1.688	1.551
270	0.5319	0.0	0.5319	0.6946	0.6395	0.8636
271	1.373	0.0	1.373	0.6912	1.582	0.804
272	1.121	0.0	1.121	1.182	1.206	1.374
273	0.5016	0.0	0.5016	0.4523	0.6501	0.6708
274	0.8697	0.0	0.8697	0.795	0.9344	1.015
275	0.5219	0.0	0.5219	0.3657	0.6195	0.4907
276	0.651	0.0	0.651	0.6587	0.7911	0.8026
277	0.4886	0.0	0.4886	0.5366	0.6273	0.8294
278	1.142	0.0	1.142	1.164	1.307	1.456
279	0.7683	0.0	0.7683	0.9413	0.9238	1.316
280	0.4183	0.0	0.4183	0.3418	0.5413	0.4697
281	0.4695	0.0	0.4695	0.4339	0.6016	0.5722
282	0.8008	0.0	0.8008	0.6504	1.047	0.7673
283	0.5199	0.0	0.5199	0.4173	0.6406	0.5716
284	0.8929	0.0	0.8929	0.9928	0.9603	1.115
285	0.4395	0.0	0.4395	0.5602	0.5274	0.8124
286	0.4836	0.0	0.4836	0.3106	0.7349	0.4899
287	0.5299	0.0	0.5299	0.5371	0.6002	0.7801
288	1.031	0.0	1.031	0.9474	1.154	1.143
289	0.9611	0.0	0.9611	1.039	1.312	1.407
290	0.43	0.0	0.43	0.3691	0.6923	0.5275
291	0.5553	0.0	0.5553	1.049	0.6725	1.353
292	0.3793	0.0	0.3793	0.3831	0.5724	0.5307
293	0.3607	0.0	0.3607	0.4226	0.4969	0.5921
294	0.547	0.0	0.547	0.4996	0.6611	0.6891
295	0.6376	0.0	0.6376	0.35	0.8379	0.4843
296	0.4391	0.0	0.4391	0.4925	0.6336	0.61
297	0.6476	0.0	0.6476	0.4945	0.8043	0.6603
298	1.027	0.0	1.027	0.9691	1.169	1.192
299	0.581	0.0	0.581	0.3489	0.8009	0.4892
300	0.558	0.0	0.558	0.508	0.7448	0.6794
301	0.5072	0.0	0.5072	0.3945	0.7091	0.6344
302	0.7547	0.0	0.7547	1.296	0.8876	1.463
303	0.4993	0.0	0.4993	0.5218	0.6516	0.6773
304	0.4692	0.0	0.4692	0.3151	0.549	0.408
305	0.6175	0.0	0.6175	0.5689	0.7323	0.6512
306	0.6448	0.0	0.6448	0.4394	0.8183	0.5878
307	0.5688	0.0	0.5688	0.6072	0.6978	0.8369
308	0.9871	0.0	0.9871	0.5527	1.046	0.7446
309	0.8538	0.0	0.8538	1.065	0.9495	1.247
310	0.4662	0.0	0.4662	0.5604	0.6047	0.7472
311	0.443	0.0	0.443	1.066	0.5118	1.49
312	1.164	0.0	1.164	1.049	1.538	1.587
313	0.3632	0.0	0.3632	0.5482	0.6171	0.6697
314	0.903	0.0	0.903	0.7465	0.9688	0.9357
315	0.5552	0.0	0.5552	0.365	0.8214	0.4586
316	0.3774	0.0	0.3774	0.384	0.419	0.4557
317	0.5309	0.0	0.5309	0.7965	0.7358	0.8934
318	0.4314	0.0	0.4314	0.9483	0.4567	1.084
319	0.4092	0.0	0.4092	0.4067	0.6212	0.625
320	1.12	0.0	1.12	0.7831	1.282	0.8816
321	0.6585	0.0	0.6585	0.4002	0.832	0.6187
322	0.4938	0.0	0.4938	0.4258	0.6653	0.6528
323	0.9632	0.0	0.9632	1.252	1.065	1.553
324	0.6367	0.0	0.6367	0.3756	0.8427	0.4919
325	1.052	0.0	1.052	1.382	1.255	2.21
326	0.6395	0.0	0.6395	0.8594	0.7042	1.108
327	1.228	0.0	1.228	1.286	1.415	1.733
328	0.503	0.0	0.503	0.3914	0.6119	0.4884
329	0.5817	0.0	0.5817	0.6354	0.763	0.8621
330	0.4102	0.0	0.4102	0.4042	0.5431	0.5107
331	0.7788	0.0	0.7788	1.069	0.9071	1.281
332	0.3999	0.0	0.3999	0.4875	0.6139	0.8062
333	0.9374	0.0	0.9374	1.109	1.015	1.196
334	0.8115	0.0	0.8115	0.5541	0.96	0.7485
335	0.8548	0.0	0.8548	0.8453	0.972	1.048
336	0.8088	0.0	0.8088	1.034	0.9842	1.502
337	0.4289	0.0	0.4289	1.321	0.5207	1.493
338	1.047	0.0	1.047	0.9495	1.23	1.142
339	0.6065	0.0	0.6065	0.5139	0.8139	0.5642
340	0.5098	0.0	0.5098	0.636	0.7234	0.9996
341	0.6001	0.0	0.6001	0.295	0.7422	0.4157
342	0.6605	0.0	0.6605	0.8671	0.8261	1.08
343	0.8276	0.0	0.8276	0.9559	0.8843	1.113
344	0.2942	0.0	0.2942	0.4102	0.3895	0.5805
345	0.9141	0.0	0.9141	0.7942	0.9909	2.103
346	0.4244	0.0	0.4244	1.177	0.4887	1.491
347	0.6969	0.0	0.6969	1.125	0.7648	1.304
348	0.4553	0.0	0.4553	0.324	0.5404	0.4584
349	0.5705	0.0	0.5705	0.5617	0.7495	0.8433
350	1.067	0.0	1.067	0.8107	1.214	1.122
351	0.4348	0.0	0.4348	0.3428	0.6476	0.5269
352	0.3468	0.0	0.3468	0.5433	0.4462	0.783
353	0.4757	0.0	0.4757	0.3515	0.5262	0.501
354	0.464	0.0	0.464	0.3819	0.5967	0.4867
355	1.039	0.0	1.039	0.9462	1.039	1.175
356	0.3472	0.0	0.3472	0.455	0.4976	0.6237
357	0.5172	0.0	0.5172	0.2775	0.7177	0.441
358	0.5156	0.0	0.5156	0.381	0.6847	0.5907
359	1.092	0.0	1.092	1.122	1.232	1.364
360	0.3542	0.0	0.3542	0.4788	0.4202	0.5697
361	0.771	0.0	0.771	0.8058	0.894	1.033
362	0.7139	0.0	0.7139	1.361	0.8031	1.766
363	0.7104	0.0	0.7104	0.7656	0.8874	0.971
364	0.9042	0.0	0.9042	0.7646	1.082	0.8981
365	0.767	0.0	0.767	0.4399	0.9271	0.7581
366	0.9618	0.0	0.9618	0.9837	1.088	1.284
367	0.4615	0.0	0.4615	0.4496	0.5855	0.6144
368	0.4057	0.0	0.4057	0.3199	0.554	0.609
369	0.4932	0.0	0.4932	0.4054	0.7047	0.6772
370	0.3489	0.0	0.3489	0.374	0.5119	0.6373
371	0.5428	0.0	0.5428	0.9378	0.7112	1.17
372	0.5145	0.0	0.5145	0.4824	0.6869	0.643
373	1.064	0.0	1.064	1.349	1.282	1.728
374	0.7349	0.0	0.7349	0.7574	0.8666	1.075
375	0.6048	0.0	0.6048	0.5347	0.7428	0.6693
376	0.6758	0.0	0.6758	0.9019	0.8136	1.036
377	0.5233	0.0	0.5233	0.2711	0.7206	0.3572
378	1.04	0.0	1.04	1.284	1.09	1.981
379	0.2815	0.0	0.2815	0.3686	0.3669	0.5457
380	0.6383	0.0	0.6383	0.6782	0.7992	0.9337
381	0.6484	0.0	0.6484	0.4423	0.7497	0.7102
382	0.7498	0.0	0.7498	0.4679	0.8869	0.6027
383	0.4583	0.0	0.4583	0.6416	0.6211	0.7682
384	0.3867	0.0	0.3867	0.3256	0.5291	0.4696
385	0.3697	0.0	0.3697	0.5119	0.4394	0.8362
386	0.8366	0.0	0.8366	0.6722	0.936	0.9475
387	0.4931	0.0	0.4931	0.4276	0.6568	0.6534
388	0.9243	0.0	0.9243	0.7789	1.058	0.9432
389	0.3992	0.0	0.3992	0.5497	0.4427	0.7756
390	0.344	0.0	0.344	0.4282	0.4379	0.6148
391	0.4565	0.0	0.4565	0.3355	0.5306	0.4834
392	0.9287	0.0	0.9287	0.991	1.082	1.164
393	0.9548	0.0	0.9548	0.7491	1.239	1.003
394	0.5079	0.0	0.5079	0.5003	0.6031	0.6764
395	0.6428	0.0	0.6428	0.9298	0.8863	1.159
396	0.3764	0.0	0.3764	0.3096	0.5338	0.3982
397	0.4986	0.0	0.4986	0.398	0.653	0.5652
398	0.406	0.0	0.406	0.6124	0.5125	0.8294
399	0.499	0.0	0.499	0.6331	0.6776	1.078
400	0.5091	0.0	0.5091	0.4577	0.624	0.6268
401	0.3965	0.0	0.3965	0.5064	0.5351	0.6457
402	1.174	0.0	1.174	0.82	1.346	1.094
403	0.474	0.0	0.474	0.6251	0.64	0.769
404	0.5663	0.0	0.5663	0.3998	0.7705	0.5787
405	0.4576	0.0	0.4576	0.3195	0.6434	0.4997
406	0.9639	0.0	0.9639	0.8344	1.086	0.9856
407	0.4084	0.0	0.4084	0.4874	0.4321	0.6327
408	0.4375	0.0	0.4375	0.4684	0.5267	0.6494
409	0.7137	0.0	0.7137	0.5292	0.7775	0.7437
410	0.416	0.0	0.416	0.2606	0.504	0.345
411	0.8515	0.0	0.8515	0.4208	1.029	0.6663
412	0.9182	0.0	0.9182	0.4962	1.065	0.6026
413	0.6079	0.0	0.6079	1.284	0.7416	1.641
414	0.4743	0.0	0.4743	0.4047	0.5988	0.6381
415	0.9669	0.0	0.9669	0.6142	1.221	0.7484
416	0.4942	0.0	0.4942	0.9574	0.5998	1.3
417	0.4103	0.0	0.4103	0.5424	0.5018	0.7779
418	0.5562	0.0	0.5562	1.127	0.6945	1.282
419	0.4064	0.0	0.4064	0.3461	0.5563	0.5005
420	0.4279	0.0	0.4279	0.338	0.5797	0.558
421	0.487	0.0	0.487	0.3529	0.7328	0.4782
422	1.089	0.0	1.089	0.8822	1.238	1.027
423	0.4645	0.0	0.4645	0.4056	0.7161	0.6288
424	1.15	0.0	1.15	0.8199	1.306	1.006
425	0.5513	0.0	0.5513	0.818	0.7393	0.9782
426	0.5117	0.0	0.5117	0.4679	0.6625	0.6583
427	1.041	0.0	1.041	1.135	1.108	1.422
428	0.6105	0.0	0.6105	0.5642	0.796	0.8483
429	1.036	0.0	1.036	1.17	1.262	1.52
430	0.488	0.0	0.488	0.952	0.805	1.232
431	1.191	0.0	1.191	0.9748	1.267	1.128
432	0.4864	0.0	0.4864	0.6529	0.6181	0.7936
433	0.6655	0.0	0.6655	0.8626	0.9447	1.136
434	0.3905	0.0	0.3905	0.5157	0.5185	0.7037
435	0.7896	0.0	0.7896	0.8715	0.996	0.9716
436	0.4598	0.0	0.4598	0.663	0.7108	0.9744
437	0.961	0.0	0.961	1.113	1.093	1.351
438	0.6574	0.0	0.6574	0.5645	0.6993	0.7313
439	0.6618	0.0	0.6618	1.126	0.8092	1.383
440	0.7145	0.0	0.7145	1.031	0.8909	1.407
441	1.156	0.0	1.156	1.079	1.326	1.199
442	0.5401	0.0	0.5401	0.6696	0.6298	0.7857
443	0.4811	0.0	0.4811	0.6811	0.6107	0.9699
444	0.4199	0.0	0.4199	0.4625	0.5465	0.7071
445	0.4331	0.0	0.4331	0.3262	0.5497	0.4722
446	0.5015	0.0	0.5015	0.8238	0.5664	1.041
447	0.885	0.0	0.885	1.186	0.9849	1.411
448	0.5492	0.0	0.5492	0.3035	0.7667	0.5026
449	0.4404	0.0	0.4404	0.6827	0.4701	1.648
450	0.7673	0.0	0.7673	0.4779	0.8558	0.537
451	0.9645	0.0	0.9645	0.8965	1.08	1.177
452	0.4687	0.0	0.4687	0.5428	0.6215	0.7188
453	0.563	0.0	0.563	0.5036	0.661	0.8221
454	0.9308	0.0	0.9308	1.057	1.152	1.252
455	0.3771	0.0	0.3771	0.3647	0.5463	0.5374
456	0.3875	0.0	0.3875	0.4708	0.4905	0.604
457	0.3775	0.0	0.3775	0.3613	0.4848	0.4908
458	0.3573	0.0	0.3573	0.4793	0.4152	0.628
459	0.6436	0.0	0.6436	0.7687	0.7747	1.0
460	0.4065	0.0	0.4065	0.4434	0.549	0.595
461	0.384	0.0	0.384	0.4029	0.5047	0.823
462	0.4069	0.0	0.4069	0.3272	0.52	0.5704
463	1.153	0.0	1.153	1.062	1.41	1.48
464	0.5762	0.0	0.5762	0.2897	0.6813	0.3678
465	0.6956	0.0	0.6956	0.843	0.8304	1.169
466	0.4908	0.0	0.4908	1.345	0.5947	1.626
467	0.4349	0.0	0.4349	0.6683	0.5288	0.9455
468	0.6477	0.0	0.6477	1.133	0.7776	1.184
469	0.4345	0.0	0.4345	0.9124	0.5576	1.25
470	0.9918	0.0	0.9918	0.7671	1.117	1.03
471	0.7692	0.0	0.7692	0.4418	0.9633	0.6183
472	0.4101	0.0	0.4101	0.2636	0.565	0.4353
473	0.4842	0.0	0.4842	0.6351	0.6988	0.9332
474	0.5221	0.0	0.5221	0.3553	0.7764	0.507
475	0.5439	0.0	0.5439	0.7356	0.7112	0.9195
476	0.4821	0.0	0.4821	0.4336	0.6395	0.6108
477	0.4546	0.0	0.4546	1.315	0.5535	1.613
478	0.9352	0.0	0.9352	0.6616	1.079	0.7814
479	0.7951	0.0	0.7951	1.109	0.8884	1.343
480	0.9538	0.0	0.9538	0.8595	1.02	1.058
481	0.6311	0.0	0.6311	0.5056	0.7979	0.6691
482	0.6582	0.0	0.6582	0.9913	0.7431	1.306
483	0.3774	0.0	0.3774	0.3877	0.4616	0.5301
484	0.7404	0.0	0.7404	1.275	0.7954	1.443
485	0.5049	0.0	0.5049	0.5606	0.6761	0.8742
486	0.8126	0.0	0.8126	0.9514	0.9956	1.233
487	0.8253	0.0	0.8253	0.9444	0.964	1.264
488	0.4138	0.0	0.4138	0.3545	0.5543	0.4942
489	0.3944	0.0	0.3944	0.4009	0.5463	0.545
490	0.5256	0.0	0.5256	0.4674	0.6755	0.5357
491	0.3918	0.0	0.3918	0.266	0.4573	0.3614
492	0.5202	0.0	0.5202	0.6823	0.5836	0.8525
493	0.7627	0.0	0.7627	0.4321	0.8788	0.647
494	0.4192	0.0	0.4192	0.3452	0.4331	0.4878
495	0.3687	0.0	0.3687	0.4816	0.4785	0.6384
496	0.6612	0.0	0.6612	1.226	0.71	1.688
497	1.152	0.0	1.152	0.8043	1.41	1.215
498	0.6595	0.0	0.6595	0.2988	0.7999	0.3958
499	0.6426	0.0	0.6426	0.8853	0.7567	1.195
500	0.4116	0.0	0.4116	0.347	0.5216	0.4557
501	0.4901	0.0	0.4901	0.373	0.7232	0.5387
502	0.4515	0.0	0.4515	0.4433	0.5467	0.61
503	0.5882	0.0	0.5882	0.4193	0.7032	0.5513
504	0.3425	0.0	0.3425	0.5203	0.4515	0.7008
505	0.3994	0.0	0.3994	0.4667	0.5095	0.757
506	1.317	0.0	1.317	0.7206	1.49	0.8685
507	0.4239	0.0	0.4239	0.5541	0.5133	0.789
508	0.6858	0.0	0.6858	0.5365	0.8273	0.7144
509	0.4608	0.0	0.4608	0.4042	0.6637	0.6831
510	0.8891	0.0	0.8891	0.7894	1.062	0.8462
511	0.4317	0.0	0.4317	0.439	0.5528	0.6032
512	0.6965	0.0	0.6965	0.6428	0.9039	0.7766
513	0.5134	0.0	0.5134	0.8745	0.5689	1.201
514	0.2895	0.0	0.2895	0.2967	0.3603	0.3574
515	0.5355	0.0	0.5355	0.6884	0.5981	0.9043
516	0.9471	0.0	0.9471	0.401	1.143	0.5036
517	1.011	0.0	1.011	0.9111	1.126	1.089
518	0.5576	0.0	0.5576	0.4139	0.6795	0.7757
519	0.995	0.0	0.995	0.7914	1.238	1.035
520	0.8148	0.0	0.8148	1.28	1.015	1.808
521	0.5725	0.0	0.5725	0.5165	0.7593	0.7531
522	0.6931	0.0	0.6931	0.564	0.8862	0.6579
523	0.4231	0.0	0.4231	0.3515	0.6003	0.449
524	0.3953	0.0	0.3953	0.3546	0.5208	0.458
525	0.4318	0.0	0.4318	0.4189	0.6274	0.6252
526	1.07	0.0	1.07	0.8445	1.314	1.037
527	0.4165	0.0	0.4165	0.4035	0.6626	0.6286
528	0.8549	0.0	0.8549	0.9892	0.9582	1.152
529	0.6439	0.0	0.6439	0.7752	0.7577	1.095
530	0.5269	0.0	0.5269	0.3973	0.6863	0.6193
531	1.243	0.0	1.243	0.8679	1.495	1.005
532	0.7458	0.0	0.7458	0.3456	0.8906	0.4676
533	0.9746	0.0	0.9746	1.133	1.122	1.316
534	0.6442	0.0	0.6442	0.7232	0.6806	0.9886
535	0.8682	0.0	0.8682	1.166	0.9591	1.587
536	0.4993	0.0	0.4993	0.4876	0.7224	0.6969
537	0.3871	0.0	0.3871	0.5719	0.4705	0.7632
538	0.3402	0.0	0.3402	0.3889	0.4256	0.4619
539	0.9158	0.0	0.9158	0.7499	1.067	0.9346
540	0.3335	0.0	0.3335	0.4141	0.4757	0.638
541	0.5892	0.0	0.5892	0.6803	0.6973	0.7917
542	0.6189	0.0	0.6189	0.2985	0.7541	0.3892
543	0.5072	0.0	0.5072	0.9575	0.5887	1.141
544	0.6188	0.0	0.6188	0.931	0.7923	1.113
545	0.9754	0.0	0.9754	1.221	1.044	1.375
546	0.4965	0.0	0.4965	0.7271	0.6083	0.8806
547	0.7601	0.0	0.7601	0.6708	0.8778	0.9088
548	0.44	0.0	0.44	0.4725	0.5926	0.6434
549	0.4586	0.0	0.4586	0.2725	0.6576	0.4265
550	0.9163	0.0	0.9163	0.8093	1.076	0.996
551	1.309	0.0	1.309	0.9015	1.462	1.111
552	0.5986	0.0	0.5986	0.3628	0.747	0.589
553	0.4977	0.0	0.4977	0.628	0.6186	1.238
554	0.6733	0.0	0.6733	0.4748	0.82	0.539
555	0.9928	0.0	0.9928	0.8666	1.122	1.046
556	0.4842	0.0	0.4842	0.4908	0.6847	0.6261
557	0.5752	0.0	0.5752	0.4241	0.7252	0.6205
558	1.189	0.0	1.189	0.9195	1.334	1.208
559	0.3413	0.0	0.3413	0.3485	0.4889	0.499
560	0.4547	0.0	0.4547	0.346	0.5931	0.4991
561	0.4028	0.0	0.4028	0.6699	0.5292	0.7322
562	0.3265	0.0	0.3265	0.5687	0.3681	0.7628
563	0.9801	0.0	0.9801	0.9308	1.1	1.098
564	0.3962	0.0	0.3962	0.3243	0.5124	0.4836
565	0.5722	0.0	0.5722	0.3155	0.6992	0.602
566	0.3813	0.0	0.3813	0.284	0.4777	0.4236
567	1.022	0.0	1.022	0.8193	1.233	1.096
568	0.5831	0.0	0.5831	0.3236	0.6612	0.3784
569	0.585	0.0	0.585	0.9313	0.7547	1.262
570	0.5067	0.0	0.5067	0.624	0.6077	0.7509
571	0.8123	0.0	0.8123	0.7218	0.8995	0.935
572	0.9107	0.0	0.9107	0.7502	1.049	0.8192
573	0.7313	0.0	0.7313	0.6887	0.8838	0.9075
574	1.187	0.0	1.187	0.8839	1.309	1.141
575	0.3414	0.0	0.3414	0.4095	0.4587	0.5725
576	0.5902	0.0	0.5902	0.4323	0.6908	0.6191
577	0.4656	0.0	0.4656	0.2935	0.6514	0.4502
578	0.2718	0.0	0.2718	0.2794	0.4115	0.4298
579	0.6951	0.0	0.6951	0.7496	0.8053	0.9683
580	0.3768	0.0	0.3768	0.5458	0.5108	0.742
581	1.109	0.0	1.109	0.9841	1.316	1.193
582	0.9048	0.0	0.9048	0.857	0.9836	1.012
583	0.8917	0.0	0.8917	1.0	0.9644	1.226
584	0.4065	0.0	0.4065	0.9857	0.4742	1.134
585	0.4175	0.0	0.4175	0.3208	0.4925	0.4194
586	1.009	0.0	1.009	1.02	1.104	1.373
587	0.3767	0.0	0.3767	0.299	0.5314	0.3968
588	0.6283	0.0	0.6283	0.6331	0.8621	0.8214
589	0.4994	0.0	0.4994	0.4314	0.6277	0.6856
590	0.7649	0.0	0.7649	0.6816	1.003	0.9249
591	1.023	0.0	1.023	1.106	1.091	1.376
592	0.3788	0.0	0.3788	0.3662	0.5484	0.501
593	0.4939	0.0	0.4939	0.4315	0.5861	0.5551
594	0.9482	0.0	0.9482	0.9055	1.127	1.119
595	0.484	0.0	0.484	0.337	0.6658	0.4422
596	0.9636	0.0	0.9636	1.009	1.046	1.195
597	0.3486	0.0	0.3486	0.6132	0.4397	0.7568
598	0.3666	0.0	0.3666	0.3233	0.4611	0.4679
599	0.845	0.0	0.845	0.3761	0.9127	0.5707
600	0.915	0.0	0.915	0.7686	1.108	1.007
601	0.8402	0.0	0.8402	0.8867	1.056	1.105
602	0.4802	0.0	0.4802	0.4523	0.594	0.5687
603	0.7603	0.0	0.7603	1.007	0.8517	1.431
604	0.5081	0.0	0.5081	0.3448	0.6435	0.4344
605	0.4201	0.0	0.4201	0.3382	0.6649	0.4618
606	0.5034	0.0	0.5034	0.4726	0.6557	0.6545
607	0.6544	0.0	0.6544	0.7023	0.7253	0.8358
608	0.5046	0.0	0.5046	0.4014	0.6078	0.4847
609	0.5328	0.0	0.5328	0.6163	0.671	0.861
610	0.8846	0.0	0.8846	0.6694	0.9691	1.165
611	0.2968	0.0	0.2968	0.374	0.4315	0.4808
612	0.6862	0.0	0.6862	0.6527	0.8443	0.8129
613	0.3013	0.0	0.3013	0.3312	0.4256	0.5687
614	0.8431	0.0	0.8431	0.59	1.007	0.7379
615	0.4724	0.0	0.4724	0.323	0.6226	0.4051
616	0.4887	0.0	0.4887	0.4414	0.5465	0.5868
617	0.3052	0.0	0.3052	0.3391	0.5025	0.4651
618	0.5332	0.0	0.5332	0.4704	0.6387	0.6368
619	0.6803	0.0	0.6803	0.4939	0.8285	0.7325
620	0.8263	0.0	0.8263	0.7908	0.9525	1.083
621	0.7716	0.0	0.7716	0.6562	0.8464	0.7985
622	0.4071	0.0	0.4071	0.4265	0.5078	0.5948
623	0.5719	0.0	0.5719	1.058	0.7597	1.225
624	0.7723	0.0	0.7723	1.007	0.9181	1.403
625	0.7521	0.0	0.7521	0.5709	0.8923	0.8042
626	0.4888	0.0	0.4888	0.5268	0.6411	0.6644
627	0.3891	0.0	0.3891	0.3698	0.4873	0.52
628	0.4236	0.0	0.4236	0.5179	0.5662	0.6696
629	0.3926	0.0	0.3926	0.3854	0.6049	0.491
630	0.449	0.0	0.449	0.8965	0.5198	1.182
631	0.4336	0.0	0.4336	0.4297	0.4554	0.5885
632	0.5465	0.0	0.5465	0.9097	0.6449	1.297
633	0.481	0.0	0.481	0.5828	0.591	0.7874
634	0.4733	0.0	0.4733	0.4373	0.5679	0.6193
635	0.4059	0.0	0.4059	1.167	0.4648	1.484
636	0.5837	0.0	0.5837	0.3653	0.7146	0.5299
637	0.486	0.0	0.486	1.271	0.5601	2.135
638	0.7847	0.0	0.7847	0.8821	0.9604	1.333
639	0.9601	0.0	0.9601	1.28	1.095	1.847
640	0.4851	0.0	0.4851	0.371	0.6674	0.5295
641	0.808	0.0	0.808	0.3779	0.9442	0.4692
642	0.3497	0.0	0.3497	0.4504	0.4231	0.5495
643	0.518	0.0	0.518	0.7849	0.6623	0.9711
644	0.3755	0.0	0.3755	0.3557	0.5025	0.5129
645	0.8926	0.0	0.8926	1.058	1.003	1.366
646	0.6398	0.0	0.6398	0.5933	0.6833	0.7346
647	0.4182	0.0	0.4182	0.7336	0.4746	0.8576
648	0.5375	0.0	0.5375	0.7778	0.6416	1.042
649	0.3623	0.0	0.3623	0.827	0.3906	0.9572
650	0.9264	0.0	0.9264	0.9053	1.096	1.067
651	0.5635	0.0	0.5635	0.4495	0.6387	0.612
652	0.5578	0.0	0.5578	0.4083	0.7207	0.6048
653	0.3262	0.0	0.3262	0.2606	0.4832	0.4034
654	0.673	0.0	0.673	0.9036	0.7582	1.142
655	0.6136	0.0	0.6136	0.8408	0.6989	0.964
656	0.4348	0.0	0.4348	0.393	0.4659	0.5439
657	0.4874	0.0	0.4874	0.9097	0.7171	1.462
658	0.8985	0.0	0.8985	1.034	0.9399	1.209
659	0.9327	0.0	0.9327	0.9179	1.041	1.207
660	0.5394	0.0	0.5394	0.3244	0.6425	0.4023
661	0.5475	0.0	0.5475	0.6639	0.6978	0.7553
662	1.109	0.0	1.109	0.949	1.283	1.14
663	0.5019	0.0	0.5019	0.3352	0.7314	0.4952
664	0.4189	0.0	0.4189	0.5124	0.5376	0.7154
665	0.6721	0.0	0.6721	0.3685	0.7552	0.5248
666	0.5255	0.0	0.5255	0.399	0.7116	0.5295
667	0.9603	0.0	0.9603	0.8193	1.115	1.041
668	0.4239	0.0	0.4239	0.4148	0.4831	0.6331
669	0.7699	0.0	0.7699	0.2937	0.9055	0.4552
670	0.8911	0.0	0.8911	0.2689	1.022	0.4034
671	0.7898	0.0	0.7898	1.038	0.9421	1.481
672	0.4908	0.0	0.4908	0.3587	0.5958	0.4741
673	0.6995	0.0	0.6995	0.7292	0.8638	0.9531
674	1.074	0.0	1.074	1.268	1.265	1.805
675	0.6989	0.0	0.6989	0.97	0.8604	1.343
676	0.9758	0.0	0.9758	0.8839	1.122	1.114
677	0.5309	0.0	0.5309	0.3236	0.707	0.4978
678	0.4548	0.0	0.4548	0.6728	0.4788	0.8965
679	0.4533	0.0	0.4533	0.6077	0.5823	0.8226
680	0.4214	0.0	0.4214	0.2666	0.5399	0.3513
681	0.4945	0.0	0.4945	0.4817	0.6237	0.6816
682	0.4576	0.0	0.4576	0.3065	0.5985	0.497
683	0.4788	0.0	0.4788	0.7015	0.5199	0.8328
684	0.5473	0.0	0.5473	0.4235	0.7632	0.5815
685	0.5626	0.0	0.5626	1.501	0.601	1.855
686	0.6165	0.0	0.6165	0.6946	0.6737	0.8904
687	0.4987	0.0	0.4987	0.8717	0.6312	1.042
688	0.8539	0.0	0.8539	0.9538	0.9838	1.061
689	0.562	0.0	0.562	0.3443	0.7045	0.4266
690	1.073	0.0	1.073	0.8705	1.336	1.111
691	0.3572	0.0	0.3572	0.3151	0.4912	0.446
692	0.4413	0.0	0.4413	0.7164	0.5394	0.9679
693	0.4511	0.0	0.4511	0.386	0.5638	0.6081
694	0.7976	0.0	0.7976	0.4862	0.9081	0.5704
695	0.3998	0.0	0.3998	0.8594	0.4247	0.9907
696	0.3982	0.0	0.3982	0.2517	0.5355	0.3551
697	0.512	0.0	0.512	0.4296	0.6297	0.6267
698	0.4714	0.0	0.4714	0.4661	0.5202	0.5989
699	0.3266	0.0	0.3266	0.4011	0.3868	0.5713
700	0.8396	0.0	0.8396	0.7248	0.9234	0.9152
701	0.3893	0.0	0.3893	0.6986	0.4421	0.9134
702	0.3687	0.0	0.3687	0.2821	0.4826	0.4094
703	0.7267	0.0	0.7267	0.3643	0.8034	0.5386
704	0.6577	0.0	0.6577	1.078	0.7307	1.52
705	0.4779	0.0	0.4779	0.8797	0.5668	1.199
706	0.414	0.0	0.414	0.5143	0.511	0.7718
707	0.3751	0.0	0.3751	0.5442	0.435	0.6677
708	0.3084	0.0	0.3084	0.3991	0.4065	0.5287
709	0.3145	0.0	0.3145	0.3665	0.4237	0.5083
710	0.973	0.0	0.973	0.5241	1.175	0.7219
711	0.4503	0.0	0.4503	0.5015	0.6347	0.6565
712	0.3396	0.0	0.3396	0.5915	0.4218	0.7145
713	0.3046	0.0	0.3046	0.4227	0.5549	0.532
714	1.06	0.0	1.06	0.949	1.315	1.131
715	0.274	0.0	0.274	0.5873	0.362	0.7857
716	0.4425	0.0	0.4425	0.4574	0.5291	0.6107
717	0.3361	0.0	0.3361	0.3864	0.5006	0.5748
718	1.166	0.0	1.166	1.194	1.309	1.454
719	0.3625	0.0	0.3625	0.5444	0.4485	0.6805
720	0.5635	0.0	0.5635	0.521	0.6888	0.6544
721	0.353	0.0	0.353	0.4903	0.3828	0.6243
722	0.4805	0.0	0.4805	0.6909	0.5972	0.896
723	0.9382	0.0	0.9382	0.5315	1.086	0.7305
724	0.4928	0.0	0.4928	0.5081	0.6106	0.638
725	0.9446	0.0	0.9446	0.9636	1.071	1.123
726	0.5333	0.0	0.5333	0.3796	0.6532	0.5819
727	1.155	0.0	1.155	0.8135	1.26	1.08
728	1.111	0.0	1.111	0.9443	1.229	1.192
729	0.6415	0.0	0.6415	0.3878	0.7783	0.5688
730	0.6409	0.0	0.6409	0.7334	0.7391	0.9215
731	0.4071	0.0	0.4071	0.46	0.5491	0.554
732	0.5544	0.0	0.5544	0.4374	0.6902	0.5856
733	0.3678	0.0	0.3678	0.3851	0.5331	0.6013
734	0.5591	0.0	0.5591	0.6801	0.6387	0.8067
735	0.4859	0.0	0.4859	0.3227	0.6172	0.4753
736	0.6091	0.0	0.6091	0.9811	0.8259	1.37
737	0.5535	0.0	0.5535	0.7222	0.6979	0.8795
738	0.5539	0.0	0.5539	0.2591	0.6792	0.4035
739	0.8739	0.0	0.8739	0.7854	1.07	0.975
740	0.5219	0.0	0.5219	0.316	0.6069	0.4126
741	1.084	0.0	1.084	1.284	1.212	1.461
742	0.4959	0.0	0.4959	0.7793	0.6361	0.9739
743	0.782	0.0	0.782	0.8733	0.8537	1.042
744	0.629	0.0	0.629	0.6559	0.7399	0.7224
745	0.4976	0.0	0.4976	0.4462	0.6589	0.5799
746	0.363	0.0	0.363	0.3651	0.4643	0.4517
747	0.6085	0.0	0.6085	1.056	0.8073	1.212
748	0.3961	0.0	0.3961	0.3656	0.5677	0.53
749	0.8709	0.0	0.8709	0.7315	1.016	0.8387
750	0.7055	0.0	0.7055	0.5609	0.7135	0.6998
751	0.4541	0.0	0.4541	0.8673	0.5489	1.069
752	0.7477	0.0	0.7477	1.086	0.8328	1.238
753	0.7652	0.0	0.7652	1.091	0.7649	1.234
754	0.9053	0.0	0.9053	0.9417	1.042	1.143
755	0.5917	0.0	0.5917	0.4098	0.7205	0.5606
756	0.514	0.0	0.514	0.526	0.6863	0.7525
757	0.3765	0.0	0.3765	0.2569	0.4895	0.3898
758	0.69	0.0	0.69	0.7926	0.9046	1.092
759	0.4724	0.0	0.4724	0.4643	0.5872	0.6309
760	0.3901	0.0	0.3901	0.4213	0.5613	0.611
761	0.6068	0.0	0.6068	0.536	0.776	0.737
762	0.7643	0.0	0.7643	1.054	0.8329	1.268
763	0.8887	0.0	0.8887	1.085	1.012	1.328
764	0.5323	0.0	0.5323	0.3466	0.6479	0.4434
765	0.542	0.0	0.542	0.4578	0.6945	0.6162
766	1.167	0.0	1.167	1.266	1.445	1.596
767	0.3708	0.0	0.3708	0.4146	0.468	0.6146
768	0.3301	0.0	0.3301	0.4751	0.4376	0.6304
769	0.3184	0.0	0.3184	0.317	0.4021	0.4442
770	0.41	0.0	0.41	0.4335	0.5363	0.5904
771	0.9244	0.0	0.9244	0.9173	1.036	1.016
772	0.4207	0.0	0.4207	0.5046	0.5242	0.6249
773	0.4227	0.0	0.4227	0.2927	0.5612	0.4897
774	0.3728	0.0	0.3728	0.3131	0.4614	0.5
775	0.7726	0.0	0.7726	1.051	0.8957	1.6
776	0.4613	0.0	0.4613	0.33	0.5529	0.3799
777	0.5589	0.0	0.5589	0.6651	0.6053	0.9402
778	0.8609	0.0	0.8609	1.109	1.025	1.409
779	0.5794	0.0	0.5794	0.734	0.7422	0.9943
780	0.4964	0.0	0.4964	0.5765	0.5895	0.718
781	0.6072	0.0	0.6072	0.5903	0.7506	0.7383
782	0.7615	0.0	0.7615	0.8611	0.8368	1.046
783	0.3718	0.0	0.3718	0.5648	0.4629	0.6686
784	0.4777	0.0	0.4777	0.2302	0.617	0.3863
785	0.447	0.0	0.447	0.3977	0.5771	0.5647
786	0.5264	0.0	0.5264	0.2548	0.7456	0.3688
787	0.6625	0.0	0.6625	0.5302	0.7354	0.6839
788	0.4161	0.0	0.4161	0.3921	0.4637	0.5335
789	0.6059	0.0	0.6059	1.172	0.8023	1.474
790	0.8324	0.0	0.8324	1.167	0.8889	1.376
791	0.53	0.0	0.53	0.9475	0.6203	1.204
792	0.8638	0.0	0.8638	0.6876	1.011	0.8501
793	0.6679	0.0	0.6679	0.275	0.7375	0.4224
794	0.5712	0.0	0.5712	0.8336	0.6666	1.025
795	0.4615	0.0	0.4615	0.2896	0.5973	0.4042
796	0.7402	0.0	0.7402	0.8641	0.9266	1.12
797	0.4159	0.0	0.4159	0.4921	0.532	0.7103
798	0.7123	0.0	0.7123	0.8816	0.8986	1.036
799	0.5112	0.0	0.5112	0.7287	0.5661	0.8982
800	0.3706	0.0	0.3706	0.3061	0.4517	0.5195
801	0.4544	0.0	0.4544	0.3445	0.58	0.6045
802	0.822	0.0	0.822	0.8913	0.9022	1.134
803	0.5363	0.0	0.5363	0.37	0.6478	0.5073
804	1.379	0.0	1.379	0.5996	1.595	0.6934
805	0.493	0.0	0.493	0.5069	0.6266	0.6786
806	0.3141	0.0	0.3141	0.3327	0.4441	0.4803
807	0.3806	0.0	0.3806	0.3794	0.533	0.4983
808	0.5152	0.0	0.5152	0.8788	0.5794	0.9964
809	0.7052	0.0	0.7052	0.806	0.9361	1.053
810	0.4131	0.0	0.4131	0.3044	0.5312	0.4418
811	0.5547	0.0	0.5547	0.9077	0.7802	1.167
812	0.4001	0.0	0.4001	0.2973	0.5467	0.3618
813	0.418	0.0	0.418	0.3125	0.5876	0.4334
814	0.356	0.0	0.356	0.7425	0.4508	0.9587
815	0.4704	0.0	0.4704	0.3384	0.5828	0.5527
816	0.4384	0.0	0.4384	0.5467	0.4653	0.609
817	0.4713	0.0	0.4713	0.6783	0.5925	0.8465
818	0.9061	0.0	0.9061	0.9305	0.9931	1.289
819	0.345	0.0	0.345	0.5678	0.4504	1.213
820	0.6077	0.0	0.6077	0.6074	0.7823	0.7475
821	0.4575	0.0	0.4575	0.6993	0.5216	0.8895
822	0.8744	0.0	0.8744	0.7306	0.9478	0.8092
823	0.4835	0.0	0.4835	0.4781	0.6086	0.5701
824	0.4671	0.0	0.4671	0.6763	0.6922	0.8706
825	0.6233	0.0	0.6233	0.6313	0.8453	0.8298
826	0.4474	0.0	0.4474	0.5674	0.532	0.7792
827	0.6832	0.0	0.6832	0.5591	0.9079	0.694
828	0.7331	0.0	0.7331	0.4846	0.8874	0.6116
829	0.9679	0.0	0.9679	0.7294	1.048	0.8271
830	0.4056	0.0	0.4056	0.4376	0.4904	0.6407
831	0.6868	0.0	0.6868	0.9307	0.8096	1.148
832	0.8433	0.0	0.8433	0.8649	1.052	1.217
833	0.5144	0.0	0.5144	0.5456	0.7083	0.7511
834	0.6952	0.0	0.6952	0.7152	0.8798	0.9674
835	0.5191	0.0	0.5191	0.3964	0.6983	0.4588
836	0.5487	0.0	0.5487	0.5035	0.6465	0.653
837	0.3249	0.0	0.3249	0.6073	0.4214	0.7727
838	0.6901	0.0	0.6901	0.9601	0.7734	1.103
839	0.4291	0.0	0.4291	0.2877	0.6146	0.398
840	0.7932	0.0	0.7932	0.9097	0.9634	1.176
841	0.647	0.0	0.647	0.7551	0.8519	0.8738
842	0.5817	0.0	0.5817	0.2136	0.6687	0.3229
843	1.083	0.0	1.083	1.091	1.22	1.244
844	0.4262	0.0	0.4262	0.37	0.5269	0.5252
845	0.8227	0.0	0.8227	1.318	0.9504	2.065
846	0.5997	0.0	0.5997	0.7626	0.7223	0.9363
847	0.9831	0.0	0.9831	0.9449	1.115	1.143
848	0.3962	0.0	0.3962	0.3538	0.5877	0.4711
849	0.3656	0.0	0.3656	0.6143	0.4903	0.7892
850	0.3663	0.0	0.3663	0.3221	0.4338	0.451
851	0.4741	0.0	0.4741	0.9082	0.5945	1.093
852	0.4044	0.0	0.4044	0.4243	0.5692	0.6847
853	0.7693	0.0	0.7693	0.9761	0.8416	1.201
854	0.4554	0.0	0.4554	0.4649	0.5291	0.6132
855	0.6129	0.0	0.6129	0.7155	0.7306	0.8583
856	0.7168	0.0	0.7168	0.8725	0.8143	1.082
857	0.7968	0.0	0.7968	0.662	0.8982	0.8438
858	0.8689	0.0	0.8689	0.5776	0.9632	0.7785
859	0.5647	0.0	0.5647	0.5357	0.6598	0.701
860	0.6023	0.0	0.6023	0.4289	0.777	0.6806
861	0.3437	0.0	0.3437	0.236	0.4344	0.3424
862	0.8903	0.0	0.8903	0.6216	1.059	0.7466
863	0.679	0.0	0.679	0.6894	0.7886	0.776
864	0.5545	0.0	0.5545	0.3987	0.6141	0.7173
865	0.4837	0.0	0.4837	0.441	0.5297	0.7081
866	0.4508	0.0	0.4508	0.9019	0.4988	1.033
867	0.7962	0.0	0.7962	0.9918	0.9377	1.287
868	0.5371	0.0	0.5371	0.3849	0.7028	0.5201
869	0.6114	0.0	0.6114	0.3307	0.8127	0.5316
870	0.993	0.0	0.993	0.862	1.093	0.9582
871	0.4049	0.0	0.4049	0.3188	0.5541	0.4454
872	0.4461	0.0	0.4461	0.6347	0.6423	0.8871
873	0.4365	0.0	0.4365	0.2812	0.6015	0.3935
874	0.3933	0.0	0.3933	0.4564	0.4631	0.6168
875	0.8465	0.0	0.8465	0.8784	0.9118	1.131
876	0.5327	0.0	0.5327	0.4831	0.6351	0.6368
877	0.232	0.0	0.232	0.3672	0.3076	0.6183
878	0.2654	0.0	0.2654	0.2552	0.3437	0.3831
879	0.966	0.0	0.966	0.8556	1.219	1.089
880	0.3334	0.0	0.3334	0.4315	0.5064	0.5074
881	0.7466	0.0	0.7466	0.5809	1.038	0.7649
882	0.8041	0.0	0.8041	0.9152	0.9389	1.125
883	0.6359	0.0	0.6359	0.6479	0.7069	0.7834
884	0.8906	0.0	0.8906	0.8146	0.9797	0.9245
885	0.5518	0.0	0.5518	0.9611	0.5894	1.1
886	0.5471	0.0	0.5471	0.7355	0.6138	0.8626
887	0.3427	0.0	0.3427	0.768	0.4259	0.8926
888	0.544	0.0	0.544	0.3985	0.6781	0.6199
889	0.4258	0.0	0.4258	0.4397	0.5738	0.601
890	0.4994	0.0	0.4994	0.4005	0.6268	0.6962
891	0.4342	0.0	0.4342	0.5977	0.5288	0.7633
892	0.3871	0.0	0.3871	0.4034	0.4567	0.6918
893	0.6224	0.0	0.6224	0.8778	0.7945	1.174
894	0.8973	0.0	0.8973	1.176	1.016	1.324
895	0.9724	0.0	0.9724	0.5921	1.105	0.6832
896	0.6373	0.0	0.6373	0.679	0.7195	0.7669
897	0.3479	0.0	0.3479	0.4561	0.4074	0.5553
898	0.4927	0.0	0.4927	1.094	0.603	1.351
899	0.3295	0.0	0.3295	0.321	0.4412	0.4314
900	0.7191	0.0	0.7191	0.8101	0.8132	0.9478
901	0.396	0.0	0.396	0.3811	0.4738	0.5153
902	0.6014	0.0	0.6014	1.166	0.6498	1.334
903	0.7663	0.0	0.7663	0.9068	0.9056	1.153
904	0.3306	0.0	0.3306	0.4008	0.4648	0.5535
905	0.4519	0.0	0.4519	0.4757	0.5147	0.71
906	0.4228	0.0	0.4228	0.8532	0.4845	0.9895
907	0.3918	0.0	0.3918	0.3415	0.5587	0.4547
908	0.9487	0.0	0.9487	0.798	1.103	0.9045
909	0.455	0.0	0.455	0.4116	0.5661	0.6029
910	0.3086	0.0	0.3086	0.3772	0.452	0.5364
911	0.579	0.0	0.579	0.3314	0.7397	0.4735
912	1.114	0.0	1.114	0.905	1.463	1.2
913	0.6027	0.0	0.6027	0.8075	0.7267	1.117
914	0.4709	0.0	0.4709	0.3121	0.6729	0.4173
915	0.5738	0.0	0.5738	0.9476	0.7324	1.145
916	0.4856	0.0	0.4856	0.3746	0.6689	0.4915
917	0.4288	0.0	0.4288	0.5351	0.608	0.7736
918	0.4134	0.0	0.4134	0.4862	0.4928	0.6091
919	0.4604	0.0	0.4604	0.3175	0.6027	0.4358
920	0.4367	0.0	0.4367	0.4937	0.5228	0.7001
921	0.701	0.0	0.701	0.4187	0.9072	0.6073
922	0.9843	0.0	0.9843	0.7518	1.164	0.9796
923	0.482	0.0	0.482	0.3602	0.5804	0.5075
924	0.7177	0.0	0.7177	0.7698	0.8642	0.9742
925	0.3235	0.0	0.3235	0.3467	0.5056	0.5622
926	0.7256	0.0	0.7256	0.889	0.8215	1.054
927	0.4181	0.0	0.4181	0.4966	0.5046	0.6729
928	0.4034	0.0	0.4034	0.654	0.4635	0.8096
929	0.6692	0.0	0.6692	0.6032	0.8225	0.8203
930	0.4192	0.0	0.4192	0.5011	0.5458	0.6995
931	0.3938	0.0	0.3938	0.5209	0.5272	0.7069
932	0.7716	0.0	0.7716	0.6233	0.8483	0.7665
933	0.6736	0.0	0.6736	0.8641	0.7152	0.9989
934	0.3583	0.0	0.3583	0.37	0.46	0.6197
935	0.4337	0.0	0.4337	0.5926	0.5084	0.7751
936	0.7674	0.0	0.7674	0.704	1.042	1.155
937	0.5182	0.0	0.5182	0.4755	0.6439	0.6326
938	0.5787	0.0	0.5787	0.6487	0.6884	0.8303
939	0.4376	0.0	0.4376	0.3455	0.5484	0.448
940	0.4131	0.0	0.4131	0.4245	0.5549	0.5823
941	0.4292	0.0	0.4292	0.4765	0.4906	0.7184
942	0.9327	0.0	0.9327	0.7044	1.043	0.8207
943	0.4676	0.0	0.4676	0.2908	0.6803	0.4261
944	1.039	0.0	1.039	0.8599	1.129	0.9849
945	0.5642	0.0	0.5642	0.7976	0.6856	1.053
946	0.7705	0.0	0.7705	0.2944	0.8651	0.4383
947	0.7048	0.0	0.7048	1.113	0.804	1.436
948	0.5011	0.0	0.5011	0.3372	0.6414	0.4471
949	0.6358	0.0	0.6358	0.9067	0.7676	1.03
950	0.3866	0.0	0.3866	0.6408	0.4581	0.9265
951	0.769	0.0	0.769	0.8157	0.881	0.9327
952	0.7024	0.0	0.7024	0.3679	0.8388	0.4948
953	0.7298	0.0	0.7298	0.4438	0.8394	0.5866
954	0.3475	0.0	0.3475	0.3705	0.4693	0.4845
955	0.4882	0.0	0.4882	0.9007	0.5832	1.046
956	0.3068	0.0	0.3068	0.4032	0.4698	0.611
957	0.9202	0.0	0.9202	0.6547	1.016	0.7073
958	0.5019	0.0	0.5019	0.4417	0.58	0.5456
959	0.5396	0.0	0.5396	0.9931	0.6354	1.234
960	0.7537	0.0	0.7537	0.6003	0.9014	0.9337
961	0.6262	0.0	0.6262	0.9758	0.6746	1.193
962	0.5705	0.0	0.5705	0.8414	0.7285	1.018
963	0.69	0.0	0.69	0.5366	0.8695	0.7068
964	0.4528	0.0	0.4528	0.4174	0.586	0.5598
965	0.505	0.0	0.505	0.2569	0.668	0.3235
966	0.4549	0.0	0.4549	0.7791	0.5244	0.9687
967	1.048	0.0	1.048	0.7797	1.217	0.9965
968	0.4134	0.0	0.4134	0.2811	0.5346	0.3657
969	0.3687	0.0	0.3687	0.6677	0.4445	1.492
970	0.9404	0.0	0.9404	0.962	1.086	0.9969
971	0.5691	0.0	0.5691	0.9237	0.6622	1.217
972	0.4075	0.0	0.4075	0.3783	0.4543	0.4899
973	0.501	0.0	0.501	0.328	0.5901	0.4572
974	0.7514	0.0	0.7514	0.7427	0.8892	0.9143
975	0.3312	0.0	0.3312	0.3745	0.4704	0.5297
976	0.4442	0.0	0.4442	0.495	0.4781	0.6536
977	0.694	0.0	0.694	0.3445	0.7791	0.4451
978	0.4167	0.0	0.4167	0.6144	0.4698	0.8274
979	0.8865	0.0	0.8865	0.8089	1.023	0.9278
980	0.3576	0.0	0.3576	0.3971	0.4393	0.5225
981	0.6669	0.0	0.6669	0.3357	0.7277	0.5443
982	0.4413	0.0	0.4413	0.2704	0.6032	0.4347
983	0.9217	0.0	0.9217	0.9068	1.039	1.24
984	0.4711	0.0	0.4711	0.3411	0.5176	0.4305
985	0.9283	0.0	0.9283	0.5818	1.032	0.7456
986	0.3519	0.0	0.3519	1.094	0.3958	1.241
987	0.6812	0.0	0.6812	0.7498	0.7448	0.9405
988	1.039	0.0	1.039	0.7598	1.263	0.9229
989	0.5656	0.0	0.5656	0.6476	0.6826	0.8715
990	0.821	0.0	0.821	0.7942	0.9053	0.9174
991	0.4542	0.0	0.4542	0.5334	0.475	0.7503
992	0.3865	0.0	0.3865	0.2411	0.4964	0.3707
993	0.2795	0.0	0.2795	0.4532	0.3577	0.649
994	0.2438	0.0	0.2438	0.3508	0.3899	0.5384
995	0.6036	0.0	0.6036	0.6434	0.7523	0.8261
996	0.3664	0.0	0.3664	0.4593	0.4418	0.6274
997	0.5378	0.0	0.5378	1.001	0.6292	1.296
998	0.8863	0.0	0.8863	0.544	0.9601	0.6356
999	0.7804	0.0	0.7804	0.5945	0.8565	0.6844
1000	0.9064	0.0	0.9064	0.8729	1.024	0.9683
1001	0.4173	0.0	0.4173	0.6522	0.5016	0.9711
1002	0.8918	0.0	0.8918	0.668	1.076	0.7743
1003	0.3786	0.0	0.3786	0.2894	0.4632	0.3884
1004	0.739	0.0	0.739	0.5474	0.9152	0.8142
1005	0.4288	0.0	0.4288	0.4452	0.5195	0.6545
1006	0.4815	0.0	0.4815	0.782	0.6159	1.02
1007	0.5695	0.0	0.5695	0.8378	0.6039	1.031
1008	0.2904	0.0	0.2904	0.3064	0.4073	0.4389
1009	0.5065	0.0	0.5065	0.4063	0.7125	0.6208
1010	0.839	0.0	0.839	0.2367	0.965	0.4324
1011	0.3953	0.0	0.3953	0.5269	0.4663	0.7702
1012	0.9513	0.0	0.9513	0.8739	1.092	0.9868
1013	0.4258	0.0	0.4258	0.532	0.503	0.6675
1014	0.3476	0.0	0.3476	0.2498	0.4391	0.3744
1015	0.5161	0.0	0.5161	0.5061	0.6513	0.6148
1016	0.7916	0.0	0.7916	0.8759	1.002	1.129
1017	0.6015	0.0	0.6015	0.9948	0.7687	1.185
1018	0.4371	0.0	0.4371	0.4405	0.5547	0.602
1019	0.5276	0.0	0.5276	0.8001	0.6392	1.058
1020	0.3487	0.0	0.3487	0.4261	0.4894	0.5991
1021	0.4981	0.0	0.4981	0.2849	0.7485	0.4235
1022	0.3632	0.0	0.3632	0.603	0.4573	0.8154
1023	0.4266	0.0	0.4266	0.4641	0.5117	0.6195
1024	0.4034	0.0	0.4034	0.3072	0.5366	0.3816
1025	0.5848	0.0	0.5848	0.4063	0.8054	0.5617
1026	0.7384	0.0	0.7384	1.071	0.8137	1.399
1027	0.4543	0.0	0.4543	0.4424	0.5547	0.6418
1028	0.3724	0.0	0.3724	0.4358	0.5023	0.5886
1029	0.4515	0.0	0.4515	0.2651	0.4771	0.4095
1030	0.3984	0.0	0.3984	0.7543	0.4549	0.9078
1031	0.3881	0.0	0.3881	0.5536	0.497	0.6465
1032	0.4855	0.0	0.4855	0.4353	0.5239	0.4957
1033	0.4168	0.0	0.4168	0.5914	0.4929	0.7334
1034	0.3625	0.0	0.3625	0.3733	0.4666	0.5101
1035	0.8443	0.0	0.8443	0.4662	0.9635	0.5855
1036	0.4655	0.0	0.4655	0.4275	0.5605	0.6563
1037	0.8305	0.0	0.8305	0.8656	0.9533	1.001
1038	0.358	0.0	0.358	0.4079	0.4897	0.6522
1039	0.7956	0.0	0.7956	1.014	0.9441	1.268
1040	0.873	0.0	0.873	0.7705	1.097	1.0
