Step	Loss(S)	Loss(T)	fwd_S	fwd_T	rev_S	rev_T
1	0.0	4.452	3.602	4.452	2.954	4.113
2	0.0	4.15	2.865	4.15	3.107	4.052
3	0.0	4.917	3.88	4.917	4.117	4.086
4	0.0	2.784	2.653	2.784	2.631	2.682
5	0.0	3.173	3.72	3.173	4.104	3.771
6	0.0	3.292	3.134	3.292	2.414	2.574
7	0.0	3.153	3.664	3.153	3.804	3.294
8	0.0	3.118	2.731	3.118	3.434	3.212
9	0.0	3.317	1.812	3.317	1.526	4.368
10	0.0	3.335	3.21	3.335	2.681	2.91
11	0.0	4.36	3.365	4.36	3.813	4.232
12	0.0	2.281	2.35	2.281	2.547	2.75
13	0.0	1.248	3.438	1.248	3.351	1.25
14	0.0	2.178	2.324	2.178	2.747	2.69
15	0.0	2.625	2.313	2.625	2.873	2.999
16	0.0	2.09	1.617	2.09	1.944	2.553
17	0.0	1.984	2.504	1.984	3.088	2.642
18	0.0	2.355	2.024	2.355	2.125	2.231
19	0.0	2.244	1.786	2.244	1.755	2.51
20	0.0	1.58	2.685	1.58	3.002	1.775
21	0.0	1.664	2.683	1.664	3.187	1.895
22	0.0	1.443	2.527	1.443	3.113	1.473
23	0.0	1.782	1.947	1.782	2.145	2.013
24	0.0	2.301	2.128	2.301	2.488	2.734
25	0.0	1.862	1.827	1.862	1.54	1.458
26	0.0	2.014	1.818	2.014	2.066	2.162
27	0.0	1.868	1.69	1.868	1.687	2.139
28	0.0	1.56	1.336	1.56	1.426	2.044
29	0.0	2.183	1.662	2.183	2.123	2.456
30	0.0	1.689	0.925	1.689	1.005	1.544
31	0.0	1.436	0.8947	1.436	1.126	1.673
32	0.0	1.82	0.8035	1.82	0.8198	1.91
33	0.0	2.156	2.002	2.156	2.749	2.767
34	0.0	2.314	2.308	2.314	2.62	2.551
35	0.0	1.412	1.49	1.412	1.759	1.332
36	0.0	2.294	1.761	2.294	1.878	2.564
37	0.0	1.646	1.769	1.646	1.918	1.958
38	0.0	1.957	2.281	1.957	2.334	1.738
39	0.0	1.146	1.859	1.146	1.83	1.177
40	0.0	1.737	2.158	1.737	2.269	1.601
41	0.0	1.48	1.752	1.48	1.821	1.651
42	0.0	1.419	2.403	1.419	2.645	1.453
43	0.0	1.625	1.663	1.625	1.362	1.432
44	0.0	1.71	1.385	1.71	1.194	1.426
45	0.0	1.556	1.467	1.556	1.519	1.792
46	0.0	2.116	1.885	2.116	2.251	2.226
47	0.0	1.285	1.361	1.285	1.585	1.427
48	0.0	1.433	1.504	1.433	1.685	1.364
49	0.0	2.005	1.71	2.005	1.94	2.158
50	0.0	1.298	1.905	1.298	2.226	1.549
51	0.0	1.467	1.68	1.467	1.792	1.369
52	0.0	1.274	0.9324	1.274	1.033	1.51
53	0.0	1.842	1.861	1.842	2.285	2.136
54	0.0	1.854	1.187	1.854	1.228	2.118
55	0.0	1.921	1.82	1.921	2.254	2.269
56	0.0	1.825	1.806	1.825	2.094	2.139
57	0.0	1.502	1.141	1.502	1.227	1.511
58	0.0	1.081	1.135	1.081	1.242	1.242
59	0.0	2.082	2.116	2.082	2.298	2.356
60	0.0	0.8531	0.886	0.8531	0.9891	0.9226
61	0.0	1.191	0.9563	1.191	1.058	1.188
62	0.0	1.968	1.38	1.968	1.659	2.273
63	0.0	1.682	0.749	1.682	0.7609	1.815
64	0.0	0.9757	1.617	0.9757	1.427	1.002
65	0.0	1.706	1.754	1.706	2.117	2.103
66	0.0	2.064	1.531	2.064	1.347	2.774
67	0.0	1.352	1.446	1.352	1.747	1.468
68	0.0	1.463	1.471	1.463	1.504	1.431
69	0.0	1.142	1.481	1.142	1.93	1.334
70	0.0	1.911	1.868	1.911	2.414	2.242
71	0.0	1.464	1.607	1.464	1.848	1.661
72	0.0	1.716	1.477	1.716	2.255	2.201
73	0.0	1.3	1.109	1.3	1.271	1.556
74	0.0	1.589	1.323	1.589	1.472	1.951
75	0.0	1.223	1.377	1.223	1.348	1.194
76	0.0	1.269	1.726	1.269	2.222	1.32
77	0.0	1.639	1.667	1.639	2.009	2.365
78	0.0	1.402	1.37	1.402	1.768	1.665
79	0.0	1.849	0.9889	1.849	1.086	2.013
80	0.0	1.621	1.667	1.621	2.124	2.175
81	0.0	1.65	1.578	1.65	1.917	2.022
82	0.0	1.491	0.9993	1.491	1.011	1.558
83	0.0	1.539	1.736	1.539	2.099	1.836
84	0.0	1.14	1.561	1.14	1.87	1.274
85	0.0	1.418	1.154	1.418	1.173	1.503
86	0.0	1.67	1.504	1.67	1.847	1.964
87	0.0	1.714	1.537	1.714	1.785	2.02
88	0.0	1.617	1.412	1.617	1.59	2.134
89	0.0	1.341	1.473	1.341	1.805	1.77
90	0.0	1.665	1.618	1.665	1.978	2.002
91	0.0	1.705	1.502	1.705	1.82	2.08
92	0.0	1.09	1.342	1.09	1.466	1.323
93	0.0	1.279	0.9971	1.279	1.202	1.617
94	0.0	1.4	1.582	1.4	1.914	1.658
95	0.0	1.449	1.071	1.449	1.129	1.828
96	0.0	0.8499	1.599	0.8499	1.353	1.221
97	0.0	1.516	0.9257	1.516	1.003	1.972
98	0.0	1.483	1.611	1.483	1.88	1.844
99	0.0	0.9115	0.8119	0.9115	0.9326	1.058
100	0.0	1.448	0.911	1.448	0.9943	1.59
101	0.0	0.9192	1.499	0.9192	2.015	1.062
102	0.0	1.129	1.012	1.129	1.217	1.294
103	0.0	1.41	1.565	1.41	1.898	1.746
104	0.0	0.8947	1.095	0.8947	1.284	0.983
105	0.0	1.232	1.127	1.232	1.248	1.302
106	0.0	1.499	1.29	1.499	1.034	1.954
107	0.0	1.522	1.388	1.522	1.821	1.954
108	0.0	1.319	1.216	1.319	1.397	1.703
109	0.0	1.357	1.251	1.357	1.612	1.504
110	0.0	1.123	1.152	1.123	1.347	1.211
111	0.0	1.163	1.382	1.163	1.136	1.403
112	0.0	1.599	1.145	1.599	1.363	1.795
113	0.0	1.453	1.366	1.453	1.556	1.678
114	0.0	1.375	1.494	1.375	1.285	1.605
115	0.0	1.396	1.576	1.396	1.879	1.825
116	0.0	0.7916	0.9714	0.7916	1.05	0.8883
117	0.0	1.35	1.377	1.35	1.594	1.708
118	0.0	1.48	1.507	1.48	1.396	1.856
119	0.0	1.275	1.146	1.275	1.524	1.558
120	0.0	1.436	1.276	1.436	1.03	1.826
121	0.0	1.154	1.633	1.154	1.929	1.66
122	0.0	1.2	1.185	1.2	1.216	1.113
123	0.0	0.9025	1.26	0.9025	1.496	1.003
124	0.0	1.499	1.259	1.499	1.528	2.02
125	0.0	1.409	1.892	1.409	1.845	1.839
126	0.0	1.364	0.7331	1.364	0.7604	1.729
127	0.0	1.181	1.008	1.181	0.9565	1.373
128	0.0	1.506	1.142	1.506	0.8181	1.843
129	0.0	1.179	1.027	1.179	1.022	1.138
130	0.0	0.6706	1.24	0.6706	1.357	0.9071
131	0.0	1.222	1.118	1.222	1.107	1.423
132	0.0	0.8754	1.22	0.8754	1.055	0.9466
133	0.0	1.315	0.8285	1.315	0.9948	1.489
134	0.0	1.397	1.562	1.397	1.754	1.277
135	0.0	0.7269	1.38	0.7269	1.593	0.8171
136	0.0	1.132	1.166	1.132	1.27	1.297
137	0.0	1.378	1.451	1.378	1.895	1.704
138	0.0	1.662	1.773	1.662	1.263	1.917
139	0.0	0.9445	1.264	0.9445	1.562	1.162
140	0.0	1.175	1.286	1.175	1.44	1.281
141	0.0	1.193	1.091	1.193	1.27	1.694
142	0.0	1.072	1.402	1.072	1.509	1.236
143	0.0	1.137	1.302	1.137	1.292	1.163
144	0.0	1.347	0.9131	1.347	1.025	1.538
145	0.0	1.256	1.082	1.256	1.159	1.384
146	0.0	1.142	1.37	1.142	1.432	1.097
147	0.0	1.258	1.141	1.258	1.201	1.166
148	0.0	1.127	1.086	1.127	1.126	1.135
149	0.0	1.338	1.104	1.338	1.268	1.748
150	0.0	1.202	1.538	1.202	1.063	1.403
151	0.0	0.8359	0.9733	0.8359	1.101	1.076
152	0.0	1.051	1.211	1.051	1.362	1.211
153	0.0	1.404	0.8964	1.404	1.043	1.61
154	0.0	1.369	1.121	1.369	1.376	1.625
155	0.0	0.9641	1.321	0.9641	0.9515	1.061
156	0.0	1.08	1.467	1.08	1.876	1.428
157	0.0	1.296	1.157	1.296	1.475	1.696
158	0.0	1.198	0.8614	1.198	1.135	1.475
159	0.0	1.258	1.029	1.258	1.103	1.448
160	0.0	1.332	1.231	1.332	1.451	1.576
161	0.0	1.058	1.442	1.058	1.058	1.32
162	0.0	1.097	1.014	1.097	1.327	1.21
163	0.0	1.392	1.405	1.392	1.874	1.805
164	0.0	1.035	1.52	1.035	1.295	1.141
165	0.0	0.7823	0.8427	0.7823	0.9906	0.9926
166	0.0	1.301	0.9476	1.301	1.014	1.636
167	0.0	1.233	0.8863	1.233	1.019	1.458
168	0.0	1.217	1.335	1.217	1.478	1.224
169	0.0	1.228	1.316	1.228	1.965	1.443
170	0.0	1.285	1.224	1.285	1.2	1.534
171	0.0	1.243	1.173	1.243	1.382	1.313
172	0.0	1.099	1.038	1.099	1.178	1.233
173	0.0	1.074	1.115	1.074	1.333	1.361
174	0.0	1.292	1.267	1.292	1.561	1.717
175	0.0	1.034	1.052	1.034	1.141	1.221
176	0.0	1.117	1.126	1.117	1.337	1.446
177	0.0	0.7927	1.28	0.7927	1.547	0.9588
178	0.0	1.159	1.422	1.159	1.004	1.404
179	0.0	1.016	0.984	1.016	1.029	1.083
180	0.0	1.102	0.8673	1.102	0.9878	1.314
181	0.0	1.287	1.355	1.287	1.745	1.56
182	0.0	1.56	1.769	1.56	1.573	2.019
183	0.0	1.152	0.8142	1.152	0.9102	1.44
184	0.0	1.214	1.339	1.214	1.73	1.584
185	0.0	0.7248	1.764	0.7248	1.152	0.9095
186	0.0	1.015	0.7529	1.015	0.6976	1.004
187	0.0	1.263	0.8803	1.263	0.9917	1.529
188	0.0	0.8303	1.482	0.8303	1.169	1.055
189	0.0	0.8649	1.179	0.8649	1.384	1.037
190	0.0	1.358	1.418	1.358	1.719	1.595
191	0.0	1.352	1.329	1.352	1.726	1.791
192	0.0	1.059	1.193	1.059	1.448	1.193
193	0.0	1.254	0.8917	1.254	1.052	1.517
194	0.0	1.162	1.126	1.162	0.8982	1.259
195	0.0	1.31	1.161	1.31	1.333	1.754
196	0.0	1.291	0.8558	1.291	0.9721	1.511
197	0.0	1.211	1.314	1.211	0.9226	1.441
198	0.0	1.234	1.412	1.234	1.819	1.516
199	0.0	1.069	0.9269	1.069	1.012	1.387
200	0.0	1.28	1.289	1.28	1.356	1.661
201	0.0	1.248	1.039	1.248	0.9656	1.479
202	0.0	1.499	1.257	1.499	1.416	1.737
203	0.0	0.8278	0.9389	0.8278	1.107	0.9461
204	0.0	1.355	0.9619	1.355	1.099	1.612
205	0.0	1.358	1.213	1.358	1.51	1.73
206	0.0	1.004	0.9604	1.004	1.071	1.179
207	0.0	1.289	1.571	1.289	2.161	1.688
208	0.0	0.7668	1.127	0.7668	1.243	0.8921
209	0.0	1.075	1.12	1.075	1.219	1.152
210	0.0	1.121	0.9779	1.121	1.2	1.387
211	0.0	1.311	1.22	1.311	1.505	1.634
212	0.0	1.189	0.875	1.189	0.9836	1.422
213	0.0	1.043	1.216	1.043	1.544	1.306
214	0.0	0.9936	0.8427	0.9936	0.9697	1.036
215	0.0	1.213	1.158	1.213	1.309	1.389
216	0.0	1.408	1.168	1.408	1.347	1.559
217	0.0	1.18	0.6927	1.18	0.7852	1.431
218	0.0	1.348	1.168	1.348	1.228	1.535
219	0.0	1.122	1.238	1.122	1.456	1.314
220	0.0	1.205	0.6009	1.205	0.6561	1.509
221	0.0	1.147	1.097	1.147	1.322	1.436
222	0.0	1.082	1.0	1.082	1.224	1.382
223	0.0	1.262	1.048	1.262	1.159	1.467
224	0.0	1.06	1.111	1.06	1.415	1.296
225	0.0	1.574	1.199	1.574	1.437	1.666
226	0.0	1.021	1.228	1.021	1.251	1.136
227	0.0	0.8496	1.246	0.8496	1.553	0.9157
228	0.0	1.205	0.7578	1.205	0.8257	1.707
229	0.0	1.205	1.016	1.205	1.281	1.485
230	0.0	1.193	0.9041	1.193	0.9244	1.461
231	0.0	1.226	1.22	1.226	1.444	1.521
232	0.0	1.074	1.281	1.074	1.575	1.318
233	0.0	0.8328	1.049	0.8328	1.243	1.044
234	0.0	0.9672	1.085	0.9672	1.315	1.109
235	0.0	1.043	0.9053	1.043	1.147	1.284
236	0.0	1.215	1.193	1.215	1.442	1.407
237	0.0	0.9507	0.7501	0.9507	0.8671	1.06
238	0.0	1.339	1.287	1.339	1.441	1.358
239	0.0	1.007	0.7905	1.007	0.9057	1.069
240	0.0	0.7902	1.01	0.7902	1.18	0.9692
241	0.0	1.152	1.048	1.152	1.238	1.386
242	0.0	1.316	1.33	1.316	1.664	1.613
243	0.0	1.004	1.244	1.004	1.383	1.172
244	0.0	1.431	1.201	1.431	1.47	1.68
245	0.0	1.283	0.9313	1.283	1.108	1.645
246	0.0	0.9409	0.9332	0.9409	1.082	1.228
247	0.0	0.991	0.9556	0.991	1.018	1.073
248	0.0	0.8087	1.082	0.8087	1.241	0.9492
249	0.0	0.9938	1.057	0.9938	1.199	1.121
250	0.0	1.279	1.259	1.279	1.641	1.528
251	0.0	0.8563	1.031	0.8563	1.145	1.007
252	0.0	0.9344	1.11	0.9344	1.163	1.132
253	0.0	1.035	0.9199	1.035	1.064	1.293
254	0.0	1.148	1.294	1.148	1.632	1.361
255	0.0	0.8241	0.9419	0.8241	1.091	0.9748
256	0.0	0.9646	1.005	0.9646	1.203	1.055
257	0.0	1.132	1.312	1.132	1.743	1.266
258	0.0	1.156	1.14	1.156	1.343	1.381
259	0.0	0.8891	1.022	0.8891	1.173	0.9601
260	0.0	1.039	1.143	1.039	1.382	1.212
261	0.0	1.073	1.077	1.073	1.304	1.248
262	0.0	1.107	1.169	1.107	1.406	1.301
263	0.0	1.498	0.7636	1.498	0.8306	1.593
264	0.0	1.359	0.8945	1.359	0.9849	1.591
265	0.0	0.7854	1.054	0.7854	1.082	0.7767
266	0.0	0.9408	1.14	0.9408	1.34	0.9784
267	0.0	1.696	0.9075	1.696	1.052	1.882
268	0.0	1.051	1.044	1.051	1.13	1.198
269	0.0	0.9372	1.0	0.9372	1.093	0.9642
270	0.0	0.8934	1.225	0.8934	1.503	1.107
271	0.0	1.354	1.362	1.354	1.588	1.648
272	0.0	0.7383	0.7326	0.7383	0.8361	0.8619
273	0.0	1.004	1.148	1.004	1.459	1.171
274	0.0	1.083	0.674	1.083	0.7725	1.193
275	0.0	1.116	1.057	1.116	1.191	1.358
276	0.0	0.7862	0.9274	0.7862	1.011	0.9324
277	0.0	0.8115	1.169	0.8115	1.319	1.085
278	0.0	1.028	0.9026	1.028	1.055	1.236
279	0.0	0.8958	1.135	0.8958	1.172	1.066
280	0.0	0.8864	1.175	0.8864	1.515	1.183
281	0.0	0.6709	0.9736	0.6709	1.111	0.9102
282	0.0	1.193	0.7072	1.193	0.776	1.558
283	0.0	1.103	0.8809	1.103	1.009	1.127
284	0.0	1.194	0.9681	1.194	1.096	1.43
285	0.0	1.18	1.208	1.18	1.433	1.336
286	0.0	0.9177	1.068	0.9177	1.361	1.156
287	0.0	0.922	0.8608	0.922	1.122	1.174
288	0.0	0.8831	1.173	0.8831	1.405	1.296
289	0.0	1.151	1.442	1.151	1.579	1.575
290	0.0	0.8917	1.25	0.8917	1.261	1.039
291	0.0	1.213	0.8011	1.213	0.8692	1.567
292	0.0	0.7401	0.9112	0.7401	0.999	0.8574
293	0.0	1.065	0.9724	1.065	1.044	1.152
294	0.0	1.102	0.7647	1.102	0.8734	1.363
295	0.0	1.186	0.8868	1.186	1.01	1.427
296	0.0	1.051	1.266	1.051	1.545	1.325
297	0.0	1.134	0.9837	1.134	1.194	1.422
298	0.0	0.8396	0.8913	0.8396	1.052	0.997
299	0.0	1.331	1.134	1.331	1.351	1.554
300	0.0	0.7711	1.182	0.7711	1.481	0.878
301	0.0	1.022	0.6982	1.022	0.7935	1.263
302	0.0	1.349	1.0	1.349	1.206	1.581
303	0.0	0.964	0.7899	0.964	0.8483	0.9986
304	0.0	0.9319	0.8862	0.9319	0.9375	1.071
305	0.0	0.7746	1.204	0.7746	1.513	0.8307
306	0.0	1.158	1.178	1.158	1.403	1.463
307	0.0	0.9587	0.9864	0.9587	0.9759	0.9399
308	0.0	0.646	0.7968	0.646	0.9094	0.8461
309	0.0	1.037	1.309	1.037	1.57	1.213
310	0.0	0.8424	1.259	0.8424	1.508	1.07
311	0.0	1.27	1.223	1.27	1.537	1.526
312	0.0	0.7079	1.013	0.7079	1.223	0.7944
313	0.0	1.037	1.018	1.037	1.114	1.163
314	0.0	1.153	0.9442	1.153	1.116	1.515
315	0.0	1.181	0.8648	1.181	0.9984	1.367
316	0.0	0.8474	0.9281	0.8474	1.122	1.028
317	0.0	0.8802	0.8383	0.8802	0.9358	1.009
318	0.0	0.9808	0.8275	0.9808	0.9697	1.608
319	0.0	0.9291	1.127	0.9291	1.391	1.155
320	0.0	1.054	1.243	1.054	1.435	1.261
321	0.0	1.098	0.8959	1.098	1.055	1.383
322	0.0	1.048	1.107	1.048	1.298	1.119
323	0.0	1.097	1.04	1.097	1.232	1.38
324	0.0	1.122	1.038	1.122	1.253	1.468
325	0.0	0.7452	1.321	0.7452	1.592	0.8967
326	0.0	1.065	1.219	1.065	1.514	1.319
327	0.0	1.189	1.009	1.189	1.087	1.391
328	0.0	1.156	1.199	1.156	1.548	1.531
329	0.0	1.076	1.164	1.076	1.412	1.333
330	0.0	0.9323	0.8035	0.9323	0.9	1.004
331	0.0	0.9137	1.036	0.9137	1.298	0.92
332	0.0	1.021	1.125	1.021	1.458	1.254
333	0.0	1.254	1.132	1.254	1.284	1.52
334	0.0	0.9272	0.9175	0.9272	1.165	1.007
335	0.0	1.06	1.107	1.06	1.354	1.268
336	0.0	0.9546	0.8374	0.9546	1.019	1.199
337	0.0	0.7214	1.219	0.7214	1.311	0.832
338	0.0	0.9031	0.8698	0.9031	0.9071	1.099
339	0.0	1.113	0.895	1.113	1.174	1.308
340	0.0	1.027	0.7834	1.027	0.8366	1.203
341	0.0	1.209	1.385	1.209	1.587	1.392
342	0.0	0.8382	1.167	0.8382	1.236	0.9983
343	0.0	0.7518	1.018	0.7518	1.139	0.9927
344	0.0	0.7799	0.8836	0.7799	0.9915	0.9082
345	0.0	0.7369	1.199	0.7369	1.489	0.9227
346	0.0	1.384	0.7941	1.384	0.8585	1.691
347	0.0	1.056	0.7291	1.056	0.7904	1.241
348	0.0	1.09	1.129	1.09	1.291	1.271
349	0.0	1.312	1.014	1.312	1.202	1.627
350	0.0	1.295	0.9838	1.295	1.074	1.391
351	0.0	0.6293	0.7193	0.6293	0.833	0.6978
352	0.0	0.82	1.138	0.82	1.331	0.9144
353	0.0	0.8815	0.7606	0.8815	1.047	0.9458
354	0.0	1.152	0.7287	1.152	0.8124	1.307
355	0.0	0.9301	0.8522	0.9301	0.8752	0.9418
356	0.0	0.6226	0.8745	0.6226	0.9806	0.7445
357	0.0	1.066	0.8717	1.066	1.01	1.386
358	0.0	1.111	0.7039	1.111	0.8239	1.36
359	0.0	0.786	1.144	0.786	0.752	0.8959
360	0.0	0.7199	0.8454	0.7199	0.9925	0.7898
361	0.0	0.9157	1.297	0.9157	1.518	1.221
362	0.0	1.293	1.06	1.293	1.363	1.605
363	0.0	1.176	1.051	1.176	1.316	1.353
364	0.0	0.9928	0.9063	0.9928	1.167	1.312
365	0.0	0.9065	1.167	0.9065	1.442	1.12
366	0.0	0.8718	0.8763	0.8718	1.102	1.066
367	0.0	0.8932	1.161	0.8932	1.349	1.081
368	0.0	1.152	1.17	1.152	1.416	1.407
369	0.0	1.084	0.9345	1.084	0.9713	1.185
370	0.0	0.9291	0.9811	0.9291	1.158	1.195
371	0.0	1.3	1.419	1.3	1.526	1.642
372	0.0	0.8731	1.052	0.8731	1.369	0.9005
373	0.0	0.7227	0.9227	0.7227	1.109	0.8102
374	0.0	0.9107	1.125	0.9107	1.416	1.222
375	0.0	1.189	1.213	1.189	1.457	1.428
376	0.0	0.9359	1.238	0.9359	1.421	0.9576
377	0.0	0.8582	0.686	0.8582	0.7037	1.014
378	0.0	0.7556	0.9136	0.7556	1.095	0.8893
379	0.0	0.7982	0.854	0.7982	0.954	0.9023
380	0.0	0.8831	0.8647	0.8831	1.0	1.059
381	0.0	0.8424	1.06	0.8424	1.33	0.9913
382	0.0	1.203	1.016	1.203	1.269	1.628
383	0.0	0.8713	1.004	0.8713	1.074	1.014
384	0.0	0.8181	0.9394	0.8181	1.041	0.9959
385	0.0	0.7155	0.8516	0.7155	0.9424	0.8545
386	0.0	1.048	1.257	1.048	1.462	1.242
387	0.0	0.718	0.8207	0.718	0.8921	0.8101
388	0.0	1.062	0.6632	1.062	0.7315	1.147
389	0.0	1.102	1.253	1.102	1.443	1.318
390	0.0	1.182	1.143	1.182	1.401	1.285
391	0.0	0.8363	1.055	0.8363	1.221	1.121
392	0.0	1.085	1.133	1.085	1.404	1.276
393	0.0	0.8703	1.08	0.8703	1.453	1.139
394	0.0	0.6213	0.8769	0.6213	0.9753	0.7154
395	0.0	0.9502	1.074	0.9502	1.37	1.122
396	0.0	0.9521	1.043	0.9521	1.242	1.073
397	0.0	0.8533	0.8149	0.8533	1.022	1.048
398	0.0	1.135	0.991	1.135	1.227	1.484
399	0.0	1.161	1.33	1.161	1.471	1.523
400	0.0	0.9626	1.232	0.9626	1.55	1.02
401	0.0	0.9941	1.106	0.9941	1.363	1.36
402	0.0	0.9522	1.039	0.9522	1.269	1.144
403	0.0	1.069	1.103	1.069	1.36	1.273
404	0.0	0.9317	1.249	0.9317	1.595	1.044
405	0.0	0.8158	1.047	0.8158	1.282	1.102
406	0.0	0.9142	0.7966	0.9142	0.9951	1.114
407	0.0	0.8958	0.8582	0.8958	1.054	1.161
408	0.0	0.7337	1.112	0.7337	1.153	0.8561
409	0.0	0.7855	1.101	0.7855	1.355	0.922
410	0.0	1.012	1.171	1.012	1.449	1.207
411	0.0	0.6938	0.7251	0.6938	0.7888	0.7856
412	0.0	0.8564	0.9957	0.8564	1.176	0.9923
413	0.0	1.022	1.036	1.022	1.336	1.494
414	0.0	0.7374	0.762	0.7374	0.8347	0.7645
415	0.0	1.216	1.238	1.216	1.47	1.468
416	0.0	0.5751	0.9993	0.5751	1.142	0.6244
417	0.0	0.8936	0.8159	0.8936	0.8754	1.031
418	0.0	1.022	1.014	1.022	1.154	1.303
419	0.0	1.052	0.8898	1.052	1.064	1.354
420	0.0	1.023	0.7567	1.023	0.8793	1.198
421	0.0	1.002	0.9302	1.002	1.124	1.309
422	0.0	0.8931	1.2	0.8931	1.262	0.9778
423	0.0	0.9253	0.9712	0.9253	1.116	1.257
424	0.0	1.182	1.009	1.182	1.315	1.515
425	0.0	1.023	1.111	1.023	1.332	1.252
426	0.0	0.9449	1.059	0.9449	1.095	1.134
427	0.0	1.07	1.131	1.07	1.324	1.186
428	0.0	0.7453	0.9524	0.7453	1.087	0.8955
429	0.0	1.013	1.094	1.013	1.307	1.293
430	0.0	1.149	0.996	1.149	1.176	1.387
431	0.0	1.227	0.8627	1.227	0.9792	1.412
432	0.0	1.037	0.8072	1.037	0.9201	1.322
433	0.0	1.325	1.255	1.325	1.638	1.409
434	0.0	0.9105	0.8183	0.9105	0.8475	0.94
435	0.0	0.7226	1.06	0.7226	1.135	0.7992
436	0.0	0.8743	0.9335	0.8743	1.219	1.14
437	0.0	0.9087	0.797	0.9087	1.032	1.237
438	0.0	0.7334	0.9285	0.7334	1.318	0.8748
439	0.0	0.8001	1.092	0.8001	1.353	0.9085
440	0.0	0.9216	1.202	0.9216	1.358	1.077
441	0.0	0.7764	0.7532	0.7764	0.797	0.8113
442	0.0	0.8017	0.6928	0.8017	0.7739	1.018
443	0.0	0.785	0.8463	0.785	0.9261	0.937
444	0.0	1.035	0.9991	1.035	1.096	1.35
445	0.0	0.807	0.9852	0.807	1.123	0.9872
446	0.0	0.6623	1.1	0.6623	1.03	0.7308
447	0.0	1.086	0.9182	1.086	1.112	1.3
448	0.0	0.825	1.059	0.825	1.337	0.9617
449	0.0	0.9671	0.7792	0.9671	0.898	1.124
450	0.0	1.25	1.232	1.25	1.522	1.436
451	0.0	0.7262	1.005	0.7262	1.173	0.8162
452	0.0	1.142	1.001	1.142	1.214	1.418
453	0.0	1.193	0.9951	1.193	1.158	1.423
454	0.0	0.9372	0.8414	0.9372	0.9825	1.049
455	0.0	0.6325	0.7047	0.6325	0.7833	0.6903
456	0.0	0.7701	1.052	0.7701	1.168	0.9406
457	0.0	0.8619	0.703	0.8619	0.8257	0.8721
458	0.0	1.078	0.8511	1.078	0.9821	1.365
459	0.0	0.8492	0.7964	0.8492	0.8597	0.9301
460	0.0	0.8276	0.9396	0.8276	1.02	1.086
461	0.0	0.7854	0.8294	0.7854	0.9756	0.9606
462	0.0	0.8928	1.267	0.8928	1.511	1.167
463	0.0	0.8004	1.093	0.8004	1.257	0.8699
464	0.0	0.6293	1.016	0.6293	1.227	0.7522
465	0.0	1.148	1.076	1.148	1.442	1.408
466	0.0	1.296	1.009	1.296	0.8179	1.585
467	0.0	0.6918	0.8788	0.6918	0.9694	0.792
468	0.0	1.166	0.8931	1.166	1.033	1.591
469	0.0	1.025	1.039	1.025	1.271	1.207
470	0.0	0.8183	0.8476	0.8183	1.034	0.9952
471	0.0	1.019	0.9397	1.019	1.149	1.432
472	0.0	0.9413	1.326	0.9413	1.578	1.141
473	0.0	0.7951	0.7268	0.7951	0.787	0.8477
474	0.0	0.7819	0.8182	0.7819	1.019	0.9058
475	0.0	1.171	1.235	1.171	1.475	1.475
476	0.0	0.7907	0.9863	0.7907	1.12	0.8488
477	0.0	0.8248	0.8403	0.8248	0.9498	0.9298
478	0.0	0.898	1.287	0.898	1.499	1.107
479	0.0	0.8032	0.8886	0.8032	1.025	0.9665
480	0.0	0.7834	0.7683	0.7834	0.8329	0.8577
481	0.0	0.8847	0.7543	0.8847	0.8179	1.111
482	0.0	0.7891	0.7321	0.7891	0.932	0.8915
483	0.0	0.9489	1.01	0.9489	1.164	1.041
484	0.0	0.7158	0.7912	0.7158	0.8995	0.8018
485	0.0	0.6707	0.6369	0.6707	0.6926	0.7582
486	0.0	1.174	1.146	1.174	1.479	1.598
487	0.0	0.9032	1.059	0.9032	1.161	1.127
488	0.0	0.6974	1.064	0.6974	1.228	0.8557
489	0.0	1.029	0.7583	1.029	0.9181	1.305
490	0.0	0.9471	1.116	0.9471	1.393	1.248
491	0.0	0.855	0.9846	0.855	1.146	0.9195
492	0.0	1.094	1.223	1.094	1.473	1.288
493	0.0	1.094	0.9744	1.094	1.113	1.432
494	0.0	0.861	0.9891	0.861	1.162	1.062
495	0.0	0.7811	0.9814	0.7811	1.106	0.8742
496	0.0	0.9543	1.082	0.9543	1.365	1.147
497	0.0	1.091	1.148	1.091	1.427	1.554
498	0.0	0.6682	0.9137	0.6682	0.9713	0.8031
499	0.0	1.021	1.154	1.021	1.34	1.329
500	0.0	0.6859	0.4696	0.6859	0.5949	0.819
501	0.0	0.9931	0.8458	0.9931	0.9851	1.177
502	0.0	1.035	1.066	1.035	1.197	1.314
503	0.0	1.662	1.009	1.662	0.88	2.001
504	0.0	0.8481	0.9685	0.8481	1.176	1.053
505	0.0	0.9941	1.101	0.9941	1.38	1.137
506	0.0	0.9285	1.109	0.9285	1.339	1.051
507	0.0	1.248	1.135	1.248	1.358	1.437
508	0.0	0.9059	1.249	0.9059	1.606	1.136
509	0.0	0.9661	1.031	0.9661	1.323	1.21
510	0.0	1.098	1.057	1.098	1.245	1.268
511	0.0	0.9589	1.025	0.9589	1.252	1.183
512	0.0	0.9246	0.8246	0.9246	0.9649	1.078
513	0.0	1.1	1.084	1.1	1.36	1.391
514	0.0	0.6948	1.162	0.6948	1.389	0.7613
515	0.0	0.9191	0.7112	0.9191	0.7711	0.9889
516	0.0	0.5573	0.8724	0.5573	0.9594	0.6214
517	0.0	0.938	0.8389	0.938	0.9678	1.305
518	0.0	0.7805	0.6652	0.7805	0.7409	0.8309
519	0.0	0.7828	1.108	0.7828	1.365	1.009
520	0.0	0.6199	0.8955	0.6199	0.8768	0.6677
521	0.0	0.8055	1.05	0.8055	1.282	0.9064
522	0.0	0.8873	1.111	0.8873	1.4	1.083
523	0.0	1.145	0.9739	1.145	1.222	1.35
524	0.0	1.01	0.9138	1.01	1.045	1.13
525	0.0	0.898	0.8745	0.898	1.045	1.134
526	0.0	0.8814	0.9435	0.8814	1.108	0.9498
527	0.0	1.019	0.9276	1.019	1.073	1.268
528	0.0	1.093	0.7737	1.093	0.8562	1.312
529	0.0	1.02	1.079	1.02	1.403	1.332
530	0.0	0.7519	1.009	0.7519	1.107	0.8204
531	0.0	0.9621	0.8537	0.9621	0.987	1.083
532	0.0	0.9694	1.134	0.9694	1.209	1.146
533	0.0	0.7928	0.8898	0.7928	1.076	0.9848
534	0.0	1.069	0.9961	1.069	1.165	1.254
535	0.0	1.115	1.107	1.115	1.248	1.376
536	0.0	1.037	1.226	1.037	1.53	1.309
537	0.0	1.184	0.889	1.184	1.075	1.426
538	0.0	0.7095	0.8259	0.7095	0.8724	0.8393
539	0.0	0.9924	0.9994	0.9924	1.159	1.069
540	0.0	1.027	0.8804	1.027	1.167	1.305
541	0.0	1.152	0.9625	1.152	1.153	1.37
542	0.0	0.9305	1.062	0.9305	1.184	1.236
543	0.0	0.8882	0.9574	0.8882	1.114	1.116
544	0.0	0.8687	1.202	0.8687	1.394	1.004
545	0.0	0.5883	0.6865	0.5883	0.837	0.7111
546	0.0	0.6958	0.6108	0.6958	0.6446	0.776
547	0.0	0.8148	0.9966	0.8148	1.252	1.071
548	0.0	0.8091	0.9279	0.8091	1.162	0.8581
549	0.0	1.058	1.241	1.058	1.502	1.335
550	0.0	0.881	1.312	0.881	1.507	0.9058
551	0.0	0.8536	0.6849	0.8536	0.7994	0.9192
552	0.0	0.6597	0.9518	0.6597	1.128	0.7721
553	0.0	0.8842	0.8447	0.8842	0.8533	1.054
554	0.0	1.17	0.815	1.17	0.8654	1.352
555	0.0	0.7087	0.9797	0.7087	1.091	0.7966
556	0.0	1.049	1.161	1.049	1.487	1.287
557	0.0	0.9667	0.8421	0.9667	0.9877	1.142
558	0.0	0.6575	1.06	0.6575	1.262	0.7891
559	0.0	0.6421	0.6339	0.6421	0.6982	0.7341
560	0.0	0.723	0.9617	0.723	1.067	0.792
561	0.0	0.8678	0.9059	0.8678	1.009	0.8913
562	0.0	0.7918	0.7613	0.7918	0.7827	0.8859
563	0.0	0.7417	0.8378	0.7417	0.8997	0.8623
564	0.0	0.639	0.6774	0.639	0.7875	0.8145
565	0.0	1.285	0.9362	1.285	1.054	1.61
566	0.0	0.9861	1.088	0.9861	1.305	1.166
567	0.0	0.6584	1.034	0.6584	1.222	0.9566
568	0.0	0.6372	0.9439	0.6372	1.074	0.736
569	0.0	1.048	1.08	1.048	1.333	1.315
570	0.0	1.114	1.059	1.114	1.317	1.405
571	0.0	0.8932	0.7367	0.8932	0.8518	0.9654
572	0.0	0.8103	0.8955	0.8103	1.045	0.9106
573	0.0	0.8821	0.7536	0.8821	0.8403	1.096
574	0.0	0.9905	1.019	0.9905	1.263	1.226
575	0.0	0.8115	1.116	0.8115	1.304	0.9396
576	0.0	1.105	0.7059	1.105	0.8461	1.308
577	0.0	0.6835	0.9028	0.6835	0.9799	0.7645
578	0.0	0.665	1.059	0.665	1.257	0.8197
579	0.0	1.213	1.177	1.213	1.423	1.422
580	0.0	0.9654	0.9004	0.9654	0.9382	1.22
581	0.0	0.8701	0.7462	0.8701	0.8124	0.8947
582	0.0	0.9848	0.9603	0.9848	1.257	1.2
583	0.0	1.071	0.959	1.071	1.204	1.474
584	0.0	0.7853	0.8547	0.7853	0.9424	0.8541
585	0.0	0.8792	0.8065	0.8792	1.08	1.039
586	0.0	0.8384	0.8483	0.8384	1.127	0.9602
587	0.0	1.062	1.12	1.062	1.362	1.131
588	0.0	0.7304	0.9283	0.7304	1.164	1.032
589	0.0	0.7549	0.618	0.7549	0.714	0.9675
590	0.0	1.046	0.8601	1.046	0.9164	1.275
591	0.0	0.9147	0.9915	0.9147	1.128	1.008
592	0.0	0.9647	1.098	0.9647	1.183	1.133
593	0.0	0.9717	0.6983	0.9717	0.8488	1.162
594	0.0	1.017	0.9855	1.017	1.224	1.187
595	0.0	0.8188	0.7521	0.8188	0.8327	0.9566
596	0.0	0.9247	0.753	0.9247	0.8277	1.017
597	0.0	1.131	1.116	1.131	1.314	1.283
598	0.0	0.9791	0.6921	0.9791	0.6795	1.152
599	0.0	0.8462	1.016	0.8462	1.125	1.086
600	0.0	0.93	1.076	0.93	1.359	1.138
601	0.0	1.198	1.026	1.198	1.324	1.674
602	0.0	0.6635	0.616	0.6635	0.7304	0.7685
603	0.0	0.7924	1.055	0.7924	1.267	0.8913
604	0.0	0.8827	0.8405	0.8827	1.011	1.055
605	0.0	0.7212	0.9437	0.7212	0.9916	0.7927
606	0.0	0.9517	0.8428	0.9517	0.9594	1.21
607	0.0	1.019	1.188	1.019	1.48	1.424
608	0.0	0.8044	0.8648	0.8044	1.066	0.9566
609	0.0	0.9114	0.9952	0.9114	1.152	0.9768
610	0.0	1.02	0.9796	1.02	1.155	1.153
611	0.0	1.117	0.8788	1.117	1.056	1.306
612	0.0	0.9903	1.117	0.9903	1.374	1.274
613	0.0	0.9465	1.007	0.9465	1.155	1.171
614	0.0	1.099	1.027	1.099	1.322	1.256
615	0.0	0.8572	0.7487	0.8572	0.8192	0.9719
616	0.0	0.8313	0.8603	0.8313	1.029	0.9842
617	0.0	1.019	0.7847	1.019	0.8645	1.24
618	0.0	0.7033	1.078	0.7033	1.279	0.7835
619	0.0	0.6656	0.5854	0.6656	0.6362	0.7907
620	0.0	1.015	0.7252	1.015	0.8259	1.1
621	0.0	0.9708	0.976	0.9708	1.1	1.17
622	0.0	0.6263	0.8967	0.6263	1.067	0.7638
623	0.0	1.059	1.094	1.059	1.283	1.344
624	0.0	0.7296	0.9546	0.7296	1.266	0.8397
625	0.0	0.8252	0.9585	0.8252	0.9802	1.031
626	0.0	1.102	0.834	1.102	1.003	1.365
627	0.0	0.973	1.194	0.973	1.354	1.052
628	0.0	0.8464	0.6685	0.8464	0.7296	0.9999
629	0.0	0.6789	0.8566	0.6789	1.005	0.9024
630	0.0	0.8397	0.6939	0.8397	0.7397	0.9391
631	0.0	1.021	0.8532	1.021	0.9886	1.111
632	0.0	1.196	0.9716	1.196	1.213	1.581
633	0.0	0.9999	0.6039	0.9999	0.7541	1.352
634	0.0	0.9392	0.7909	0.9392	1.013	1.172
635	0.0	0.9134	1.029	0.9134	1.253	1.14
636	0.0	0.9982	1.012	0.9982	1.177	1.296
637	0.0	0.8805	1.009	0.8805	1.271	1.226
638	0.0	0.9317	0.8701	0.9317	1.059	1.189
639	0.0	1.039	0.9226	1.039	1.111	1.316
640	0.0	0.7571	1.027	0.7571	1.284	0.915
641	0.0	0.7623	0.775	0.7623	0.8951	0.9143
642	0.0	1.102	0.7498	1.102	0.7968	1.099
643	0.0	0.8533	0.7011	0.8533	0.744	0.9338
644	0.0	1.007	1.035	1.007	1.219	1.219
645	0.0	0.757	1.109	0.757	1.408	0.9211
646	0.0	0.7432	0.984	0.7432	1.153	0.866
647	0.0	1.093	1.022	1.093	1.283	1.373
648	0.0	1.017	0.9296	1.017	1.142	1.384
649	0.0	1.059	0.7492	1.059	0.9276	1.316
650	0.0	0.949	0.6308	0.949	0.717	1.229
651	0.0	0.8421	0.7128	0.8421	0.7691	0.9841
652	0.0	0.9375	1.119	0.9375	1.331	1.107
653	0.0	1.117	0.6924	1.117	0.7728	1.267
654	0.0	0.5314	1.153	0.5314	1.41	0.6381
655	0.0	0.7338	0.8686	0.7338	1.074	0.9286
656	0.0	0.8755	0.7043	0.8755	0.8682	1.019
657	0.0	1.085	0.6417	1.085	0.7381	1.407
658	0.0	1.315	0.8648	1.315	0.9636	1.721
659	0.0	0.7513	0.9822	0.7513	1.154	0.7866
660	0.0	1.113	0.8796	1.113	0.9707	1.362
661	0.0	0.8893	0.6108	0.8893	0.6779	1.174
662	0.0	0.9314	0.6596	0.9314	0.925	1.122
663	0.0	0.6902	0.6721	0.6902	0.7786	0.6933
664	0.0	0.6012	0.8278	0.6012	0.9083	0.6614
665	0.0	0.8789	1.08	0.8789	1.302	0.9807
666	0.0	0.8265	1.017	0.8265	1.109	0.9986
667	0.0	0.6149	0.9525	0.6149	1.108	0.7225
668	0.0	0.8448	0.9905	0.8448	1.136	0.9517
669	0.0	0.961	0.8762	0.961	1.027	1.054
670	0.0	1.036	0.7437	1.036	0.5389	1.297
671	0.0	0.7462	0.8644	0.7462	0.949	0.8826
672	0.0	0.7123	0.9952	0.7123	1.057	0.7514
673	0.0	1.079	0.6978	1.079	0.7926	1.399
674	0.0	1.18	1.012	1.18	1.142	1.396
675	0.0	0.8567	1.361	0.8567	1.93	1.013
676	0.0	0.6507	0.9866	0.6507	1.125	0.7743
677	0.0	0.9333	1.006	0.9333	1.19	1.085
678	0.0	0.9535	1.032	0.9535	1.232	1.144
679	0.0	0.7832	1.106	0.7832	1.346	0.974
680	0.0	1.016	1.127	1.016	1.496	1.146
681	0.0	0.7549	0.9105	0.7549	0.9895	0.8489
682	0.0	0.9391	0.823	0.9391	1.131	1.139
683	0.0	1.078	1.096	1.078	1.291	1.364
684	0.0	1.036	0.9969	1.036	1.175	1.392
685	0.0	0.7734	0.8547	0.7734	0.9789	0.8929
686	0.0	1.059	0.6017	1.059	0.6794	1.376
687	0.0	1.092	0.7765	1.092	0.8543	1.374
688	0.0	1.149	0.7568	1.149	0.8444	1.457
689	0.0	0.7983	0.7852	0.7983	0.9412	1.006
690	0.0	0.637	0.7572	0.637	0.8344	0.7601
691	0.0	0.8471	0.7794	0.8471	0.9058	0.9612
692	0.0	0.6769	0.8536	0.6769	1.015	0.8038
693	0.0	0.9095	0.9528	0.9095	1.169	1.121
694	0.0	1.005	0.6372	1.005	0.6963	1.342
695	0.0	0.6249	0.9062	0.6249	1.078	0.7563
696	0.0	0.6598	0.9004	0.6598	1.002	0.8004
697	0.0	0.7308	0.763	0.7308	0.8514	0.8611
698	0.0	0.9064	1.117	0.9064	1.423	1.049
699	0.0	0.8787	0.8045	0.8787	0.8489	0.9026
700	0.0	1.081	1.121	1.081	1.247	1.303
701	0.0	1.128	1.072	1.128	1.291	1.342
702	0.0	0.7354	1.034	0.7354	1.256	0.7941
703	0.0	0.7306	1.109	0.7306	1.292	0.8763
704	0.0	1.07	1.045	1.07	1.337	1.35
705	0.0	1.01	0.8737	1.01	1.074	1.313
706	0.0	0.7189	0.9056	0.7189	1.054	0.7826
707	0.0	0.984	0.9385	0.984	1.113	1.171
708	0.0	0.6522	1.181	0.6522	1.379	0.8921
709	0.0	0.5812	0.9481	0.5812	1.147	0.6845
710	0.0	1.019	1.112	1.019	1.358	1.27
711	0.0	1.035	1.139	1.035	1.405	1.328
712	0.0	0.8072	0.8736	0.8072	1.042	0.8867
713	0.0	1.112	0.9499	1.112	1.152	1.36
714	0.0	1.084	1.06	1.084	1.323	1.304
715	0.0	1.057	0.9692	1.057	1.16	1.271
716	0.0	0.5738	1.108	0.5738	1.416	0.6532
717	0.0	0.7825	0.6037	0.7825	0.6765	1.081
718	0.0	0.9744	1.004	0.9744	1.276	1.239
719	0.0	0.9871	0.5526	0.9871	0.5573	1.116
720	0.0	1.056	0.7836	1.056	1.022	1.419
721	0.0	0.9602	0.9621	0.9602	1.131	1.197
722	0.0	0.8449	0.8709	0.8449	1.061	0.9635
723	0.0	0.6433	0.5956	0.6433	0.6516	0.7226
724	0.0	0.7415	0.8544	0.7415	0.9402	0.7905
725	0.0	0.8795	1.156	0.8795	1.414	1.009
726	0.0	1.083	1.048	1.083	1.162	1.071
727	0.0	1.004	0.7792	1.004	0.906	1.241
728	0.0	0.6023	0.8434	0.6023	0.9341	0.7039
729	0.0	0.789	0.7105	0.789	0.7921	0.9372
730	0.0	1.047	0.9803	1.047	1.165	1.329
731	0.0	1.042	1.017	1.042	1.182	1.326
732	0.0	0.8201	0.9415	0.8201	1.157	0.9607
733	0.0	0.7085	0.8971	0.7085	0.9939	0.9116
734	0.0	0.6371	0.9886	0.6371	1.099	0.755
735	0.0	0.8682	0.7909	0.8682	0.9165	1.114
736	0.0	1.078	0.9613	1.078	1.193	1.404
737	0.0	1.142	1.089	1.142	1.307	1.526
738	0.0	0.6785	0.7471	0.6785	0.9034	0.7778
739	0.0	0.9712	1.037	0.9712	1.158	1.116
740	0.0	0.8197	0.9546	0.8197	1.195	0.9891
741	0.0	1.051	0.9519	1.051	1.14	1.256
742	0.0	1.135	1.173	1.135	1.336	1.343
743	0.0	1.059	0.9156	1.059	0.9957	1.252
744	0.0	1.143	1.068	1.143	1.281	1.525
745	0.0	0.8773	1.144	0.8773	1.415	1.055
746	0.0	0.7912	1.1	0.7912	1.257	0.8822
747	0.0	0.7816	0.7465	0.7816	0.8289	0.9209
748	0.0	1.059	0.8266	1.059	0.9508	1.322
749	0.0	0.9144	1.043	0.9144	1.249	1.041
750	0.0	0.8311	0.9616	0.8311	1.095	0.9093
751	0.0	0.9765	0.9444	0.9765	1.078	1.176
752	0.0	1.105	0.9491	1.105	1.139	1.38
753	0.0	0.805	0.5843	0.805	0.6269	0.9309
754	0.0	0.7401	0.8366	0.7401	0.8655	0.8013
755	0.0	0.8211	0.7553	0.8211	0.8612	1.049
756	0.0	1.012	0.6831	1.012	0.7933	1.302
757	0.0	1.045	1.043	1.045	1.33	1.315
758	0.0	0.6485	0.8563	0.6485	0.952	0.7385
759	0.0	0.7993	0.8031	0.7993	0.96	0.84
760	0.0	0.8192	0.7112	0.8192	0.8052	0.9886
761	0.0	1.01	1.096	1.01	1.341	1.242
762	0.0	1.067	1.075	1.067	1.391	1.574
763	0.0	0.6865	0.746	0.6865	0.8341	0.8593
764	0.0	1.018	1.178	1.018	1.372	1.236
765	0.0	0.9028	0.9442	0.9028	1.13	1.18
766	0.0	0.885	0.8313	0.885	0.9679	1.165
767	0.0	0.8722	0.7771	0.8722	0.888	0.9174
768	0.0	0.954	0.9219	0.954	1.041	1.089
769	0.0	0.784	0.617	0.784	0.8177	0.9057
770	0.0	0.8958	1.047	0.8958	1.241	1.025
771	0.0	0.6529	0.8686	0.6529	1.041	0.7208
772	0.0	0.7783	0.644	0.7783	0.7704	0.9504
773	0.0	0.7197	0.8463	0.7197	0.9677	0.823
774	0.0	1.017	1.064	1.017	1.358	1.279
775	0.0	0.7278	0.8423	0.7278	1.105	0.902
776	0.0	0.7381	0.7073	0.7381	0.7925	0.841
777	0.0	1.059	1.01	1.059	1.207	1.31
778	0.0	1.017	1.11	1.017	1.305	1.215
779	0.0	0.851	0.9639	0.851	1.047	0.9632
780	0.0	0.6988	0.9482	0.6988	1.07	0.847
781	0.0	0.7524	1.004	0.7524	1.214	0.895
782	0.0	1.027	0.9919	1.027	1.186	1.279
783	0.0	1.013	1.063	1.013	1.248	1.281
784	0.0	1.069	1.077	1.069	1.286	1.211
785	0.0	0.6048	1.048	0.6048	1.216	0.7105
786	0.0	0.9462	0.7339	0.9462	0.9461	1.002
787	0.0	1.153	1.119	1.153	1.396	1.448
788	0.0	0.7087	0.79	0.7087	0.8965	0.8028
789	0.0	0.4912	0.6924	0.4912	0.7563	0.5515
790	0.0	0.9167	1.123	0.9167	1.267	1.145
791	0.0	1.015	0.803	1.015	0.8761	1.339
792	0.0	0.7534	0.8882	0.7534	1.064	0.8328
793	0.0	0.982	0.7653	0.982	0.9378	1.149
794	0.0	0.6893	0.628	0.6893	0.7931	0.7816
795	0.0	1.013	0.91	1.013	0.9447	1.092
796	0.0	0.7565	0.5732	0.7565	0.711	0.9045
797	0.0	0.7057	0.8474	0.7057	0.9842	0.8335
798	0.0	1.098	0.8859	1.098	0.9894	1.392
799	0.0	0.852	0.8835	0.852	0.9562	0.9427
800	0.0	0.6586	0.7222	0.6586	0.841	0.8036
801	0.0	0.8376	0.9933	0.8376	1.177	1.021
802	0.0	0.9464	1.07	0.9464	1.273	1.198
803	0.0	0.9715	0.8045	0.9715	0.9751	1.012
804	0.0	0.797	1.149	0.797	1.385	0.9134
805	0.0	1.016	0.8998	1.016	1.095	1.19
806	0.0	0.933	0.8912	0.933	1.119	1.162
807	0.0	0.7981	0.9111	0.7981	1.072	0.9365
808	0.0	0.6724	1.05	0.6724	1.295	0.9502
809	0.0	1.072	1.024	1.072	1.254	1.264
810	0.0	1.018	0.9745	1.018	1.129	1.166
811	0.0	0.9881	1.07	0.9881	1.332	1.239
812	0.0	0.7717	0.761	0.7717	0.8927	0.8532
813	0.0	0.7992	0.6886	0.7992	0.8094	0.9414
814	0.0	0.8918	1.105	0.8918	1.383	1.116
815	0.0	0.8984	1.31	0.8984	1.708	1.045
816	0.0	0.7934	1.047	0.7934	1.302	0.8418
817	0.0	0.9205	0.9028	0.9205	1.257	1.173
818	0.0	0.7167	0.8577	0.7167	1.031	0.8772
819	0.0	1.086	1.072	1.086	1.381	1.31
820	0.0	1.01	1.15	1.01	1.396	1.163
821	0.0	1.021	0.8854	1.021	1.03	1.346
822	0.0	0.9779	0.9477	0.9779	1.137	1.204
823	0.0	0.7905	0.7868	0.7905	0.8391	0.862
824	0.0	0.957	0.8836	0.957	0.9682	1.158
825	0.0	0.9899	0.8811	0.9899	1.036	1.206
826	0.0	1.006	0.7814	1.006	0.9803	1.176
827	0.0	0.7507	0.5833	0.7507	0.674	0.9085
828	0.0	0.6433	0.7559	0.6433	0.889	0.7368
829	0.0	0.9397	0.9712	0.9397	1.134	1.158
830	0.0	0.6704	0.7277	0.6704	0.7714	0.806
831	0.0	1.023	1.083	1.023	1.359	1.245
832	0.0	0.721	1.106	0.721	1.286	0.7235
833	0.0	0.7834	0.9374	0.7834	1.1	0.9801
834	0.0	1.002	0.8608	1.002	1.052	1.241
835	0.0	0.9103	0.9696	0.9103	1.101	1.174
836	0.0	0.8157	0.6864	0.8157	0.7127	0.8781
837	0.0	0.8799	0.9311	0.8799	1.157	0.8695
838	0.0	0.9436	0.629	0.9436	0.7072	0.9516
839	0.0	1.005	0.7927	1.005	0.8704	1.002
840	0.0	1.292	1.001	1.292	1.187	1.501
841	0.0	0.9403	1.009	0.9403	1.21	1.191
842	0.0	0.7478	0.8043	0.7478	0.7926	0.8752
843	0.0	0.8776	1.011	0.8776	1.144	1.114
844	0.0	0.8766	0.922	0.8766	1.091	1.102
845	0.0	0.9152	0.5318	0.9152	0.595	1.191
846	0.0	1.056	1.0	1.056	1.12	1.249
847	0.0	1.099	1.078	1.099	1.311	1.266
848	0.0	0.9039	0.9869	0.9039	1.202	1.231
849	0.0	1.078	0.529	1.078	0.5605	1.303
850	0.0	0.607	0.7511	0.607	0.7996	0.6209
851	0.0	0.7387	0.6315	0.7387	0.7143	0.7276
852	0.0	0.9529	1.015	0.9529	1.221	1.291
853	0.0	0.8368	0.9772	0.8368	1.265	1.033
854	0.0	0.5669	0.9538	0.5669	1.095	0.9345
855	0.0	0.9961	0.9195	0.9961	1.141	1.162
856	0.0	1.032	0.6368	1.032	0.7516	1.318
857	0.0	0.6094	0.6691	0.6094	0.688	0.7155
858	0.0	0.6309	0.9387	0.6309	1.231	0.794
859	0.0	1.076	0.8664	1.076	0.9395	1.324
860	0.0	0.6961	1.01	0.6961	1.306	0.7398
861	0.0	0.9552	1.059	0.9552	1.277	1.222
862	0.0	0.5219	0.6808	0.5219	0.7335	0.5555
863	0.0	1.052	0.8643	1.052	0.9379	1.298
864	0.0	0.7421	0.5444	0.7421	0.5885	0.8588
865	0.0	0.8575	1.002	0.8575	1.251	1.121
866	0.0	1.132	0.6609	1.132	0.7473	1.498
867	0.0	0.882	0.9186	0.882	1.143	1.146
868	0.0	0.9326	1.067	0.9326	1.329	1.133
869	0.0	0.7362	0.9076	0.7362	1.086	0.8872
870	0.0	0.8878	0.7505	0.8878	0.8664	1.053
871	0.0	0.6869	0.5049	0.6869	0.5682	0.8044
872	0.0	0.8527	0.93	0.8527	1.11	1.052
873	0.0	0.7677	0.6908	0.7677	0.7678	0.8604
874	0.0	0.7111	0.7747	0.7111	0.9374	0.76
875	0.0	0.9973	0.7048	0.9973	0.794	1.219
876	0.0	0.8932	0.882	0.8932	0.9973	0.949
877	0.0	0.7117	0.9101	0.7117	1.093	0.8087
878	0.0	1.087	0.8314	1.087	1.034	1.282
879	0.0	0.6472	0.8088	0.6472	0.9414	0.834
880	0.0	0.6815	0.6274	0.6815	0.7408	0.7694
881	0.0	0.8542	0.6663	0.8542	0.7564	1.072
882	0.0	1.02	0.8846	1.02	1.067	1.282
883	0.0	0.7918	0.7187	0.7918	0.7912	0.9802
884	0.0	0.6383	0.8135	0.6383	0.9936	0.8112
885	0.0	0.9343	1.015	0.9343	1.3	1.067
886	0.0	0.8326	0.642	0.8326	0.6644	0.9272
887	0.0	0.7491	1.005	0.7491	1.234	0.8849
888	0.0	1.025	0.9202	1.025	1.156	1.145
889	0.0	0.7727	0.772	0.7727	0.8795	0.8891
890	0.0	0.7232	0.8561	0.7232	1.042	0.853
891	0.0	0.7457	0.7959	0.7457	0.9793	0.8793
892	0.0	0.6037	0.6146	0.6037	0.691	0.7125
893	0.0	0.6522	0.9012	0.6522	1.071	0.7472
894	0.0	0.7795	0.8116	0.7795	0.9431	0.9868
895	0.0	1.1	0.6625	1.1	0.7353	1.342
896	0.0	0.6711	0.7022	0.6711	0.8562	0.8508
897	0.0	0.8501	0.6741	0.8501	0.7531	0.9672
898	0.0	0.6462	0.7201	0.6462	0.778	0.8081
899	0.0	0.8897	0.713	0.8897	0.8424	0.9689
900	0.0	0.689	0.6801	0.689	0.7513	0.7875
901	0.0	0.8146	0.6238	0.8146	0.6758	0.9605
902	0.0	1.04	0.6306	1.04	0.6772	1.228
903	0.0	0.8043	0.817	0.8043	0.9494	0.8841
904	0.0	0.8641	0.7125	0.8641	0.8228	1.073
905	0.0	0.8861	0.6518	0.8861	0.6847	1.119
906	0.0	0.8618	1.006	0.8618	1.239	1.134
907	0.0	0.7173	0.6715	0.7173	0.8437	0.8765
908	0.0	0.939	0.9693	0.939	1.166	1.102
909	0.0	0.9661	1.05	0.9661	1.247	1.131
910	0.0	0.7935	0.7734	0.7935	0.8288	0.943
911	0.0	0.6402	0.8699	0.6402	1.01	0.7596
912	0.0	0.8836	1.051	0.8836	1.334	1.065
913	0.0	0.8605	1.147	0.8605	1.384	1.147
914	0.0	0.7124	0.5954	0.7124	0.6792	0.7829
915	0.0	1.134	1.092	1.134	1.295	1.39
916	0.0	0.6288	0.9693	0.6288	1.122	0.7104
917	0.0	0.6597	0.8868	0.6597	1.018	0.7337
918	0.0	0.9612	0.9006	0.9612	1.126	1.191
919	0.0	1.375	1.096	1.375	1.378	1.584
920	0.0	0.7815	0.811	0.7815	0.8922	0.8735
921	0.0	0.7005	0.7993	0.7005	0.9117	0.7597
922	0.0	1.165	0.7771	1.165	0.9908	1.394
923	0.0	0.9768	0.9856	0.9768	1.25	1.165
924	0.0	0.7746	0.884	0.7746	1.025	0.9808
925	0.0	0.7348	0.8637	0.7348	1.098	0.9326
926	0.0	1.088	1.026	1.088	1.277	1.221
927	0.0	0.866	0.5901	0.866	0.6605	0.9638
928	0.0	0.7221	0.8136	0.7221	0.9113	0.9746
929	0.0	0.8088	1.007	0.8088	1.256	0.9993
930	0.0	0.9252	0.7355	0.9252	0.8002	1.182
931	0.0	0.4461	0.6085	0.4461	0.653	0.5261
932	0.0	0.7048	0.6834	0.7048	0.7434	0.8194
933	0.0	0.9588	0.8783	0.9588	0.9898	1.14
934	0.0	0.6498	0.6145	0.6498	0.7126	0.7016
935	0.0	0.9776	0.8556	0.9776	1.042	1.356
936	0.0	0.5801	0.9	0.5801	0.991	0.6086
937	0.0	0.8025	0.7287	0.8025	0.8534	0.9729
938	0.0	0.8142	0.8785	0.8142	0.9932	0.9096
939	0.0	0.9295	0.6374	0.9295	0.6941	1.091
940	0.0	0.7328	0.7782	0.7328	0.8884	0.8224
941	0.0	0.9274	0.8795	0.9274	1.032	1.124
942	0.0	0.4633	0.4795	0.4633	0.5506	0.7082
943	0.0	0.9511	1.055	0.9511	1.241	1.165
944	0.0	0.8948	0.9633	0.8948	1.199	1.063
945	0.0	1.023	1.106	1.023	1.394	1.215
946	0.0	0.7271	0.6286	0.7271	0.6469	0.8246
947	0.0	0.838	0.9401	0.838	1.158	1.011
948	0.0	1.074	0.6206	1.074	0.6787	1.349
949	0.0	0.9521	0.8748	0.9521	1.02	1.192
950	0.0	0.8637	0.7004	0.8637	0.8261	1.039
951	0.0	0.9208	0.7874	0.9208	0.9384	1.128
952	0.0	1.009	1.054	1.009	1.258	1.24
953	0.0	0.7853	0.5456	0.7853	0.5745	0.9726
954	0.0	0.7172	0.8032	0.7172	0.8257	0.7988
955	0.0	0.6526	0.5936	0.6526	0.6824	0.766
956	0.0	0.9389	1.04	0.9389	1.223	1.152
957	0.0	1.088	0.9806	1.088	1.244	1.332
958	0.0	0.535	0.983	0.535	1.165	0.6592
959	0.0	0.9565	0.7935	0.9565	0.9435	1.227
960	0.0	1.031	0.8171	1.031	0.9267	1.283
961	0.0	0.7738	0.7782	0.7738	0.9064	0.7879
962	0.0	0.5745	0.5801	0.5745	0.6765	0.6281
963	0.0	0.739	1.122	0.739	1.242	0.8856
964	0.0	0.8712	0.9041	0.8712	1.066	1.11
965	0.0	1.118	0.6857	1.118	0.7822	1.244
966	0.0	0.6322	0.868	0.6322	0.8912	0.7396
967	0.0	0.7784	0.6611	0.7784	0.7632	0.8698
968	0.0	0.7948	0.9214	0.7948	1.024	0.9498
969	0.0	1.063	1.082	1.063	1.181	1.317
970	0.0	1.019	1.122	1.019	1.298	1.28
971	0.0	0.6381	1.017	0.6381	1.131	0.7075
972	0.0	0.9079	1.087	0.9079	1.328	1.035
973	0.0	0.7837	0.8331	0.7837	0.9598	0.9541
974	0.0	0.7113	0.9453	0.7113	1.128	0.8372
975	0.0	0.6727	0.5112	0.6727	0.5967	0.7763
976	0.0	0.7479	0.7953	0.7479	0.9221	0.8923
977	0.0	0.6532	0.4543	0.6532	0.5414	0.7907
978	0.0	0.7299	0.8973	0.7299	1.064	0.8215
979	0.0	0.6847	0.7052	0.6847	0.7962	0.7838
980	0.0	0.5751	0.6931	0.5751	0.9046	0.6942
981	0.0	0.7005	0.8101	0.7005	0.8772	0.7748
982	0.0	1.009	0.724	1.009	0.8572	1.204
983	0.0	0.7717	0.7356	0.7717	0.8617	0.8391
984	0.0	0.5879	0.7284	0.5879	0.8582	0.6556
985	0.0	0.7672	1.111	0.7672	1.313	0.9614
986	0.0	1.015	0.9683	1.015	1.104	1.256
987	0.0	0.9251	0.7181	0.9251	0.7717	0.9924
988	0.0	0.7428	0.6945	0.7428	0.8033	0.9103
989	0.0	0.8937	0.9309	0.8937	1.073	1.129
990	0.0	0.8824	0.7563	0.8824	0.8947	1.064
991	0.0	0.9506	0.7403	0.9506	0.8514	1.016
992	0.0	0.9324	0.941	0.9324	1.129	1.129
993	0.0	0.8319	0.826	0.8319	0.9179	0.9185
994	0.0	0.657	0.8979	0.657	0.9621	0.8899
995	0.0	1.034	1.093	1.034	1.287	1.362
996	0.0	0.9035	0.6123	0.9035	0.6681	1.067
997	0.0	0.5968	0.6408	0.5968	0.7221	0.6251
998	0.0	0.9196	1.011	0.9196	1.18	1.179
999	0.0	0.9999	1.032	0.9999	1.226	1.229
1000	0.0	0.7322	0.746	0.7322	0.8668	0.867
1001	0.0	0.8639	0.8078	0.8639	0.9609	1.027
1002	0.0	0.7143	0.6659	0.7143	0.7315	0.9137
1003	0.0	0.6907	0.7691	0.6907	0.8453	0.8085
1004	0.0	0.7625	0.7712	0.7625	0.911	0.9172
1005	0.0	0.8336	1.006	0.8336	1.23	0.9276
1006	0.0	1.15	0.5235	1.15	0.5646	1.42
1007	0.0	0.802	0.9441	0.802	1.122	0.9179
1008	0.0	0.6378	0.7019	0.6378	0.7921	0.6552
1009	0.0	0.6167	0.5989	0.6167	0.7588	0.6645
1010	0.0	0.969	0.9078	0.969	1.034	1.131
1011	0.0	0.6553	0.5834	0.6553	0.6134	0.7423
1012	0.0	0.7053	0.6893	0.7053	0.7423	0.8234
1013	0.0	1.065	1.062	1.065	1.194	1.24
1014	0.0	0.8702	0.8527	0.8702	1.053	1.064
1015	0.0	0.8911	0.687	0.8911	0.7553	1.063
1016	0.0	0.9488	1.134	0.9488	1.335	1.214
1017	0.0	0.5711	1.032	0.5711	1.29	0.655
1018	0.0	0.7984	0.8328	0.7984	1.039	0.8901
1019	0.0	0.9438	0.8868	0.9438	1.013	1.204
1020	0.0	0.3512	0.9449	0.3512	1.129	0.4571
1021	0.0	0.5709	0.9546	0.5709	1.231	0.6614
1022	0.0	0.8	1.145	0.8	1.386	0.9219
1023	0.0	1.129	1.148	1.129	1.33	1.362
1024	0.0	0.8333	0.8698	0.8333	1.082	0.9221
1025	0.0	0.7542	0.8708	0.7542	1.114	0.8751
1026	0.0	1.074	0.9524	1.074	1.11	1.247
1027	0.0	1.039	0.9688	1.039	1.159	1.244
1028	0.0	0.6732	0.9851	0.6732	1.237	0.8134
1029	0.0	0.9408	1.09	0.9408	1.32	1.064
1030	0.0	1.071	0.9499	1.071	1.124	1.278
1031	0.0	0.5766	0.6758	0.5766	0.6996	0.6181
1032	0.0	0.6859	0.5863	0.6859	0.6458	0.8241
1033	0.0	1.14	0.9598	1.14	1.102	1.3
1034	0.0	0.5967	0.9034	0.5967	1.074	0.6756
1035	0.0	0.6191	0.5166	0.6191	0.5914	1.185
1036	0.0	0.5605	0.5498	0.5605	0.6297	0.6766
1037	0.0	0.8496	1.017	0.8496	1.273	1.053
1038	0.0	0.5553	0.7765	0.5553	0.8385	0.6706
1039	0.0	0.6875	0.9315	0.6875	1.157	0.7777
1040	0.0	0.6706	0.8943	0.6706	1.06	0.7645
