Step	Loss
1	3.8463
2	3.2812
3	4.9821
4	3.6519
5	4.6341
6	3.0219
7	5.1562
8	4.1038
9	5.0413
10	2.6651
11	5.4364
12	5.3991
13	2.7668
14	4.7888
15	3.8148
16	5.0712
17	5.513
18	4.7362
19	5.0977
20	5.6719
21	5.4038
22	5.9846
23	4.8557
24	5.3221
25	4.9021
26	5.7963
27	5.3907
28	3.9475
29	5.161
30	5.3115
31	2.9333
32	4.9744
33	5.714
34	3.6982
35	4.8636
36	4.8785
37	2.9846
38	4.2142
39	4.4434
40	5.2274
41	5.7755
42	3.6979
43	5.3605
44	3.3254
45	5.5515
46	2.7039
47	0.5776
48	4.3301
49	4.9403
50	3.8566
51	1.4752
52	4.7558
53	1.8381
54	5.1534
55	4.7445
56	1.3103
57	2.2625
58	4.8258
59	4.781
60	4.4334
61	2.6776
62	4.6505
63	3.2774
64	4.8074
65	4.7695
66	4.2722
67	2.2787
68	4.2646
69	4.8141
70	2.7179
71	4.2488
72	4.5862
73	4.0754
74	3.5718
75	2.4252
76	4.8009
77	1.5168
78	1.6019
79	4.1019
80	6.5064
81	4.8117
82	4.5375
83	5.486
84	3.9089
85	5.1486
86	3.9772
87	4.7116
88	4.2685
89	4.1034
90	1.9976
91	5.0981
92	4.5273
93	0.6477
94	1.2816
95	4.5226
96	4.5628
97	2.6142
98	3.755
99	2.7016
100	4.368
101	4.2324
102	5.1216
103	4.8085
104	4.3944
105	3.233
106	2.9607
107	4.2627
108	2.7309
109	3.9838
110	2.5569
111	4.6197
112	3.5533
113	5.0272
114	2.0404
115	5.1808
116	4.5208
117	2.0833
118	3.9672
119	3.3417
120	4.2827
121	4.5868
122	4.1372
123	4.2762
124	4.8488
125	4.5105
126	5.2134
127	4.005
128	4.6508
129	4.2125
130	5.194
131	4.5398
132	3.8372
133	4.4519
134	4.3666
135	2.7639
136	4.4438
137	4.5954
138	3.2922
139	4.3228
140	4.1199
141	2.6747
142	3.7446
143	4.2948
144	4.3716
145	5.6811
146	3.258
147	4.3986
148	2.6141
149	5.1165
150	2.0953
151	1.1168
152	4.1228
153	4.3603
154	3.5118
155	1.2152
156	4.0404
157	1.5627
158	4.2888
159	4.1522
160	1.1696
161	2.0767
162	4.3157
163	4.6725
164	3.8053
165	2.2589
166	4.4872
167	3.1572
168	4.4456
169	4.2832
170	3.8589
171	2.0554
172	3.9684
173	4.4632
174	2.1813
175	3.92
176	4.1684
177	3.8361
178	3.2308
179	2.2571
180	4.2618
181	1.5119
182	1.2407
183	3.5638
184	6.0799
185	4.4355
186	4.1055
187	5.8296
188	2.9571
189	4.7569
190	3.4703
191	4.4579
192	3.7742
193	4.9683
194	0.9872
195	4.71
196	4.3224
197	0.4587
198	1.4259
199	4.1932
200	4.25
201	2.2803
202	3.5086
203	2.5522
204	4.0193
205	3.852
206	4.7054
207	4.4664
208	3.8842
209	3.1886
210	2.6871
211	4.0323
212	2.5072
213	3.6778
214	2.4392
215	4.4311
216	2.931
217	4.2188
218	1.5629
219	4.8983
220	4.3228
221	1.7061
222	3.649
223	3.1605
224	4.0982
225	4.4251
226	3.9579
227	4.0962
228	4.6177
229	4.2642
230	5.1492
231	3.7913
232	4.6166
233	4.0279
234	4.936
235	4.348
236	3.6306
237	4.2174
238	4.1598
239	2.6317
240	4.2863
241	4.7644
242	3.1448
243	4.1551
244	3.8663
245	2.4423
246	3.525
247	3.7997
248	4.2416
249	5.8051
250	3.3251
251	4.0085
252	2.54
253	4.9401
254	1.9069
255	1.1318
256	3.7466
257	4.1335
258	3.3934
259	1.2566
260	3.9688
261	1.6816
262	4.1202
263	3.95
264	1.1962
265	1.688
266	4.211
267	4.4476
268	3.7103
269	2.0703
270	4.3855
271	2.963
272	4.1247
273	4.1535
274	3.7557
275	2.2114
276	3.6539
277	4.3498
278	3.3057
279	3.4169
280	4.1715
281	3.6612
282	3.1283
283	2.1627
284	4.1106
285	1.4729
286	1.2432
287	3.5559
288	5.6578
289	4.3418
290	4.0269
291	5.3501
292	3.061
293	4.4942
294	3.4175
295	4.3043
296	3.7708
297	3.6643
298	0.7731
299	4.6652
300	4.0963
301	0.8387
302	0.4414
303	4.0619
304	4.1018
305	2.3201
306	3.337
307	2.1336
308	3.9115
309	3.7517
310	4.7381
311	4.3317
312	3.9571
313	2.8957
314	3.0429
315	3.9968
316	2.6424
317	3.3486
318	2.3612
319	4.1968
320	3.5592
321	3.9466
322	1.7944
323	5.059
324	4.1767
325	1.7529
326	3.3436
327	2.9694
328	3.9253
329	4.321
330	3.8687
331	3.997
332	4.5684
333	3.9917
334	4.9656
335	3.5651
336	4.4254
337	4.0009
338	4.6447
339	4.1933
340	3.5269
341	4.1861
342	4.1875
343	2.3227
344	4.1381
345	4.0416
346	2.9643
347	4.0274
348	4.0365
349	2.3301
350	3.4172
351	3.734
352	4.0195
353	5.3818
354	3.1054
355	3.9765
356	2.2625
357	4.8436
358	1.8343
359	0.2227
360	3.723
361	4.0839
362	3.2554
363	1.148
364	3.7816
365	1.3748
366	4.0615
367	3.9044
368	1.0582
369	1.7741
370	4.1333
371	4.2769
372	3.726
373	2.1027
374	4.237
375	2.8112
376	4.1559
377	4.0635
378	3.6464
379	1.9595
380	3.5488
381	4.1466
382	3.2291
383	3.7976
384	4.0739
385	3.6414
386	3.2014
387	1.9705
388	4.029
389	1.4267
390	1.0786
391	3.478
392	5.6361
393	4.1932
394	3.8856
395	4.6379
396	2.5482
397	4.484
398	3.0762
399	4.2286
400	3.6694
401	3.5408
402	0.4143
403	4.4787
404	3.9923
405	0.9929
406	0.9192
407	3.9551
408	4.0027
409	2.191
410	3.1991
411	1.9533
412	3.89
413	3.7269
414	4.6227
415	4.2676
416	3.7416
417	2.966
418	2.7808
419	3.9612
420	2.2915
421	3.2008
422	2.333
423	4.199
424	3.0015
425	3.9501
426	1.5774
427	4.6482
428	4.0564
429	1.6158
430	3.3461
431	2.8301
432	3.8476
433	4.2573
434	3.8691
435	3.8501
436	4.4069
437	4.1435
438	4.9625
439	3.5601
440	4.2947
441	3.9623
442	4.9569
443	4.0116
444	3.5589
445	4.0756
446	4.0622
447	2.6958
448	4.1088
449	3.861
450	3.0022
451	3.9351
452	3.8904
453	2.254
454	3.3518
455	3.7004
456	3.8885
457	5.4185
458	2.7319
459	4.091
460	2.3932
461	4.8152
462	1.9789
463	0.1638
464	3.5259
465	4.0079
466	3.2782
467	1.0882
468	3.6456
469	1.572
470	3.9958
471	3.7443
472	1.0788
473	1.964
474	4.0243
475	4.2788
476	3.5918
477	1.9678
478	4.2933
479	2.8906
480	3.962
481	3.9498
482	3.6442
483	1.8991
484	3.5138
485	4.0332
486	1.982
487	3.3991
488	3.9307
489	3.5074
490	2.9078
491	1.957
492	4.0096
493	1.4028
494	1.2592
495	3.4733
496	5.5283
497	4.1498
498	3.6913
499	4.8856
500	2.6528
501	4.4791
502	3.1072
503	4.272
504	3.5557
505	3.4795
506	0.5063
507	4.3311
508	3.9041
509	0.7277
510	1.1001
511	3.6543
512	3.9654
513	1.8942
514	3.15
515	1.9931
516	3.795
517	3.6085
518	4.5748
519	4.1693
520	3.8183
521	2.8499
522	2.6562
523	3.9484
524	2.6667
525	2.9393
526	2.1583
527	4.077
528	3.037
529	4.5098
530	1.5241
531	4.8253
532	4.0416
533	1.4693
534	3.1469
535	2.7975
536	3.7512
537	4.0946
538	3.8489
539	3.7765
540	4.4483
541	3.9401
542	4.7527
543	3.4373
544	4.2359
545	3.7105
546	4.6892
547	4.112
548	3.4685
549	4.0335
550	4.0039
551	2.2788
552	4.0262
553	3.6934
554	2.9478
555	3.9185
556	3.8017
557	2.2142
558	3.2418
559	3.7424
560	3.8045
561	5.3885
562	2.8943
563	3.9992
564	2.3359
565	4.7739
566	2.0034
567	0.0956
568	3.5445
569	3.9016
570	3.172
571	1.1219
572	3.6678
573	1.7502
574	3.8981
575	3.7834
576	0.9908
577	1.7823
578	3.9143
579	4.3964
580	3.5584
581	1.8683
582	4.1911
583	2.7002
584	3.9984
585	3.8986
586	3.5729
587	1.9606
588	3.4858
589	4.1048
590	1.709
591	3.4673
592	3.9045
593	3.5291
594	2.943
595	2.0474
596	3.9054
597	1.3597
598	1.4691
599	3.3087
600	5.3589
601	4.2251
602	3.6023
603	5.1261
604	2.1942
605	4.2873
606	3.1046
607	4.2054
608	3.4643
609	3.1772
610	0.495
611	4.2556
612	3.8312
613	0.5674
614	0.7943
615	3.8271
616	3.874
617	1.8352
618	3.0804
619	1.4754
620	3.6668
621	3.618
622	4.6728
623	4.103
624	3.6626
625	2.9958
626	2.777
627	3.8809
628	2.4278
629	2.8143
630	2.1513
631	3.9272
632	2.6861
633	4.5873
634	1.4998
635	4.6478
636	3.9247
637	1.4212
638	3.2662
639	2.7093
640	3.6529
641	4.098
642	3.6328
643	3.7515
644	4.3771
645	3.9649
646	4.7956
647	3.4999
648	4.116
649	3.7372
650	4.8671
651	4.0225
652	3.4073
653	4.0108
654	4.04
655	2.375
656	4.0164
657	3.8492
658	2.9582
659	3.884
660	3.8764
661	2.1633
662	3.291
663	3.4555
664	3.8539
665	5.4925
666	2.8429
667	4.2851
668	2.2525
669	4.7169
670	1.9159
671	0.3626
672	3.3493
673	3.8834
674	3.0157
675	1.2149
676	3.6061
677	1.4643
678	3.9294
679	3.7073
680	1.0775
681	1.7441
682	3.8836
683	4.2629
684	3.5685
685	1.8098
686	4.1933
687	2.8043
688	3.9765
689	3.867
690	3.4864
691	1.8901
692	3.4997
693	3.9778
694	1.6675
695	3.2378
696	3.8972
697	3.4773
698	2.782
699	2.0066
700	3.8799
701	1.3705
702	1.7056
703	3.4025
704	5.2992
705	4.1773
706	3.5187
707	4.5649
708	2.3024
709	4.3237
710	3.1016
711	4.1197
712	3.4938
713	3.5286
714	0.2971
715	4.2084
716	3.7939
717	0.3884
718	0.5095
719	3.6723
720	3.8834
721	2.2079
722	3.2992
723	1.9234
724	3.6628
725	3.5464
726	4.495
727	4.0447
728	3.5905
729	2.6073
730	2.5011
731	3.8923
732	2.3298
733	2.7456
734	2.123
735	3.9293
736	2.8133
737	3.7118
738	1.4782
739	4.6003
740	3.9097
741	1.4497
742	3.0688
743	2.7635
744	3.6545
745	3.9878
746	3.6674
747	3.7338
748	4.2485
749	3.8264
750	4.7542
751	3.4509
752	4.1307
753	3.5826
754	4.4811
755	3.8989
756	3.4373
757	3.9367
758	3.927
759	2.091
760	3.8772
761	3.4811
762	2.7789
763	3.7587
764	3.8829
765	2.1755
766	3.283
767	3.2582
768	3.7878
769	5.5173
770	2.7087
771	3.7637
772	2.0646
773	4.6737
774	1.9367
775	0.0464
776	3.4113
777	3.7942
778	3.229
779	0.9588
780	3.5487
781	1.2466
782	3.7606
783	3.6278
784	1.0722
785	1.6041
786	3.8686
787	4.3777
788	3.3948
789	1.8123
790	3.9574
791	2.6786
792	4.0497
793	3.9077
794	3.5464
795	1.6857
796	3.237
797	3.8824
798	1.8859
799	3.5064
800	3.9267
801	3.4693
802	2.6956
803	1.9094
804	3.8079
805	1.427
806	0.4046
807	3.2263
808	5.3032
809	4.1499
810	3.519
811	4.398
812	2.1584
813	4.3092
814	2.8419
815	4.1128
816	3.4507
817	3.0422
818	0.4097
819	4.1396
820	3.7716
821	0.5066
822	0.5466
823	3.8017
824	3.8478
825	1.6107
826	3.135
827	1.4898
828	3.6584
829	3.4889
830	4.4819
831	4.0497
832	3.7393
833	2.8626
834	2.5429
835	3.8106
836	2.3145
837	2.7234
838	2.1365
839	3.801
840	2.7859
841	3.7941
842	1.3922
843	4.5807
844	3.8163
845	1.3384
846	3.1534
847	2.8376
848	3.6499
849	3.9352
850	3.6428
851	3.6827
852	4.1864
853	3.8672
854	4.6328
855	3.3457
856	4.09
857	3.6146
858	4.5332
859	3.8967
860	3.2854
861	3.8696
862	3.9252
863	2.4147
864	3.8968
865	3.2774
866	2.7066
867	3.8031
868	3.7303
869	2.1243
870	3.2346
871	3.2261
872	3.6267
873	5.3787
874	2.4048
875	3.4244
876	2.3145
877	4.7052
878	1.7861
879	0.0807
880	3.3155
881	3.776
882	3.1801
883	1.0291
884	3.4538
885	1.5004
886	3.5461
887	3.6436
888	0.8301
889	1.4292
890	3.8427
891	4.2177
892	3.3359
893	1.6575
894	4.1343
895	2.7543
896	3.7618
897	3.7044
898	3.472
899	1.7818
900	3.1472
901	3.9058
902	1.7073
903	3.364
904	3.8759
905	3.4439
906	2.7694
907	1.9792
908	3.8691
909	1.4496
910	0.5689
911	3.2852
912	5.32
913	3.9942
914	3.5726
915	4.131
916	2.0172
917	4.389
918	2.858
919	3.9453
920	3.3772
921	2.9538
922	0.3896
923	4.1513
924	3.783
925	0.5641
926	1.3676
927	3.7034
928	3.6901
929	1.6897
930	3.0961
931	1.6595
932	3.5985
933	3.5325
934	4.4668
935	4.0458
936	3.6049
937	3.2448
938	2.2961
939	3.8627
940	2.2163
941	2.5105
942	2.0832
943	3.8134
944	2.7571
945	4.1164
946	1.5278
947	4.3736
948	3.8293
949	1.3594
950	3.0006
951	2.6308
952	3.6543
953	3.9844
954	3.5239
955	3.6673
956	4.2976
957	3.7081
958	4.6364
959	3.459
960	4.0023
961	3.5764
962	4.7368
963	3.8347
964	3.2543
965	3.8923
966	3.8674
967	2.1218
968	3.878
969	3.3881
970	2.8135
971	3.7085
972	3.6544
973	2.0658
974	3.0238
975	3.2731
976	3.6689
977	5.014
978	2.7376
979	3.5843
980	1.9853
981	4.5517
982	1.6079
983	0.0882
984	3.3515
985	3.7434
986	3.1021
987	0.9126
988	3.4496
989	1.3195
990	3.5376
991	3.5507
992	0.9145
993	1.4378
994	3.7816
995	4.1082
996	3.4539
997	1.6719
998	4.1444
999	2.7852
1000	3.8089
1001	3.6842
1002	3.506
1003	1.7256
1004	3.164
1005	3.9024
1006	1.5939
1007	3.5172
1008	3.8019
1009	3.3228
1010	2.5716
1011	1.8447
1012	3.7286
1013	1.3189
1014	0.7516
1015	3.2499
1016	5.2379
1017	3.8782
1018	3.4886
1019	4.3009
1020	1.9174
1021	4.2643
1022	2.9277
1023	3.9813
1024	3.2883
1025	3.1792
1026	0.2828
1027	4.1659
1028	3.737
1029	0.6766
1030	1.1409
1031	3.6061
1032	3.7436
1033	1.6179
1034	2.9721
1035	1.2834
1036	3.6233
1037	3.4497
1038	4.4721
1039	3.9904
1040	3.5227
