Step	Loss(S)	Loss(T)	fwd_S	fwd_T	rev_S	rev_T
1	0.0	3.687	4.467	3.687	3.268	2.989
2	0.0	1.633	3.751	1.633	3.212	1.582
3	0.0	3.993	2.887	3.993	2.212	3.407
4	0.0	3.411	4.838	3.411	3.922	2.785
5	0.0	4.09	4.358	4.09	3.586	3.409
6	0.0	1.972	4.17	1.972	4.064	2.032
7	0.0	3.345	2.973	3.345	2.901	2.59
8	0.0	2.554	2.251	2.554	2.379	2.919
9	0.0	2.639	2.195	2.639	2.148	2.743
10	0.0	2.759	3.093	2.759	2.429	2.908
11	0.0	2.14	2.262	2.14	2.35	2.36
12	0.0	2.132	2.296	2.132	2.339	2.272
13	0.0	2.581	2.264	2.581	3.071	3.333
14	0.0	1.976	1.574	1.976	1.796	2.336
15	0.0	2.416	1.473	2.416	1.746	3.35
16	0.0	2.289	1.747	2.289	2.016	2.559
17	0.0	1.691	1.46	1.691	1.574	2.18
18	0.0	2.294	2.753	2.294	2.849	2.86
19	0.0	2.272	1.491	2.272	1.579	2.474
20	0.0	2.429	1.852	2.429	2.087	2.769
21	0.0	0.7914	1.114	0.7914	1.34	0.8837
22	0.0	1.262	2.15	1.262	2.338	1.353
23	0.0	2.164	1.868	2.164	2.231	2.363
24	0.0	0.8817	2.037	0.8817	2.427	0.9972
25	0.0	1.911	1.91	1.911	2.105	2.017
26	0.0	2.272	2.198	2.272	2.351	2.609
27	0.0	1.555	1.872	1.555	2.099	1.754
28	0.0	2.046	2.013	2.046	2.065	2.205
29	0.0	1.16	1.47	1.16	1.533	1.166
30	0.0	0.9866	1.162	0.9866	1.307	1.139
31	0.0	1.454	3.214	1.454	3.794	1.486
32	0.0	1.421	1.784	1.421	2.033	1.608
33	0.0	1.681	1.86	1.681	2.039	2.008
34	0.0	1.456	1.281	1.456	1.37	1.623
35	0.0	1.194	1.37	1.194	1.545	1.479
36	0.0	1.887	1.887	1.887	2.135	2.22
37	0.0	1.734	1.844	1.734	2.207	2.2
38	0.0	1.49	1.43	1.49	1.737	1.611
39	0.0	1.568	1.721	1.568	2.046	1.922
40	0.0	1.419	0.9891	1.419	1.149	1.432
41	0.0	1.6	1.381	1.6	1.719	1.886
42	0.0	1.256	1.013	1.256	1.118	1.527
43	0.0	2.318	1.09	2.318	1.221	2.588
44	0.0	0.922	1.012	0.922	1.142	0.9707
45	0.0	1.477	1.504	1.477	1.764	1.586
46	0.0	2.389	2.139	2.389	2.673	2.902
47	0.0	0.8776	0.7601	0.8776	0.8126	0.9891
48	0.0	1.887	1.326	1.887	1.414	2.177
49	0.0	1.321	1.44	1.321	1.549	1.447
50	0.0	1.485	0.7969	1.485	0.8037	1.7
51	0.0	1.586	1.303	1.586	1.377	1.965
52	0.0	1.628	0.3134	1.628	0.4175	1.59
53	0.0	1.57	1.331	1.57	1.463	2.027
54	0.0	1.472	1.321	1.472	1.403	1.732
55	0.0	1.578	1.411	1.578	1.684	1.829
56	0.0	1.039	1.258	1.039	1.431	1.294
57	0.0	1.229	1.051	1.229	1.193	1.462
58	0.0	1.318	0.9368	1.318	1.239	1.604
59	0.0	1.901	1.987	1.901	2.39	1.96
60	0.0	1.085	0.8135	1.085	0.8463	1.287
61	0.0	1.235	2.439	1.235	3.292	1.508
62	0.0	0.8651	1.175	0.8651	1.337	1.01
63	0.0	1.621	0.7928	1.621	0.8544	1.838
64	0.0	1.265	1.768	1.265	1.91	1.595
65	0.0	0.9721	1.401	0.9721	1.461	1.055
66	0.0	0.7845	1.691	0.7845	1.916	0.89
67	0.0	0.9574	1.189	0.9574	1.507	1.109
68	0.0	1.382	1.544	1.382	1.665	1.802
69	0.0	1.183	1.031	1.183	1.11	1.474
70	0.0	1.215	1.311	1.215	1.415	1.261
71	0.0	1.546	1.485	1.546	1.832	1.751
72	0.0	1.112	1.603	1.112	2.06	1.31
73	0.0	1.499	1.022	1.499	1.259	1.978
74	0.0	1.419	1.667	1.419	1.897	1.603
75	0.0	0.9489	1.15	0.9489	1.542	1.022
76	0.0	1.595	1.09	1.595	1.288	2.121
77	0.0	2.003	1.476	2.003	1.866	2.016
78	0.0	1.128	0.7926	1.128	0.8938	1.461
79	0.0	1.289	1.19	1.289	1.533	1.743
80	0.0	0.972	1.47	0.972	1.61	1.235
81	0.0	1.43	1.325	1.43	1.9	1.741
82	0.0	1.229	1.056	1.229	1.376	1.468
83	0.0	1.93	1.643	1.93	2.053	2.007
84	0.0	1.031	0.8905	1.031	1.061	1.084
85	0.0	1.219	1.417	1.219	1.924	1.582
86	0.0	0.8027	1.218	0.8027	1.445	0.8583
87	0.0	1.32	1.24	1.32	1.622	1.592
88	0.0	0.9716	1.329	0.9716	1.723	1.258
89	0.0	1.233	1.197	1.233	1.754	1.736
90	0.0	1.549	1.143	1.549	1.316	1.858
91	0.0	1.01	1.145	1.01	1.374	1.277
92	0.0	1.281	1.19	1.281	1.322	1.549
93	0.0	1.161	1.343	1.161	1.391	1.175
94	0.0	1.308	1.045	1.308	1.295	1.73
95	0.0	0.9539	1.156	0.9539	1.354	1.136
96	0.0	1.34	1.275	1.34	1.7	1.492
97	0.0	1.331	0.817	1.331	0.9795	1.528
98	0.0	1.762	2.09	1.762	2.495	1.999
99	0.0	1.487	1.226	1.487	1.554	1.952
100	0.0	1.233	1.24	1.233	1.424	1.279
101	0.0	1.14	0.898	1.14	1.151	1.434
102	0.0	0.5004	0.9624	0.5004	1.239	0.5429
103	0.0	0.8205	1.262	0.8205	1.333	1.066
104	0.0	1.305	1.549	1.305	1.669	1.418
105	0.0	1.581	1.183	1.581	1.472	1.849
106	0.0	1.143	1.154	1.143	1.373	1.344
107	0.0	1.455	1.382	1.455	1.63	1.693
108	0.0	1.229	0.988	1.229	1.153	1.381
109	0.0	1.323	1.914	1.323	1.877	1.37
110	0.0	1.475	1.76	1.475	2.09	1.833
111	0.0	1.116	1.003	1.116	1.367	1.494
112	0.0	1.591	1.517	1.591	1.529	1.743
113	0.0	1.345	1.663	1.345	1.857	1.314
114	0.0	1.388	1.301	1.388	1.666	1.579
115	0.0	1.069	1.256	1.069	1.523	1.505
116	0.0	1.095	0.929	1.095	1.138	1.344
117	0.0	1.264	1.356	1.264	1.671	1.656
118	0.0	1.037	1.352	1.037	1.486	1.275
119	0.0	0.964	1.049	0.964	1.153	1.118
120	0.0	1.219	1.076	1.219	1.376	1.573
121	0.0	1.122	1.139	1.122	1.306	1.376
122	0.0	1.015	1.329	1.015	1.438	1.372
123	0.0	1.041	0.7867	1.041	0.8974	1.064
124	0.0	1.662	1.351	1.662	1.667	2.068
125	0.0	1.1	1.295	1.1	1.36	1.48
126	0.0	0.8033	1.309	0.8033	1.531	0.8252
127	0.0	1.375	1.331	1.375	1.682	1.531
128	0.0	0.6548	1.59	0.6548	1.891	0.8162
129	0.0	1.168	1.083	1.168	1.176	1.455
130	0.0	1.117	1.386	1.117	1.804	1.266
131	0.0	1.23	1.127	1.23	1.402	1.505
132	0.0	1.133	1.242	1.133	1.664	1.444
133	0.0	0.5872	0.9509	0.5872	1.098	0.7267
134	0.0	0.4795	1.583	0.4795	1.989	0.6353
135	0.0	1.535	1.002	1.535	1.145	2.145
136	0.0	0.8052	1.204	0.8052	1.446	1.028
137	0.0	1.178	0.648	1.178	0.639	1.286
138	0.0	1.152	1.214	1.152	1.501	1.41
139	0.0	0.7603	1.154	0.7603	1.284	0.9627
140	0.0	1.207	1.545	1.207	1.619	1.49
141	0.0	0.8385	1.07	0.8385	1.504	1.123
142	0.0	0.4369	0.6443	0.4369	0.7565	0.4922
143	0.0	1.006	0.9268	1.006	1.236	1.331
144	0.0	1.106	1.315	1.106	1.398	1.371
145	0.0	1.292	1.201	1.292	1.283	1.366
146	0.0	0.7316	0.8933	0.7316	1.049	0.9057
147	0.0	1.314	0.7071	1.314	0.8042	1.869
148	0.0	0.8852	0.8382	0.8852	1.008	1.119
149	0.0	0.9309	1.079	0.9309	1.413	1.219
150	0.0	0.794	0.557	0.794	0.7631	1.002
151	0.0	0.6821	1.03	0.6821	1.204	0.8332
152	0.0	0.7857	0.8004	0.7857	0.9292	0.9864
153	0.0	1.201	1.305	1.201	1.336	1.39
154	0.0	0.9162	0.88	0.9162	0.9585	1.096
155	0.0	0.984	1.391	0.984	1.853	1.315
156	0.0	0.4201	1.439	0.4201	1.66	0.6679
157	0.0	1.005	0.9108	1.005	1.148	1.213
158	0.0	1.012	0.8616	1.012	1.081	1.244
159	0.0	1.024	1.075	1.024	1.151	1.163
160	0.0	1.095	1.301	1.095	1.554	1.29
161	0.0	0.8953	0.7638	0.8953	0.8725	1.051
162	0.0	1.258	0.9946	1.258	1.261	1.327
163	0.0	0.7194	1.544	0.7194	1.624	0.8273
164	0.0	0.8005	0.8349	0.8005	1.06	1.012
165	0.0	1.103	1.619	1.103	2.224	1.41
166	0.0	0.8387	1.066	0.8387	1.327	0.9647
167	0.0	0.9988	0.7165	0.9988	0.8192	1.045
168	0.0	0.4985	1.399	0.4985	1.917	0.5882
169	0.0	1.015	0.8881	1.015	1.03	1.213
170	0.0	0.9043	1.261	0.9043	1.403	1.065
171	0.0	1.096	1.357	1.096	1.597	1.324
172	0.0	1.222	1.501	1.222	1.707	1.403
173	0.0	1.201	0.8662	1.201	0.9418	1.549
174	0.0	1.025	0.5805	1.025	0.6271	1.08
175	0.0	0.9542	1.322	0.9542	1.598	1.287
176	0.0	0.8952	0.9705	0.8952	1.069	1.122
177	0.0	1.199	1.225	1.199	1.354	1.233
178	0.0	0.4229	1.152	0.4229	1.497	0.5598
179	0.0	0.7872	1.068	0.7872	1.562	0.9448
180	0.0	0.7983	1.057	0.7983	1.252	0.91
181	0.0	1.31	1.603	1.31	1.718	1.484
182	0.0	0.6477	0.7683	0.6477	0.8963	0.8171
183	0.0	1.101	1.409	1.101	1.444	1.243
184	0.0	1.246	0.7816	1.246	0.9385	1.451
185	0.0	1.006	0.7656	1.006	0.9483	1.3
186	0.0	0.9144	1.03	0.9144	1.287	1.255
187	0.0	1.432	0.9924	1.432	1.123	1.609
188	0.0	0.7326	1.168	0.7326	1.388	0.9209
189	0.0	0.9563	2.189	0.9563	2.286	1.298
190	0.0	0.7626	0.7467	0.7626	0.9151	1.0
191	0.0	0.92	1.104	0.92	1.425	1.342
192	0.0	1.026	1.074	1.026	1.364	1.141
193	0.0	0.5648	0.9205	0.5648	1.169	0.9076
194	0.0	0.8046	1.066	0.8046	1.249	1.063
195	0.0	0.5243	0.959	0.5243	1.116	0.5926
196	0.0	1.499	0.6423	1.499	0.6824	1.761
197	0.0	1.046	0.8475	1.046	0.9692	1.111
198	0.0	0.8601	0.7384	0.8601	0.823	1.039
199	0.0	0.7389	1.257	0.7389	1.359	0.8991
200	0.0	1.078	0.876	1.078	0.9299	1.176
201	0.0	1.367	1.213	1.367	1.471	1.671
202	0.0	1.287	0.9285	1.287	1.184	1.565
203	0.0	1.322	1.004	1.322	1.237	1.512
204	0.0	0.7364	1.206	0.7364	1.563	0.9481
205	0.0	0.7952	1.135	0.7952	1.391	1.034
206	0.0	0.7687	1.318	0.7687	1.546	0.8676
207	0.0	0.4358	0.9426	0.4358	1.047	0.4944
208	0.0	1.757	1.583	1.757	1.817	2.161
209	0.0	1.128	1.186	1.128	1.421	1.307
210	0.0	1.265	1.126	1.265	1.33	1.463
211	0.0	1.106	1.008	1.106	1.261	1.243
212	0.0	0.7268	1.027	0.7268	1.197	0.7809
213	0.0	0.9083	1.725	0.9083	1.79	1.079
214	0.0	1.19	1.225	1.19	1.348	1.395
215	0.0	0.7704	0.6725	0.7704	1.368	0.9964
216	0.0	1.194	1.381	1.194	1.575	1.425
217	0.0	0.8136	1.338	0.8136	1.6	1.016
218	0.0	0.864	1.207	0.864	1.383	1.208
219	0.0	1.054	1.142	1.054	1.347	1.332
220	0.0	1.014	0.6684	1.014	0.7733	1.246
221	0.0	1.447	0.7359	1.447	0.8047	2.308
222	0.0	0.9848	1.126	0.9848	1.285	1.106
223	0.0	1.091	1.232	1.091	1.524	1.453
224	0.0	1.2	1.019	1.2	1.22	1.346
225	0.0	1.14	0.6724	1.14	0.7627	1.316
226	0.0	1.276	1.242	1.276	1.464	1.45
227	0.0	0.9464	0.8287	0.9464	1.028	1.256
228	0.0	0.6867	0.4416	0.6867	0.4751	0.8115
229	0.0	0.6959	1.342	0.6959	1.451	0.8309
230	0.0	0.644	1.684	0.644	1.965	0.6495
231	0.0	1.143	0.9659	1.143	1.293	1.353
232	0.0	1.125	1.036	1.125	1.218	1.477
233	0.0	1.066	1.106	1.066	1.322	1.172
234	0.0	0.6006	1.391	0.6006	1.768	0.7132
235	0.0	0.9522	1.084	0.9522	1.33	1.15
236	0.0	1.119	0.961	1.119	1.142	1.466
237	0.0	1.186	0.8706	1.186	1.093	1.478
238	0.0	1.378	1.583	1.378	1.711	1.537
239	0.0	1.397	1.562	1.397	1.893	1.559
240	0.0	0.729	1.477	0.729	1.637	0.9776
241	0.0	1.123	1.189	1.123	1.33	1.542
242	0.0	0.6557	1.22	0.6557	1.385	0.7227
243	0.0	0.644	0.9814	0.644	1.247	0.7492
244	0.0	0.8194	0.9805	0.8194	1.157	1.091
245	0.0	1.047	1.045	1.047	1.251	1.238
246	0.0	0.7163	0.6888	0.7163	0.7211	0.8384
247	0.0	1.111	0.8681	1.111	1.124	1.379
248	0.0	0.9673	0.8087	0.9673	0.9044	1.209
249	0.0	0.7711	0.9618	0.7711	1.057	0.9826
250	0.0	0.6673	0.7116	0.6673	0.8463	0.7934
251	0.0	0.9484	0.9353	0.9484	1.029	1.095
252	0.0	0.7507	0.7508	0.7507	0.9132	0.8436
253	0.0	0.4781	1.099	0.4781	1.326	0.5865
254	0.0	1.031	1.2	1.031	1.361	1.144
255	0.0	0.5957	0.7963	0.5957	0.9906	0.7425
256	0.0	1.382	1.082	1.382	1.269	1.394
257	0.0	1.037	0.6728	1.037	0.8289	1.174
258	0.0	0.6681	0.944	0.6681	1.152	0.7747
259	0.0	0.9982	0.9588	0.9982	1.145	1.359
260	0.0	0.8215	0.4358	0.8215	0.5194	1.035
261	0.0	1.026	1.055	1.026	1.205	1.275
262	0.0	1.014	0.8608	1.014	0.9427	1.179
263	0.0	1.314	1.047	1.314	1.298	1.461
264	0.0	0.7317	0.8402	0.7317	0.9463	0.812
265	0.0	0.7231	0.8238	0.7231	0.9918	0.8693
266	0.0	0.7867	0.822	0.7867	1.045	1.129
267	0.0	0.7154	1.338	0.7154	1.573	0.8885
268	0.0	0.6229	0.8692	0.6229	1.076	0.7449
269	0.0	1.042	1.31	1.042	1.79	1.486
270	0.0	0.7269	0.7964	0.7269	0.9503	0.9105
271	0.0	0.826	0.9433	0.826	1.065	0.9416
272	0.0	0.8327	1.328	0.8327	1.685	1.022
273	0.0	0.8845	0.8197	0.8845	1.027	0.9547
274	0.0	0.834	0.7613	0.834	0.9323	1.015
275	0.0	0.9997	0.4598	0.9997	0.5271	1.107
276	0.0	1.039	1.128	1.039	1.335	1.214
277	0.0	0.9291	0.8644	0.9291	1.005	1.052
278	0.0	0.5656	0.5935	0.5656	0.638	0.6708
279	0.0	1.39	1.178	1.39	1.712	1.473
280	0.0	1.107	1.057	1.107	1.364	1.295
281	0.0	0.844	1.342	0.844	1.698	0.9736
282	0.0	0.9376	1.216	0.9376	1.313	1.239
283	0.0	0.7079	0.8782	0.7079	1.101	0.7451
284	0.0	1.488	1.525	1.488	1.662	2.056
285	0.0	0.9882	1.339	0.9882	1.448	1.111
286	0.0	0.8107	0.7966	0.8107	0.9524	0.9363
287	0.0	0.7204	1.16	0.7204	1.405	0.8875
288	0.0	1.072	1.239	1.072	1.454	1.415
289	0.0	0.4718	1.094	0.4718	1.418	0.5713
290	0.0	0.8529	0.8267	0.8529	0.9945	1.116
291	0.0	0.9444	1.476	0.9444	1.65	0.9912
292	0.0	0.7081	0.6503	0.7081	0.7591	0.8582
293	0.0	0.7783	0.9419	0.7783	1.113	0.9291
294	0.0	0.7162	0.8912	0.7162	1.086	0.863
295	0.0	1.027	1.027	1.027	1.389	1.249
296	0.0	0.6663	0.6629	0.6663	0.7946	0.9519
297	0.0	0.6156	0.75	0.6156	0.9162	0.8343
298	0.0	0.9512	0.8613	0.9512	1.064	1.05
299	0.0	0.7035	0.9656	0.7035	1.219	0.7891
300	0.0	1.22	1.193	1.22	1.438	1.374
301	0.0	1.298	1.166	1.298	1.391	1.706
302	0.0	0.8332	0.974	0.8332	1.076	1.083
303	0.0	0.6517	0.9952	0.6517	1.199	0.7482
304	0.0	0.779	0.6868	0.779	0.8315	0.9312
305	0.0	0.8008	0.5029	0.8008	0.6585	1.047
306	0.0	1.133	1.065	1.133	1.273	1.407
307	0.0	0.6655	0.6924	0.6655	0.7933	0.7875
308	0.0	0.5241	0.4205	0.5241	0.5394	0.5885
309	0.0	0.691	0.8543	0.691	1.24	0.9673
310	0.0	0.667	0.906	0.667	0.9992	0.851
311	0.0	1.011	0.8836	1.011	1.041	1.245
312	0.0	1.463	1.208	1.463	1.384	1.544
313	0.0	1.166	1.219	1.166	1.505	1.235
314	0.0	1.024	1.216	1.024	1.518	1.261
315	0.0	0.4976	0.9338	0.4976	1.227	0.5812
316	0.0	0.6835	0.8262	0.6835	1.008	0.7449
317	0.0	1.171	0.8186	1.171	1.001	1.186
318	0.0	1.309	1.077	1.309	1.07	1.746
319	0.0	0.747	0.7098	0.747	1.027	1.113
320	0.0	1.296	0.6256	1.296	0.7608	1.526
321	0.0	0.668	0.5752	0.668	0.7496	0.7189
322	0.0	0.635	0.6009	0.635	0.6935	0.7811
323	0.0	0.8849	0.7283	0.8849	0.8695	1.039
324	0.0	0.6294	1.027	0.6294	1.325	0.6843
325	0.0	1.081	1.189	1.081	1.616	1.638
326	0.0	0.6312	0.8836	0.6312	1.15	0.6971
327	0.0	1.183	0.8173	1.183	0.8517	1.452
328	0.0	0.8001	0.8426	0.8001	0.9977	1.051
329	0.0	1.221	0.9025	1.221	1.064	1.284
330	0.0	0.9432	0.5895	0.9432	0.7892	1.239
331	0.0	1.164	0.5874	1.164	0.6081	1.451
332	0.0	1.291	1.143	1.291	1.388	1.399
333	0.0	0.8093	0.7744	0.8093	0.8096	1.101
334	0.0	0.7032	0.807	0.7032	0.8807	0.8777
335	0.0	1.009	0.8558	1.009	1.098	1.254
336	0.0	0.8857	1.139	0.8857	1.331	1.066
337	0.0	0.8583	0.9954	0.8583	1.157	1.045
338	0.0	1.244	1.206	1.244	1.48	1.528
339	0.0	0.7806	0.8476	0.7806	1.119	0.9568
340	0.0	0.929	0.924	0.929	1.127	1.219
341	0.0	1.041	0.6465	1.041	0.7026	1.303
342	0.0	1.234	1.437	1.234	1.626	1.397
343	0.0	1.191	1.135	1.191	1.5	1.312
344	0.0	0.6772	0.8301	0.6772	1.012	0.8817
345	0.0	0.9408	1.215	0.9408	1.316	1.281
346	0.0	0.821	0.7582	0.821	0.9371	0.9234
347	0.0	0.8333	0.8907	0.8333	1.057	1.018
348	0.0	1.173	0.8607	1.173	1.106	1.437
349	0.0	0.9793	1.17	0.9793	1.407	1.34
350	0.0	0.4954	1.508	0.4954	1.673	0.5706
351	0.0	0.8042	0.6458	0.8042	0.8712	1.002
352	0.0	0.786	0.9985	0.786	0.998	0.9626
353	0.0	0.769	0.7351	0.769	0.985	0.9437
354	0.0	0.9878	0.6957	0.9878	0.8265	1.216
355	0.0	0.5188	1.234	0.5188	1.238	0.6543
356	0.0	0.4586	0.6369	0.4586	0.7627	0.5937
357	0.0	0.395	1.072	0.395	1.188	0.5174
358	0.0	0.8937	1.244	0.8937	1.595	1.104
359	0.0	0.949	0.8379	0.949	0.883	1.212
360	0.0	1.063	0.9346	1.063	1.143	1.315
361	0.0	1.387	1.254	1.387	1.436	1.632
362	0.0	0.9664	0.6702	0.9664	0.8306	1.183
363	0.0	1.06	0.705	1.06	0.7725	1.323
364	0.0	0.2263	0.6472	0.2263	0.694	0.3519
365	0.0	0.9571	0.8689	0.9571	1.013	1.139
366	0.0	0.6393	0.6845	0.6393	0.8334	0.8161
367	0.0	1.027	1.172	1.027	1.303	1.357
368	0.0	0.9483	0.9341	0.9483	1.088	1.139
369	0.0	0.6241	0.7828	0.6241	0.9201	0.7624
370	0.0	0.6884	0.6042	0.6884	0.8345	0.9045
371	0.0	1.494	1.363	1.494	1.618	1.774
372	0.0	0.8609	0.9382	0.8609	1.081	1.004
373	0.0	0.5878	1.306	0.5878	1.963	0.7096
374	0.0	0.7912	0.6366	0.7912	0.7083	0.8373
375	0.0	0.7151	0.7943	0.7151	0.8759	0.9078
376	0.0	0.8963	1.239	0.8963	1.465	1.104
377	0.0	0.6019	0.8019	0.6019	0.9907	0.6586
378	0.0	0.5586	0.6332	0.5586	0.6985	0.7681
379	0.0	0.9286	0.8615	0.9286	1.016	0.9782
380	0.0	1.093	1.196	1.093	1.271	1.46
381	0.0	0.7948	0.6529	0.7948	0.8361	1.014
382	0.0	0.7064	1.065	0.7064	1.26	0.8953
383	0.0	1.284	1.324	1.284	1.659	1.755
384	0.0	0.8897	1.053	0.8897	1.256	1.018
385	0.0	0.8431	1.158	0.8431	1.332	0.9652
386	0.0	1.231	1.15	1.231	1.295	1.595
387	0.0	1.117	0.8353	1.117	1.163	1.261
388	0.0	0.5079	1.657	0.5079	2.099	0.5665
389	0.0	1.26	1.089	1.26	1.265	1.387
390	0.0	0.5476	0.6757	0.5476	0.7755	0.6092
391	0.0	0.7378	0.9287	0.7378	1.185	0.9232
392	0.0	0.9619	1.116	0.9619	1.488	1.184
393	0.0	1.362	0.2534	1.362	0.3347	1.592
394	0.0	0.9778	0.7912	0.9778	0.9841	1.305
395	0.0	1.26	1.154	1.26	1.225	1.382
396	0.0	0.7806	0.3667	0.7806	0.4814	0.9625
397	0.0	0.8365	0.7301	0.8365	0.8721	0.9681
398	0.0	0.5417	0.8183	0.5417	0.9229	0.6108
399	0.0	0.7383	0.981	0.7383	1.2	1.021
400	0.0	0.7834	1.251	0.7834	1.375	0.9619
401	0.0	0.9052	0.8453	0.9052	1.186	1.178
402	0.0	0.6802	0.8592	0.6802	1.006	0.8215
403	0.0	1.129	0.8434	1.129	0.9173	1.202
404	0.0	0.7879	1.062	0.7879	1.166	0.9157
405	0.0	0.4413	0.8404	0.4413	1.009	0.6355
406	0.0	0.8099	0.8353	0.8099	1.046	0.9133
407	0.0	0.5745	0.8054	0.5745	0.9127	0.678
408	0.0	0.9019	1.314	0.9019	1.504	1.088
409	0.0	0.7224	0.9392	0.7224	1.191	1.015
410	0.0	1.397	1.061	1.397	1.135	1.661
411	0.0	1.013	0.9898	1.013	1.077	1.457
412	0.0	0.9259	0.9365	0.9259	0.9755	0.99
413	0.0	0.7241	0.6886	0.7241	0.7584	1.263
414	0.0	0.9117	0.4711	0.9117	0.5241	1.074
415	0.0	1.046	0.8185	1.046	0.9437	1.235
416	0.0	1.184	1.47	1.184	1.717	1.378
417	0.0	1.088	1.071	1.088	1.387	1.145
418	0.0	0.5985	1.122	0.5985	1.26	0.7703
419	0.0	1.001	1.154	1.001	1.543	1.143
420	0.0	0.4175	0.991	0.4175	1.209	0.4566
421	0.0	1.113	1.155	1.113	1.402	1.092
422	0.0	0.9631	0.8115	0.9631	0.9062	1.218
423	0.0	0.695	0.7045	0.695	0.8391	0.9547
424	0.0	1.11	1.381	1.11	1.675	1.401
425	0.0	0.9984	1.261	0.9984	1.544	1.132
426	0.0	0.7066	1.251	0.7066	1.426	0.9962
427	0.0	0.5991	1.056	0.5991	1.19	0.6738
428	0.0	1.263	0.7792	1.263	0.9052	1.521
429	0.0	1.105	1.079	1.105	1.171	1.595
430	0.0	0.8679	0.9889	0.8679	1.227	1.092
431	0.0	1.417	0.9128	1.417	1.089	1.802
432	0.0	1.078	1.062	1.078	1.245	1.288
433	0.0	0.8889	0.621	0.8889	0.7433	1.044
434	0.0	1.132	1.315	1.132	1.476	1.536
435	0.0	0.8041	0.8193	0.8041	0.9696	0.8842
436	0.0	0.5635	0.5827	0.5635	0.6524	0.6049
437	0.0	1.684	0.7948	1.684	0.9979	1.495
438	0.0	0.6818	0.4548	0.6818	0.5119	0.7101
439	0.0	1.017	1.242	1.017	1.43	1.042
440	0.0	1.094	1.175	1.094	1.34	1.34
441	0.0	0.8269	0.7639	0.8269	0.8457	1.01
442	0.0	1.155	1.154	1.155	1.341	1.371
443	0.0	0.8953	0.6676	0.8953	0.7796	1.118
444	0.0	1.124	0.857	1.124	1.013	1.306
445	0.0	1.393	0.7246	1.393	0.8076	1.656
446	0.0	1.247	1.522	1.247	1.796	1.455
447	0.0	0.966	0.5189	0.966	0.6638	1.099
448	0.0	0.5098	0.8944	0.5098	1.154	0.5527
449	0.0	1.225	0.8224	1.225	1.402	1.347
450	0.0	0.7034	0.646	0.7034	0.7247	0.9322
451	0.0	1.025	0.8278	1.025	1.022	1.32
452	0.0	1.216	0.6156	1.216	0.7697	1.359
453	0.0	1.038	1.267	1.038	1.475	1.41
454	0.0	1.06	0.5876	1.06	0.6593	1.182
455	0.0	0.6637	0.7912	0.6637	0.9337	0.8784
456	0.0	0.6536	0.8163	0.6536	0.8911	0.6419
457	0.0	0.8252	0.2354	0.8252	0.3294	1.118
458	0.0	0.4321	0.8426	0.4321	1.017	0.5237
459	0.0	1.094	0.6075	1.094	0.7042	1.365
460	0.0	0.773	0.6261	0.773	0.6895	0.9429
461	0.0	0.6833	0.3655	0.6833	0.4758	0.8605
462	0.0	0.6282	0.7441	0.6282	0.8083	0.7494
463	0.0	0.6724	0.7763	0.6724	0.8571	0.8082
464	0.0	0.9136	1.304	0.9136	1.384	1.051
465	0.0	1.046	1.037	1.046	1.206	1.316
466	0.0	0.872	0.9431	0.872	1.076	1.059
467	0.0	0.7503	0.9867	0.7503	1.246	0.9172
468	0.0	0.2673	1.083	0.2673	1.336	0.3332
469	0.0	0.7123	0.8571	0.7123	1.072	1.043
470	0.0	0.6794	0.7195	0.6794	0.8314	0.8058
471	0.0	0.9805	1.12	0.9805	1.379	1.282
472	0.0	0.7632	0.8875	0.7632	1.069	0.8785
473	0.0	0.8562	0.7775	0.8562	0.8496	0.9551
474	0.0	0.705	0.7438	0.705	0.9016	0.9873
475	0.0	1.218	1.55	1.218	1.748	1.514
476	0.0	0.7033	0.7776	0.7033	0.98	0.8388
477	0.0	0.8618	1.072	0.8618	1.405	0.9952
478	0.0	0.7658	0.8191	0.7658	1.028	0.9452
479	0.0	0.8935	0.8267	0.8935	0.9088	0.9688
480	0.0	1.174	0.7932	1.174	0.9261	1.478
481	0.0	0.8711	1.052	0.8711	1.208	0.9928
482	0.0	0.5023	0.7792	0.5023	1.012	0.6037
483	0.0	0.8661	0.9562	0.8661	0.9872	0.9828
484	0.0	1.408	1.047	1.408	1.312	1.713
485	0.0	0.847	0.6291	0.847	0.7998	0.9469
486	0.0	0.4841	0.6352	0.4841	0.7573	0.6228
487	0.0	1.088	1.022	1.088	1.294	1.332
488	0.0	0.6856	0.9535	0.6856	1.17	0.8192
489	0.0	1.246	0.8653	1.246	1.004	1.318
490	0.0	0.8615	0.8414	0.8615	0.961	1.175
491	0.0	0.6431	0.9953	0.6431	1.334	0.6829
492	0.0	1.062	1.034	1.062	1.439	1.341
493	0.0	1.076	1.239	1.076	1.54	1.374
494	0.0	0.4771	0.6172	0.4771	0.745	0.6161
495	0.0	0.6413	0.9491	0.6413	1.112	0.9058
496	0.0	0.8004	0.6817	0.8004	0.7679	0.9953
497	0.0	1.068	1.332	1.068	1.581	1.279
498	0.0	0.7576	0.8302	0.7576	1.042	0.9634
499	0.0	1.186	1.328	1.186	1.582	1.339
500	0.0	0.5028	0.3119	0.5028	0.4445	0.6151
501	0.0	0.8499	0.9654	0.8499	1.254	1.004
502	0.0	0.7398	0.7145	0.7398	0.7315	0.8641
503	0.0	1.017	0.9789	1.017	1.26	1.27
504	0.0	1.133	0.7587	1.133	0.95	1.507
505	0.0	0.5843	1.072	0.5843	1.235	0.8033
506	0.0	0.7164	1.318	0.7164	1.463	0.8366
507	0.0	0.5847	0.8985	0.5847	1.083	0.7833
508	0.0	0.4869	1.09	0.4869	1.369	0.6001
509	0.0	0.7787	1.149	0.7787	1.341	1.0
510	0.0	0.6992	0.8124	0.6992	0.9075	0.8237
511	0.0	0.636	0.8538	0.636	1.039	0.7627
512	0.0	0.746	0.5409	0.746	0.6445	0.8972
513	0.0	1.131	1.132	1.131	1.431	1.422
514	0.0	1.356	1.008	1.356	1.256	1.798
515	0.0	0.9998	0.8626	0.9998	1.035	1.229
516	0.0	0.7206	0.7157	0.7206	0.9442	0.8078
517	0.0	1.165	0.594	1.165	0.7869	1.341
518	0.0	1.343	0.7313	1.343	0.8407	1.517
519	0.0	0.4512	0.6396	0.4512	0.7609	0.5538
520	0.0	0.6972	1.059	0.6972	1.266	0.8988
521	0.0	1.173	0.9882	1.173	1.291	1.288
522	0.0	0.9721	1.01	0.9721	1.2	1.131
523	0.0	0.832	1.203	0.832	1.317	1.007
524	0.0	0.7767	1.334	0.7767	1.451	0.9399
525	0.0	1.512	0.7964	1.512	1.003	1.616
526	0.0	1.134	0.7988	1.134	0.9162	1.271
527	0.0	0.6944	0.7757	0.6944	1.11	0.897
528	0.0	1.038	1.113	1.038	1.281	1.173
529	0.0	0.7671	0.9861	0.7671	1.138	0.8109
530	0.0	0.9629	0.5941	0.9629	0.7457	1.16
531	0.0	0.7116	1.154	0.7116	1.367	0.8531
532	0.0	0.6836	0.8829	0.6836	0.9942	0.8057
533	0.0	1.024	1.031	1.024	1.447	1.644
534	0.0	1.066	1.108	1.066	1.357	1.269
535	0.0	1.131	0.7773	1.131	0.9886	1.381
536	0.0	0.489	1.05	0.489	1.184	0.7056
537	0.0	0.7257	1.102	0.7257	1.387	0.9238
538	0.0	0.4826	0.5743	0.4826	0.7642	0.5267
539	0.0	0.8285	1.086	0.8285	1.251	0.9956
540	0.0	0.9851	1.047	0.9851	1.339	1.418
541	0.0	0.6958	0.9167	0.6958	1.066	0.9092
542	0.0	1.024	0.7072	1.024	0.8011	1.21
543	0.0	0.6589	0.9098	0.6589	1.104	0.7357
544	0.0	0.9289	1.071	0.9289	1.282	1.219
545	0.0	0.7822	0.7501	0.7822	0.8915	0.8716
546	0.0	1.249	0.5008	1.249	0.5433	1.642
547	0.0	0.6932	0.7413	0.6932	0.9449	0.8916
548	0.0	0.9427	0.9012	0.9427	1.169	1.28
549	0.0	0.769	0.8939	0.769	0.9506	1.031
550	0.0	0.3693	1.081	0.3693	1.299	0.5097
551	0.0	1.201	1.298	1.201	1.412	1.383
552	0.0	0.5458	0.6821	0.5458	0.7877	0.6975
553	0.0	0.6665	0.925	0.6665	1.171	0.7698
554	0.0	0.7676	0.8465	0.7676	0.9325	0.8097
555	0.0	0.8446	0.8809	0.8446	1.001	1.018
556	0.0	0.7662	0.935	0.7662	0.9458	1.009
557	0.0	1.031	1.34	1.031	1.482	1.3
558	0.0	0.7039	0.5247	0.7039	0.5874	0.9304
559	0.0	0.6767	0.6554	0.6767	0.8047	0.8361
560	0.0	0.7954	0.7744	0.7954	0.9029	0.9717
561	0.0	0.7152	0.9121	0.7152	1.052	0.9111
562	0.0	0.8175	0.4781	0.8175	0.5037	0.9974
563	0.0	1.117	1.058	1.117	1.344	1.242
564	0.0	0.6149	0.6022	0.6149	0.7322	0.7663
565	0.0	0.7669	1.058	0.7669	1.219	0.9166
566	0.0	0.6726	0.7582	0.6726	0.9003	0.7819
567	0.0	0.7658	0.6625	0.7658	0.8136	0.8966
568	0.0	1.084	1.012	1.084	1.173	1.124
569	0.0	0.96	1.049	0.96	1.213	1.072
570	0.0	0.9142	0.5183	0.9142	0.5767	1.04
571	0.0	0.8879	0.8728	0.8879	1.074	1.087
572	0.0	0.2369	1.134	0.2369	1.44	0.405
573	0.0	0.8425	0.7732	0.8425	0.935	0.9519
574	0.0	0.801	0.7675	0.801	0.9076	0.9552
575	0.0	0.8945	1.432	0.8945	1.439	1.07
576	0.0	0.7837	0.7242	0.7837	0.8431	0.9214
577	0.0	0.4064	0.7185	0.4064	0.8312	0.5688
578	0.0	0.6618	0.7092	0.6618	0.8867	0.8399
579	0.0	1.04	0.781	1.04	0.9536	1.298
580	0.0	0.6532	0.6532	0.6532	0.8256	0.7925
581	0.0	0.7452	1.146	0.7452	1.208	0.8923
582	0.0	0.7177	1.099	0.7177	1.243	0.9117
583	0.0	0.7808	0.5237	0.7808	0.5873	0.8318
584	0.0	0.6233	1.206	0.6233	1.592	0.6742
585	0.0	0.783	0.4921	0.783	0.5292	0.9291
586	0.0	0.6353	0.5766	0.6353	0.6265	0.7299
587	0.0	0.8586	0.8766	0.8586	1.009	1.383
588	0.0	1.218	1.27	1.218	1.373	1.419
589	0.0	0.9896	0.764	0.9896	0.9267	1.124
590	0.0	0.8367	0.7068	0.8367	0.8472	0.9178
591	0.0	1.169	1.064	1.169	1.139	1.327
592	0.0	0.6252	0.9592	0.6252	1.124	0.8654
593	0.0	1.139	1.386	1.139	1.62	1.503
594	0.0	0.8961	0.7298	0.8961	0.9679	0.9381
595	0.0	0.9431	0.9421	0.9431	1.225	1.379
596	0.0	0.9731	1.179	0.9731	1.474	1.077
597	0.0	1.055	0.697	1.055	0.8113	1.195
598	0.0	0.636	0.5265	0.636	0.6014	0.7056
599	0.0	0.7098	1.082	0.7098	1.341	0.833
600	0.0	0.9066	0.5724	0.9066	0.6029	1.122
601	0.0	1.277	0.5998	1.277	0.6646	1.494
602	0.0	0.6941	0.7925	0.6941	0.9851	0.8717
603	0.0	1.26	0.8357	1.26	0.9122	1.408
604	0.0	0.6982	1.056	0.6982	1.182	0.9018
605	0.0	0.6082	1.235	0.6082	1.444	0.7062
606	0.0	0.7774	0.7442	0.7774	0.9746	1.104
607	0.0	0.8071	1.191	0.8071	1.231	1.056
608	0.0	0.6561	1.073	0.6561	1.502	0.9483
609	0.0	0.6405	1.13	0.6405	1.211	0.7873
610	0.0	0.8233	0.8564	0.8233	0.8861	0.9785
611	0.0	0.8202	0.8116	0.8202	0.9198	0.9576
612	0.0	0.9877	1.046	0.9877	1.283	1.202
613	0.0	0.8072	1.117	0.8072	1.369	0.904
614	0.0	0.8516	0.8227	0.8516	0.9229	1.097
615	0.0	0.7645	0.6836	0.7645	0.8041	0.9377
616	0.0	0.8841	1.053	0.8841	1.319	1.262
617	0.0	0.9719	0.5206	0.9719	0.5943	1.073
618	0.0	1.062	1.248	1.062	1.619	1.191
619	0.0	1.222	0.6007	1.222	0.6853	1.612
620	0.0	0.8846	0.8149	0.8846	0.8982	0.9596
621	0.0	0.7346	0.6087	0.7346	0.7656	0.9405
622	0.0	0.8346	0.8122	0.8346	0.9515	0.9568
623	0.0	0.4979	0.689	0.4979	0.7117	0.6044
624	0.0	0.799	0.6076	0.799	0.7063	0.8995
625	0.0	1.021	0.4541	1.021	0.5988	1.197
626	0.0	1.053	0.9957	1.053	1.15	1.29
627	0.0	0.7347	0.9912	0.7347	1.069	0.8566
628	0.0	0.5273	0.3818	0.5273	0.4083	0.5964
629	0.0	1.438	1.509	1.438	1.636	1.599
630	0.0	0.7129	0.6646	0.7129	0.8078	0.8206
631	0.0	0.715	0.9544	0.715	1.283	0.9993
632	0.0	0.9256	1.275	0.9256	1.263	0.9921
633	0.0	0.8781	0.7168	0.8781	0.7861	0.9805
634	0.0	0.9386	0.9917	0.9386	1.136	1.188
635	0.0	0.9587	0.8543	0.9587	0.8963	1.092
636	0.0	0.8041	0.7249	0.8041	0.8015	0.9437
637	0.0	1.077	1.099	1.077	1.348	1.133
638	0.0	0.4919	0.5602	0.4919	0.5877	0.6495
639	0.0	0.8929	1.099	0.8929	1.249	0.991
640	0.0	0.8505	0.7799	0.8505	0.9206	1.024
641	0.0	0.5053	0.7506	0.5053	0.8979	0.5899
642	0.0	1.06	1.142	1.06	1.274	1.351
643	0.0	0.6734	0.6757	0.6734	0.7807	0.7793
644	0.0	1.1	1.356	1.1	1.721	1.502
645	0.0	0.9844	0.6975	0.9844	0.8154	1.359
646	0.0	0.6685	0.7743	0.6685	0.85	0.752
647	0.0	0.8715	0.9261	0.8715	0.9866	1.057
648	0.0	0.6379	0.9046	0.6379	0.9929	0.6684
649	0.0	0.7441	0.9616	0.7441	1.18	0.912
650	0.0	1.072	0.6162	1.072	0.716	1.408
651	0.0	0.8906	1.033	0.8906	1.141	1.028
652	0.0	0.9572	0.6792	0.9572	0.8061	1.081
653	0.0	0.5007	0.9321	0.5007	1.028	0.5823
654	0.0	0.8343	1.499	0.8343	1.778	1.037
655	0.0	0.5586	0.6276	0.5586	0.8057	0.6586
656	0.0	0.6555	0.5616	0.6555	0.6991	0.7642
657	0.0	0.7028	0.8474	0.7028	1.095	0.9586
658	0.0	0.7811	0.8466	0.7811	0.9626	0.8996
659	0.0	0.5546	0.7052	0.5546	0.8398	0.6762
660	0.0	0.8279	1.181	0.8279	1.195	1.01
661	0.0	0.981	0.8415	0.981	1.061	1.136
662	0.0	1.041	0.6528	1.041	0.7263	1.358
663	0.0	0.8564	0.5747	0.8564	0.7517	1.063
664	0.0	0.8517	0.7368	0.8517	0.7997	1.077
665	0.0	0.5428	0.9452	0.5428	1.125	0.7074
666	0.0	0.7317	0.519	0.7317	0.5412	0.8858
667	0.0	0.924	1.122	0.924	1.503	1.376
668	0.0	0.6957	0.606	0.6957	0.6977	0.9313
669	0.0	0.8874	0.8805	0.8874	1.104	1.113
670	0.0	0.6552	0.5704	0.6552	0.6663	0.7501
671	0.0	0.581	0.9575	0.581	1.12	0.6571
672	0.0	0.5852	0.8687	0.5852	1.068	0.7263
673	0.0	0.9967	0.818	0.9967	0.9233	1.074
674	0.0	0.9331	0.7905	0.9331	0.9188	1.007
675	0.0	0.8928	0.9247	0.8928	1.121	1.174
676	0.0	0.9041	0.7137	0.9041	0.7717	1.107
677	0.0	0.7365	0.8586	0.7365	1.003	0.9055
678	0.0	0.6915	1.098	0.6915	1.575	0.8094
679	0.0	0.7496	1.272	0.7496	1.435	0.8898
680	0.0	0.6404	0.4558	0.6404	0.5056	0.6905
681	0.0	0.6528	0.5019	0.6528	0.5595	0.8089
682	0.0	0.6535	0.5003	0.6535	0.7069	0.969
683	0.0	1.29	0.5773	1.29	0.679	1.878
684	0.0	0.634	0.7552	0.634	0.9306	0.7735
685	0.0	0.9266	0.6984	0.9266	0.8022	1.248
686	0.0	1.01	0.6868	1.01	0.7535	1.15
687	0.0	0.7162	0.848	0.7162	0.9694	0.8167
688	0.0	0.8484	1.017	0.8484	1.248	0.9882
689	0.0	0.4799	0.7604	0.4799	0.8914	0.5389
690	0.0	0.6573	0.5428	0.6573	0.6277	0.77
691	0.0	1.312	0.7639	1.312	0.8738	1.437
692	0.0	0.9614	0.8066	0.9614	1.002	1.109
693	0.0	0.6343	0.6311	0.6343	0.7348	0.8152
694	0.0	0.7676	0.6169	0.7676	0.7294	0.8796
695	0.0	0.9443	0.666	0.9443	0.79	1.164
696	0.0	0.7624	0.9082	0.7624	1.08	0.8798
697	0.0	0.62	1.181	0.62	1.613	0.7039
698	0.0	0.6868	1.143	0.6868	1.242	0.792
699	0.0	0.5355	0.8626	0.5355	0.8925	0.6807
700	0.0	0.7714	1.088	0.7714	1.384	1.034
701	0.0	1.144	0.9729	1.144	1.13	1.423
702	0.0	0.5709	0.6016	0.5709	0.6791	0.6619
703	0.0	0.9345	1.057	0.9345	1.184	1.128
704	0.0	0.758	0.6	0.758	0.6772	0.9556
705	0.0	0.9406	1.033	0.9406	1.268	1.217
706	0.0	0.8664	0.9066	0.8664	1.156	1.066
707	0.0	0.8394	0.8383	0.8394	0.8901	1.005
708	0.0	0.4803	0.729	0.4803	0.8888	0.5569
709	0.0	0.8304	0.6618	0.8304	0.7597	1.078
710	0.0	0.8108	0.8431	0.8108	0.918	0.9073
711	0.0	1.022	1.053	1.022	1.257	1.182
712	0.0	1.559	0.8497	1.559	1.047	1.643
713	0.0	0.8303	0.8983	0.8303	1.345	1.038
714	0.0	0.9557	0.8762	0.9557	0.9813	1.12
715	0.0	0.7472	0.7406	0.7472	0.7441	0.7895
716	0.0	0.6686	0.7708	0.6686	0.8498	0.7634
717	0.0	1.184	1.013	1.184	1.135	1.468
718	0.0	0.8074	0.8158	0.8074	0.889	0.9375
719	0.0	0.8852	0.9434	0.8852	1.07	0.9212
720	0.0	0.6656	0.7051	0.6656	0.7951	0.7656
721	0.0	1.165	0.8835	1.165	1.064	1.363
722	0.0	1.01	0.8972	1.01	0.9582	1.515
723	0.0	0.7546	0.8572	0.7546	0.9889	0.9204
724	0.0	0.5004	0.4178	0.5004	0.4553	0.5651
725	0.0	0.8016	0.6247	0.8016	0.7835	1.272
726	0.0	0.7539	0.5672	0.7539	0.7429	0.9396
727	0.0	0.4853	0.4353	0.4853	0.4523	0.5955
728	0.0	0.7463	0.8511	0.7463	1.095	0.9698
729	0.0	0.9089	0.9791	0.9089	1.265	1.271
730	0.0	1.049	1.17	1.049	1.269	1.162
731	0.0	0.8028	0.9084	0.8028	1.043	0.9683
732	0.0	0.6659	0.8069	0.6659	1.068	0.8404
733	0.0	1.362	0.7973	1.362	1.003	1.359
734	0.0	0.9415	0.5932	0.9415	0.6625	1.113
735	0.0	0.7106	0.6094	0.7106	0.8233	0.8712
736	0.0	1.102	0.7838	1.102	0.8862	1.377
737	0.0	0.8001	1.046	0.8001	1.227	0.9718
738	0.0	0.6429	0.4122	0.6429	0.5491	0.8823
739	0.0	0.8298	0.7317	0.8298	0.8025	1.065
740	0.0	0.862	0.7444	0.862	0.8864	1.092
741	0.0	1.04	1.074	1.04	1.639	1.543
742	0.0	0.7894	1.309	0.7894	1.621	0.9554
743	0.0	1.032	0.754	1.032	0.9319	1.191
744	0.0	1.052	0.8272	1.052	1.009	1.188
745	0.0	0.852	0.9168	0.852	1.168	0.9903
746	0.0	1.05	0.9233	1.05	1.179	1.31
747	0.0	0.7377	0.5835	0.7377	0.6432	0.9043
748	0.0	0.5415	1.002	0.5415	1.151	0.6516
749	0.0	1.14	1.076	1.14	1.388	1.213
750	0.0	0.9906	0.8711	0.9906	0.9707	1.378
751	0.0	0.7862	0.8374	0.7862	1.076	0.9907
752	0.0	1.435	0.996	1.435	1.162	1.561
753	0.0	0.781	0.7899	0.781	0.9134	0.9004
754	0.0	1.126	1.133	1.126	1.402	1.406
755	0.0	1.074	0.8663	1.074	1.149	1.223
756	0.0	0.829	0.9085	0.829	1.188	1.056
757	0.0	0.7388	0.6522	0.7388	0.7582	0.8962
758	0.0	1.441	1.488	1.441	1.569	1.759
759	0.0	1.013	0.753	1.013	0.8443	1.202
760	0.0	0.6497	0.855	0.6497	0.9421	0.8877
761	0.0	0.8861	0.7913	0.8861	1.035	1.054
762	0.0	0.9601	0.6243	0.9601	0.7346	1.085
763	0.0	0.7712	0.7585	0.7712	0.8186	0.9195
764	0.0	1.054	0.9193	1.054	1.133	1.344
765	0.0	0.9647	0.9456	0.9647	1.203	1.365
766	0.0	0.8107	0.481	0.8107	0.558	0.8599
767	0.0	0.723	0.8323	0.723	1.043	0.9732
768	0.0	0.7594	0.6951	0.7594	0.8295	0.9618
769	0.0	1.036	0.8371	1.036	1.07	1.132
770	0.0	0.586	0.9927	0.586	1.04	0.761
771	0.0	0.794	0.7773	0.794	1.112	1.188
772	0.0	0.6313	0.6117	0.6313	0.6789	0.7007
773	0.0	0.6532	0.7005	0.6532	0.8622	0.8289
774	0.0	0.6438	1.157	0.6438	1.409	0.7356
775	0.0	0.6428	0.8281	0.6428	0.9236	0.7648
776	0.0	0.8265	0.8411	0.8265	1.123	1.141
777	0.0	1.207	1.157	1.207	1.148	1.306
778	0.0	0.8654	0.8691	0.8654	0.966	1.073
779	0.0	0.7511	0.9157	0.7511	1.149	0.9173
780	0.0	0.7317	0.7981	0.7317	0.9055	0.8109
781	0.0	0.9437	0.8417	0.9437	0.9471	0.985
782	0.0	0.7439	0.7534	0.7439	0.7947	0.9171
783	0.0	0.5452	0.669	0.5452	0.7762	0.6131
784	0.0	0.7504	0.7442	0.7504	0.8631	0.8841
785	0.0	0.7256	0.513	0.7256	0.6318	0.8201
786	0.0	0.6449	0.6054	0.6449	0.7849	0.8718
787	0.0	1.173	1.142	1.173	1.253	1.521
788	0.0	0.7854	0.822	0.7854	0.9963	0.9481
789	0.0	1.016	0.9946	1.016	1.333	1.247
790	0.0	0.9854	0.8765	0.9854	1.007	1.09
791	0.0	0.82	0.7397	0.82	0.9921	0.9587
792	0.0	1.054	1.183	1.054	1.707	1.264
793	0.0	0.5462	0.8424	0.5462	1.023	0.589
794	0.0	0.5196	0.6562	0.5196	0.776	0.5963
795	0.0	0.7136	0.936	0.7136	1.002	0.7706
796	0.0	1.296	0.9493	1.296	1.087	1.552
797	0.0	0.5972	0.6255	0.5972	0.7643	0.7229
798	0.0	0.8855	1.046	0.8855	1.243	1.008
799	0.0	1.046	1.357	1.046	1.491	1.348
800	0.0	0.799	0.801	0.799	1.061	0.9918
801	0.0	0.9792	0.5767	0.9792	0.6952	1.107
802	0.0	0.8407	0.8676	0.8407	1.122	0.9555
803	0.0	0.699	0.8285	0.699	0.9572	0.8578
804	0.0	1.521	1.01	1.521	1.2	1.87
805	0.0	0.5679	0.9153	0.5679	1.005	0.7297
806	0.0	0.5199	0.7493	0.5199	0.8404	0.6609
807	0.0	1.261	1.168	1.261	1.377	1.453
808	0.0	0.7463	0.6648	0.7463	0.8159	1.028
809	0.0	1.206	1.171	1.206	1.535	1.47
810	0.0	0.7182	1.013	0.7182	1.188	0.8481
811	0.0	0.8835	1.006	0.8835	1.122	1.135
812	0.0	0.7024	0.7102	0.7024	0.8492	0.8609
813	0.0	0.7691	0.9037	0.7691	1.068	0.8441
814	0.0	1.077	0.546	1.077	0.5929	1.149
815	0.0	0.8248	0.8495	0.8248	1.127	1.076
816	0.0	0.9267	0.6738	0.9267	0.8184	1.082
817	0.0	1.218	1.137	1.218	1.321	1.358
818	0.0	1.257	0.9171	1.257	1.16	1.522
819	0.0	0.7855	0.8622	0.7855	0.9581	0.8767
820	0.0	1.212	1.086	1.212	1.31	1.313
821	0.0	0.4513	0.4208	0.4513	0.4457	0.5833
822	0.0	0.8372	0.6915	0.8372	0.815	0.982
823	0.0	0.7364	0.9559	0.7364	1.094	0.9233
824	0.0	0.7058	0.8773	0.7058	1.084	0.9155
825	0.0	0.9188	1.143	0.9188	1.388	1.151
826	0.0	1.001	0.8299	1.001	0.9464	1.357
827	0.0	1.052	0.8539	1.052	1.12	1.348
828	0.0	0.8847	0.6836	0.8847	0.7386	0.9496
829	0.0	0.6362	0.8271	0.6362	1.025	0.9562
830	0.0	0.8444	0.8586	0.8444	1.005	1.273
831	0.0	0.5457	1.024	0.5457	1.232	0.6769
832	0.0	1.25	1.152	1.25	1.303	1.365
833	0.0	1.022	0.9983	1.022	1.158	1.158
834	0.0	0.8149	1.035	0.8149	1.154	0.948
835	0.0	0.737	0.647	0.737	0.7547	0.8187
836	0.0	0.9214	0.7047	0.9214	0.8482	1.15
837	0.0	0.9997	1.105	0.9997	1.161	1.172
838	0.0	0.978	1.079	0.978	1.23	1.206
839	0.0	0.6699	0.6533	0.6699	0.7967	0.8151
840	0.0	1.082	0.6971	1.082	0.7489	1.271
841	0.0	1.223	1.082	1.223	1.211	1.547
842	0.0	0.6982	0.5922	0.6982	0.79	0.9209
843	0.0	0.7496	0.6962	0.7496	0.7843	0.8469
844	0.0	0.9605	1.204	0.9605	1.508	1.154
845	0.0	0.8908	0.9513	0.8908	1.344	1.292
846	0.0	0.8889	0.6364	0.8889	0.8922	1.122
847	0.0	0.6132	0.5454	0.6132	0.5869	0.7278
848	0.0	1.028	0.6324	1.028	0.7429	1.162
849	0.0	1.033	0.8314	1.033	0.9666	1.118
850	0.0	1.087	1.133	1.087	1.188	1.399
851	0.0	0.5524	0.904	0.5524	1.163	0.594
852	0.0	0.872	1.085	0.872	1.292	1.226
853	0.0	1.016	0.7786	1.016	0.9165	1.319
854	0.0	0.9099	0.8865	0.9099	0.9896	0.9458
855	0.0	0.7211	0.8648	0.7211	0.8547	0.7938
856	0.0	0.8437	1.221	0.8437	1.323	1.099
857	0.0	0.6494	0.7717	0.6494	0.8353	0.747
858	0.0	1.063	1.162	1.063	1.4	1.377
859	0.0	0.576	1.265	0.576	1.532	0.691
860	0.0	0.9332	0.9385	0.9332	1.062	1.149
861	0.0	0.7265	0.9539	0.7265	1.213	0.7725
862	0.0	1.66	1.062	1.66	1.187	1.976
863	0.0	1.077	1.093	1.077	1.305	1.546
864	0.0	0.6733	0.6104	0.6733	0.8063	0.8811
865	0.0	0.9566	0.5549	0.9566	0.6774	1.29
866	0.0	0.6385	0.7368	0.6385	0.8362	0.8451
867	0.0	0.5746	0.7468	0.5746	0.9141	0.6677
868	0.0	0.6757	0.9376	0.6757	1.009	0.8465
869	0.0	0.8437	1.167	0.8437	1.549	1.023
870	0.0	1.052	0.7249	1.052	0.809	1.226
871	0.0	0.9059	0.8277	0.9059	0.9681	1.15
872	0.0	0.7921	0.7981	0.7921	0.9707	1.087
873	0.0	1.066	0.954	1.066	1.174	1.179
874	0.0	0.6211	1.198	0.6211	1.37	0.7467
875	0.0	0.799	1.115	0.799	1.343	1.13
876	0.0	0.7832	0.6642	0.7832	0.7468	1.058
877	0.0	0.3883	0.6706	0.3883	0.6635	0.4967
878	0.0	0.6103	1.046	0.6103	1.223	0.6648
879	0.0	0.7047	0.632	0.7047	0.7343	0.8679
880	0.0	0.9525	1.147	0.9525	1.254	1.049
881	0.0	1.006	1.068	1.006	1.162	1.214
882	0.0	0.7686	0.7798	0.7686	0.9167	0.9237
883	0.0	0.8288	1.259	0.8288	1.371	1.041
884	0.0	0.8369	0.4811	0.8369	0.5194	0.9736
885	0.0	0.8626	0.6752	0.8626	0.8124	0.9872
886	0.0	0.7953	0.6093	0.7953	0.698	1.004
887	0.0	0.8108	0.6297	0.8108	0.6942	0.9058
888	0.0	0.9303	0.6986	0.9303	0.8477	1.186
889	0.0	0.783	0.5097	0.783	0.636	0.9841
890	0.0	0.8679	0.7696	0.8679	1.021	0.9426
891	0.0	1.02	1.06	1.02	1.208	1.211
892	0.0	0.615	0.855	0.615	0.9359	0.7624
893	0.0	0.9737	0.9829	0.9737	1.108	1.326
894	0.0	0.6658	0.7663	0.6658	0.8546	0.7575
895	0.0	0.6029	0.8039	0.6029	0.8383	0.655
896	0.0	0.6689	1.179	0.6689	1.331	0.776
897	0.0	0.9066	0.8068	0.9066	0.9565	1.177
898	0.0	0.7983	0.6471	0.7983	0.7801	0.8674
899	0.0	0.8044	1.18	0.8044	1.246	0.9969
900	0.0	1.066	0.681	1.066	0.7503	1.351
901	0.0	0.5666	0.7379	0.5666	0.8599	0.7222
902	0.0	0.3988	1.015	0.3988	1.03	0.5434
903	0.0	1.172	1.234	1.172	1.468	1.286
904	0.0	0.9668	0.8654	0.9668	1.077	0.953
905	0.0	0.9195	0.8553	0.9195	1.072	1.074
906	0.0	0.3967	0.7277	0.3967	0.8561	0.4436
907	0.0	0.5513	0.6762	0.5513	0.8234	0.658
908	0.0	0.9278	1.182	0.9278	1.372	1.245
909	0.0	0.9729	1.032	0.9729	1.11	1.134
910	0.0	0.5309	0.6886	0.5309	0.7344	0.61
911	0.0	0.9111	1.232	0.9111	1.386	1.192
912	0.0	0.7667	0.814	0.7667	1.01	0.8723
913	0.0	0.9806	0.9922	0.9806	1.157	1.253
914	0.0	0.692	0.8048	0.692	0.923	0.8721
915	0.0	1.18	1.022	1.18	1.18	1.284
916	0.0	0.6111	1.112	0.6111	1.25	0.7219
917	0.0	0.5583	0.8882	0.5583	0.8973	0.7221
918	0.0	0.8453	1.09	0.8453	1.113	1.026
919	0.0	0.9639	0.9071	0.9639	1.213	1.107
920	0.0	1.068	0.7244	1.068	0.9376	1.264
921	0.0	0.5952	1.153	0.5952	1.405	0.8298
922	0.0	0.9319	0.5464	0.9319	0.6247	1.096
923	0.0	0.9629	0.6904	0.9629	0.7776	1.061
924	0.0	0.6646	0.5667	0.6646	0.6609	0.7368
925	0.0	0.9351	0.3888	0.9351	0.5202	1.019
926	0.0	0.8923	0.8066	0.8923	1.042	1.123
927	0.0	0.7661	0.7784	0.7661	0.8668	0.9544
928	0.0	0.7111	0.5678	0.7111	0.6364	0.8097
929	0.0	0.8524	0.9018	0.8524	1.105	1.043
930	0.0	1.274	0.7554	1.274	0.8405	1.524
931	0.0	0.4162	0.931	0.4162	1.093	0.5116
932	0.0	0.8236	0.6595	0.8236	0.7176	0.8737
933	0.0	0.5841	0.5707	0.5841	0.7451	0.7388
934	0.0	0.644	0.7576	0.644	0.9799	0.7913
935	0.0	0.7405	0.6615	0.7405	0.6835	0.9522
936	0.0	0.6186	1.001	0.6186	1.474	0.71
937	0.0	1.01	0.9206	1.01	1.094	1.152
938	0.0	0.9188	1.031	0.9188	1.171	1.045
939	0.0	0.5706	0.982	0.5706	1.168	0.6881
940	0.0	0.3185	0.6201	0.3185	0.7946	0.3323
941	0.0	1.16	0.8006	1.16	0.9095	1.326
942	0.0	0.7874	0.956	0.7874	1.057	0.8894
943	0.0	0.5456	0.894	0.5456	1.157	0.751
944	0.0	0.8983	0.9161	0.8983	1.173	1.023
945	0.0	0.9956	0.7551	0.9956	0.8351	1.069
946	0.0	0.6289	1.027	0.6289	1.175	0.8434
947	0.0	0.6892	0.6888	0.6892	0.7885	0.8034
948	0.0	0.8757	0.7904	0.8757	0.8575	1.052
949	0.0	0.9065	0.9983	0.9065	1.119	1.368
950	0.0	0.8154	1.115	0.8154	1.272	1.017
951	0.0	0.6964	1.011	0.6964	1.108	0.8284
952	0.0	0.9584	1.06	0.9584	1.148	1.13
953	0.0	0.6685	0.8463	0.6685	1.007	0.8156
954	0.0	1.257	0.7431	1.257	0.8492	1.556
955	0.0	0.8321	1.029	0.8321	1.221	0.9972
956	0.0	1.066	0.9648	1.066	1.259	1.131
957	0.0	1.018	0.8342	1.018	0.934	1.355
958	0.0	1.046	0.5285	1.046	0.5746	1.31
959	0.0	0.8874	0.8072	0.8874	0.9942	0.9688
960	0.0	0.954	0.9947	0.954	1.159	1.14
961	0.0	0.7931	0.7474	0.7931	0.8422	0.8744
962	0.0	0.9522	0.9939	0.9522	1.252	1.146
963	0.0	0.8032	1.071	0.8032	1.222	1.011
964	0.0	0.84	0.7625	0.84	0.9924	1.026
965	0.0	1.104	0.7665	1.104	0.9193	1.317
966	0.0	1.467	1.736	1.467	1.952	1.704
967	0.0	0.9641	1.066	0.9641	1.232	1.241
968	0.0	0.747	0.5232	0.747	0.6201	0.9529
969	0.0	1.001	0.6799	1.001	0.7752	1.214
970	0.0	0.9805	1.019	0.9805	1.174	1.1
971	0.0	0.6775	0.9161	0.6775	1.055	0.7912
972	0.0	0.9219	0.818	0.9219	1.094	1.206
973	0.0	0.9159	1.008	0.9159	1.221	1.118
974	0.0	0.5597	0.7248	0.5597	0.7988	0.6751
975	0.0	0.7482	0.8852	0.7482	1.092	0.9983
976	0.0	0.6784	0.7496	0.6784	0.9424	0.8303
977	0.0	0.8272	1.055	0.8272	1.219	0.9694
978	0.0	0.448	0.6349	0.448	0.73	0.6535
979	0.0	1.155	0.9679	1.155	1.147	1.402
980	0.0	0.5315	0.4268	0.5315	0.4863	0.6302
981	0.0	0.5023	0.7083	0.5023	0.8659	0.6072
982	0.0	0.5148	0.5937	0.5148	0.6797	0.5753
983	0.0	0.9015	1.108	0.9015	1.316	1.078
984	0.0	0.6143	0.8702	0.6143	1.111	0.7983
985	0.0	0.6675	1.12	0.6675	1.288	0.7341
986	0.0	0.6698	0.9902	0.6698	1.072	0.8325
987	0.0	0.6177	0.9587	0.6177	1.069	0.8218
988	0.0	0.7014	0.4908	0.7014	0.5982	0.8467
989	0.0	0.6862	0.807	0.6862	1.014	0.8802
990	0.0	0.5208	0.9143	0.5208	0.9439	0.6686
991	0.0	0.9115	0.8352	0.9115	1.045	1.071
992	0.0	0.7652	0.785	0.7652	0.8938	0.9308
993	0.0	0.6497	0.6344	0.6497	0.7462	0.7276
994	0.0	0.6657	0.5396	0.6657	0.6836	0.8593
995	0.0	1.16	1.096	1.16	1.229	1.326
996	0.0	0.4942	1.093	0.4942	1.196	0.5697
997	0.0	0.9035	0.9105	0.9035	1.147	1.267
998	0.0	0.5788	0.8122	0.5788	0.9019	0.642
999	0.0	0.821	0.7685	0.821	0.8974	0.9482
1000	0.0	0.5652	1.116	0.5652	1.258	0.6584
1001	0.0	0.6027	0.699	0.6027	0.7998	0.669
1002	0.0	0.6611	0.8557	0.6611	0.9495	0.7939
1003	0.0	0.7095	0.8921	0.7095	1.145	0.8388
1004	0.0	0.8795	0.5754	0.8795	0.613	1.097
1005	0.0	0.5218	1.092	0.5218	1.188	0.6507
1006	0.0	0.9375	0.6361	0.9375	0.7556	0.9397
1007	0.0	0.9928	0.9611	0.9928	1.19	1.16
1008	0.0	0.8617	0.863	0.8617	0.9793	1.015
1009	0.0	0.7813	0.8636	0.7813	1.015	0.9677
1010	0.0	0.4735	0.6462	0.4735	0.6981	0.6005
1011	0.0	0.6533	0.8059	0.6533	1.103	0.7026
1012	0.0	0.9502	1.184	0.9502	1.469	1.104
1013	0.0	1.306	1.203	1.306	1.288	1.471
1014	0.0	0.6619	0.7427	0.6619	0.7891	0.7689
1015	0.0	1.054	0.8667	1.054	0.9869	1.217
1016	0.0	0.7827	0.8422	0.7827	1.042	1.113
1017	0.0	0.9876	0.7193	0.9876	0.8263	1.322
1018	0.0	0.7184	0.7267	0.7184	0.8748	0.8887
1019	0.0	0.7699	0.6311	0.7699	0.7176	0.9509
1020	0.0	0.4194	0.781	0.4194	0.9988	0.4874
1021	0.0	0.6531	0.5606	0.6531	0.6943	0.793
1022	0.0	0.5314	0.723	0.5314	0.8868	0.6658
1023	0.0	0.8763	1.328	0.8763	1.406	1.068
1024	0.0	0.6911	1.034	0.6911	1.162	0.9047
1025	0.0	0.5828	0.7345	0.5828	0.9135	0.7274
1026	0.0	0.6187	0.8246	0.6187	0.8942	0.7582
1027	0.0	0.7492	0.8299	0.7492	1.119	0.8909
1028	0.0	0.9001	0.9831	0.9001	1.164	1.045
1029	0.0	0.4869	1.014	0.4869	1.187	0.532
1030	0.0	0.7472	0.867	0.7472	0.969	0.8903
1031	0.0	0.6477	0.7496	0.6477	0.887	0.7216
1032	0.0	0.7541	0.5624	0.7541	0.6306	0.8848
1033	0.0	0.855	0.9031	0.855	1.08	0.9804
1034	0.0	1.053	0.9486	1.053	1.175	1.494
1035	0.0	0.6503	0.9438	0.6503	1.224	0.811
1036	0.0	0.6981	0.7729	0.6981	0.9798	0.7862
1037	0.0	0.59	0.5851	0.59	0.8386	1.108
1038	0.0	0.7034	0.4825	0.7034	0.5558	0.7414
1039	0.0	0.5455	0.4852	0.5455	0.561	0.5681
1040	0.0	1.382	1.062	1.382	1.264	1.568
