Step	Loss
1	5.6835
2	4.4968
3	5.5198
4	4.0979
5	4.4202
6	3.8994
7	5.6437
8	4.5455
9	6.4006
10	2.7853
11	6.5371
12	5.9356
13	3.2254
14	5.665
15	4.8111
16	5.452
17	6.005
18	5.0324
19	5.5417
20	6.0135
21	5.9507
22	6.5458
23	5.25
24	5.7217
25	5.6282
26	6.2754
27	5.7769
28	4.0079
29	5.5605
30	6.0161
31	3.0068
32	5.3499
33	6.1387
34	4.1382
35	5.3023
36	5.0919
37	3.2065
38	4.6173
39	5.1577
40	5.5155
41	6.238
42	4.6709
43	6.5022
44	3.9193
45	6.0398
46	2.5602
47	7.5225
48	5.2247
49	5.382
50	4.3779
51	2.1589
52	5.2065
53	2.9245
54	5.7031
55	5.3298
56	2.0934
57	3.2908
58	5.3508
59	5.321
60	4.9821
61	3.5809
62	4.8635
63	3.7598
64	5.1872
65	5.3125
66	4.676
67	2.6018
68	5.1188
69	5.3319
70	4.8448
71	5.1263
72	5.2363
73	4.3963
74	4.1083
75	2.6043
76	5.1918
77	1.9909
78	3.0086
79	4.2571
80	6.5642
81	5.2802
82	5.3046
83	6.4885
84	4.3521
85	5.2355
86	4.6755
87	5.0754
88	4.5501
89	6.8027
90	2.7148
91	5.5363
92	5.2072
93	0.643
94	2.6513
95	5.1339
96	5.0546
97	3.3357
98	4.1351
99	3.9635
100	4.6438
101	4.6042
102	5.613
103	5.2215
104	4.5709
105	4.3499
106	3.7978
107	4.7795
108	3.2067
109	3.7296
110	3.2293
111	4.8227
112	3.4733
113	5.6575
114	2.1806
115	5.8428
116	4.9007
117	2.2711
118	4.556
119	3.8181
120	4.6495
121	5.0481
122	4.3418
123	4.8123
124	5.174
125	4.8339
126	5.8725
127	4.326
128	5.0927
129	4.7779
130	5.4563
131	4.8472
132	3.852
133	4.8937
134	5.1194
135	2.9696
136	4.7611
137	5.5221
138	3.58
139	4.6246
140	4.9626
141	2.8373
142	3.9226
143	4.6333
144	4.7115
145	5.9303
146	4.0498
147	5.4204
148	2.9798
149	5.3803
150	2.1684
151	5.1317
152	4.8594
153	4.6632
154	3.7398
155	1.8914
156	4.5486
157	2.8555
158	4.9693
159	4.6258
160	1.6344
161	2.6666
162	4.6286
163	4.8471
164	4.3384
165	2.8047
166	4.3995
167	3.3608
168	4.644
169	4.8261
170	4.1686
171	2.3066
172	4.3677
173	4.8027
174	4.4849
175	4.3838
176	4.6579
177	4.0922
178	3.9618
179	2.6291
180	4.5626
181	1.7338
182	2.0883
183	3.8032
184	5.912
185	4.8491
186	4.8171
187	6.5465
188	3.9986
189	4.7075
190	4.1352
191	4.7765
192	4.0622
193	6.0124
194	1.5653
195	5.0917
196	4.7926
197	0.5154
198	3.6938
199	4.5658
200	4.6028
201	2.8808
202	3.8607
203	3.4041
204	4.237
205	4.196
206	5.2684
207	4.8155
208	4.3631
209	3.5857
210	3.4361
211	4.352
212	2.9306
213	3.7464
214	2.9525
215	4.3702
216	3.4154
217	5.5231
218	2.0901
219	5.4836
220	4.5718
221	1.983
222	4.1151
223	3.856
224	4.3502
225	4.7033
226	4.1273
227	4.398
228	4.8587
229	4.6816
230	5.4953
231	4.1058
232	4.7651
233	4.5268
234	5.4003
235	4.5939
236	3.7688
237	4.4571
238	4.7519
239	3.2001
240	4.5905
241	4.7582
242	3.4294
243	4.4309
244	4.4204
245	2.7687
246	3.7247
247	4.203
248	4.4995
249	5.8106
250	3.8328
251	4.7664
252	2.6793
253	5.2204
254	2.1483
255	3.6822
256	4.5332
257	4.3797
258	3.7529
259	1.3082
260	4.3063
261	2.4437
262	4.808
263	4.3616
264	1.3927
265	2.5085
266	4.5246
267	4.7094
268	4.16
269	2.4537
270	4.5968
271	3.1691
272	4.4459
273	4.5418
274	3.9559
275	2.2971
276	4.1636
277	4.6535
278	4.2022
279	4.3637
280	4.5217
281	3.8964
282	3.7868
283	2.4343
284	4.3799
285	1.6011
286	1.868
287	3.7466
288	5.7628
289	4.7208
290	4.4161
291	5.9514
292	3.7319
293	4.625
294	3.8877
295	4.5531
296	3.8427
297	5.6739
298	1.0757
299	4.742
300	4.5886
301	0.8868
302	2.9497
303	4.4197
304	4.4102
305	2.8304
306	3.5872
307	2.9733
308	4.0667
309	4.0559
310	5.1024
311	4.657
312	4.1644
313	3.7377
314	3.2646
315	4.1773
316	2.8413
317	3.3788
318	2.8428
319	4.3751
320	3.2796
321	4.866
322	1.9014
323	5.3074
324	4.3755
325	1.8527
326	3.7628
327	3.504
328	4.1717
329	4.5173
330	4.0618
331	4.1792
332	4.8282
333	4.4131
334	5.3175
335	4.0025
336	4.6673
337	4.304
338	5.1127
339	4.4229
340	3.7085
341	4.4287
342	4.646
343	3.2303
344	4.4347
345	4.4354
346	3.3118
347	4.2499
348	4.332
349	2.5934
350	3.686
351	4.1173
352	4.3417
353	5.7265
354	3.6952
355	4.3502
356	2.7358
357	5.1978
358	2.0769
359	3.2874
360	4.0191
361	4.2699
362	3.6002
363	1.2694
364	4.1013
365	2.3811
366	4.3961
367	4.1788
368	1.3447
369	2.2015
370	4.3109
371	4.5973
372	3.9352
373	2.4591
374	4.5344
375	3.26
376	4.4754
377	4.3806
378	3.8928
379	2.0369
380	3.812
381	4.4379
382	4.0972
383	4.1247
384	4.3409
385	3.7365
386	3.6394
387	2.3609
388	4.2976
389	1.6349
390	1.8484
391	3.5222
392	5.5973
393	4.3535
394	4.259
395	5.5743
396	2.9066
397	4.5613
398	3.7302
399	4.3717
400	3.7
401	5.7414
402	0.9512
403	4.6581
404	4.5141
405	0.5356
406	1.6014
407	4.1279
408	4.2965
409	2.5226
410	3.3948
411	2.7879
412	4.0085
413	4.0241
414	4.8826
415	4.4964
416	3.8124
417	3.6024
418	3.3151
419	4.1333
420	2.5247
421	3.1751
422	2.6608
423	4.1644
424	3.1308
425	4.9081
426	1.7322
427	4.8086
428	4.2622
429	1.6828
430	3.672
431	3.0482
432	4.0699
433	4.5078
434	4.1211
435	4.1433
436	4.6173
437	4.2986
438	5.1849
439	3.8756
440	4.5316
441	4.2821
442	5.0124
443	4.3391
444	3.7443
445	4.2624
446	4.3294
447	2.7548
448	4.3318
449	4.5872
450	3.1299
451	4.2094
452	4.2038
453	2.4363
454	3.6062
455	3.8113
456	4.1907
457	5.7187
458	3.5336
459	4.2857
460	2.5818
461	4.9655
462	2.2375
463	2.0999
464	4.0585
465	4.1439
466	3.5394
467	1.4425
468	4.0153
469	2.4458
470	4.185
471	4.1592
472	1.2198
473	2.1224
474	4.2875
475	4.405
476	3.8238
477	2.4998
478	4.5074
479	3.0331
480	4.2835
481	4.3219
482	3.7984
483	2.0096
484	3.6242
485	4.4548
486	3.5715
487	3.6461
488	4.4705
489	3.6937
490	3.5562
491	2.2987
492	4.1848
493	1.6518
494	2.16
495	3.5745
496	5.5214
497	4.5548
498	4.1254
499	6.3647
500	3.5008
501	4.4743
502	3.5865
503	4.3836
504	3.7831
505	5.7873
506	0.6691
507	4.6321
508	4.4019
509	0.6722
510	2.1006
511	3.9542
512	4.1533
513	2.4237
514	3.4051
515	2.5915
516	3.8329
517	3.8911
518	4.8122
519	4.3592
520	3.9879
521	3.1255
522	3.0479
523	4.0805
524	2.6254
525	3.0936
526	2.5535
527	4.2657
528	3.0677
529	4.737
530	1.6006
531	4.7943
532	4.1436
533	1.6386
534	3.5641
535	3.4556
536	4.011
537	4.3221
538	3.9363
539	4.0392
540	4.5969
541	4.2068
542	5.1361
543	3.7145
544	4.439
545	4.1713
546	5.0468
547	4.2312
548	3.6879
549	4.28
550	4.3231
551	2.7349
552	4.2094
553	3.8494
554	3.0947
555	4.0486
556	4.3636
557	2.2937
558	3.5759
559	3.7632
560	4.0866
561	5.6272
562	3.4865
563	4.495
564	2.6485
565	5.0539
566	1.8184
567	1.8521
568	3.7957
569	4.0421
570	3.6099
571	1.3324
572	3.94
573	1.7222
574	4.2252
575	4.0905
576	1.311
577	1.7504
578	4.1483
579	4.3299
580	3.7286
581	2.2699
582	4.3545
583	3.1152
584	4.1886
585	4.2506
586	3.8678
587	1.9726
588	3.5425
589	4.2988
590	3.361
591	3.7248
592	4.1923
593	3.6046
594	3.0232
595	2.3167
596	4.1106
597	1.4798
598	1.8835
599	3.4861
600	5.5388
601	4.5031
602	4.0399
603	5.5274
604	2.4612
605	4.4583
606	3.6981
607	4.3191
608	3.6813
609	4.6008
610	0.7396
611	4.4902
612	4.2306
613	1.157
614	1.5947
615	4.0119
616	4.0792
617	2.3212
618	3.3315
619	2.4033
620	3.8491
621	3.7374
622	4.819
623	4.3528
624	3.8101
625	2.9099
626	2.6486
627	4.0279
628	3.0741
629	3.0351
630	2.6174
631	4.0778
632	3.1496
633	4.4571
634	1.8321
635	4.9804
636	4.1394
637	1.611
638	3.4741
639	3.2028
640	3.9296
641	4.25
642	3.9065
643	3.9855
644	4.4806
645	4.0462
646	5.0741
647	3.6693
648	4.4845
649	4.0441
650	4.9565
651	4.2075
652	3.6557
653	4.2012
654	4.4677
655	2.5718
656	4.2154
657	4.1588
658	3.0046
659	4.0321
660	4.1899
661	2.3994
662	3.4053
663	3.6954
664	3.9988
665	5.5978
666	3.5282
667	4.3163
668	2.3399
669	4.7818
670	1.8842
671	1.7576
672	3.8103
673	3.9789
674	3.3173
675	1.1329
676	3.9228
677	2.1894
678	4.1708
679	4.0062
680	1.2566
681	1.8489
682	4.1712
683	4.3126
684	3.5833
685	2.1757
686	4.4122
687	2.8984
688	4.1119
689	4.1596
690	3.7505
691	2.1695
692	3.4913
693	4.262
694	3.1534
695	3.6988
696	4.2135
697	3.6045
698	3.0836
699	2.2039
700	4.1495
701	1.3974
702	1.2418
703	3.4379
704	5.5172
705	4.2987
706	3.956
707	5.45
708	2.3094
709	4.4551
710	3.4789
711	4.2112
712	3.4798
713	4.6097
714	0.4546
715	4.4618
716	4.136
717	1.1209
718	2.3376
719	3.8902
720	4.074
721	1.9829
722	3.1987
723	2.2657
724	3.8626
725	3.763
726	4.6657
727	4.2914
728	3.8802
729	3.556
730	2.986
731	4.0337
732	2.3536
733	2.9025
734	2.6155
735	4.1141
736	2.9214
737	4.1714
738	1.5114
739	4.6004
740	4.0555
741	1.4296
742	3.3957
743	3.0841
744	3.8761
745	4.2312
746	3.7706
747	3.9577
748	4.4001
749	4.124
750	4.9928
751	3.6164
752	4.4135
753	4.0004
754	4.7885
755	4.1001
756	3.5635
757	4.0649
758	4.2519
759	2.7441
760	4.0793
761	4.2086
762	2.9779
763	3.9826
764	4.2086
765	2.3703
766	3.2824
767	3.4282
768	3.9749
769	5.5224
770	3.3336
771	4.1312
772	2.2654
773	4.7544
774	2.0316
775	1.7887
776	3.5553
777	3.9716
778	3.4401
779	1.0017
780	3.7431
781	1.9848
782	3.9891
783	3.8938
784	0.9813
785	1.8594
786	4.0446
787	4.3948
788	3.6174
789	2.0962
790	4.2865
791	2.8773
792	4.203
793	4.103
794	3.6498
795	1.9945
796	3.6022
797	4.2255
798	2.7137
799	3.5814
800	4.0752
801	3.4797
802	3.0126
803	2.0502
804	4.0656
805	1.5745
806	1.9549
807	3.3821
808	5.533
809	4.2824
810	3.8173
811	5.8481
812	2.0749
813	4.4114
814	3.355
815	4.3276
816	3.5323
817	4.6515
818	0.5099
819	4.3224
820	3.9984
821	0.7726
822	2.4558
823	3.9777
824	3.979
825	2.0603
826	3.3216
827	2.0236
828	3.7827
829	3.6554
830	4.6958
831	4.241
832	3.68
833	3.1779
834	2.9782
835	3.9931
836	2.3603
837	3.0105
838	2.414
839	3.9092
840	3.0036
841	4.6158
842	1.5006
843	4.9883
844	3.9637
845	1.4631
846	3.3054
847	2.7763
848	3.8358
849	4.1256
850	3.7692
851	3.91
852	4.4174
853	3.9879
854	4.8092
855	3.5952
856	4.3335
857	3.9354
858	5.0164
859	4.0468
860	3.5112
861	4.0489
862	4.0646
863	2.7652
864	4.0886
865	3.7629
866	2.8968
867	3.9444
868	4.0619
869	2.3048
870	3.305
871	3.4538
872	3.8199
873	5.3587
874	3.1159
875	3.7911
876	2.2051
877	4.6722
878	1.9162
879	0.5399
880	3.5751
881	3.9208
882	3.4489
883	1.2182
884	3.7567
885	1.8009
886	3.8662
887	3.8158
888	1.0473
889	1.8103
890	3.9597
891	4.4411
892	3.6742
893	1.9092
894	4.4859
895	2.979
896	4.0197
897	3.9002
898	3.5971
899	1.8319
900	3.5254
901	4.1368
902	2.6928
903	3.868
904	3.9667
905	3.5211
906	2.9615
907	2.155
908	4.0064
909	1.5117
910	1.3438
911	3.4051
912	5.3133
913	4.0993
914	3.6521
915	5.1868
916	1.9668
917	4.3814
918	3.4361
919	4.2089
920	3.5199
921	4.4209
922	0.5499
923	4.2154
924	3.9733
925	0.7353
926	1.7963
927	3.9322
928	3.9083
929	2.0706
930	3.0971
931	1.601
932	3.7231
933	3.5779
934	4.5865
935	4.1911
936	3.8057
937	3.084
938	2.7119
939	4.0293
940	2.3596
941	2.776
942	2.2888
943	4.0824
944	2.7964
945	4.3802
946	1.7535
947	4.8007
948	3.9747
949	1.4486
950	3.1557
951	2.9172
952	3.7365
953	4.0893
954	3.6411
955	3.82
956	4.3731
957	3.9853
958	4.8174
959	3.5192
960	4.3211
961	4.0087
962	4.7927
963	4.013
964	3.5293
965	4.0469
966	4.1024
967	2.4903
968	4.0245
969	3.3076
970	2.837
971	3.8304
972	4.0499
973	2.267
974	3.24
975	3.4244
976	3.8443
977	5.5445
978	3.3182
979	3.757
980	2.3092
981	4.6762
982	2.0713
983	0.9816
984	3.5237
985	3.9182
986	3.2632
987	1.0636
988	3.7492
989	1.9933
990	3.7097
991	3.8253
992	1.0099
993	1.6175
994	4.0486
995	4.2799
996	3.5191
997	1.9999
998	4.1687
999	2.8505
1000	3.9729
1001	3.9687
1002	3.5896
1003	2.0998
1004	3.4201
1005	4.058
1006	2.2014
1007	3.9875
1008	4.0723
1009	3.4465
1010	3.1156
1011	2.0621
1012	3.9563
1013	1.5768
1014	1.6295
1015	3.4132
1016	5.2958
1017	4.2884
1018	3.6688
1019	5.2079
1020	2.3677
1021	4.3696
1022	3.1738
1023	4.1755
1024	3.4783
1025	4.758
1026	0.4918
1027	4.1999
1028	3.919
1029	0.6143
1030	0.959
1031	3.8818
1032	3.8278
1033	2.2419
1034	3.1735
1035	2.0659
1036	3.7096
1037	3.636
1038	4.557
1039	4.2387
1040	3.7321
