Step	Loss
1	5.1217
2	3.5006
3	2.0696
4	5.1876
5	4.8719
6	4.7566
7	3.9112
8	4.5239
9	3.5404
10	1.7653
11	3.6449
12	5.0231
13	4.2817
14	2.5421
15	1.0628
16	5.2408
17	3.3604
18	1.6834
19	2.3384
20	4.5965
21	4.2631
22	5.0883
23	4.9565
24	1.5563
25	5.056
26	0.6025
27	4.4946
28	3.6948
29	2.1284
30	1.7286
31	3.1509
32	4.0606
33	4.398
34	4.1987
35	0.7739
36	3.1707
37	4.6223
38	3.719
39	0.9008
40	6.7307
41	4.6736
42	1.6202
43	3.3071
44	0.8755
45	4.5703
46	4.485
47	4.0663
48	4.5758
49	4.6465
50	2.8428
51	4.0776
52	1.4311
53	5.8029
54	4.6737
55	2.5509
56	4.3459
57	4.1323
58	3.0178
59	4.6541
60	4.2294
61	3.9433
62	0.7692
63	3.2728
64	2.8877
65	4.7039
66	3.8525
67	4.905
68	1.7124
69	3.4135
70	1.0352
71	2.8572
72	1.6442
73	1.7666
74	4.4308
75	3.5396
76	3.0936
77	5.0729
78	4.0229
79	1.4746
80	4.3178
81	3.1866
82	3.2981
83	4.818
84	2.5096
85	4.3929
86	4.3476
87	4.3047
88	2.6338
89	1.6242
90	4.7564
91	3.4752
92	3.2396
93	2.7316
94	1.7902
95	3.8529
96	1.1149
97	4.5847
98	2.6528
99	2.0579
100	3.2657
101	4.7833
102	4.6684
103	1.1358
104	3.7932
105	4.2798
106	2.9826
107	1.1415
108	4.5005
109	4.2113
110	4.0268
111	3.3495
112	3.9792
113	2.4119
114	1.2703
115	3.0308
116	4.3158
117	3.7348
118	2.0816
119	0.6064
120	4.7624
121	3.1185
122	0.3225
123	1.4049
124	3.6155
125	3.7722
126	4.5454
127	4.277
128	1.1859
129	4.5468
130	0.1209
131	4.0145
132	3.0802
133	1.8403
134	1.6437
135	1.6066
136	3.7044
137	3.857
138	3.993
139	0.5243
140	2.3053
141	4.1836
142	3.0555
143	0.538
144	5.5625
145	4.1682
146	1.1337
147	3.0006
148	0.6471
149	3.5021
150	3.9745
151	3.3679
152	4.0915
153	3.9996
154	2.6194
155	3.6014
156	1.0833
157	3.9993
158	4.2554
159	2.151
160	3.7311
161	3.6936
162	2.7822
163	4.0024
164	4.0529
165	3.6211
166	0.5575
167	2.7144
168	2.5353
169	4.3453
170	3.4301
171	4.5375
172	0.7233
173	3.0862
174	0.6359
175	1.6052
176	1.5629
177	1.6322
178	4.0703
179	2.5062
180	2.4645
181	4.3876
182	3.5731
183	1.1893
184	4.0827
185	2.934
186	3.0006
187	4.4781
188	2.2506
189	4.0706
190	3.9679
191	4.0709
192	2.3686
193	1.7339
194	4.183
195	2.4364
196	2.9779
197	1.9043
198	1.6012
199	3.6002
200	0.8202
201	4.3817
202	2.5914
203	1.4921
204	3.5496
205	4.4952
206	4.2796
207	1.0457
208	3.4818
209	3.86
210	2.5548
211	0.9742
212	4.275
213	3.5442
214	3.6272
215	2.6784
216	3.7203
217	1.8719
218	1.2772
219	2.849
220	4.0268
221	3.459
222	2.0841
223	0.3962
224	4.4231
225	3.1265
226	0.1525
227	1.5051
228	3.0741
229	3.6107
230	4.2989
231	4.0723
232	0.9368
233	4.1957
234	0.1157
235	3.8807
236	2.8932
237	1.7379
238	1.557
239	1.0329
240	3.4352
241	3.564
242	3.9151
243	0.4067
244	1.9089
245	3.9821
246	2.855
247	0.3938
248	5.2215
249	3.9221
250	1.0129
251	2.8276
252	0.5278
253	3.4237
254	3.7599
255	2.4692
256	3.8492
257	3.7957
258	2.2471
259	3.4641
260	0.9152
261	3.8601
262	4.0557
263	2.0732
264	3.6801
265	3.4798
266	2.674
267	3.8623
268	3.765
269	3.4452
270	0.3132
271	2.3708
272	2.5078
273	4.0832
274	3.3809
275	4.1995
276	0.8502
277	2.7226
278	0.4791
279	1.0736
280	1.4491
281	1.5119
282	3.9905
283	2.7362
284	2.4445
285	4.6623
286	3.4612
287	0.9722
288	3.9251
289	3.0726
290	2.8764
291	4.5736
292	2.3173
293	3.8104
294	3.8166
295	3.9313
296	2.3252
297	1.4844
298	4.2796
299	2.0878
300	2.819
301	2.0634
302	1.6134
303	3.4954
304	0.5951
305	4.3129
306	2.3687
307	0.8081
308	3.3806
309	4.3378
310	4.1254
311	1.1364
312	3.3543
313	3.7629
314	2.6576
315	0.8448
316	4.1923
317	3.7658
318	3.3321
319	2.6171
320	3.5793
321	1.6072
322	1.1523
323	2.7125
324	3.8406
325	3.466
326	1.7948
327	0.446
328	4.319
329	2.7986
330	0.124
331	1.3521
332	3.0752
333	3.3929
334	4.1333
335	4.0342
336	1.0465
337	4.1864
338	0.0416
339	3.9608
340	2.5977
341	1.4799
342	1.4994
343	0.5196
344	3.4091
345	3.1556
346	3.9354
347	0.4221
348	2.0299
349	3.9123
350	2.7865
351	0.2811
352	5.0306
353	3.8052
354	0.8724
355	2.8538
356	0.5132
357	3.1134
358	3.649
359	2.303
360	3.9427
361	3.6948
362	2.3629
363	3.3127
364	1.0375
365	3.4031
366	3.9096
367	1.9827
368	3.5311
369	3.3585
370	2.2692
371	3.6793
372	3.6134
373	3.3755
374	0.3573
375	2.1934
376	2.3242
377	4.0554
378	3.3087
379	4.037
380	0.7684
381	2.3461
382	0.1593
383	0.4715
384	1.1743
385	1.3742
386	3.8579
387	2.2363
388	2.2361
389	4.5672
390	3.3884
391	0.9406
392	3.7415
393	2.9708
394	2.7836
395	4.3158
396	2.3055
397	3.7422
398	3.6766
399	3.8121
400	2.2626
401	1.526
402	4.2245
403	2.069
404	2.7607
405	1.0051
406	1.4531
407	3.4161
408	0.7592
409	4.2323
410	2.4569
411	0.6812
412	2.7899
413	4.03
414	3.9581
415	1.0437
416	3.3461
417	3.679
418	2.6116
419	0.6313
420	4.1021
421	3.5752
422	3.2053
423	2.5487
424	3.4616
425	1.8405
426	1.0799
427	2.6985
428	3.7547
429	3.3042
430	1.7219
431	0.4035
432	4.2202
433	2.6573
434	0.1082
435	1.2469
436	2.9546
437	3.3655
438	4.2002
439	3.9787
440	1.0172
441	3.9228
442	0.0787
443	3.9069
444	2.4504
445	1.4323
446	1.3136
447	0.4963
448	3.2868
449	2.4186
450	3.838
451	0.3835
452	1.3751
453	3.8535
454	2.7122
455	0.271
456	4.4452
457	3.6885
458	0.8106
459	2.7367
460	0.452
461	2.9923
462	3.5527
463	2.5333
464	3.9035
465	3.6729
466	2.1483
467	3.3081
468	0.8868
469	2.8225
470	3.8522
471	1.9312
472	3.5955
473	3.1829
474	2.3577
475	3.7096
476	3.6374
477	3.3224
478	0.2179
479	2.0334
480	2.3019
481	3.9657
482	3.2299
483	3.9725
484	0.6015
485	2.3048
486	0.0632
487	0.184
488	1.2327
489	1.4408
490	3.8321
491	2.4199
492	2.0179
493	4.4749
494	3.3135
495	0.8611
496	3.7703
497	3.0043
498	2.8359
499	4.2779
500	2.1065
501	3.779
502	3.5552
503	3.7069
504	2.1246
505	1.2915
506	4.1332
507	1.6983
508	2.6234
509	0.7684
510	1.3959
511	3.3142
512	0.4975
513	4.2299
514	2.3497
515	0.7991
516	2.2828
517	3.8031
518	3.9099
519	0.8085
520	3.3047
521	3.6054
522	2.5195
523	0.6524
524	4.0197
525	3.3818
526	3.0325
527	2.3992
528	3.4571
529	1.5775
530	1.0831
531	2.6032
532	3.671
533	3.2453
534	2.0027
535	0.3699
536	4.1287
537	2.836
538	0.0758
539	1.1699
540	2.779
541	3.289
542	4.0757
543	3.8991
544	1.0129
545	3.9309
546	0.0361
547	3.6707
548	2.4249
549	1.425
550	1.4681
551	0.4762
552	3.2067
553	2.2189
554	3.9566
555	0.3588
556	1.502
557	3.7604
558	2.6282
559	0.2835
560	4.7113
561	3.6071
562	0.6531
563	2.6332
564	0.4636
565	3.0928
566	3.5391
567	2.375
568	3.7597
569	3.6403
570	2.1382
571	3.1894
572	0.8296
573	2.4427
574	3.7456
575	1.9693
576	3.3234
577	3.1445
578	2.3722
579	3.6846
580	3.4343
581	3.2163
582	0.1307
583	2.0733
584	2.3073
585	3.768
586	3.1664
587	3.928
588	0.5795
589	2.1766
590	0.1637
591	0.1694
592	1.195
593	1.341
594	3.7366
595	2.1443
596	2.0226
597	4.314
598	3.3059
599	0.7818
600	3.777
601	2.786
602	2.7889
603	3.9373
604	2.2154
605	3.6492
606	3.4819
607	3.6752
608	2.1106
609	1.4121
610	4.1935
611	1.9459
612	2.7006
613	0.7683
614	1.2175
615	3.2739
616	0.4665
617	4.1357
618	2.3514
619	0.2779
620	2.6391
621	3.7685
622	3.819
623	0.845
624	3.2769
625	3.6026
626	2.2458
627	0.6636
628	3.9401
629	3.32
630	3.1149
631	2.2576
632	3.353
633	1.43
634	0.9779
635	2.5243
636	3.5716
637	3.317
638	1.7025
639	0.382
640	4.0917
641	2.6852
642	0.0998
643	1.1664
644	2.8047
645	3.136
646	3.8363
647	3.8601
648	0.8556
649	3.8687
650	0.0614
651	3.9057
652	2.4757
653	1.491
654	1.4424
655	0.5575
656	3.2536
657	1.6192
658	3.9258
659	0.2915
660	1.2146
661	3.7366
662	2.6224
663	0.2467
664	4.2037
665	3.6262
666	0.7178
667	2.6946
668	0.4618
669	2.6045
670	3.5067
671	2.0603
672	3.8176
673	3.4069
674	2.19
675	3.1739
676	0.7718
677	1.5241
678	3.6374
679	1.8205
680	3.3012
681	3.0392
682	2.2684
683	3.4441
684	3.4012
685	3.2406
686	0.112
687	1.9297
688	2.1647
689	3.7437
690	3.1835
691	3.7745
692	0.5808
693	2.1165
694	0.0367
695	0.1491
696	1.1316
697	1.3869
698	3.7273
699	2.1405
700	1.7288
701	3.9398
702	3.2487
703	0.8445
704	3.6006
705	2.608
706	2.8262
707	4.0551
708	2.0228
709	3.5783
710	3.5367
711	3.641
712	2.0332
713	1.0396
714	3.9779
715	1.8851
716	2.4943
717	0.6486
718	1.3675
719	3.2385
720	0.5352
721	4.0972
722	2.3805
723	0.4241
724	1.3028
725	3.5751
726	3.7877
727	0.7919
728	3.1332
729	3.5959
730	2.2736
731	0.3679
732	3.86
733	2.9507
734	2.936
735	2.3668
736	3.3099
737	0.871
738	0.9342
739	2.5578
740	3.5066
741	3.2523
742	1.8017
743	0.3038
744	3.9734
745	2.5371
746	0.0837
747	1.201
748	2.7671
749	3.0685
750	3.8827
751	3.7912
752	0.9956
753	3.7795
754	0.0268
755	3.6645
756	2.4506
757	1.3589
758	1.3084
759	0.085
760	3.1135
761	2.0552
762	3.9758
763	0.301
764	1.1548
765	3.7279
766	2.5654
767	0.2166
768	4.6642
769	3.5363
770	0.5824
771	2.6594
772	0.3627
773	2.5113
774	3.4105
775	2.0021
776	3.6103
777	3.4189
778	2.0855
779	3.112
780	0.7303
781	1.4792
782	3.6788
783	1.8721
784	3.2424
785	3.1846
786	2.1489
787	3.5304
788	3.3986
789	3.2346
790	0.1395
791	1.8703
792	2.2018
793	3.6394
794	3.1329
795	3.7425
796	0.3986
797	2.4566
798	0.3408
799	0.2893
800	1.1156
801	1.2468
802	3.7179
803	1.9729
804	2.0064
805	4.4037
806	3.1977
807	0.7298
808	3.5232
809	2.8472
810	2.7763
811	3.904
812	1.9615
813	3.4771
814	3.4249
815	3.501
816	2.0084
817	1.0638
818	4.0105
819	1.4623
820	2.4667
821	0.5267
822	1.4159
823	3.227
824	0.4107
825	3.9985
826	2.2651
827	0.58
828	1.6419
829	3.5749
830	3.6777
831	0.7354
832	3.1196
833	3.0829
834	2.2397
835	0.5281
836	3.9139
837	3.1253
838	2.9575
839	2.0484
840	3.3174
841	0.5077
842	1.0206
843	2.4564
844	3.4422
845	3.1362
846	1.7299
847	0.2868
848	3.9681
849	2.7536
850	0.0844
851	1.1083
852	2.6761
853	3.0552
854	3.9259
855	3.7583
856	0.8878
857	3.7861
858	0.0294
859	3.5345
860	2.3819
861	1.3935
862	1.2545
863	0.2963
864	3.0708
865	1.743
866	3.9136
867	0.2708
868	1.008
869	3.7136
870	2.5147
871	0.208
872	3.9309
873	3.5319
874	0.6068
875	2.5375
876	0.3849
877	2.3257
878	3.4037
879	1.8832
880	3.6225
881	3.5306
882	1.986
883	3.0601
884	0.7429
885	1.1523
886	3.6062
887	1.8103
888	3.304
889	3.1176
890	2.0853
891	3.5342
892	3.281
893	3.1629
894	0.111
895	1.6942
896	2.1734
897	3.6541
898	3.069
899	3.7246
900	0.3878
901	1.8173
902	0.0379
903	0.2417
904	0.8735
905	1.2772
906	3.663
907	1.6349
908	1.7675
909	4.4651
910	3.1853
911	0.7655
912	3.639
913	2.5481
914	2.7997
915	3.8308
916	2.1307
917	3.463
918	3.3575
919	3.4706
920	1.8993
921	1.0739
922	3.981
923	1.5332
924	2.4521
925	0.359
926	1.3107
927	3.1968
928	0.5753
929	3.9738
930	2.2437
931	0.0512
932	2.2588
933	3.6837
934	3.6963
935	0.7472
936	3.0826
937	2.9357
938	2.3898
939	0.4158
940	3.8632
941	2.8226
942	2.9098
943	1.9534
944	3.2357
945	0.5711
946	0.9299
947	2.404
948	3.3693
949	3.1563
950	1.8629
951	0.2854
952	3.9443
953	2.1613
954	0.5726
955	0.9979
956	2.6967
957	2.999
958	3.9217
959	3.6863
960	0.8693
961	3.7167
962	0.2116
963	3.6023
964	2.2872
965	1.2576
966	1.35
967	0.1487
968	3.0342
969	1.2172
970	3.9669
971	0.2493
972	0.9356
973	3.6243
974	2.4809
975	0.1543
976	3.8192
977	3.434
978	0.4268
979	2.5033
980	0.3732
981	2.4742
982	3.3298
983	1.737
984	3.7135
985	3.4461
986	2.085
987	3.1293
988	0.7321
989	0.8038
990	3.5658
991	1.8157
992	3.2099
993	3.0701
994	2.0732
995	3.3823
996	3.2872
997	3.1801
998	0.1481
999	1.6967
1000	2.0732
1001	3.5432
1002	3.027
1003	3.6592
1004	0.455
1005	1.9134
1006	0.1302
1007	0.2078
1008	0.9742
1009	1.2573
1010	3.6178
1011	1.7894
1012	1.7587
1013	3.7385
1014	3.1426
1015	0.7234
1016	3.5162
1017	2.7188
1018	2.7886
1019	3.758
1020	1.9765
1021	3.4497
1022	3.3148
1023	3.4266
1024	1.8608
1025	0.8552
1026	3.8784
1027	1.7596
1028	2.3136
1029	0.1471
1030	1.2908
1031	3.1517
1032	0.4633
1033	4.0212
1034	2.1807
1035	0.3241
1036	1.1182
1037	3.4624
1038	3.6331
1039	0.8146
1040	3.0812
