Step	Loss
1	2.1582
2	2.7642
3	2.6052
4	1.9166
5	3.9539
6	2.6694
7	2.3382
8	1.1674
9	3.3345
10	1.0371
11	3.6233
12	3.2754
13	0.553
14	0.3291
15	0.808
16	2.5115
17	2.4899
18	3.0893
19	1.0553
20	2.1525
21	2.6049
22	0.2806
23	0.8872
24	1.0765
25	2.385
26	2.72
27	1.7525
28	1.6229
29	2.4712
30	0.6016
31	1.2887
32	3.6694
33	3.0711
34	1.0595
35	2.3928
36	1.6042
37	1.0537
38	1.3779
39	0.1916
40	2.4376
41	1.73
42	0.2317
43	2.5808
44	2.3619
45	0.1318
46	1.6045
47	2.6699
48	0.5066
49	1.964
50	2.5427
51	3.4127
52	1.0851
53	1.8887
54	2.7016
55	2.1299
56	3.0455
57	2.7077
58	2.1328
59	2.434
60	0.1709
61	4.1053
62	2.399
63	2.8225
64	1.7234
65	0.3723
66	1.1712
67	1.8157
68	2.5851
69	2.8066
70	1.7742
71	3.2465
72	0.442
73	2.411
74	2.4181
75	0.2717
76	1.031
77	2.2982
78	0.9614
79	1.1671
80	0.6162
81	1.3576
82	1.8568
83	2.396
84	2.308
85	0.1646
86	2.1938
87	2.1786
88	0.1615
89	1.1766
90	5.4677
91	1.8109
92	0.8781
93	0.0717
94	3.0191
95	2.0007
96	3.4433
97	0.7007
98	2.3007
99	2.2616
100	1.6803
101	0.2842
102	2.4097
103	0.6623
104	1.3461
105	0.9732
106	2.455
107	2.4755
108	1.6616
109	3.0482
110	2.3472
111	2.0761
112	0.8711
113	3.0195
114	0.7332
115	3.19
116	3.1944
117	0.2417
118	0.1832
119	0.182
120	2.5166
121	2.4088
122	3.0472
123	0.6819
124	1.9248
125	2.4249
126	0.0256
127	0.8558
128	0.9605
129	2.2969
130	2.6691
131	1.4171
132	1.3077
133	2.3881
134	0.5553
135	1.0279
136	3.6516
137	2.967
138	1.044
139	2.2459
140	1.6263
141	0.785
142	1.1341
143	0.1373
144	1.3721
145	1.5915
146	0.1848
147	2.5067
148	2.2661
149	0.0431
150	1.2849
151	2.5889
152	0.524
153	1.9197
154	2.4124
155	3.2245
156	0.9221
157	1.9124
158	2.5433
159	2.0476
160	2.9734
161	2.5326
162	2.0624
163	2.2663
164	0.1478
165	4.2002
166	2.3669
167	2.8066
168	1.5226
169	0.2518
170	0.6121
171	1.796
172	2.4284
173	2.7466
174	1.7105
175	3.1796
176	0.5021
177	2.2989
178	2.3519
179	0.2667
180	0.9004
181	2.1862
182	0.741
183	0.8602
184	0.2753
185	1.2395
186	1.8444
187	2.3116
188	2.0559
189	0.2965
190	1.8111
191	2.1204
192	0.0905
193	0.9868
194	4.1306
195	1.6923
196	0.5504
197	0.1394
198	2.9274
199	1.9335
200	3.3098
201	0.5627
202	2.1889
203	2.0534
204	1.4646
205	0.2094
206	2.4745
207	0.6158
208	1.2401
209	0.8377
210	2.3911
211	2.3956
212	1.6404
213	2.6034
214	2.158
215	1.9568
216	0.6229
217	2.8521
218	0.48
219	2.8741
220	3.0592
221	0.2451
222	0.1543
223	0.1717
224	2.4543
225	2.3912
226	2.5551
227	0.3753
228	1.6713
229	2.4012
230	0.0102
231	0.8325
232	0.9524
233	2.2528
234	2.5525
235	1.2977
236	1.2086
237	2.361
238	0.4822
239	1.0721
240	3.5118
241	2.8357
242	0.9117
243	2.1874
244	1.4594
245	0.4177
246	1.0232
247	0.1105
248	0.6866
249	1.3929
250	0.107
251	2.5004
252	2.1503
253	0.054
254	1.1381
255	2.4355
256	0.5167
257	1.8919
258	2.3674
259	3.0961
260	0.8321
261	1.7874
262	1.9381
263	1.8984
264	2.9166
265	2.4674
266	2.0351
267	2.2007
268	0.134
269	4.179
270	2.3342
271	2.7649
272	1.384
273	0.2096
274	0.3313
275	1.6161
276	2.0489
277	2.2578
278	1.6883
279	3.1919
280	0.4379
281	2.2812
282	2.3196
283	0.1779
284	0.8643
285	1.9916
286	0.508
287	0.8606
288	0.1988
289	1.1294
290	1.8395
291	2.1526
292	1.876
293	0.0171
294	1.6567
295	2.0283
296	0.0572
297	0.7984
298	1.7799
299	1.7502
300	0.4778
301	0.0211
302	2.7621
303	1.9053
304	3.1142
305	0.4469
306	2.0449
307	1.713
308	1.2466
309	0.0007
310	2.407
311	0.5611
312	1.0875
313	0.7126
314	2.1752
315	2.318
316	1.5749
317	1.9481
318	1.8906
319	1.6928
320	0.552
321	2.5383
322	0.4509
323	2.2622
324	3.0363
325	0.1699
326	0.1997
327	0.0624
328	2.4094
329	2.3419
330	1.9804
331	0.2642
332	1.4144
333	2.2465
334	0.0153
335	0.917
336	0.8988
337	2.2363
338	2.5731
339	1.1309
340	1.2539
341	2.2678
342	0.3492
343	1.0497
344	3.3892
345	2.7425
346	0.8433
347	2.1101
348	1.3628
349	0.4191
350	1.2482
351	0.1019
352	0.3169
353	1.1596
354	0.1025
355	2.4879
356	2.1298
357	0.0294
358	1.0602
359	2.4249
360	0.516
361	1.8336
362	2.3418
363	2.8841
364	0.8311
365	1.5878
366	1.6084
367	1.8489
368	2.8522
369	2.3419
370	2.0106
371	1.9675
372	0.1232
373	3.8631
374	2.1408
375	2.7635
376	1.2704
377	0.1503
378	0.3243
379	1.5388
380	1.9096
381	2.162
382	1.6388
383	3.1275
384	0.4685
385	2.2069
386	2.0794
387	0.1912
388	0.6492
389	1.8641
390	0.2673
391	0.7962
392	0.1869
393	1.0976
394	1.7465
395	1.9531
396	1.8128
397	0.0092
398	0.3819
399	2.0251
400	0.229
401	0.7892
402	1.1323
403	1.7521
404	0.2937
405	0.0192
406	2.7198
407	1.8473
408	3.1418
409	0.3117
410	2.1385
411	1.6693
412	1.1249
413	0.0021
414	2.4077
415	0.6465
416	0.9746
417	0.6729
418	2.0131
419	2.2056
420	1.6428
421	1.5931
422	1.8946
423	1.7062
424	0.5165
425	2.5541
426	0.4715
427	1.9533
428	2.8113
429	0.1216
430	0.1394
431	0.0274
432	2.4363
433	2.3245
434	1.7357
435	0.217
436	1.1492
437	2.0939
438	0.014
439	0.8921
440	0.8694
441	2.1791
442	2.541
443	1.0621
444	1.1834
445	2.245
446	0.356
447	0.8995
448	3.4003
449	2.7034
450	0.712
451	2.0658
452	1.2831
453	0.4453
454	0.7847
455	0.0859
456	0.0411
457	1.0329
458	0.0742
459	2.4077
460	2.0002
461	0.0522
462	0.9906
463	2.196
464	0.3618
465	1.7083
466	2.1058
467	2.6619
468	0.7396
469	1.6496
470	1.4197
471	1.798
472	2.7901
473	2.2253
474	1.9829
475	1.8685
476	0.1212
477	3.7366
478	2.0755
479	2.6947
480	1.1681
481	0.1588
482	0.0779
483	1.4091
484	1.2026
485	1.7764
486	1.5591
487	3.1481
488	0.3612
489	2.1572
490	2.0469
491	0.2695
492	0.6586
493	1.6907
494	0.1983
495	0.6787
496	0.1947
497	1.0622
498	1.7406
499	1.9545
500	1.8142
501	0.004
502	0.017
503	1.9642
504	0.0045
505	0.5244
506	0.2755
507	1.4959
508	0.1566
509	0.0458
510	2.6996
511	1.7252
512	2.8516
513	0.1679
514	2.1302
515	1.5683
516	0.9505
517	0.0027
518	2.25
519	0.3298
520	0.8385
521	0.2466
522	2.0056
523	2.1856
524	1.5047
525	1.0342
526	1.5976
527	1.3323
528	0.4304
529	2.1715
530	0.1847
531	1.4512
532	2.7632
533	0.0704
534	0.1217
535	0.0078
536	2.3106
537	2.2997
538	1.483
539	0.305
540	1.1153
541	1.9895
542	0.011
543	0.8314
544	0.7799
545	2.2229
546	2.4191
547	0.9979
548	0.8881
549	2.1708
550	0.1328
551	0.7601
552	3.2742
553	2.6194
554	0.7511
555	2.0015
556	1.2405
557	0.2859
558	0.3519
559	0.0779
560	0.0582
561	0.896
562	0.0473
563	2.2952
564	1.9013
565	0.0468
566	0.8558
567	2.1737
568	0.4179
569	1.5987
570	2.0808
571	2.575
572	0.675
573	1.5824
574	1.2838
575	1.7035
576	2.7681
577	2.2738
578	1.875
579	1.6703
580	0.1263
581	3.4211
582	2.1003
583	2.7174
584	1.1509
585	0.1232
586	0.0874
587	1.1337
588	0.8806
589	1.5177
590	1.5413
591	3.008
592	0.4013
593	2.0334
594	1.9658
595	0.2482
596	0.5555
597	1.6379
598	0.2682
599	0.687
600	0.1041
601	0.9805
602	1.6545
603	1.783
604	1.659
605	0.0057
606	0.0115
607	2.0067
608	0.0071
609	0.5311
610	0.0418
611	1.2296
612	0.1538
613	0.009
614	2.5542
615	1.7496
616	2.7757
617	0.2254
618	2.0524
619	1.3793
620	0.7232
621	0.0007
622	2.2564
623	0.5533
624	0.8507
625	0.1771
626	1.5639
627	2.0124
628	1.421
629	0.9455
630	1.4121
631	1.2215
632	0.4638
633	1.9641
634	0.2121
635	0.9597
636	2.5911
637	0.0453
638	0.123
639	0.001
640	2.2822
641	2.2382
642	1.0476
643	0.1583
644	0.8598
645	1.9151
646	0.0242
647	0.7199
648	0.7817
649	2.1379
650	2.3677
651	0.8553
652	0.9821
653	2.0672
654	0.2269
655	0.6805
656	3.1191
657	2.6451
658	0.5087
659	1.9056
660	1.2052
661	0.1136
662	0.2884
663	0.0756
664	0.0492
665	0.7667
666	0.0664
667	2.2989
668	1.7903
669	0.0243
670	0.7134
671	2.1274
672	0.3703
673	1.4847
674	1.9604
675	2.2781
676	0.6145
677	1.3557
678	1.0264
679	1.5425
680	2.64
681	1.9916
682	1.804
683	1.5684
684	0.1194
685	3.2871
686	1.8434
687	2.7256
688	0.9862
689	0.0878
690	0.0136
691	1.0788
692	0.734
693	1.2192
694	1.4642
695	2.9438
696	0.2694
697	2.0399
698	1.8774
699	0.1991
700	0.5226
701	1.4705
702	0.1751
703	0.4982
704	0.0989
705	1.0109
706	1.7393
707	1.6958
708	1.4668
709	0.014
710	0.1168
711	1.967
712	0.0096
713	0.3439
714	0.0341
715	1.1259
716	0.1478
717	0.002
718	2.5032
719	1.6596
720	2.6943
721	0.0828
722	1.9168
723	1.2122
724	0.6469
725	0.0005
726	2.169
727	0.4393
728	0.7733
729	0.1385
730	1.5974
731	2.0028
732	1.408
733	0.6328
734	1.3121
735	1.0107
736	0.3492
737	1.8194
738	0.1942
739	0.5224
740	2.4449
741	0.127
742	0.0915
743	0.0393
744	2.2358
745	2.1943
746	0.7673
747	0.1202
748	0.849
749	1.8539
750	0.0022
751	0.5057
752	0.7184
753	2.1271
754	2.4155
755	0.8264
756	0.8719
757	2.021
758	0.0655
759	0.5992
760	3.0992
761	2.5004
762	0.5321
763	1.8698
764	0.9733
765	0.0988
766	0.1784
767	0.0422
768	0.0094
769	0.7654
770	0.0893
771	2.3082
772	1.6757
773	0.0209
774	0.5534
775	2.0177
776	0.345
777	1.4082
778	1.6632
779	2.0958
780	0.6355
781	1.3833
782	0.8285
783	1.5095
784	2.5979
785	2.0529
786	1.7661
787	1.3288
788	0.0875
789	3.064
790	1.7873
791	2.646
792	1.0083
793	0.1456
794	0.0274
795	0.8699
796	0.4783
797	0.8037
798	1.2444
799	2.8828
800	0.3265
801	1.984
802	1.5956
803	0.2706
804	0.4765
805	1.3673
806	0.0511
807	0.5238
808	0.1557
809	0.8599
810	1.6446
811	1.6299
812	1.4997
813	0.0018
814	0.0084
815	1.9605
816	0.0034
817	0.3587
818	0.0464
819	0.938
820	0.0817
821	0.0042
822	2.3324
823	1.5898
824	2.5192
825	0.0685
826	1.8091
827	0.9817
828	0.5186
829	0.0006
830	2.0701
831	0.1894
832	0.7348
833	0.1421
834	1.1922
835	1.8021
836	1.276
837	0.3127
838	1.1774
839	0.8151
840	0.2018
841	1.6522
842	0.1297
843	0.5825
844	2.3532
845	0.0303
846	0.1105
847	0.0027
848	2.1611
849	2.1968
850	0.6942
851	0.128
852	0.5202
853	1.7331
854	0.0025
855	0.6691
856	0.6668
857	2.0957
858	2.2997
859	0.7015
860	0.5659
861	1.9459
862	0.1606
863	0.4381
864	3.0663
865	2.4776
866	0.4059
867	1.8057
868	0.6065
869	0.0842
870	0.1443
871	0.0582
872	0.015
873	0.5672
874	0.0787
875	2.1052
876	1.5633
877	0.0131
878	0.6876
879	1.8617
880	0.2794
881	1.3117
882	1.5955
883	1.6369
884	0.5716
885	1.2979
886	0.7836
887	1.4485
888	2.5497
889	1.9057
890	1.7257
891	1.2543
892	0.1264
893	2.7828
894	1.6113
895	2.6175
896	0.7157
897	0.0904
898	0.0507
899	0.7921
900	0.3911
901	0.7076
902	1.3464
903	2.91
904	0.2879
905	1.9773
906	1.4985
907	0.1661
908	0.4259
909	1.2159
910	0.0334
911	0.4311
912	0.096
913	0.6861
914	1.6061
915	1.4682
916	1.3136
917	0.0021
918	0.0033
919	1.9754
920	0.0011
921	0.2965
922	0.0126
923	0.8832
924	0.0368
925	0.0008
926	2.3015
927	1.5783
928	2.4685
929	0.0281
930	1.8243
931	0.7597
932	0.4039
933	0.0009
934	2.0444
935	0.1221
936	0.7534
937	0.0786
938	1.071
939	1.6879
940	1.2928
941	0.2675
942	1.0112
943	0.8573
944	0.3137
945	1.4393
946	0.2228
947	0.6394
948	2.2265
949	0.0563
950	0.0278
951	0.0052
952	2.0316
953	2.1596
954	0.1849
955	0.0706
956	0.6108
957	1.7241
958	0.0016
959	0.4289
960	0.6861
961	2.0269
962	2.2433
963	0.6602
964	0.562
965	1.9082
966	0.0208
967	0.2948
968	2.8867
969	2.3739
970	0.4107
971	1.6015
972	0.7587
973	0.0875
974	0.1439
975	0.033
976	0.0128
977	0.5687
978	0.0586
979	2.0241
980	1.498
981	0.0053
982	0.3786
983	1.7613
984	0.4059
985	1.3376
986	1.4789
987	1.5082
988	0.4727
989	1.2381
990	0.6137
991	1.3293
992	2.4165
993	1.7173
994	1.6693
995	1.0946
996	0.103
997	2.5127
998	1.4955
999	2.5593
1000	0.6624
1001	0.0638
1002	0.0532
1003	0.788
1004	0.2081
1005	0.6908
1006	1.2284
1007	2.7468
1008	0.2422
1009	1.8474
1010	1.4213
1011	0.2153
1012	0.4228
1013	1.1043
1014	0.0553
1015	0.3464
1016	0.0775
1017	0.6116
1018	1.5532
1019	1.4234
1020	1.192
1021	0.0041
1022	0.004
1023	1.916
1024	0.0011
1025	0.3866
1026	0.0058
1027	0.6963
1028	0.0447
1029	0.0035
1030	2.2573
1031	1.5525
1032	2.2041
1033	0.0646
1034	1.8618
1035	0.8383
1036	0.1379
1037	0.0002
1038	1.974
1039	0.2608
1040	0.7357
