Step	Loss(S)	Loss(T)	fwd_S	fwd_T	rev_S	rev_T
1	4.036	0.0	4.036	4.54	4.173	5.121
2	3.004	0.0	3.004	2.518	2.815	2.867
3	2.072	0.0	2.072	2.551	2.478	3.395
4	3.462	0.0	3.462	0.8396	4.637	1.018
5	1.755	0.0	1.755	1.531	2.167	1.812
6	2.558	0.0	2.558	3.437	2.997	4.041
7	2.799	0.0	2.799	0.9446	2.859	1.148
8	2.713	0.0	2.713	0.9666	3.371	1.146
9	1.265	0.0	1.265	0.4009	1.583	0.4445
10	1.024	0.0	1.024	0.7502	1.182	0.923
11	2.267	0.0	2.267	1.839	3.073	2.28
12	1.32	0.0	1.32	1.071	2.016	1.494
13	1.58	0.0	1.58	1.517	1.845	2.049
14	1.494	0.0	1.494	1.207	2.155	1.703
15	1.64	0.0	1.64	1.233	2.122	1.466
16	1.427	0.0	1.427	0.5012	1.825	0.6722
17	0.4587	0.0	0.4587	1.14	0.5908	1.536
18	0.4296	0.0	0.4296	0.3749	0.4958	0.4228
19	1.495	0.0	1.495	1.406	1.815	1.64
20	0.558	0.0	0.558	0.6246	0.6835	0.8545
21	0.6473	0.0	0.6473	1.747	0.8178	1.785
22	0.701	0.0	0.701	0.7443	0.8405	0.8647
23	0.99	0.0	0.99	1.521	1.195	1.728
24	0.5854	0.0	0.5854	1.095	0.6943	1.375
25	1.28	0.0	1.28	1.095	1.385	1.2
26	1.049	0.0	1.049	0.5997	1.279	0.7755
27	0.6279	0.0	0.6279	0.4094	0.8095	0.4914
28	0.5386	0.0	0.5386	0.6357	0.6952	0.8497
29	0.6309	0.0	0.6309	0.4672	0.8671	0.6271
30	0.2587	0.0	0.2587	0.8188	0.3453	1.134
31	0.8853	0.0	0.8853	1.244	1.095	1.517
32	0.422	0.0	0.422	0.459	0.5803	0.5589
33	0.481	0.0	0.481	0.3835	0.6025	0.5353
34	0.8628	0.0	0.8628	0.7284	1.045	0.8508
35	0.947	0.0	0.947	1.344	1.045	1.556
36	0.5412	0.0	0.5412	0.5278	0.817	0.7816
37	0.6238	0.0	0.6238	0.4567	0.9386	0.5857
38	1.01	0.0	1.01	0.6852	1.176	0.7634
39	0.4094	0.0	0.4094	0.4598	0.5782	0.571
40	0.5136	0.0	0.5136	0.6083	0.6686	0.808
41	0.5504	0.0	0.5504	0.9462	0.6292	1.213
42	0.5343	0.0	0.5343	0.3967	0.7167	0.5127
43	0.7185	0.0	0.7185	0.3551	0.8822	0.4039
44	0.3087	0.0	0.3087	0.3643	0.3873	0.4909
45	0.3225	0.0	0.3225	0.2788	0.4656	0.4273
46	0.2756	0.0	0.2756	0.3458	0.4126	0.4682
47	0.6873	0.0	0.6873	0.5521	0.7899	0.648
48	0.6275	0.0	0.6275	0.3424	0.8103	0.4753
49	0.8332	0.0	0.8332	0.5165	1.131	0.6838
50	1.14	0.0	1.14	1.254	1.233	1.445
51	0.8241	0.0	0.8241	1.145	1.072	1.449
52	1.076	0.0	1.076	0.8622	1.144	0.9772
53	0.4646	0.0	0.4646	0.8148	0.5722	1.005
54	0.8246	0.0	0.8246	0.8785	0.9729	1.034
55	0.5179	0.0	0.5179	0.346	0.6993	0.4148
56	0.3739	0.0	0.3739	0.292	0.4508	0.3985
57	0.5803	0.0	0.5803	0.4103	0.9181	0.5887
58	0.2329	0.0	0.2329	0.7265	0.3405	0.8105
59	0.7829	0.0	0.7829	0.5673	0.9816	0.673
60	0.4062	0.0	0.4062	0.3184	0.5362	0.4209
61	1.131	0.0	1.131	1.102	1.224	1.277
62	0.4574	0.0	0.4574	0.8873	0.5718	1.107
63	1.19	0.0	1.19	1.167	1.324	1.345
64	0.7729	0.0	0.7729	0.6398	0.8874	0.7401
65	0.4384	0.0	0.4384	0.366	0.6426	0.5277
66	1.021	0.0	1.021	0.674	1.148	0.8152
67	0.5028	0.0	0.5028	0.3555	0.6564	0.5016
68	0.7361	0.0	0.7361	0.8035	0.9393	0.9078
69	0.4118	0.0	0.4118	0.5246	0.6074	0.8073
70	0.734	0.0	0.734	0.6259	0.9049	0.8342
71	0.7314	0.0	0.7314	0.7984	0.9167	1.008
72	0.4052	0.0	0.4052	0.3386	0.529	0.4494
73	0.3358	0.0	0.3358	0.337	0.4772	0.4643
74	0.9623	0.0	0.9623	1.088	1.242	1.303
75	0.3464	0.0	0.3464	0.4242	0.4015	0.5328
76	0.7322	0.0	0.7322	0.7004	0.7534	0.8201
77	0.6309	0.0	0.6309	0.3664	0.7665	0.482
78	0.3328	0.0	0.3328	0.3113	0.4769	0.465
79	0.4028	0.0	0.4028	0.4953	0.5822	0.697
80	0.7134	0.0	0.7134	0.5868	0.8635	0.6672
81	0.8712	0.0	0.8712	0.9449	1.06	1.126
82	0.4012	0.0	0.4012	0.4997	0.535	0.7496
83	1.099	0.0	1.099	0.5654	1.327	0.6299
84	0.6217	0.0	0.6217	0.2704	0.6998	0.3258
85	0.2585	0.0	0.2585	0.4875	0.3479	0.6179
86	0.2638	0.0	0.2638	0.4251	0.3818	0.558
87	0.5751	0.0	0.5751	0.4963	0.7157	0.7209
88	0.3638	0.0	0.3638	0.2199	0.4372	0.3088
89	0.4083	0.0	0.4083	0.4016	0.5	0.5012
90	0.6252	0.0	0.6252	0.6303	0.79	0.712
91	0.3554	0.0	0.3554	0.3938	0.4933	0.5002
92	0.5429	0.0	0.5429	0.4608	0.7574	0.5768
93	0.2982	0.0	0.2982	0.3334	0.4238	0.4901
94	0.764	0.0	0.764	0.5625	0.8557	0.6543
95	0.4738	0.0	0.4738	0.2412	0.6138	0.2682
96	0.3102	0.0	0.3102	0.6867	0.4267	0.8372
97	0.7086	0.0	0.7086	0.9669	0.9624	1.127
98	0.2837	0.0	0.2837	0.1928	0.4611	0.2583
99	0.4172	0.0	0.4172	0.3491	0.567	0.4495
100	0.7448	0.0	0.7448	0.4927	0.8231	0.6937
101	0.484	0.0	0.484	0.945	0.5587	1.07
102	0.3333	0.0	0.3333	0.448	0.3563	0.6718
103	0.8035	0.0	0.8035	0.7576	1.032	0.8771
104	1.047	0.0	1.047	0.7963	1.395	1.02
105	0.4447	0.0	0.4447	0.4367	0.5853	0.6234
106	0.2958	0.0	0.2958	0.566	0.3351	0.6528
107	0.3367	0.0	0.3367	0.3783	0.4559	0.5871
108	0.3506	0.0	0.3506	0.3537	0.4132	0.4408
109	0.5569	0.0	0.5569	0.4443	0.7136	0.5137
110	0.8982	0.0	0.8982	0.8383	1.018	1.09
111	0.2926	0.0	0.2926	0.3128	0.4155	0.446
112	1.129	0.0	1.129	0.8831	1.344	1.13
113	0.4343	0.0	0.4343	0.4525	0.5413	0.5714
114	0.3219	0.0	0.3219	0.263	0.4357	0.3524
115	0.6792	0.0	0.6792	0.9215	0.8514	1.139
116	0.4311	0.0	0.4311	0.4106	0.5444	0.5119
117	0.714	0.0	0.714	1.013	0.8423	1.244
118	0.508	0.0	0.508	0.3821	0.6143	0.4714
119	0.5137	0.0	0.5137	1.095	0.6204	1.355
120	0.6084	0.0	0.6084	0.3203	0.7197	0.4518
121	0.3528	0.0	0.3528	0.4092	0.4434	0.5744
122	0.2551	0.0	0.2551	0.3045	0.3348	0.3908
123	0.5199	0.0	0.5199	0.8464	0.7495	0.9653
124	0.2664	0.0	0.2664	0.325	0.3505	0.4708
125	0.7311	0.0	0.7311	0.812	0.852	0.9056
126	0.596	0.0	0.596	0.5344	0.7076	0.6074
127	0.7262	0.0	0.7262	0.9043	0.8742	1.048
128	0.4455	0.0	0.4455	0.6788	0.5835	0.8636
129	0.2561	0.0	0.2561	0.9011	0.3122	0.988
130	0.3624	0.0	0.3624	0.808	0.4633	0.9427
131	0.9486	0.0	0.9486	0.8411	1.078	0.9724
132	0.359	0.0	0.359	0.4719	0.4673	0.6429
133	0.1648	0.0	0.1648	0.2496	0.2105	0.3325
134	0.1873	0.0	0.1873	0.6693	0.22	0.8765
135	0.24	0.0	0.24	0.7721	0.2548	0.8729
136	0.4294	0.0	0.4294	0.2538	0.607	0.363
137	0.3028	0.0	0.3028	0.3216	0.4199	0.5783
138	0.6517	0.0	0.6517	0.6327	0.8416	0.6902
139	1.069	0.0	1.069	0.7509	1.274	0.9056
140	0.4319	0.0	0.4319	0.291	0.5399	0.3602
141	0.3647	0.0	0.3647	0.3629	0.4417	0.5207
142	0.5794	0.0	0.5794	0.4428	0.7417	0.5407
143	0.3199	0.0	0.3199	0.3584	0.4612	0.4746
144	0.3909	0.0	0.3909	0.3947	0.546	0.5115
145	0.3985	0.0	0.3985	0.4253	0.4724	0.5541
146	0.307	0.0	0.307	0.4052	0.4005	0.5578
147	0.5056	0.0	0.5056	0.6674	0.6542	0.7963
148	0.3166	0.0	0.3166	0.4371	0.4472	0.548
149	0.2627	0.0	0.2627	0.2451	0.2929	0.3435
150	0.2449	0.0	0.2449	0.2111	0.3328	0.305
151	0.8825	0.0	0.8825	0.932	1.126	1.135
152	0.4841	0.0	0.4841	0.3418	0.6555	0.4242
153	0.7522	0.0	0.7522	0.553	0.8927	0.8008
154	0.786	0.0	0.786	0.8697	0.8415	1.029
155	0.6838	0.0	0.6838	1.007	0.9097	1.304
156	0.8832	0.0	0.8832	0.517	0.9469	0.572
157	0.3426	0.0	0.3426	0.6588	0.4039	0.8609
158	0.2993	0.0	0.2993	0.7259	0.3373	0.8513
159	0.3851	0.0	0.3851	0.3637	0.5204	0.4908
160	0.3989	0.0	0.3989	0.3166	0.4619	0.4708
161	0.3215	0.0	0.3215	0.3501	0.442	0.5107
162	0.214	0.0	0.214	0.2433	0.2677	0.3129
163	0.7167	0.0	0.7167	0.5061	0.8712	0.5577
164	0.3564	0.0	0.3564	0.2779	0.4879	0.3626
165	0.9507	0.0	0.9507	1.187	1.167	1.581
166	0.9325	0.0	0.9325	1.061	1.116	1.346
167	0.3065	0.0	0.3065	0.8116	0.3536	1.018
168	0.3835	0.0	0.3835	0.4908	0.4724	0.5659
169	0.2957	0.0	0.2957	0.4566	0.396	0.6276
170	0.4205	0.0	0.4205	0.356	0.5315	0.4308
171	0.2715	0.0	0.2715	0.5813	0.3416	0.6734
172	0.3026	0.0	0.3026	0.773	0.3552	0.8943
173	0.3466	0.0	0.3466	0.2627	0.4701	0.3418
174	0.3568	0.0	0.3568	0.8169	0.4434	1.094
175	0.5142	0.0	0.5142	0.8884	0.6004	1.15
176	0.256	0.0	0.256	0.2297	0.3528	0.3246
177	0.2874	0.0	0.2874	0.2605	0.392	0.3014
178	0.6813	0.0	0.6813	0.5421	0.9414	0.7044
179	0.3543	0.0	0.3543	0.3456	0.4949	0.4041
180	0.4966	0.0	0.4966	0.3446	0.531	0.385
181	0.3775	0.0	0.3775	0.3199	0.4249	0.4164
182	0.2821	0.0	0.2821	0.2089	0.3738	0.3036
183	0.3519	0.0	0.3519	0.2151	0.4185	0.2994
184	0.7352	0.0	0.7352	0.4432	0.8515	0.6042
185	0.7923	0.0	0.7923	0.6135	0.9308	0.8514
186	0.2917	0.0	0.2917	0.2383	0.4145	0.3257
187	0.8263	0.0	0.8263	0.9515	1.006	1.324
188	0.3799	0.0	0.3799	0.4638	0.5064	0.5623
189	0.2277	0.0	0.2277	0.2641	0.2976	0.3509
190	0.2474	0.0	0.2474	0.3047	0.2893	0.3712
191	0.6653	0.0	0.6653	0.2964	0.7944	0.437
192	0.2931	0.0	0.2931	0.2629	0.3866	0.3286
193	0.3687	0.0	0.3687	0.4827	0.4645	0.6365
194	1.165	0.0	1.165	0.7662	1.353	0.9262
195	0.2627	0.0	0.2627	0.3157	0.3157	0.4298
196	0.6148	0.0	0.6148	0.4043	0.6843	0.4647
197	0.2935	0.0	0.2935	0.2728	0.4358	0.399
198	0.3099	0.0	0.3099	0.4928	0.3962	0.6377
199	0.3101	0.0	0.3101	0.304	0.3879	0.3865
200	0.2667	0.0	0.2667	0.5182	0.3119	0.6007
201	0.5422	0.0	0.5422	0.2356	0.6716	0.2981
202	0.3244	0.0	0.3244	0.3117	0.3948	0.3882
203	0.3958	0.0	0.3958	0.3324	0.4864	0.4232
204	0.328	0.0	0.328	0.4537	0.3949	0.5858
205	0.4422	0.0	0.4422	0.3128	0.5283	0.353
206	0.1921	0.0	0.1921	0.3287	0.2475	0.4722
207	0.7322	0.0	0.7322	0.606	0.9954	0.7983
208	0.5779	0.0	0.5779	0.957	0.6735	1.275
209	0.4965	0.0	0.4965	0.3413	0.6194	0.4664
210	0.2427	0.0	0.2427	0.4119	0.2571	0.5032
211	0.2656	0.0	0.2656	0.2946	0.3585	0.3755
212	0.326	0.0	0.326	0.5319	0.4311	0.7287
213	0.2666	0.0	0.2666	0.6031	0.3551	0.8332
214	0.7437	0.0	0.7437	0.6484	0.9287	0.7816
215	0.3059	0.0	0.3059	0.3063	0.4155	0.4582
216	0.6446	0.0	0.6446	0.887	0.8084	1.219
217	0.4311	0.0	0.4311	0.4315	0.4981	0.5286
218	0.3389	0.0	0.3389	0.2207	0.5131	0.3365
219	0.4632	0.0	0.4632	0.9498	0.5576	1.155
220	0.281	0.0	0.281	0.3098	0.3784	0.3985
221	0.8541	0.0	0.8541	0.9632	1.018	1.333
222	0.3689	0.0	0.3689	0.471	0.4335	0.632
223	0.6567	0.0	0.6567	0.7995	0.8289	1.033
224	0.3574	0.0	0.3574	0.345	0.4988	0.434
225	0.392	0.0	0.392	0.2851	0.462	0.3861
226	0.2962	0.0	0.2962	0.1959	0.437	0.2273
227	0.4652	0.0	0.4652	0.6234	0.5943	0.7141
228	0.3442	0.0	0.3442	0.3591	0.4925	0.5823
229	0.8078	0.0	0.8078	0.5626	1.021	0.7073
230	0.3582	0.0	0.3582	0.3857	0.412	0.4182
231	0.6429	0.0	0.6429	0.6044	0.7744	0.7109
232	0.6914	0.0	0.6914	0.6757	0.9613	0.8274
233	0.7871	0.0	0.7871	0.8711	0.8816	0.9967
234	0.9582	0.0	0.9582	0.7431	1.182	0.9052
235	0.6898	0.0	0.6898	0.3781	0.7931	0.4925
236	0.3331	0.0	0.3331	0.3852	0.441	0.5921
237	0.2254	0.0	0.2254	0.2361	0.3168	0.3415
238	0.4928	0.0	0.4928	0.7866	0.613	0.9082
239	0.582	0.0	0.582	0.5032	0.6517	0.5669
240	0.3318	0.0	0.3318	0.2901	0.3766	0.4073
241	0.333	0.0	0.333	0.4125	0.4913	0.6271
242	0.7648	0.0	0.7648	0.4762	0.8429	0.505
243	0.5855	0.0	0.5855	0.8776	0.7144	1.005
244	0.3419	0.0	0.3419	0.3986	0.4309	0.5072
245	0.462	0.0	0.462	0.2413	0.6745	0.3322
246	0.4945	0.0	0.4945	0.2922	0.5163	0.3546
247	0.2525	0.0	0.2525	0.2579	0.3406	0.3506
248	0.3184	0.0	0.3184	0.4322	0.4214	0.59
249	0.509	0.0	0.509	0.1518	0.5993	0.2106
250	0.394	0.0	0.394	0.271	0.5318	0.3215
251	0.8898	0.0	0.8898	0.7517	1.055	0.8075
252	0.2649	0.0	0.2649	0.1707	0.3113	0.2103
253	0.4119	0.0	0.4119	0.2547	0.5426	0.3452
254	0.1967	0.0	0.1967	0.2223	0.2811	0.3244
255	0.3204	0.0	0.3204	0.6565	0.3579	0.7567
256	0.3337	0.0	0.3337	0.2314	0.3903	0.2898
257	0.4455	0.0	0.4455	0.4315	0.5551	0.605
258	0.6702	0.0	0.6702	0.844	0.7293	1.005
259	0.6077	0.0	0.6077	0.5211	0.8112	0.6835
260	0.6366	0.0	0.6366	0.2578	0.7328	0.3057
261	0.4377	0.0	0.4377	0.2487	0.5526	0.3127
262	0.9131	0.0	0.9131	0.6335	1.069	0.7261
263	0.2526	0.0	0.2526	0.2593	0.3128	0.2967
264	0.5441	0.0	0.5441	0.1955	0.5647	0.2692
265	0.2628	0.0	0.2628	0.2962	0.3646	0.4098
266	0.2621	0.0	0.2621	0.2355	0.3392	0.3047
267	0.5301	0.0	0.5301	0.5856	0.7035	0.7192
268	0.2834	0.0	0.2834	0.268	0.4274	0.3791
269	0.4018	0.0	0.4018	0.883	0.4665	1.074
270	0.7908	0.0	0.7908	0.4391	0.9369	0.5481
271	0.4146	0.0	0.4146	0.4207	0.5275	0.4769
272	0.5673	0.0	0.5673	0.7173	0.6047	0.8753
273	0.2794	0.0	0.2794	0.3168	0.385	0.4719
274	0.6097	0.0	0.6097	0.4603	0.6993	0.5702
275	0.4168	0.0	0.4168	0.2371	0.576	0.2989
276	0.7948	0.0	0.7948	0.4345	1.087	0.5001
277	0.3051	0.0	0.3051	0.3188	0.395	0.4508
278	0.3583	0.0	0.3583	0.8811	0.4675	1.098
279	0.6528	0.0	0.6528	0.6712	0.8253	0.9271
280	0.2906	0.0	0.2906	0.2353	0.4181	0.2994
281	0.2607	0.0	0.2607	0.3129	0.3559	0.4191
282	0.405	0.0	0.405	0.3595	0.4923	0.3856
283	0.2857	0.0	0.2857	0.285	0.3734	0.3661
284	0.4947	0.0	0.4947	0.7181	0.5458	0.8026
285	0.4834	0.0	0.4834	0.2932	0.638	0.3886
286	0.2255	0.0	0.2255	0.167	0.3107	0.2282
287	0.2754	0.0	0.2754	0.3063	0.3667	0.409
288	0.8218	0.0	0.8218	0.6012	0.9659	0.7027
289	0.399	0.0	0.399	0.773	0.5064	1.013
290	0.3602	0.0	0.3602	0.2208	0.5228	0.3002
291	0.4596	0.0	0.4596	0.6881	0.5867	0.8282
292	0.3194	0.0	0.3194	0.2533	0.4026	0.3189
293	0.5191	0.0	0.5191	0.3205	0.6237	0.4225
294	0.4577	0.0	0.4577	0.3163	0.6283	0.3654
295	0.4626	0.0	0.4626	0.2445	0.6697	0.3071
296	0.2525	0.0	0.2525	0.2759	0.3198	0.3328
297	0.3942	0.0	0.3942	0.3537	0.4907	0.4326
298	0.6491	0.0	0.6491	0.7222	0.7696	0.8606
299	0.3065	0.0	0.3065	0.2257	0.4247	0.2975
300	0.5636	0.0	0.5636	0.3264	0.6993	0.4263
301	0.321	0.0	0.321	0.2802	0.5237	0.4032
302	0.5928	0.0	0.5928	0.9019	0.6897	1.055
303	0.3112	0.0	0.3112	0.3354	0.3582	0.4542
304	0.2357	0.0	0.2357	0.2387	0.313	0.3203
305	0.2803	0.0	0.2803	0.2967	0.3537	0.3261
306	0.2561	0.0	0.2561	0.2804	0.303	0.3602
307	0.3661	0.0	0.3661	0.4202	0.4198	0.4788
308	0.31	0.0	0.31	0.3238	0.403	0.3855
309	0.3535	0.0	0.3535	0.5691	0.4126	0.6808
310	0.2661	0.0	0.2661	0.3895	0.4027	0.5247
311	0.6235	0.0	0.6235	0.6507	0.768	0.8633
312	1.059	0.0	1.059	0.6938	1.363	0.9698
313	0.3213	0.0	0.3213	0.3776	0.468	0.4554
314	0.4436	0.0	0.4436	0.5465	0.5307	0.6857
315	0.2546	0.0	0.2546	0.2448	0.3395	0.315
316	0.3715	0.0	0.3715	0.2732	0.458	0.3262
317	0.2642	0.0	0.2642	0.4944	0.3561	0.578
318	0.5612	0.0	0.5612	0.6072	0.6509	0.6813
319	0.3872	0.0	0.3872	0.289	0.5534	0.4438
320	0.4404	0.0	0.4404	0.5277	0.5585	0.6283
321	0.4294	0.0	0.4294	0.258	0.5804	0.3831
322	0.2441	0.0	0.2441	0.2484	0.3383	0.3091
323	0.5186	0.0	0.5186	0.8354	0.6168	0.9755
324	0.4242	0.0	0.4242	0.2514	0.5275	0.2936
325	0.9392	0.0	0.9392	0.9109	1.294	1.182
326	0.5556	0.0	0.5556	0.5016	0.6783	0.6535
327	0.833	0.0	0.833	0.769	0.9809	0.9572
328	0.3438	0.0	0.3438	0.2577	0.4689	0.3331
329	0.2333	0.0	0.2333	0.4124	0.2843	0.557
330	0.2059	0.0	0.2059	0.1904	0.2577	0.2497
331	0.2564	0.0	0.2564	0.8091	0.3161	1.019
332	0.3298	0.0	0.3298	0.2954	0.4337	0.4468
333	0.7473	0.0	0.7473	0.8344	0.9038	0.9341
334	0.3301	0.0	0.3301	0.3317	0.4018	0.3934
335	0.6553	0.0	0.6553	0.7052	0.8693	0.9331
336	0.535	0.0	0.535	0.5806	0.6496	0.7651
337	0.6827	0.0	0.6827	0.7663	0.7299	0.8572
338	0.5228	0.0	0.5228	0.6766	0.6243	0.8106
339	0.3175	0.0	0.3175	0.3135	0.4098	0.3286
340	0.3639	0.0	0.3639	0.349	0.5329	0.5188
341	0.1964	0.0	0.1964	0.2196	0.286	0.2868
342	0.5965	0.0	0.5965	0.5979	0.6884	0.7447
343	0.4757	0.0	0.4757	0.6849	0.6093	0.8113
344	0.2176	0.0	0.2176	0.2843	0.2686	0.3779
345	0.345	0.0	0.345	0.3387	0.494	0.6487
346	0.7402	0.0	0.7402	0.7388	0.827	0.8822
347	0.8371	0.0	0.8371	0.794	1.126	0.9243
348	0.2696	0.0	0.2696	0.2371	0.3428	0.3462
349	0.2132	0.0	0.2132	0.2676	0.3166	0.4041
350	0.5638	0.0	0.5638	0.417	0.613	0.4993
351	0.2671	0.0	0.2671	0.2161	0.3553	0.296
352	0.2404	0.0	0.2404	0.3254	0.3657	0.5089
353	0.2336	0.0	0.2336	0.2237	0.3069	0.2942
354	0.2849	0.0	0.2849	0.3107	0.3561	0.4211
355	0.3063	0.0	0.3063	0.5347	0.3415	0.6549
356	0.261	0.0	0.261	0.3219	0.3263	0.4009
357	0.2093	0.0	0.2093	0.1961	0.27	0.2484
358	0.1758	0.0	0.1758	0.1876	0.2785	0.2899
359	0.7018	0.0	0.7018	0.7771	0.8255	0.8603
360	0.4745	0.0	0.4745	0.3206	0.5219	0.4115
361	0.4114	0.0	0.4114	0.5809	0.6107	0.7137
362	0.344	0.0	0.344	0.9428	0.4108	1.186
363	0.6744	0.0	0.6744	0.5574	0.8083	0.6594
364	0.1943	0.0	0.1943	0.5182	0.2544	0.5962
365	0.7628	0.0	0.7628	0.2634	1.082	0.4122
366	0.6775	0.0	0.6775	0.6226	0.7908	0.7779
367	0.5526	0.0	0.5526	0.279	0.6655	0.3361
368	0.3448	0.0	0.3448	0.189	0.4675	0.2896
369	0.2336	0.0	0.2336	0.2869	0.2763	0.4537
370	0.237	0.0	0.237	0.3044	0.3181	0.394
371	0.7881	0.0	0.7881	0.5824	1.015	0.7324
372	0.2422	0.0	0.2422	0.356	0.3196	0.4567
373	0.5639	0.0	0.5639	1.016	0.628	1.328
374	0.6614	0.0	0.6614	0.4794	0.7679	0.6349
375	0.6823	0.0	0.6823	0.32	0.7651	0.4256
376	0.7265	0.0	0.7265	0.5483	0.8672	0.6126
377	0.3127	0.0	0.3127	0.196	0.4615	0.2472
378	0.2253	0.0	0.2253	0.774	0.2357	1.01
379	0.24	0.0	0.24	0.2533	0.3433	0.3407
380	0.4525	0.0	0.4525	0.4759	0.6355	0.5821
381	0.3125	0.0	0.3125	0.2746	0.4387	0.3921
382	0.3404	0.0	0.3404	0.2603	0.4374	0.2994
383	0.5843	0.0	0.5843	0.3367	0.6862	0.3893
384	0.2123	0.0	0.2123	0.2194	0.2927	0.2776
385	0.3812	0.0	0.3812	0.2618	0.485	0.3332
386	0.3617	0.0	0.3617	0.4399	0.4738	0.5735
387	0.2797	0.0	0.2797	0.3289	0.3741	0.4712
388	0.8192	0.0	0.8192	0.4558	0.9048	0.5146
389	0.1944	0.0	0.1944	0.3362	0.25	0.5067
390	0.1942	0.0	0.1942	0.2128	0.2662	0.2746
391	0.2395	0.0	0.2395	0.2106	0.3182	0.2767
392	0.6278	0.0	0.6278	0.6436	0.7794	0.6762
393	0.2941	0.0	0.2941	0.5005	0.3627	0.6332
394	0.3952	0.0	0.3952	0.3505	0.5242	0.4789
395	0.7694	0.0	0.7694	0.6438	0.9723	0.7997
396	0.2976	0.0	0.2976	0.2327	0.3959	0.2997
397	0.5221	0.0	0.5221	0.2524	0.6238	0.3324
398	0.3706	0.0	0.3706	0.3375	0.502	0.4064
399	0.3753	0.0	0.3753	0.2921	0.5398	0.4521
400	0.2172	0.0	0.2172	0.275	0.3192	0.3877
401	0.3478	0.0	0.3478	0.3747	0.4129	0.4448
402	0.6261	0.0	0.6261	0.5232	0.6549	0.6103
403	0.3567	0.0	0.3567	0.3509	0.4829	0.4685
404	0.3367	0.0	0.3367	0.2592	0.434	0.3987
405	0.3624	0.0	0.3624	0.2062	0.4071	0.2618
406	0.551	0.0	0.551	0.5555	0.6254	0.6307
407	0.301	0.0	0.301	0.305	0.3632	0.4086
408	0.2929	0.0	0.2929	0.2868	0.3767	0.3849
409	0.3317	0.0	0.3317	0.3681	0.4124	0.4486
410	0.1874	0.0	0.1874	0.198	0.2759	0.3083
411	0.4236	0.0	0.4236	0.2865	0.4756	0.3895
412	0.2829	0.0	0.2829	0.2719	0.3222	0.33
413	0.735	0.0	0.735	0.9075	0.8244	1.035
414	0.3106	0.0	0.3106	0.2946	0.3721	0.3839
415	0.6884	0.0	0.6884	0.3382	0.9074	0.3617
416	0.4132	0.0	0.4132	0.6587	0.5005	0.9364
417	0.3052	0.0	0.3052	0.3947	0.3618	0.5399
418	0.3084	0.0	0.3084	0.8807	0.383	1.042
419	0.2054	0.0	0.2054	0.2381	0.2926	0.3595
420	0.2983	0.0	0.2983	0.2276	0.3964	0.3167
421	0.2292	0.0	0.2292	0.2737	0.3222	0.3963
422	0.3121	0.0	0.3121	0.6464	0.4024	0.7503
423	0.2482	0.0	0.2482	0.2817	0.3316	0.4139
424	0.6654	0.0	0.6654	0.603	0.8557	0.7977
425	0.3206	0.0	0.3206	0.5908	0.3893	0.6933
426	0.2586	0.0	0.2586	0.3318	0.3114	0.4167
427	0.7874	0.0	0.7874	0.6558	0.8884	0.8244
428	0.5539	0.0	0.5539	0.3309	0.6579	0.4632
429	0.4743	0.0	0.4743	0.7373	0.5684	0.9624
430	0.3576	0.0	0.3576	0.6915	0.4282	0.7834
431	0.6921	0.0	0.6921	0.5893	0.8164	0.6652
432	0.2448	0.0	0.2448	0.4169	0.3319	0.5117
433	0.2949	0.0	0.2949	0.5672	0.3649	0.7844
434	0.2164	0.0	0.2164	0.2439	0.2865	0.2933
435	0.7809	0.0	0.7809	0.6076	0.9386	0.6414
436	0.3539	0.0	0.3539	0.305	0.5632	0.3823
437	0.6575	0.0	0.6575	0.7919	0.7485	1.01
438	0.4381	0.0	0.4381	0.4001	0.6165	0.4887
439	0.5122	0.0	0.5122	0.9086	0.621	1.154
440	0.5502	0.0	0.5502	0.744	0.6782	1.032
441	0.6159	0.0	0.6159	0.6776	0.6736	0.7554
442	0.6867	0.0	0.6867	0.3524	0.8549	0.4423
443	0.281	0.0	0.281	0.4165	0.3816	0.5641
444	0.2176	0.0	0.2176	0.2904	0.2919	0.4184
445	0.3259	0.0	0.3259	0.2115	0.4525	0.2397
446	0.6648	0.0	0.6648	0.628	0.7493	0.7965
447	0.7373	0.0	0.7373	0.8783	0.8329	1.041
448	0.2378	0.0	0.2378	0.2119	0.3245	0.3261
449	0.2675	0.0	0.2675	0.2852	0.3483	0.4324
450	0.5372	0.0	0.5372	0.2687	0.5717	0.3197
451	0.5779	0.0	0.5779	0.521	0.6729	0.6717
452	0.3268	0.0	0.3268	0.3028	0.4427	0.4624
453	0.6129	0.0	0.6129	0.3264	0.8367	0.4845
454	0.4459	0.0	0.4459	0.6644	0.5104	0.7448
455	0.2388	0.0	0.2388	0.2596	0.3439	0.3712
456	0.3761	0.0	0.3761	0.2976	0.532	0.4288
457	0.2724	0.0	0.2724	0.2752	0.4257	0.37
458	0.2244	0.0	0.2244	0.3234	0.2914	0.4737
459	0.4867	0.0	0.4867	0.5023	0.5035	0.6891
460	0.4007	0.0	0.4007	0.3271	0.5207	0.4192
461	0.2027	0.0	0.2027	0.2568	0.2723	0.3768
462	0.6509	0.0	0.6509	0.1404	0.8026	0.1946
463	0.9101	0.0	0.9101	0.6751	1.144	0.8394
464	0.3617	0.0	0.3617	0.1696	0.4403	0.2048
465	0.6925	0.0	0.6925	0.5989	0.7633	0.8239
466	0.7218	0.0	0.7218	0.9401	0.8339	1.121
467	0.5467	0.0	0.5467	0.4594	0.6735	0.5893
468	0.3735	0.0	0.3735	0.8089	0.4386	0.8841
469	0.6442	0.0	0.6442	0.6082	0.8418	0.7943
470	0.5238	0.0	0.5238	0.4576	0.5824	0.5688
471	0.2671	0.0	0.2671	0.3651	0.3103	0.5412
472	0.2219	0.0	0.2219	0.1732	0.3158	0.2434
473	0.252	0.0	0.252	0.434	0.395	0.6815
474	0.2181	0.0	0.2181	0.2402	0.3018	0.2817
475	0.5049	0.0	0.5049	0.5418	0.6639	0.6583
476	0.2693	0.0	0.2693	0.2926	0.2929	0.4439
477	0.9869	0.0	0.9869	0.9137	1.289	1.089
478	0.4615	0.0	0.4615	0.415	0.5653	0.4954
479	0.5898	0.0	0.5898	0.7136	0.76	0.8562
480	0.6596	0.0	0.6596	0.4941	0.8018	0.5557
481	0.4494	0.0	0.4494	0.3728	0.4846	0.5127
482	0.6841	0.0	0.6841	0.6226	0.8207	0.7562
483	0.2392	0.0	0.2392	0.2327	0.2872	0.2906
484	0.7416	0.0	0.7416	0.7298	0.9473	0.861
485	0.3444	0.0	0.3444	0.4279	0.5113	0.5927
486	0.1825	0.0	0.1825	0.6919	0.2532	0.8322
487	0.2971	0.0	0.2971	0.5805	0.3624	0.7621
488	0.4149	0.0	0.4149	0.2488	0.5068	0.3432
489	0.3443	0.0	0.3443	0.306	0.4577	0.3937
490	0.2787	0.0	0.2787	0.2927	0.2996	0.3038
491	0.44	0.0	0.44	0.1845	0.5948	0.2377
492	0.7322	0.0	0.7322	0.3481	0.8594	0.4157
493	0.3874	0.0	0.3874	0.2985	0.5036	0.3703
494	0.2927	0.0	0.2927	0.1841	0.341	0.2498
495	0.4551	0.0	0.4551	0.283	0.6991	0.3656
496	0.6978	0.0	0.6978	0.773	0.8715	1.046
497	0.3686	0.0	0.3686	0.5217	0.4833	0.6893
498	0.2895	0.0	0.2895	0.1913	0.3714	0.2415
499	0.6831	0.0	0.6831	0.6264	0.8924	0.8166
500	0.1995	0.0	0.1995	0.2109	0.2338	0.2745
501	0.303	0.0	0.303	0.2796	0.4353	0.3611
502	0.3553	0.0	0.3553	0.2743	0.4693	0.3409
503	0.2784	0.0	0.2784	0.2496	0.3749	0.3555
504	0.4026	0.0	0.4026	0.3344	0.582	0.4717
505	0.3508	0.0	0.3508	0.2826	0.4277	0.3973
506	0.4309	0.0	0.4309	0.4396	0.4744	0.521
507	0.2331	0.0	0.2331	0.3137	0.3233	0.4413
508	0.3775	0.0	0.3775	0.3469	0.481	0.4941
509	0.3085	0.0	0.3085	0.2893	0.4872	0.4592
510	0.3447	0.0	0.3447	0.5289	0.3845	0.5662
511	0.2231	0.0	0.2231	0.2683	0.3065	0.3664
512	0.319	0.0	0.319	0.4343	0.3722	0.5319
513	0.4733	0.0	0.4733	0.5984	0.5782	0.7632
514	0.3076	0.0	0.3076	0.2073	0.523	0.2533
515	0.2237	0.0	0.2237	0.5186	0.2887	0.6784
516	0.6715	0.0	0.6715	0.2359	0.8774	0.2882
517	0.5587	0.0	0.5587	0.6252	0.5955	0.7089
518	0.279	0.0	0.279	0.2351	0.3525	0.3647
519	0.6588	0.0	0.6588	0.4932	0.7357	0.5766
520	0.5768	0.0	0.5768	0.8935	0.7196	1.19
521	0.3742	0.0	0.3742	0.3683	0.5363	0.5445
522	0.5359	0.0	0.5359	0.418	0.6651	0.4615
523	0.2395	0.0	0.2395	0.2435	0.3417	0.3248
524	0.2532	0.0	0.2532	0.2439	0.3361	0.324
525	0.2947	0.0	0.2947	0.2928	0.4311	0.425
526	0.5141	0.0	0.5141	0.6158	0.6425	0.7528
527	0.2833	0.0	0.2833	0.244	0.3871	0.3565
528	0.7704	0.0	0.7704	0.6213	1.003	0.6928
529	0.3102	0.0	0.3102	0.4546	0.3805	0.6231
530	0.384	0.0	0.384	0.1924	0.4937	0.2919
531	0.8064	0.0	0.8064	0.5352	0.9757	0.613
532	0.423	0.0	0.423	0.2594	0.4976	0.354
533	0.7752	0.0	0.7752	0.6069	0.8699	0.7077
534	0.351	0.0	0.351	0.51	0.4491	0.6457
535	0.3762	0.0	0.3762	0.7939	0.4331	1.098
536	0.3084	0.0	0.3084	0.2957	0.3895	0.3809
537	0.3962	0.0	0.3962	0.3334	0.4733	0.4453
538	0.2064	0.0	0.2064	0.2032	0.2616	0.2359
539	0.3762	0.0	0.3762	0.3963	0.4709	0.4639
540	0.3199	0.0	0.3199	0.2549	0.4263	0.3693
541	0.6966	0.0	0.6966	0.4927	0.7709	0.5744
542	0.249	0.0	0.249	0.1944	0.2936	0.2274
543	0.3713	0.0	0.3713	0.7126	0.4331	0.8343
544	0.5606	0.0	0.5606	0.6495	0.7733	0.795
545	0.5838	0.0	0.5838	0.8457	0.6317	0.9386
546	0.7242	0.0	0.7242	0.455	0.819	0.539
547	0.4216	0.0	0.4216	0.4679	0.5448	0.6448
548	0.3127	0.0	0.3127	0.2712	0.406	0.373
549	0.3026	0.0	0.3026	0.1638	0.3915	0.2253
550	0.3525	0.0	0.3525	0.5773	0.4657	0.7231
551	0.4768	0.0	0.4768	0.616	0.5501	0.7271
552	0.3389	0.0	0.3389	0.242	0.4442	0.3102
553	0.3697	0.0	0.3697	0.2847	0.5309	0.4176
554	0.4439	0.0	0.4439	0.2445	0.4756	0.2869
555	0.7102	0.0	0.7102	0.5335	0.851	0.642
556	0.2739	0.0	0.2739	0.3711	0.3507	0.4694
557	0.4653	0.0	0.4653	0.2949	0.6007	0.4097
558	0.6447	0.0	0.6447	0.5059	0.6675	0.5618
559	0.2232	0.0	0.2232	0.2533	0.3182	0.3652
560	0.2397	0.0	0.2397	0.2228	0.327	0.3185
561	0.4007	0.0	0.4007	0.3762	0.4664	0.5356
562	0.2749	0.0	0.2749	0.3745	0.3653	0.5341
563	0.4168	0.0	0.4168	0.6055	0.4791	0.721
564	0.1931	0.0	0.1931	0.1866	0.2412	0.2487
565	0.2208	0.0	0.2208	0.1671	0.29	0.2205
566	0.1144	0.0	0.1144	0.1346	0.1608	0.1678
567	0.3805	0.0	0.3805	0.5286	0.421	0.6984
568	0.3416	0.0	0.3416	0.2098	0.4612	0.2554
569	0.5267	0.0	0.5267	0.4673	0.6643	0.5463
570	0.537	0.0	0.537	0.3556	0.6497	0.443
571	0.6384	0.0	0.6384	0.4826	0.8566	0.6244
572	0.3545	0.0	0.3545	0.5535	0.4229	0.6224
573	0.4609	0.0	0.4609	0.5272	0.5733	0.6933
574	0.2953	0.0	0.2953	0.5739	0.3538	0.7186
575	0.2858	0.0	0.2858	0.2342	0.3608	0.3138
576	0.2149	0.0	0.2149	0.2293	0.2664	0.3216
577	0.3279	0.0	0.3279	0.1862	0.4751	0.2702
578	0.2815	0.0	0.2815	0.2109	0.377	0.28
579	0.6453	0.0	0.6453	0.4777	0.8416	0.594
580	0.2735	0.0	0.2735	0.2629	0.3685	0.338
581	0.7477	0.0	0.7477	0.6728	0.9595	0.7589
582	0.4791	0.0	0.4791	0.5156	0.5609	0.5776
583	0.6142	0.0	0.6142	0.5066	0.6762	0.628
584	0.54	0.0	0.54	0.7026	0.5716	0.8304
585	0.3592	0.0	0.3592	0.213	0.4764	0.2952
586	0.6707	0.0	0.6707	0.5783	0.8798	0.7527
587	0.2192	0.0	0.2192	0.1921	0.3056	0.2486
588	0.6033	0.0	0.6033	0.4596	0.7998	0.5609
589	0.3331	0.0	0.3331	0.3282	0.5205	0.5042
590	0.5093	0.0	0.5093	0.4678	0.6243	0.5559
591	0.6907	0.0	0.6907	0.7621	0.9273	0.9858
592	0.2573	0.0	0.2573	0.2271	0.383	0.317
593	0.2983	0.0	0.2983	0.2737	0.3988	0.3659
594	0.5478	0.0	0.5478	0.7438	0.6431	0.9629
595	0.2314	0.0	0.2314	0.2597	0.3248	0.3415
596	0.7394	0.0	0.7394	0.6677	0.8876	0.7425
597	0.2594	0.0	0.2594	0.4628	0.3503	0.6051
598	0.1878	0.0	0.1878	0.1761	0.2445	0.2123
599	0.217	0.0	0.217	0.2033	0.2503	0.2611
600	0.4996	0.0	0.4996	0.4322	0.6062	0.4664
601	0.4635	0.0	0.4635	0.4982	0.6289	0.5776
602	0.249	0.0	0.249	0.2978	0.3253	0.3983
603	0.5402	0.0	0.5402	0.5171	0.6683	0.682
604	0.2693	0.0	0.2693	0.235	0.3807	0.2909
605	0.2117	0.0	0.2117	0.1802	0.2834	0.2229
606	0.2902	0.0	0.2902	0.2709	0.3375	0.3344
607	0.2745	0.0	0.2745	0.4403	0.3283	0.4979
608	0.1593	0.0	0.1593	0.2315	0.2282	0.2817
609	0.2985	0.0	0.2985	0.3714	0.3689	0.4892
610	0.5881	0.0	0.5881	0.3609	0.752	0.5337
611	0.3133	0.0	0.3133	0.2534	0.4544	0.3285
612	0.5699	0.0	0.5699	0.433	0.6735	0.5497
613	0.2408	0.0	0.2408	0.2229	0.346	0.329
614	0.6009	0.0	0.6009	0.3219	0.6667	0.3819
615	0.3586	0.0	0.3586	0.2132	0.4516	0.2802
616	0.383	0.0	0.383	0.2494	0.5089	0.3195
617	0.4253	0.0	0.4253	0.1929	0.5718	0.2379
618	0.3922	0.0	0.3922	0.2922	0.4888	0.3964
619	0.2799	0.0	0.2799	0.2926	0.3466	0.3919
620	0.4259	0.0	0.4259	0.4933	0.4883	0.6667
621	0.47	0.0	0.47	0.3047	0.5315	0.3341
622	0.3597	0.0	0.3597	0.2895	0.474	0.3563
623	0.6683	0.0	0.6683	0.7585	0.9556	0.9114
624	0.2825	0.0	0.2825	0.7244	0.317	0.9711
625	0.4037	0.0	0.4037	0.345	0.5217	0.4958
626	0.495	0.0	0.495	0.3661	0.6936	0.4302
627	0.2503	0.0	0.2503	0.2462	0.3054	0.3385
628	0.2821	0.0	0.2821	0.2745	0.3679	0.3618
629	0.2394	0.0	0.2394	0.2906	0.3473	0.36
630	0.3332	0.0	0.3332	0.6183	0.4032	0.7899
631	0.2339	0.0	0.2339	0.2877	0.3471	0.4257
632	0.729	0.0	0.729	0.7027	0.8299	0.8551
633	0.4495	0.0	0.4495	0.3511	0.5167	0.3771
634	0.3624	0.0	0.3624	0.2977	0.4454	0.3868
635	0.6319	0.0	0.6319	0.8449	0.6869	1.032
636	0.339	0.0	0.339	0.3057	0.4248	0.4143
637	0.8171	0.0	0.8171	0.8724	1.097	1.267
638	0.5608	0.0	0.5608	0.622	0.5989	0.8556
639	0.4921	0.0	0.4921	0.7845	0.574	1.088
640	0.3377	0.0	0.3377	0.2558	0.3991	0.3205
641	0.2771	0.0	0.2771	0.2606	0.3346	0.3155
642	0.2905	0.0	0.2905	0.2404	0.3155	0.3302
643	0.6874	0.0	0.6874	0.5211	0.7939	0.6704
644	0.3365	0.0	0.3365	0.2224	0.5209	0.3324
645	0.6411	0.0	0.6411	0.7941	0.8283	1.0
646	0.4195	0.0	0.4195	0.3526	0.5068	0.3981
647	0.7038	0.0	0.7038	0.5692	0.8031	0.7026
648	0.3476	0.0	0.3476	0.6069	0.4422	0.7896
649	0.6362	0.0	0.6362	0.4747	0.731	0.5587
650	0.7118	0.0	0.7118	0.5999	0.8281	0.7135
651	0.4275	0.0	0.4275	0.329	0.4734	0.4334
652	0.2831	0.0	0.2831	0.2888	0.3622	0.4216
653	0.5542	0.0	0.5542	0.1654	0.6831	0.242
654	0.5686	0.0	0.5686	0.6855	0.7204	0.8389
655	0.57	0.0	0.57	0.5389	0.6275	0.6187
656	0.1943	0.0	0.1943	0.3053	0.277	0.425
657	0.3726	0.0	0.3726	0.5125	0.4753	0.6456
658	0.5787	0.0	0.5787	0.7208	0.6273	0.7617
659	0.7211	0.0	0.7211	0.6697	0.8287	0.8785
660	0.2906	0.0	0.2906	0.2178	0.3588	0.2904
661	0.2265	0.0	0.2265	0.3487	0.2635	0.3819
662	0.5835	0.0	0.5835	0.6373	0.7115	0.7777
663	0.2026	0.0	0.2026	0.2217	0.2892	0.3173
664	0.2055	0.0	0.2055	0.2993	0.2655	0.4289
665	0.2569	0.0	0.2569	0.2639	0.3571	0.3622
666	0.3111	0.0	0.3111	0.283	0.4105	0.3797
667	0.5249	0.0	0.5249	0.4051	0.6261	0.4942
668	0.2301	0.0	0.2301	0.2029	0.2827	0.2904
669	0.3633	0.0	0.3633	0.1792	0.3956	0.2339
670	0.156	0.0	0.156	0.1416	0.2283	0.1877
671	0.6232	0.0	0.6232	0.5753	0.8002	0.7282
672	0.2409	0.0	0.2409	0.2468	0.2932	0.3661
673	0.653	0.0	0.653	0.4865	0.7449	0.5952
674	0.5667	0.0	0.5667	0.7333	0.6472	0.9801
675	0.7541	0.0	0.7541	0.6019	0.97	0.7988
676	0.6045	0.0	0.6045	0.5862	0.6608	0.7123
677	0.5991	0.0	0.5991	0.2271	0.7231	0.299
678	0.5711	0.0	0.5711	0.3345	0.6657	0.3953
679	0.3883	0.0	0.3883	0.4093	0.4906	0.5982
680	0.2468	0.0	0.2468	0.1684	0.3303	0.2253
681	0.2823	0.0	0.2823	0.308	0.4149	0.4758
682	0.2088	0.0	0.2088	0.2133	0.2788	0.3122
683	0.5096	0.0	0.5096	0.4337	0.6596	0.5288
684	0.3335	0.0	0.3335	0.2274	0.4813	0.3124
685	0.7142	0.0	0.7142	1.001	0.8048	1.299
686	0.6903	0.0	0.6903	0.3753	0.7729	0.4925
687	0.4462	0.0	0.4462	0.5258	0.4939	0.6362
688	0.3816	0.0	0.3816	0.589	0.424	0.6812
689	0.3654	0.0	0.3654	0.2333	0.443	0.2986
690	0.5563	0.0	0.5563	0.4967	0.6368	0.6192
691	0.3782	0.0	0.3782	0.2169	0.4702	0.3118
692	0.6237	0.0	0.6237	0.4458	0.7672	0.5898
693	0.2584	0.0	0.2584	0.2689	0.3825	0.3947
694	0.3893	0.0	0.3893	0.3182	0.4891	0.403
695	0.5038	0.0	0.5038	0.6721	0.5828	0.8078
696	0.2508	0.0	0.2508	0.1726	0.2967	0.2311
697	0.3335	0.0	0.3335	0.2873	0.3756	0.3732
698	0.2926	0.0	0.2926	0.2521	0.3272	0.2989
699	0.2869	0.0	0.2869	0.3023	0.3912	0.4433
700	0.7473	0.0	0.7473	0.4111	0.991	0.4674
701	0.2741	0.0	0.2741	0.4783	0.3043	0.601
702	0.2253	0.0	0.2253	0.1729	0.3149	0.2358
703	0.2062	0.0	0.2062	0.226	0.2565	0.2879
704	0.5049	0.0	0.5049	0.7588	0.5592	0.9468
705	0.8834	0.0	0.8834	0.5245	1.079	0.7119
706	0.3348	0.0	0.3348	0.3919	0.4348	0.5902
707	0.4533	0.0	0.4533	0.283	0.6055	0.3349
708	0.262	0.0	0.262	0.2624	0.322	0.3559
709	0.2781	0.0	0.2781	0.2599	0.322	0.3392
710	0.5215	0.0	0.5215	0.308	0.5404	0.3382
711	0.3747	0.0	0.3747	0.3542	0.4797	0.4319
712	0.2908	0.0	0.2908	0.2988	0.4351	0.3479
713	0.4832	0.0	0.4832	0.3374	0.5642	0.4525
714	0.5495	0.0	0.5495	0.6168	0.7053	0.7525
715	0.3035	0.0	0.3035	0.3784	0.4274	0.4605
716	0.8865	0.0	0.8865	0.292	1.021	0.3622
717	0.2343	0.0	0.2343	0.2892	0.373	0.4138
718	0.5871	0.0	0.5871	0.8373	0.683	0.9703
719	0.2233	0.0	0.2233	0.3001	0.2498	0.379
720	0.3009	0.0	0.3009	0.4265	0.3554	0.5667
721	0.3953	0.0	0.3953	0.2923	0.5411	0.3327
722	0.2406	0.0	0.2406	0.3628	0.2975	0.4633
723	0.3039	0.0	0.3039	0.3366	0.363	0.4157
724	0.3649	0.0	0.3649	0.2655	0.4501	0.3418
725	0.6776	0.0	0.6776	0.6331	1.005	0.7511
726	0.3456	0.0	0.3456	0.2335	0.4154	0.3556
727	0.2719	0.0	0.2719	0.5572	0.3044	0.7684
728	0.7034	0.0	0.7034	0.6639	0.956	0.8485
729	0.3173	0.0	0.3173	0.1988	0.4195	0.2878
730	0.2474	0.0	0.2474	0.5583	0.2984	0.7244
731	0.2362	0.0	0.2362	0.2794	0.3033	0.335
732	0.4201	0.0	0.4201	0.2792	0.5035	0.3725
733	0.2964	0.0	0.2964	0.2243	0.4572	0.3182
734	0.2993	0.0	0.2993	0.4896	0.418	0.5708
735	0.229	0.0	0.229	0.221	0.3143	0.2857
736	0.405	0.0	0.405	0.4984	0.5194	0.6154
737	0.3315	0.0	0.3315	0.5382	0.3889	0.6513
738	0.3402	0.0	0.3402	0.143	0.4421	0.2022
739	0.6454	0.0	0.6454	0.5035	0.6972	0.5698
740	0.4587	0.0	0.4587	0.23	0.6275	0.3042
741	0.4308	0.0	0.4308	0.7777	0.4829	0.8961
742	0.3078	0.0	0.3078	0.5152	0.4204	0.6276
743	0.5801	0.0	0.5801	0.5284	0.6421	0.6504
744	0.277	0.0	0.277	0.4352	0.3649	0.4777
745	0.1517	0.0	0.1517	0.2058	0.1652	0.2475
746	0.1652	0.0	0.1652	0.2166	0.1975	0.2792
747	0.4961	0.0	0.4961	0.7236	0.5978	0.829
748	0.1803	0.0	0.1803	0.2445	0.2767	0.3486
749	0.6007	0.0	0.6007	0.4814	0.6966	0.5345
750	0.357	0.0	0.357	0.3303	0.4341	0.4097
751	0.5577	0.0	0.5577	0.5708	0.6699	0.701
752	0.5126	0.0	0.5126	0.7432	0.706	0.8824
753	0.4336	0.0	0.4336	0.6693	0.5341	0.7616
754	0.5105	0.0	0.5105	0.6404	0.6164	0.7678
755	0.5619	0.0	0.5619	0.2729	0.685	0.3518
756	0.3253	0.0	0.3253	0.3147	0.4594	0.4679
757	0.185	0.0	0.185	0.1737	0.2283	0.219
758	0.4732	0.0	0.4732	0.5755	0.6338	0.8088
759	0.7201	0.0	0.7201	0.2237	0.7635	0.2747
760	0.3405	0.0	0.3405	0.3306	0.4805	0.4496
761	0.3916	0.0	0.3916	0.3542	0.4849	0.4476
762	0.398	0.0	0.398	0.7223	0.4786	0.7795
763	0.3712	0.0	0.3712	0.6677	0.4598	0.8126
764	0.5293	0.0	0.5293	0.2372	0.8984	0.2915
765	0.3273	0.0	0.3273	0.2895	0.4596	0.4231
766	0.5008	0.0	0.5008	0.921	0.5973	1.09
767	0.2117	0.0	0.2117	0.2965	0.2708	0.4644
768	0.3476	0.0	0.3476	0.3165	0.4851	0.4502
769	0.2044	0.0	0.2044	0.1763	0.2631	0.2245
770	0.2303	0.0	0.2303	0.2935	0.3019	0.3941
771	0.8763	0.0	0.8763	0.5729	0.9586	0.606
772	0.4755	0.0	0.4755	0.3188	0.6022	0.4071
773	0.203	0.0	0.203	0.2023	0.2571	0.2574
774	0.1984	0.0	0.1984	0.1648	0.2538	0.2185
775	0.6725	0.0	0.6725	0.7327	0.7545	0.8821
776	0.4686	0.0	0.4686	0.2147	0.5498	0.2505
777	0.6436	0.0	0.6436	0.5298	0.7811	0.7169
778	0.5836	0.0	0.5836	0.7581	0.6859	0.9348
779	0.2237	0.0	0.2237	0.6041	0.277	0.7987
780	0.2698	0.0	0.2698	0.3671	0.3011	0.3986
781	0.5513	0.0	0.5513	0.3596	0.7772	0.456
782	0.6262	0.0	0.6262	0.5215	0.6989	0.6297
783	0.5718	0.0	0.5718	0.3236	0.6888	0.3808
784	0.2719	0.0	0.2719	0.119	0.316	0.1584
785	0.2352	0.0	0.2352	0.3375	0.3144	0.4796
786	0.6401	0.0	0.6401	0.1935	0.8064	0.2234
787	0.5624	0.0	0.5624	0.2939	0.6662	0.3533
788	0.2176	0.0	0.2176	0.234	0.2744	0.3052
789	0.7594	0.0	0.7594	0.8097	0.8988	1.022
790	0.6271	0.0	0.6271	0.8509	0.6733	0.9543
791	0.6498	0.0	0.6498	0.639	0.7155	0.8091
792	0.3528	0.0	0.3528	0.3145	0.4179	0.3507
793	0.2394	0.0	0.2394	0.1814	0.3312	0.2447
794	0.4922	0.0	0.4922	0.3967	0.551	0.4532
795	0.2618	0.0	0.2618	0.1735	0.3443	0.231
796	0.5694	0.0	0.5694	0.6062	0.7518	0.818
797	0.2418	0.0	0.2418	0.3355	0.3619	0.4401
798	0.5175	0.0	0.5175	0.6111	0.5941	0.7412
799	0.3253	0.0	0.3253	0.5828	0.3863	0.7248
800	0.1822	0.0	0.1822	0.1946	0.2157	0.262
801	0.2343	0.0	0.2343	0.2132	0.3291	0.2651
802	0.4104	0.0	0.4104	0.5175	0.4896	0.6613
803	0.3903	0.0	0.3903	0.2475	0.5608	0.3462
804	0.5375	0.0	0.5375	0.3912	0.6393	0.4559
805	0.2751	0.0	0.2751	0.3483	0.3582	0.4582
806	0.1898	0.0	0.1898	0.1835	0.2398	0.2119
807	0.2761	0.0	0.2761	0.2806	0.3614	0.351
808	0.5773	0.0	0.5773	0.5986	0.6882	0.6557
809	0.3006	0.0	0.3006	0.5913	0.3685	0.7629
810	0.3239	0.0	0.3239	0.2025	0.4202	0.2964
811	0.6595	0.0	0.6595	0.6733	0.8356	0.8968
812	0.3188	0.0	0.3188	0.198	0.4604	0.2418
813	0.1595	0.0	0.1595	0.2112	0.2272	0.2958
814	0.3052	0.0	0.3052	0.5195	0.3727	0.7356
815	0.2316	0.0	0.2316	0.1738	0.2967	0.2239
816	0.177	0.0	0.177	0.2809	0.2452	0.3402
817	0.3534	0.0	0.3534	0.3627	0.4408	0.4261
818	1.009	0.0	1.009	0.5937	1.145	0.7714
819	0.3348	0.0	0.3348	0.2799	0.4291	0.4141
820	0.3006	0.0	0.3006	0.4079	0.391	0.4906
821	0.2489	0.0	0.2489	0.5238	0.3578	0.6615
822	0.6419	0.0	0.6419	0.5071	0.7495	0.5382
823	0.2506	0.0	0.2506	0.2824	0.3447	0.3713
824	0.2173	0.0	0.2173	0.4289	0.3119	0.5757
825	0.6086	0.0	0.6086	0.4605	0.6929	0.5957
826	0.2677	0.0	0.2677	0.461	0.3762	0.6129
827	0.3108	0.0	0.3108	0.3678	0.4017	0.4425
828	0.4477	0.0	0.4477	0.2695	0.5522	0.332
829	0.6812	0.0	0.6812	0.3958	0.7914	0.4205
830	0.2293	0.0	0.2293	0.2961	0.3362	0.3934
831	0.3128	0.0	0.3128	0.4868	0.3529	0.6229
832	0.393	0.0	0.393	0.6546	0.5448	0.8819
833	0.31	0.0	0.31	0.3558	0.402	0.4848
834	0.6211	0.0	0.6211	0.5055	0.8324	0.6924
835	0.2356	0.0	0.2356	0.2438	0.3178	0.286
836	0.243	0.0	0.243	0.2951	0.2783	0.355
837	0.2282	0.0	0.2282	0.4134	0.3143	0.5513
838	0.4035	0.0	0.4035	0.6607	0.5286	0.7983
839	0.2677	0.0	0.2677	0.2091	0.397	0.2778
840	0.2965	0.0	0.2965	0.5384	0.3439	0.7416
841	0.339	0.0	0.339	0.5285	0.3961	0.5912
842	0.1507	0.0	0.1507	0.1424	0.1949	0.2164
843	0.5061	0.0	0.5061	0.7378	0.5479	0.8002
844	0.2562	0.0	0.2562	0.2787	0.2782	0.3325
845	0.54	0.0	0.54	1.001	0.6283	1.405
846	0.5395	0.0	0.5395	0.5435	0.6326	0.6255
847	0.2691	0.0	0.2691	0.5812	0.3114	0.6538
848	0.4375	0.0	0.4375	0.2376	0.5907	0.3078
849	0.3207	0.0	0.3207	0.3979	0.3948	0.5287
850	0.1952	0.0	0.1952	0.1955	0.2127	0.2673
851	0.4385	0.0	0.4385	0.5985	0.516	0.7163
852	0.2795	0.0	0.2795	0.246	0.3743	0.3987
853	0.77	0.0	0.77	0.6543	0.9346	0.8313
854	0.387	0.0	0.387	0.3062	0.4031	0.3886
855	0.6611	0.0	0.6611	0.4546	0.7722	0.5285
856	0.3699	0.0	0.3699	0.5992	0.4532	0.8097
857	0.2487	0.0	0.2487	0.3861	0.3023	0.4865
858	0.637	0.0	0.637	0.2916	0.7265	0.3753
859	0.4812	0.0	0.4812	0.3789	0.5415	0.5026
860	0.316	0.0	0.316	0.2532	0.4701	0.3805
861	0.1603	0.0	0.1603	0.1366	0.1902	0.1825
862	0.685	0.0	0.685	0.4253	0.817	0.4748
863	0.7328	0.0	0.7328	0.4449	0.819	0.4947
864	0.4858	0.0	0.4858	0.2382	0.5578	0.3551
865	0.3075	0.0	0.3075	0.2742	0.369	0.3955
866	0.4702	0.0	0.4702	0.5236	0.5134	0.5786
867	0.7313	0.0	0.7313	0.6934	0.852	0.8826
868	0.5588	0.0	0.5588	0.265	0.6084	0.3623
869	0.337	0.0	0.337	0.2503	0.4	0.3717
870	0.4828	0.0	0.4828	0.5877	0.5898	0.6571
871	0.2058	0.0	0.2058	0.2194	0.2829	0.3021
872	0.205	0.0	0.205	0.3926	0.2637	0.4983
873	0.3401	0.0	0.3401	0.1846	0.4582	0.2551
874	0.219	0.0	0.219	0.3158	0.2888	0.4483
875	0.4927	0.0	0.4927	0.4392	0.5901	0.5389
876	0.3055	0.0	0.3055	0.3283	0.3737	0.4019
877	0.3807	0.0	0.3807	0.2465	0.4928	0.2928
878	0.1549	0.0	0.1549	0.1782	0.1864	0.1757
879	0.3105	0.0	0.3105	0.5405	0.3683	0.6762
880	0.3071	0.0	0.3071	0.3057	0.3875	0.3447
881	0.7226	0.0	0.7226	0.361	0.8565	0.4222
882	0.2993	0.0	0.2993	0.5817	0.3551	0.6956
883	0.4846	0.0	0.4846	0.3567	0.6195	0.4094
884	0.3647	0.0	0.3647	0.6127	0.3897	0.705
885	0.4697	0.0	0.4697	0.7583	0.616	0.8757
886	0.3267	0.0	0.3267	0.5558	0.3983	0.6365
887	0.2707	0.0	0.2707	0.517	0.3461	0.6303
888	0.3323	0.0	0.3323	0.2285	0.4321	0.3124
889	0.3163	0.0	0.3163	0.3131	0.5004	0.4627
890	0.2029	0.0	0.2029	0.2656	0.2719	0.3716
891	0.3389	0.0	0.3389	0.3968	0.4142	0.5187
892	0.2752	0.0	0.2752	0.1883	0.34	0.269
893	0.8589	0.0	0.8589	0.5635	0.973	0.6741
894	0.7087	0.0	0.7087	0.7991	0.7862	0.8993
895	0.6873	0.0	0.6873	0.3325	0.8522	0.3796
896	0.5121	0.0	0.5121	0.4161	0.5919	0.5169
897	0.3964	0.0	0.3964	0.2967	0.4544	0.3873
898	0.7172	0.0	0.7172	0.6334	0.8404	0.7665
899	0.1985	0.0	0.1985	0.1918	0.2916	0.2543
900	0.5864	0.0	0.5864	0.5593	0.775	0.6574
901	0.2836	0.0	0.2836	0.2453	0.4136	0.3306
902	0.5226	0.0	0.5226	0.8341	0.6375	0.9553
903	0.4924	0.0	0.4924	0.6577	0.5883	0.8316
904	0.3164	0.0	0.3164	0.273	0.3782	0.3573
905	0.3168	0.0	0.3168	0.298	0.4109	0.4043
906	0.2497	0.0	0.2497	0.6158	0.2737	0.7989
907	0.3024	0.0	0.3024	0.2186	0.4026	0.2787
908	0.6774	0.0	0.6774	0.5884	0.8046	0.6642
909	0.2342	0.0	0.2342	0.2411	0.2638	0.3397
910	0.1693	0.0	0.1693	0.1667	0.2219	0.2044
911	0.2032	0.0	0.2032	0.2395	0.2976	0.3145
912	0.7007	0.0	0.7007	0.5459	0.812	0.6163
913	0.4365	0.0	0.4365	0.516	0.563	0.6995
914	0.1922	0.0	0.1922	0.2092	0.2748	0.2748
915	0.4185	0.0	0.4185	0.5755	0.5597	0.7161
916	0.3187	0.0	0.3187	0.2567	0.4654	0.3406
917	0.4097	0.0	0.4097	0.3695	0.4384	0.5523
918	0.287	0.0	0.287	0.3107	0.3265	0.3278
919	0.4268	0.0	0.4268	0.1986	0.5675	0.2215
920	0.3762	0.0	0.3762	0.3164	0.5055	0.4549
921	0.272	0.0	0.272	0.2947	0.3223	0.4002
922	0.5986	0.0	0.5986	0.476	0.6982	0.5419
923	0.3704	0.0	0.3704	0.2585	0.5271	0.3338
924	0.3886	0.0	0.3886	0.5028	0.549	0.6572
925	0.2079	0.0	0.2079	0.2607	0.2895	0.3701
926	0.6339	0.0	0.6339	0.6266	0.7272	0.7347
927	0.2246	0.0	0.2246	0.2894	0.2723	0.4151
928	0.3114	0.0	0.3114	0.3832	0.4389	0.4532
929	0.2158	0.0	0.2158	0.4114	0.2546	0.5432
930	0.2438	0.0	0.2438	0.3261	0.2781	0.4665
931	0.4437	0.0	0.4437	0.3557	0.5898	0.4415
932	0.4555	0.0	0.4555	0.3833	0.53	0.4367
933	0.2413	0.0	0.2413	0.5271	0.2728	0.5735
934	0.3041	0.0	0.3041	0.239	0.4497	0.3851
935	0.3421	0.0	0.3421	0.3513	0.3999	0.4267
936	0.5927	0.0	0.5927	0.4238	0.8612	0.6064
937	0.225	0.0	0.225	0.3349	0.306	0.4346
938	0.2684	0.0	0.2684	0.4654	0.3324	0.5749
939	0.2972	0.0	0.2972	0.2239	0.4186	0.2912
940	0.2587	0.0	0.2587	0.2741	0.3417	0.3728
941	0.2774	0.0	0.2774	0.3357	0.3918	0.4988
942	0.5013	0.0	0.5013	0.4608	0.5604	0.4703
943	0.2109	0.0	0.2109	0.2108	0.2859	0.3119
944	0.4542	0.0	0.4542	0.5792	0.5662	0.7052
945	0.2953	0.0	0.2953	0.5848	0.3464	0.7124
946	0.1701	0.0	0.1701	0.1503	0.2449	0.2012
947	0.7383	0.0	0.7383	0.678	0.8728	0.895
948	0.3967	0.0	0.3967	0.22	0.4904	0.274
949	0.3924	0.0	0.3924	0.4356	0.4594	0.4999
950	0.4406	0.0	0.4406	0.4485	0.5087	0.5857
951	0.345	0.0	0.345	0.4486	0.4161	0.5039
952	0.3251	0.0	0.3251	0.2683	0.4435	0.3815
953	0.4238	0.0	0.4238	0.3004	0.5729	0.3706
954	0.1924	0.0	0.1924	0.2013	0.2212	0.2468
955	0.7857	0.0	0.7857	0.6606	0.9747	0.7486
956	0.2419	0.0	0.2419	0.2388	0.3357	0.3541
957	0.5454	0.0	0.5454	0.4176	0.6105	0.4273
958	0.3744	0.0	0.3744	0.3037	0.4534	0.3705
959	0.9189	0.0	0.9189	0.7931	1.074	0.9764
960	0.3527	0.0	0.3527	0.4536	0.4801	0.7129
961	0.4856	0.0	0.4856	0.5928	0.5716	0.6392
962	0.7205	0.0	0.7205	0.5662	0.8246	0.6977
963	0.3525	0.0	0.3525	0.369	0.4543	0.5235
964	0.41	0.0	0.41	0.2813	0.4661	0.4001
965	0.156	0.0	0.156	0.1618	0.1962	0.2008
966	0.2968	0.0	0.2968	0.6259	0.3258	0.7971
967	0.3809	0.0	0.3809	0.4602	0.4287	0.6196
968	0.3733	0.0	0.3733	0.1891	0.4204	0.2316
969	0.3424	0.0	0.3424	0.219	0.4581	0.356
970	0.5225	0.0	0.5225	0.5827	0.5801	0.6017
971	0.5972	0.0	0.5972	0.6007	0.6861	0.7414
972	0.3133	0.0	0.3133	0.2439	0.4064	0.3278
973	0.4204	0.0	0.4204	0.1746	0.6073	0.2144
974	0.4272	0.0	0.4272	0.392	0.4848	0.4434
975	0.2628	0.0	0.2628	0.2506	0.3696	0.3421
976	0.2458	0.0	0.2458	0.307	0.3461	0.4707
977	0.2136	0.0	0.2136	0.2384	0.3198	0.2917
978	0.2627	0.0	0.2627	0.3308	0.3687	0.4261
979	0.469	0.0	0.469	0.6012	0.5591	0.6443
980	0.2585	0.0	0.2585	0.3043	0.2755	0.3876
981	0.2619	0.0	0.2619	0.2572	0.3328	0.3051
982	0.1402	0.0	0.1402	0.1278	0.188	0.167
983	0.509	0.0	0.509	0.6077	0.5928	0.7308
984	0.2	0.0	0.2	0.2369	0.2476	0.311
985	0.6211	0.0	0.6211	0.427	0.8445	0.5071
986	0.7172	0.0	0.7172	0.7588	0.8418	0.892
987	0.6244	0.0	0.6244	0.4618	0.7653	0.5572
988	0.3927	0.0	0.3927	0.4562	0.4506	0.5073
989	0.3358	0.0	0.3358	0.4703	0.3884	0.6211
990	0.6326	0.0	0.6326	0.5162	0.6949	0.5728
991	0.2637	0.0	0.2637	0.379	0.377	0.5441
992	0.29	0.0	0.29	0.1294	0.3641	0.1612
993	0.2744	0.0	0.2744	0.3432	0.3572	0.5164
994	0.2549	0.0	0.2549	0.2228	0.3604	0.2795
995	0.4334	0.0	0.4334	0.3609	0.5063	0.465
996	0.2168	0.0	0.2168	0.255	0.2292	0.3344
997	0.6558	0.0	0.6558	0.7048	0.7527	0.8842
998	0.49	0.0	0.49	0.3141	0.5766	0.3583
999	0.7263	0.0	0.7263	0.3419	0.8966	0.3683
1000	0.6078	0.0	0.6078	0.5711	0.7321	0.6332
1001	0.2819	0.0	0.2819	0.3088	0.3735	0.394
1002	0.6639	0.0	0.6639	0.3827	0.8412	0.443
1003	0.1922	0.0	0.1922	0.1803	0.2668	0.2483
1004	0.1981	0.0	0.1981	0.381	0.2162	0.5628
1005	0.2087	0.0	0.2087	0.2649	0.3011	0.3546
1006	0.534	0.0	0.534	0.4808	0.6497	0.6004
1007	0.6774	0.0	0.6774	0.6148	0.8065	0.8114
1008	0.203	0.0	0.203	0.2225	0.2801	0.2869
1009	0.3367	0.0	0.3367	0.2474	0.3822	0.3147
1010	0.403	0.0	0.403	0.1568	0.4503	0.1716
1011	0.2661	0.0	0.2661	0.3491	0.3189	0.4294
1012	0.7337	0.0	0.7337	0.5864	0.8212	0.6362
1013	0.2528	0.0	0.2528	0.3407	0.3276	0.4157
1014	0.1998	0.0	0.1998	0.141	0.2704	0.1883
1015	0.3226	0.0	0.3226	0.3334	0.3705	0.4001
1016	0.4998	0.0	0.4998	0.563	0.5679	0.6847
1017	0.3318	0.0	0.3318	0.6923	0.438	0.8245
1018	0.263	0.0	0.263	0.243	0.3284	0.2922
1019	0.5097	0.0	0.5097	0.4642	0.6712	0.5496
1020	0.2278	0.0	0.2278	0.2664	0.3213	0.379
1021	0.3239	0.0	0.3239	0.2286	0.4259	0.3139
1022	0.2378	0.0	0.2378	0.4557	0.2632	0.5896
1023	0.4904	0.0	0.4904	0.2867	0.5903	0.3454
1024	0.2425	0.0	0.2425	0.2015	0.3961	0.2666
1025	0.2029	0.0	0.2029	0.2529	0.2733	0.3367
1026	0.7565	0.0	0.7565	0.7263	0.9122	0.932
1027	0.28	0.0	0.28	0.2762	0.3663	0.3975
1028	0.3513	0.0	0.3513	0.2685	0.4556	0.3804
1029	0.2107	0.0	0.2107	0.1926	0.3036	0.2818
1030	0.6031	0.0	0.6031	0.5226	0.6778	0.6233
1031	0.2991	0.0	0.2991	0.3788	0.3884	0.4572
1032	0.3075	0.0	0.3075	0.2423	0.3841	0.284
1033	0.2907	0.0	0.2907	0.3803	0.3014	0.4752
1034	0.2444	0.0	0.2444	0.27	0.3263	0.3856
1035	0.2626	0.0	0.2626	0.2902	0.304	0.3255
1036	0.3651	0.0	0.3651	0.2488	0.5141	0.3459
1037	0.3658	0.0	0.3658	0.4719	0.3961	0.5115
1038	0.2037	0.0	0.2037	0.2855	0.2557	0.4382
1039	0.6092	0.0	0.6092	0.6528	0.8203	0.8282
1040	0.7401	0.0	0.7401	0.424	0.9036	0.5256
