Step	Loss(S)	Loss(T)	fwd_S	fwd_T	rev_S	rev_T
1	0.1508	0.215	2.91	4.835	3.131	4.238
2	0.1659	0.1748	2.501	3.163	2.694	2.92
3	0.278	0.2287	5.657	5.479	5.481	5.201
4	0.2838	0.1192	6.808	2.132	6.723	2.019
5	0.2541	0.2551	6.657	7.141	5.301	4.739
6	0.1546	0.1383	2.163	1.928	2.619	2.205
7	0.1331	0.1591	1.934	2.461	1.965	3.509
8	0.1575	0.1567	2.349	2.623	2.463	2.386
9	0.1621	0.1005	2.507	1.414	2.692	1.542
10	0.1297	0.1425	1.69	2.136	1.915	2.455
11	0.1398	0.1411	1.831	2.013	2.33	2.094
12	0.1448	0.1548	1.829	2.067	2.163	2.622
13	0.1497	0.1525	2.216	2.221	3.053	3.643
14	0.1674	0.1251	2.362	1.749	3.305	2.008
15	0.1038	0.1543	1.415	1.943	1.306	2.584
16	0.1699	0.2267	2.426	3.165	2.862	4.795
17	0.1002	0.08437	1.243	0.9275	1.296	1.039
18	0.09388	0.1952	1.162	2.617	1.359	3.437
19	0.1558	0.1355	2.096	1.692	2.067	1.856
20	0.21	0.2163	2.985	3.176	3.749	4.099
21	0.122	0.1093	1.446	1.361	1.715	1.5
22	0.1583	0.1643	2.03	2.059	2.439	2.758
23	0.129	0.1256	1.734	1.521	1.793	1.933
24	0.1544	0.168	1.862	2.113	2.337	2.474
25	0.1395	0.1281	1.735	1.792	2.143	1.742
26	0.1401	0.1539	1.697	2.271	2.059	2.419
27	0.1256	0.1363	1.599	1.714	1.687	1.874
28	0.1257	0.1105	1.461	1.235	1.65	1.535
29	0.1364	0.1212	1.512	1.387	2.107	1.669
30	0.08742	0.1098	1.003	1.211	1.008	1.602
31	0.1293	0.1296	1.642	1.691	1.901	2.107
32	0.06689	0.1288	0.7162	1.611	0.7187	2.078
33	0.07803	0.09619	0.8444	1.019	0.9051	1.291
34	0.07936	0.1205	0.8724	1.597	0.9476	1.686
35	0.124	0.1068	1.6	1.453	1.831	1.72
36	0.1353	0.1238	1.629	1.435	1.978	1.764
37	0.15	0.1011	2.08	1.074	2.294	1.399
38	0.13	0.1523	1.711	1.94	2.191	2.549
39	0.1102	0.1299	1.213	1.383	1.365	1.92
40	0.0882	0.1157	1.08	1.738	1.08	1.438
41	0.09966	0.1125	1.204	1.383	1.26	1.659
42	0.0672	0.08835	0.725	0.9216	0.7306	1.169
43	0.1066	0.1105	1.229	1.516	1.312	1.59
44	0.1129	0.1189	1.249	1.357	1.534	1.738
45	0.08955	0.06486	0.9198	0.7578	1.263	0.7358
46	0.1068	0.1177	1.256	1.496	1.648	1.656
47	0.1251	0.07607	1.722	0.8487	1.643	1.006
48	0.07306	0.05938	0.8181	0.5953	0.7909	0.8113
49	0.1335	0.08638	1.475	1.02	2.138	1.316
50	0.09105	0.128	1.084	1.631	0.9986	1.783
51	0.1258	0.1253	1.675	1.793	1.671	1.713
52	0.1014	0.1317	1.262	1.878	1.617	1.628
53	0.1402	0.1294	1.868	1.805	2.164	1.81
54	0.07169	0.09858	0.8384	1.164	0.8009	1.302
55	0.1133	0.07328	1.35	0.7809	1.589	0.7966
56	0.1316	0.1139	2.045	1.535	1.793	1.452
57	0.1035	0.08824	1.258	0.9894	1.254	1.006
58	0.06657	0.1346	0.7435	1.659	0.7853	1.922
59	0.1166	0.08758	1.605	1.053	1.469	1.103
60	0.0896	0.106	1.094	1.29	1.114	1.391
61	0.1363	0.1047	1.966	1.327	2.013	1.328
62	0.08814	0.1001	0.985	1.239	1.087	1.284
63	0.09448	0.1337	1.069	1.732	1.228	1.763
64	0.1028	0.1105	1.342	1.383	1.41	1.548
65	0.09702	0.06302	1.209	0.6908	1.173	0.7703
66	0.1196	0.101	1.503	1.14	1.655	1.638
67	0.1174	0.09936	1.455	1.157	1.463	1.212
68	0.1525	0.1055	1.784	1.229	2.401	1.474
69	0.07411	0.0759	0.811	0.7933	0.8089	1.038
70	0.04517	0.08887	0.4823	1.029	0.6922	1.221
71	0.08895	0.1376	0.9948	1.56	1.067	2.113
72	0.08026	0.08838	0.8528	0.8841	0.9318	1.287
73	0.06466	0.07905	0.7237	0.8981	0.7385	0.901
74	0.1147	0.09467	1.393	1.626	1.654	1.907
75	0.08926	0.08484	1.131	0.9558	1.061	1.236
76	0.09136	0.0906	1.045	0.989	1.071	1.1
77	0.06021	0.05756	0.752	0.6347	0.7327	0.6922
78	0.08289	0.1156	1.016	1.524	1.002	1.528
79	0.08405	0.0524	0.983	0.6864	1.026	0.7351
80	0.09324	0.0835	1.219	1.0	1.21	0.9403
81	0.09236	0.1168	0.9838	1.424	1.213	1.468
82	0.06751	0.06452	0.7359	0.6903	0.7896	0.8796
83	0.09925	0.09772	1.171	1.242	1.165	1.216
84	0.1046	0.1063	1.252	1.31	1.254	1.232
85	0.1224	0.1213	1.736	1.588	1.592	2.032
86	0.06605	0.07441	0.79	0.8368	0.8084	0.8953
87	0.117	0.1039	1.5	1.365	1.347	1.201
88	0.1034	0.1001	1.261	1.32	1.305	1.445
89	0.07709	0.07766	1.005	0.9351	0.9327	1.011
90	0.1231	0.08059	1.578	0.9299	1.736	0.9008
91	0.1019	0.1278	1.329	1.688	1.271	1.721
92	0.08598	0.09863	1.048	1.15	1.076	1.589
93	0.06791	0.05268	0.737	0.5353	0.8415	0.6731
94	0.09271	0.07048	1.13	0.7951	1.08	0.724
95	0.05743	0.05858	0.617	0.6383	0.599	0.6273
96	0.0731	0.09002	0.7525	1.115	0.9066	1.041
97	0.1079	0.1186	1.419	1.666	1.489	1.443
98	0.04304	0.02672	0.4855	0.2829	0.5372	0.2825
99	0.1214	0.05513	1.611	0.6944	1.586	0.7345
100	0.1137	0.09964	1.462	1.23	1.301	1.246
101	0.09993	0.1187	1.429	1.477	1.196	1.658
102	0.0758	0.08538	0.8913	1.135	0.8034	0.9539
103	0.07078	0.07396	0.9838	0.789	0.9569	0.8141
104	0.1209	0.108	1.418	1.535	1.602	1.603
105	0.03103	0.05835	0.344	0.6932	0.3135	0.7798
106	0.0763	0.08746	0.8456	1.088	0.8479	1.041
107	0.05225	0.09371	0.577	1.077	0.5279	1.324
108	0.08661	0.0555	0.9589	0.6133	1.243	0.6385
109	0.05415	0.04846	0.5628	0.5013	0.6455	0.6094
110	0.08637	0.09733	0.9857	1.231	0.9786	1.14
111	0.1114	0.1162	1.404	1.984	1.859	1.587
112	0.1096	0.1276	1.325	1.763	1.406	1.993
113	0.09332	0.08335	1.154	1.069	1.349	1.232
114	0.07985	0.1413	0.9154	2.331	0.9554	1.988
115	0.09549	0.106	1.122	1.373	1.184	1.482
116	0.06758	0.07484	0.7267	0.8176	0.7093	0.8429
117	0.1054	0.1147	1.578	1.485	1.503	1.601
118	0.08675	0.03931	1.154	0.587	1.06	0.5934
119	0.1016	0.1519	1.4	2.367	1.125	2.415
120	0.06896	0.03765	0.8344	0.4627	0.7365	0.4241
121	0.05695	0.09955	0.6658	1.266	0.5784	1.204
122	0.08883	0.07327	1.056	0.8343	0.9463	0.8511
123	0.0774	0.1123	0.9067	1.74	0.9108	1.589
124	0.06615	0.06592	0.794	0.7617	0.7529	0.9414
125	0.06135	0.1217	0.7503	1.651	0.6298	2.489
126	0.107	0.07228	1.541	0.9895	1.712	0.8128
127	0.07658	0.1058	0.884	1.329	0.9126	1.713
128	0.07896	0.07514	0.9778	0.8095	0.8894	0.9027
129	0.05368	0.09585	0.6108	1.15	0.5542	1.106
130	0.05205	0.09904	0.5852	1.221	0.5425	1.205
131	0.111	0.06345	1.355	0.7623	1.318	0.7559
132	0.0649	0.06475	0.7234	0.9015	0.7388	0.7819
133	0.0419	0.03083	0.4522	0.3316	0.4169	0.3429
134	0.07434	0.08224	0.8286	0.9815	0.8018	1.228
135	0.0668	0.1058	0.8086	1.377	0.7686	1.491
136	0.06566	0.1033	0.7135	1.303	0.7318	1.192
137	0.07415	0.06655	0.8225	0.7503	0.991	1.282
138	0.1008	0.1074	1.318	1.504	1.202	1.499
139	0.08669	0.09986	1.171	1.245	0.9553	1.227
140	0.05728	0.05877	0.6791	0.6746	0.6796	0.7355
141	0.07199	0.07	0.7866	0.7378	0.9474	1.009
142	0.05333	0.09584	0.6747	1.245	0.6154	1.202
143	0.04914	0.04936	0.4852	0.4824	0.5339	0.6509
144	0.09767	0.0663	1.124	0.7183	1.215	0.7378
145	0.05422	0.1206	0.5844	1.504	0.6061	1.496
146	0.06109	0.06689	0.7432	0.7662	0.7296	0.8334
147	0.07647	0.07534	0.8892	1.014	0.845	0.7642
148	0.05919	0.07106	0.6316	0.8122	0.728	0.9447
149	0.07404	0.0331	0.8727	0.3806	0.8993	0.4113
150	0.06819	0.1184	0.8337	1.576	0.7603	1.696
151	0.1009	0.1168	1.299	1.633	1.18	1.557
152	0.03572	0.05236	0.4901	0.5931	0.4026	0.6147
153	0.1225	0.07974	1.647	1.179	1.803	1.276
154	0.07055	0.08571	0.7901	0.9763	0.7344	0.9607
155	0.08242	0.1226	0.9603	1.626	0.9214	1.631
156	0.1257	0.06638	1.992	0.8303	1.8	0.7813
157	0.08789	0.1117	1.059	1.569	0.999	1.42
158	0.0625	0.08609	0.7157	1.101	0.6767	1.007
159	0.07769	0.08526	1.014	1.097	0.9058	0.9013
160	0.09124	0.08579	1.123	1.074	0.9989	1.103
161	0.03568	0.06241	0.3892	0.6638	0.3863	0.7732
162	0.04375	0.03215	0.5005	0.3474	0.6199	0.3565
163	0.07278	0.05803	0.8074	0.6856	0.958	0.6872
164	0.05448	0.1285	0.6572	2.094	0.5857	1.794
165	0.1075	0.1058	1.442	1.533	1.406	1.409
166	0.06137	0.1014	0.7599	1.197	0.7381	1.191
167	0.09173	0.09077	1.064	1.029	1.094	1.065
168	0.08655	0.07117	1.098	0.9192	0.8885	0.7181
169	0.05608	0.05551	0.6446	0.758	0.7496	0.7157
170	0.0935	0.1037	1.185	1.377	1.171	1.495
171	0.06262	0.07939	0.8443	1.025	0.8695	0.846
172	0.08096	0.0663	1.109	0.7715	1.134	0.7915
173	0.06161	0.05101	0.6545	0.5062	0.783	0.6377
174	0.06417	0.1233	0.7116	1.49	0.6983	1.66
175	0.05244	0.09689	0.5763	1.107	0.5016	1.319
176	0.04968	0.05659	0.5288	0.6527	0.6122	0.8989
177	0.07069	0.05671	0.9075	0.584	0.8488	0.7136
178	0.0907	0.109	1.161	1.331	1.086	1.39
179	0.05687	0.06588	0.6718	0.718	0.694	0.7249
180	0.09461	0.06938	1.243	0.7559	1.101	0.7931
181	0.04176	0.03397	0.5282	0.4478	0.6186	0.4309
182	0.08237	0.09293	0.958	1.177	0.994	1.031
183	0.07398	0.03591	0.8563	0.5007	0.8932	0.4987
184	0.08044	0.06678	0.9862	0.8264	0.9978	0.7858
185	0.09643	0.09209	1.081	1.009	1.22	1.2
186	0.09776	0.04302	1.247	0.5045	1.38	0.5267
187	0.06058	0.07179	0.6546	0.809	0.6679	1.006
188	0.08195	0.07091	0.9964	0.8513	0.8649	0.7353
189	0.1176	0.07793	1.57	0.9018	1.528	0.9582
190	0.06964	0.06057	0.9534	0.8385	0.8814	0.7559
191	0.05915	0.06939	0.7277	0.8741	0.6652	0.7564
192	0.03418	0.1354	0.3878	1.978	0.3887	1.972
193	0.0553	0.03534	0.8035	0.4301	0.7786	0.5149
194	0.1023	0.1274	1.24	1.702	1.32	1.667
195	0.0789	0.08635	0.8357	0.9888	0.9122	0.9222
196	0.1018	0.05361	1.622	0.7332	1.227	0.7281
197	0.03469	0.05572	0.3801	0.5283	0.4088	0.7853
198	0.0665	0.08423	0.8651	1.027	0.8377	0.9303
199	0.04986	0.05402	0.546	0.5834	0.5836	0.6161
200	0.05012	0.08042	0.6118	1.03	0.5228	0.9381
201	0.08884	0.04289	1.201	0.5025	1.08	0.5478
202	0.05821	0.04489	0.6232	0.562	0.6698	0.5538
203	0.07529	0.05431	0.8634	0.647	0.8346	0.7141
204	0.09447	0.129	1.159	1.873	1.215	1.837
205	0.0818	0.07339	1.179	0.8558	0.99	0.8896
206	0.05689	0.08208	0.6514	1.037	0.7206	1.063
207	0.1045	0.1029	1.226	1.191	1.353	1.569
208	0.03088	0.1105	0.34	1.306	0.4197	1.529
209	0.02525	0.04112	0.2916	0.4762	0.3232	0.5411
210	0.07121	0.09492	0.8566	1.132	0.7728	1.1
211	0.05033	0.05731	0.5567	0.6738	0.508	0.7773
212	0.0465	0.06212	0.5104	0.7329	0.455	0.9234
213	0.05692	0.06216	0.6082	0.6555	0.6663	0.8047
214	0.06314	0.08547	0.7409	1.017	0.6717	0.953
215	0.08561	0.1226	1.064	2.105	0.9454	1.855
216	0.07389	0.09836	0.8559	1.324	0.8773	1.156
217	0.07122	0.07491	0.7673	0.9029	0.8911	0.895
218	0.09899	0.1084	1.216	1.336	1.15	1.279
219	0.07098	0.1059	0.8759	1.387	0.8361	1.36
220	0.09605	0.08909	1.247	1.004	1.158	0.9959
221	0.05194	0.1204	0.6642	1.683	0.6689	1.829
222	0.08476	0.05617	1.144	0.8737	1.028	0.693
223	0.05708	0.08546	0.67	1.136	0.6319	1.25
224	0.04143	0.03861	0.4944	0.4809	0.4988	0.455
225	0.08381	0.09624	1.044	1.292	0.9004	1.117
226	0.05898	0.09419	0.6575	1.119	0.6271	1.269
227	0.08296	0.08366	0.9487	1.047	0.9236	0.9514
228	0.05662	0.07289	0.6237	0.7816	0.5719	1.107
229	0.07389	0.1177	0.8927	1.552	0.759	1.796
230	0.07708	0.07254	0.9836	0.8914	1.126	0.7722
231	0.09421	0.06955	1.157	0.7742	1.021	0.7329
232	0.05265	0.07845	0.644	0.8802	0.6831	0.8992
233	0.05464	0.09952	0.5774	1.207	0.5629	1.194
234	0.07311	0.07461	0.8275	0.837	0.8097	0.8682
235	0.1206	0.08481	1.648	0.9806	1.504	0.9933
236	0.0376	0.05635	0.3946	0.6225	0.394	0.6929
237	0.03015	0.02994	0.3736	0.3158	0.3797	0.4462
238	0.07211	0.09108	0.8692	1.127	0.9603	1.031
239	0.1027	0.1035	1.249	1.462	1.252	1.292
240	0.09057	0.0779	1.103	0.8719	0.9786	0.8969
241	0.06921	0.06692	0.8351	0.8008	0.9065	1.164
242	0.1082	0.1025	1.553	1.357	1.318	1.254
243	0.05579	0.1088	0.6551	1.549	0.6068	1.285
244	0.08111	0.06398	1.098	0.7223	1.067	0.7802
245	0.04939	0.04157	0.496	0.4497	0.6477	0.5932
246	0.1006	0.1077	1.342	1.403	1.246	1.297
247	0.04158	0.04908	0.3872	0.4995	0.4785	0.6153
248	0.0608	0.08069	0.6802	0.9765	0.6852	0.8794
249	0.06537	0.1195	0.7512	1.475	0.8232	1.499
250	0.04355	0.04528	0.4701	0.5091	0.4214	0.4679
251	0.1086	0.07414	1.469	0.9194	1.413	0.7823
252	0.05615	0.0383	0.6107	0.4494	0.6416	0.4718
253	0.06181	0.04669	0.7632	0.539	0.7179	0.7227
254	0.0651	0.09131	0.7229	1.102	0.7899	1.086
255	0.06502	0.08895	0.7312	1.143	0.7447	1.054
256	0.0581	0.02297	0.667	0.2712	0.6185	0.28
257	0.06728	0.06328	0.7937	0.8542	0.7447	0.9346
258	0.07525	0.087	0.8601	1.037	0.9257	0.9261
259	0.09168	0.1183	1.178	1.708	1.003	1.583
260	0.06813	0.03075	0.7907	0.3695	0.7016	0.5039
261	0.07775	0.09671	0.9	1.292	0.864	1.211
262	0.05337	0.08306	0.6166	0.9419	0.5634	0.9172
263	0.09677	0.09989	1.318	1.279	1.023	1.154
264	0.1154	0.09429	1.577	1.139	1.419	1.09
265	0.05008	0.05674	0.5692	0.6137	0.5087	0.6326
266	0.03485	0.03124	0.4136	0.3467	0.4306	0.3554
267	0.06407	0.05991	0.7397	0.7935	0.6929	0.6154
268	0.06642	0.08576	0.7701	1.007	0.669	1.044
269	0.1039	0.09374	1.394	1.178	1.324	1.147
270	0.07103	0.07588	0.7996	0.8537	0.7114	0.9379
271	0.05024	0.07133	0.5513	0.8363	0.5284	0.8175
272	0.08628	0.1046	1.076	1.428	0.9889	1.2
273	0.05458	0.03571	0.6075	0.4142	0.675	0.3595
274	0.05196	0.1019	0.6049	1.205	0.5739	1.403
275	0.07053	0.09253	0.8561	1.276	0.7912	1.014
276	0.1006	0.06836	1.259	0.7713	1.186	0.7994
277	0.05333	0.08044	0.6088	0.9292	0.6434	1.488
278	0.06215	0.1181	0.6767	1.417	0.6317	1.594
279	0.08635	0.1014	0.9667	1.138	1.046	1.405
280	0.05216	0.03834	0.5412	0.4118	0.6735	0.44
281	0.09328	0.06249	1.098	0.6572	1.151	0.7247
282	0.09671	0.1222	1.211	2.087	1.071	2.029
283	0.0409	0.05829	0.4083	0.6245	0.6588	0.6734
284	0.06982	0.08828	0.8283	1.075	0.8556	0.9825
285	0.02168	0.02259	0.2403	0.2426	0.2532	0.2915
286	0.04805	0.08027	0.5518	1.01	0.5135	0.8533
287	0.05353	0.05797	0.5662	0.6512	0.6852	0.7219
288	0.07852	0.07024	0.9234	0.9653	0.86	0.7159
289	0.07426	0.09906	0.7966	1.016	0.8952	1.429
290	0.05209	0.03998	0.6245	0.4409	0.5808	0.5465
291	0.06842	0.0907	0.766	1.015	0.8013	1.055
292	0.09005	0.0683	1.052	0.762	1.12	0.696
293	0.07889	0.09736	0.9244	1.17	0.8395	1.327
294	0.04834	0.05916	0.5863	0.6798	0.554	0.7407
295	0.06563	0.06922	0.7535	0.8472	0.6878	0.6552
296	0.0347	0.09185	0.3933	1.075	0.409	1.4
297	0.07955	0.07292	0.9987	0.8833	0.9052	0.897
298	0.09269	0.1411	1.141	2.105	1.035	1.989
299	0.04674	0.08424	0.5214	0.9356	0.4849	0.947
300	0.03398	0.06395	0.4774	0.9176	0.4094	1.035
301	0.0508	0.05489	0.5087	0.4978	0.6197	0.7944
302	0.05921	0.08226	0.6562	0.9778	0.5942	0.9587
303	0.0395	0.05812	0.4214	0.5867	0.413	0.6509
304	0.05643	0.03908	0.6449	0.4321	0.6415	0.4835
305	0.0419	0.04551	0.5614	0.5823	0.4726	0.6602
306	0.02071	0.04261	0.2022	0.4986	0.2285	0.5021
307	0.05946	0.04436	0.6734	0.5561	0.7262	0.6669
308	0.05766	0.114	0.743	1.408	0.7177	1.439
309	0.06536	0.09069	0.7261	1.093	0.7186	1.078
310	0.0542	0.06577	0.5922	0.7792	0.6424	0.7823
311	0.03742	0.09036	0.4331	1.054	0.4125	1.209
312	0.04273	0.1092	0.6252	1.424	0.5409	1.624
313	0.02092	0.05802	0.2309	0.6669	0.3395	0.6329
314	0.06932	0.06058	0.76	0.7037	0.7537	0.6987
315	0.02391	0.03333	0.3071	0.4064	0.3102	0.4508
316	0.07185	0.04046	0.8767	0.4603	0.8452	0.4649
317	0.04389	0.06076	0.4692	0.5729	0.517	0.7509
318	0.08165	0.09806	0.9744	1.336	0.8925	1.153
319	0.09834	0.1304	1.246	1.832	1.342	1.768
320	0.06681	0.1064	0.7485	1.383	0.7853	1.209
321	0.05579	0.06806	0.6059	0.7707	0.5909	0.9178
322	0.07731	0.1447	0.8808	2.098	0.808	1.974
323	0.1232	0.1053	1.829	1.335	1.695	1.332
324	0.1016	0.08997	1.296	0.9441	1.241	1.137
325	0.1057	0.1087	1.536	1.523	1.546	1.99
326	0.08385	0.07173	1.379	0.9496	1.045	0.8938
327	0.08297	0.1204	1.005	1.638	0.9047	1.719
328	0.0243	0.03387	0.2649	0.3797	0.2792	0.379
329	0.07297	0.08857	0.812	1.17	0.7644	0.965
330	0.06228	0.0961	0.692	1.093	0.6617	1.186
331	0.05973	0.08739	0.7674	1.014	0.8239	1.001
332	0.02853	0.05235	0.3107	0.5745	0.3106	0.8057
333	0.09441	0.09378	1.173	1.107	1.035	1.76
334	0.06577	0.04769	0.8782	0.5465	0.7849	0.63
335	0.09478	0.1019	1.245	1.328	1.02	1.486
336	0.0716	0.08437	0.8035	0.9149	0.7572	1.132
337	0.09706	0.1066	1.229	1.419	1.156	1.236
338	0.08854	0.1028	1.043	1.351	0.9627	1.229
339	0.0637	0.1262	0.7194	1.803	0.6592	1.648
340	0.05939	0.06026	0.6669	0.8199	0.7363	0.7226
341	0.06559	0.02528	0.8475	0.2965	0.8265	0.3116
342	0.08728	0.08415	1.06	0.8527	0.993	1.16
343	0.08227	0.1005	1.058	1.32	0.9955	1.256
344	0.05178	0.08063	0.5281	1.05	0.6018	0.8404
345	0.04079	0.06457	0.4584	0.723	0.4727	1.286
346	0.09372	0.1054	1.23	1.257	1.022	1.237
347	0.09216	0.07078	1.165	0.9433	1.096	0.781
348	0.04522	0.04691	0.51	0.5213	0.5431	0.5982
349	0.06339	0.0496	0.7452	0.5189	0.8315	0.7784
350	0.08902	0.1057	1.133	1.462	1.237	1.437
351	0.04728	0.04636	0.4712	0.4799	0.5334	0.5988
352	0.09092	0.06346	1.146	0.6976	0.9787	0.647
353	0.07814	0.1047	0.9431	1.388	0.8131	1.175
354	0.05543	0.03107	0.6375	0.352	0.6266	0.343
355	0.0726	0.1195	0.814	1.867	0.7411	1.745
356	0.05401	0.05468	0.6015	0.5907	0.643	0.6354
357	0.06706	0.02596	0.8596	0.3158	0.7668	0.4148
358	0.0547	0.1217	0.6877	1.985	0.5597	1.429
359	0.05164	0.09464	0.5561	1.224	0.5305	1.097
360	0.05478	0.0805	0.6307	0.8952	0.5481	1.098
361	0.05916	0.08072	0.7446	0.9392	0.8167	1.056
362	0.08139	0.1268	1.024	1.699	0.8625	1.692
363	0.09185	0.117	1.109	1.561	0.9836	1.538
364	0.0148	0.07739	0.1578	1.107	0.3201	0.981
365	0.0844	0.1075	1.079	1.344	0.9486	1.415
366	0.08805	0.08258	1.038	0.9288	0.9979	0.9328
367	0.0719	0.04307	0.8946	0.5367	0.7864	0.4223
368	0.04463	0.09067	0.4912	1.068	0.5395	1.064
369	0.05812	0.04334	0.5856	0.4002	0.6702	0.5409
370	0.05183	0.0382	0.6164	0.3921	0.753	0.4901
371	0.07047	0.08806	0.8459	1.173	0.9437	1.189
372	0.06411	0.05066	0.7206	0.5303	0.7455	0.5893
373	0.09783	0.09711	1.307	1.184	1.084	1.394
374	0.08393	0.06531	0.9654	0.7544	0.8731	0.9076
375	0.04648	0.05619	0.504	0.5925	0.484	0.5956
376	0.1021	0.09703	1.316	1.171	1.164	1.04
377	0.05827	0.03182	0.667	0.3948	0.7005	0.3692
378	0.08593	0.09538	1.019	1.207	1.238	1.766
379	0.1016	0.07376	1.32	0.8983	1.163	0.7584
380	0.04195	0.06001	0.5139	0.7032	0.5959	0.885
381	0.06938	0.05617	0.8583	0.6631	0.8513	0.8298
382	0.09306	0.05192	1.11	0.6648	1.146	0.6445
383	0.0592	0.06405	0.6562	0.7556	0.6102	0.733
384	0.05025	0.03696	0.5166	0.3779	0.5699	0.4195
385	0.04743	0.05154	0.5363	0.5278	0.5864	0.6752
386	0.09405	0.1358	1.175	2.463	1.08	2.314
387	0.053	0.05836	0.5955	0.6759	0.607	0.6578
388	0.09785	0.07187	1.211	0.8221	1.26	0.8114
389	0.05019	0.02775	0.5323	0.3472	0.6291	0.3543
390	0.08459	0.1006	1.036	1.273	1.004	1.161
391	0.02845	0.03029	0.3631	0.3885	0.3361	0.4044
392	0.08226	0.07926	1.062	0.9676	0.9691	0.9146
393	0.07961	0.06517	0.8851	0.7842	0.8641	0.9619
394	0.06599	0.03987	0.7068	0.4403	0.8139	0.5113
395	0.08442	0.06448	0.9972	0.7248	0.9545	0.7518
396	0.06807	0.07555	0.7218	0.8968	0.7584	0.8141
397	0.05953	0.1016	0.8044	1.413	0.7023	1.396
398	0.06729	0.06627	0.8084	0.7674	0.8086	0.8439
399	0.09165	0.09583	1.065	1.093	1.013	1.104
400	0.01803	0.1113	0.3286	1.34	0.2259	1.479
401	0.04379	0.03479	0.5191	0.4529	0.5228	0.4419
402	0.09561	0.09963	1.239	1.291	1.101	1.117
403	0.09886	0.1032	1.285	1.389	1.095	1.235
404	0.06641	0.04331	0.7533	0.6277	0.8464	0.6131
405	0.04963	0.03001	0.4444	0.2641	0.6633	0.4091
406	0.07584	0.09364	0.9069	1.131	0.799	1.035
407	0.05882	0.05809	0.634	0.6351	0.5984	0.7167
408	0.04822	0.05198	0.5201	0.5978	0.5007	0.7005
409	0.0995	0.04716	1.197	0.5767	1.225	0.7022
410	0.05035	0.02486	0.547	0.2608	0.5355	0.2681
411	0.04927	0.03489	0.4979	0.4186	0.5295	0.5208
412	0.08988	0.05999	1.066	0.6675	1.003	0.6095
413	0.1095	0.08978	1.469	1.117	1.444	1.014
414	0.07287	0.04922	0.8747	0.5273	0.9373	0.5312
415	0.09061	0.09033	1.372	1.046	1.235	1.057
416	0.1004	0.0847	1.227	1.229	1.31	1.272
417	0.05109	0.05888	0.5798	0.7534	0.6299	0.6807
418	0.06898	0.09177	0.7906	1.157	0.8159	1.022
419	0.06757	0.05128	0.7672	0.5926	0.7894	0.6672
420	0.06282	0.02959	0.8025	0.3414	0.8039	0.3388
421	0.05517	0.04047	0.5707	0.4554	0.6332	0.4817
422	0.07897	0.07829	0.9231	0.8927	0.9176	0.8841
423	0.08202	0.1264	0.8805	1.757	1.077	1.662
424	0.08685	0.0655	1.044	0.7274	0.9243	0.7751
425	0.06499	0.09288	0.7453	1.861	0.7931	1.43
426	0.07852	0.1643	0.9733	2.126	0.8285	2.871
427	0.08439	0.08541	1.011	1.103	0.9154	1.095
428	0.06376	0.09095	0.6788	1.084	0.6702	1.037
429	0.09977	0.1141	1.311	1.663	1.447	1.632
430	0.0422	0.1024	0.5859	2.13	0.5808	1.56
431	0.08772	0.1286	1.257	1.81	1.13	2.73
432	0.07162	0.04527	0.9472	0.552	0.9921	0.5448
433	0.06166	0.06212	0.7188	0.6489	0.665	0.6709
434	0.0251	0.1133	0.3008	1.376	0.3108	1.389
435	0.1009	0.08566	1.183	1.069	1.297	1.047
436	0.04513	0.06877	0.4547	0.842	0.6047	1.024
437	0.09746	0.08865	1.347	1.071	1.117	1.13
438	0.05537	0.06879	0.6268	0.7204	0.6321	0.7857
439	0.08359	0.1001	1.029	1.439	0.9076	1.711
440	0.04176	0.0968	0.4855	1.053	0.5014	1.256
441	0.09117	0.05974	1.164	0.6288	1.066	0.6036
442	0.07521	0.06195	0.8497	0.6974	0.8052	0.6536
443	0.08764	0.06485	1.051	0.7064	0.9831	0.7033
444	0.03762	0.05157	0.4328	0.5352	0.4212	0.6243
445	0.02002	0.03085	0.2205	0.4017	0.2547	0.345
446	0.06483	0.05093	0.6919	0.4991	0.7357	0.5538
447	0.0818	0.07915	0.9876	0.9136	0.9536	0.8836
448	0.08461	0.05932	0.9633	0.6979	0.9344	0.6176
449	0.06043	0.04946	0.7155	0.613	0.7647	0.8104
450	0.07473	0.1127	0.8388	1.522	0.7967	1.383
451	0.07617	0.07517	1.024	0.979	0.9451	0.9349
452	0.05392	0.04117	0.5985	0.4826	0.7574	0.5688
453	0.0686	0.06667	0.8103	0.7018	0.9328	1.06
454	0.09614	0.08991	1.252	1.1	1.153	1.262
455	0.05101	0.04614	0.4726	0.4676	0.6189	0.588
456	0.07229	0.07175	0.9035	0.7701	0.7169	0.8862
457	0.0912	0.1089	1.188	1.383	1.011	1.313
458	0.03962	0.04495	0.4677	0.5615	0.4352	0.5584
459	0.06192	0.1064	0.7449	1.494	0.6992	1.18
460	0.06153	0.05905	0.7264	0.6734	0.6233	0.8457
461	0.04402	0.03447	0.5239	0.3982	0.5889	0.5279
462	0.087	0.1205	1.025	1.589	1.019	1.604
463	0.08661	0.08623	1.119	1.174	0.9431	1.014
464	0.03796	0.05986	0.4511	0.7939	0.5015	0.7853
465	0.06081	0.0918	0.7187	1.118	0.6968	1.319
466	0.09486	0.09371	1.154	1.18	1.038	1.066
467	0.05956	0.1031	0.6986	1.403	0.6125	1.456
468	0.07087	0.08221	0.8517	1.054	0.7352	0.8816
469	0.07954	0.09638	1.006	1.159	0.8795	1.31
470	0.05845	0.1032	0.6891	1.289	0.6443	1.36
471	0.05976	0.09648	0.6535	1.385	0.6159	1.054
472	0.07525	0.07471	0.8687	0.9327	0.8249	0.7671
473	0.03748	0.06277	0.3672	0.6662	0.4156	0.8768
474	0.03453	0.02699	0.4831	0.3196	0.3884	0.3151
475	0.06992	0.06355	0.9619	0.7395	0.78	0.6679
476	0.0593	0.09457	0.6603	1.15	0.5905	1.101
477	0.1017	0.09591	1.559	1.24	1.471	1.328
478	0.08661	0.07017	1.015	0.7992	0.9455	0.8182
479	0.0513	0.1018	0.5164	1.299	0.5587	1.203
480	0.07596	0.08458	0.9159	1.045	0.8279	0.9634
481	0.04434	0.05176	0.6096	0.6128	0.4944	0.62
482	0.08168	0.1023	1.012	1.41	1.029	1.658
483	0.05381	0.09056	0.7337	1.106	0.5789	1.023
484	0.07968	0.06417	1.134	0.8674	1.273	0.889
485	0.06458	0.05465	0.6983	0.5745	0.8533	0.7813
486	0.09786	0.09514	1.129	1.292	1.163	1.193
487	0.06293	0.1108	0.6946	1.274	0.6957	1.547
488	0.05173	0.03813	0.5378	0.3854	0.6383	0.3956
489	0.04707	0.04728	0.4982	0.4682	0.5571	0.5447
490	0.1048	0.1067	1.279	1.428	1.281	1.501
491	0.03866	0.05422	0.4674	0.6101	0.5105	0.6453
492	0.06714	0.06603	0.7246	0.7261	0.687	0.7924
493	0.03128	0.02399	0.3725	0.2625	0.3605	0.3424
494	0.06649	0.1112	0.7347	1.587	0.7518	1.369
495	0.05834	0.04866	0.644	0.6088	0.6301	0.6365
496	0.05506	0.08793	0.8299	1.06	0.6147	1.135
497	0.07644	0.0766	0.8849	0.9016	0.8454	1.123
498	0.03375	0.03601	0.4748	0.3928	0.4616	0.4533
499	0.08576	0.0754	1.141	0.8262	0.926	0.8775
500	0.07364	0.08577	0.8074	1.084	0.7927	0.9062
501	0.09739	0.08204	1.233	1.189	1.137	1.085
502	0.08355	0.04691	1.237	0.5332	1.074	0.6151
503	0.09007	0.05373	1.071	0.5602	1.068	0.5418
504	0.05946	0.1285	0.7066	1.85	0.7889	1.785
505	0.06382	0.04492	0.7753	0.5978	0.6989	0.6742
506	0.08059	0.09325	0.9664	1.071	0.8979	1.086
507	0.06993	0.07485	0.7745	0.7779	0.734	0.8772
508	0.04968	0.05338	0.5577	0.6234	0.6191	0.7296
509	0.03551	0.04225	0.3107	0.3788	0.5216	0.5801
510	0.05649	0.08709	0.6355	1.083	0.67	0.9639
511	0.05645	0.04954	0.5658	0.5011	0.6491	0.571
512	0.04266	0.06489	0.5672	0.7718	0.4857	0.6916
513	0.06929	0.0744	0.7945	1.039	0.8018	1.122
514	0.03563	0.03104	0.362	0.3803	0.4728	0.3963
515	0.02346	0.08711	0.2664	1.03	0.3016	1.135
516	0.05308	0.08962	0.6324	1.026	0.5242	1.12
517	0.09282	0.0715	1.156	0.7544	1.107	0.7688
518	0.0437	0.09075	0.5271	1.13	0.4562	1.181
519	0.07905	0.07402	1.01	0.7605	1.018	0.9738
520	0.07891	0.1117	1.126	1.533	0.8764	1.744
521	0.04334	0.05639	0.5265	0.6184	0.5119	0.681
522	0.09981	0.05402	1.253	0.5621	1.147	0.5792
523	0.04427	0.05922	0.5825	0.6456	0.5294	0.7481
524	0.09058	0.03972	1.127	0.4964	1.002	0.4597
525	0.03796	0.04191	0.3843	0.4381	0.4271	0.4873
526	0.06248	0.07219	0.6837	0.8092	0.6532	0.7437
527	0.1583	0.09312	2.294	1.091	2.316	1.245
528	0.06355	0.1012	0.8585	1.282	0.733	1.326
529	0.06776	0.07391	0.7851	0.8792	0.7993	1.025
530	0.07544	0.1219	0.8609	1.574	0.7517	1.541
531	0.08452	0.1041	1.106	1.371	1.023	1.296
532	0.0832	0.08625	0.9796	1.045	0.8846	1.062
533	0.01081	0.09537	0.1631	1.496	0.2177	1.346
534	0.0754	0.08748	0.8405	1.217	0.8706	1.162
535	0.07686	0.09752	0.9757	1.239	0.8864	1.194
536	0.02487	0.06373	0.2892	0.6885	0.2794	0.8225
537	0.07743	0.08102	0.9074	0.9805	0.8404	0.8643
538	0.05005	0.07737	0.5411	0.878	0.5244	0.8195
539	0.06024	0.08263	0.6949	0.9526	0.7573	0.9299
540	0.05676	0.04951	0.5777	0.5545	0.8502	0.7069
541	0.0977	0.1141	1.28	1.485	1.086	1.916
542	0.04881	0.01823	0.5302	0.2311	0.5214	0.2485
543	0.07047	0.09796	0.7964	1.3	0.798	1.521
544	0.08345	0.08582	0.9701	1.171	0.9022	0.9405
545	0.08437	0.1016	0.9846	1.307	0.902	1.193
546	0.05808	0.107	0.6202	1.378	0.5891	1.346
547	0.07336	0.08547	0.8483	1.051	0.771	1.039
548	0.05304	0.04967	0.6105	0.535	0.6728	0.5603
549	0.04036	0.02153	0.4275	0.3037	0.4762	0.2478
550	0.06034	0.06265	0.7285	0.736	0.6545	0.8444
551	0.07065	0.09273	0.8197	1.117	0.7355	1.15
552	0.07306	0.07164	0.817	0.8149	0.7647	0.8498
553	0.03473	0.05188	0.4223	0.6077	0.3946	0.8965
554	0.05781	0.09799	0.6289	1.195	0.6566	1.145
555	0.07239	0.05542	0.9198	0.7396	0.7855	0.6238
556	0.05123	0.059	0.6008	0.6678	0.5952	0.6654
557	0.06216	0.04983	0.7705	0.5053	0.678	0.6852
558	0.01865	0.09516	0.4339	1.265	0.1795	1.105
559	0.04852	0.04874	0.5615	0.4496	0.5909	0.5982
560	0.079	0.06918	0.9262	0.8321	0.8568	0.7503
561	0.04765	0.1049	0.5302	1.387	0.5194	1.289
562	0.04653	0.06412	0.496	0.6896	0.4628	0.7568
563	0.03412	0.09633	0.3679	1.136	0.3449	1.163
564	0.04109	0.03719	0.486	0.3778	0.4314	0.43
565	0.03314	0.03857	0.3875	0.444	0.4093	0.4672
566	0.08415	0.1024	1.079	1.325	0.9756	1.262
567	0.09028	0.07783	1.21	0.8791	1.238	0.9562
568	0.05611	0.04079	0.6101	0.4676	0.5982	0.5561
569	0.08781	0.08163	1.062	0.9887	0.9902	1.08
570	0.07826	0.07477	0.829	0.8315	0.8634	0.8355
571	0.08178	0.09816	0.9403	1.173	0.9075	1.182
572	0.04824	0.07979	0.6436	0.9988	0.6343	0.8711
573	0.08751	0.1015	1.077	1.255	0.9795	1.239
574	0.06217	0.07492	0.6926	0.8038	0.6533	0.8295
575	0.07532	0.0862	0.8912	1.077	0.7906	0.9125
576	0.06944	0.09355	0.821	1.187	0.7338	1.015
577	0.05155	0.0285	0.538	0.2633	0.5756	0.3393
578	0.02412	0.01994	0.2528	0.2222	0.3131	0.2546
579	0.1008	0.05419	1.319	0.7298	1.197	0.6121
580	0.07352	0.04284	0.8036	0.4718	0.9797	0.4572
581	0.07998	0.08564	1.099	1.044	1.198	0.9642
582	0.07097	0.08163	0.807	0.9631	0.7581	0.8902
583	0.06845	0.09298	0.8358	1.072	0.8209	1.175
584	0.08269	0.09776	1.031	1.263	0.9496	1.119
585	0.05137	0.03932	0.5759	0.5008	0.5846	0.4073
586	0.08715	0.09509	1.077	1.309	1.057	1.084
587	0.06398	0.07132	0.7387	0.8167	0.6506	0.7484
588	0.08949	0.0611	1.071	0.7084	1.221	0.7256
589	0.05161	0.05271	0.5235	0.56	0.6943	0.7346
590	0.05168	0.07453	0.5931	0.9198	0.6147	0.9586
591	0.05996	0.111	0.667	1.468	0.6927	1.359
592	0.06152	0.04119	0.6634	0.4265	0.8719	0.4549
593	0.05446	0.05525	0.6728	0.6127	0.6872	0.6568
594	0.1148	0.1281	1.537	2.241	1.501	1.806
595	0.07157	0.04978	0.8491	0.5886	0.9636	0.5742
596	0.09818	0.0867	1.244	0.9906	1.134	0.9309
597	0.02715	0.02792	0.3156	0.3304	0.3401	0.3585
598	0.05698	0.1275	0.6433	1.84	0.6138	1.482
599	0.02867	0.0352	0.3758	0.4302	0.3558	0.4578
600	0.06244	0.06833	0.7369	0.8095	0.7533	0.8248
601	0.07478	0.05581	0.7907	0.6308	0.9373	0.598
602	0.04458	0.02798	0.4446	0.402	0.5132	0.3817
603	0.07013	0.06244	0.7795	0.7356	0.7888	0.7888
604	0.08073	0.05602	0.9068	0.6481	0.8746	0.5817
605	0.05849	0.1205	0.6972	1.981	0.7452	1.765
606	0.04907	0.04564	0.5362	0.5967	0.578	0.6174
607	0.07582	0.06663	0.8371	0.7595	0.8865	0.7604
608	0.008376	0.08979	0.1058	1.476	0.109	1.173
609	0.04667	0.06584	0.5369	0.7424	0.5041	0.7965
610	0.0566	0.1112	0.6583	1.596	0.611	1.413
611	0.07435	0.09566	0.8809	1.181	0.8121	1.099
612	0.05089	0.07364	0.6182	0.9516	0.6413	0.9709
613	0.03519	0.03455	0.3291	0.3053	0.4456	0.5026
614	0.08259	0.05857	1.028	0.6563	0.8888	0.6987
615	0.0315	0.03241	0.3841	0.3743	0.36	0.3732
616	0.04252	0.04215	0.4406	0.4692	0.5283	0.4952
617	0.06047	0.04453	0.6722	0.5644	0.7871	0.6049
618	0.02162	0.06033	0.2342	0.6822	0.2358	0.7918
619	0.0575	0.03004	0.6333	0.3613	0.6944	0.3786
620	0.06849	0.07858	0.7994	0.9485	0.6791	0.9008
621	0.09566	0.08057	1.17	0.9028	1.058	0.8549
622	0.06843	0.08472	0.8332	1.182	0.739	0.9656
623	0.08337	0.1195	1.134	1.64	1.228	1.493
624	0.01135	0.09901	0.1397	1.151	0.1339	1.321
625	0.0699	0.0512	0.7573	0.5854	0.8677	0.6012
626	0.04448	0.0835	0.4972	0.9477	0.4723	0.959
627	0.02716	0.02416	0.304	0.2615	0.4242	0.3217
628	0.03937	0.04579	0.4426	0.4905	0.4842	0.5283
629	0.02683	0.04455	0.2846	0.4939	0.3025	0.5299
630	0.07019	0.1	0.7915	1.38	0.7159	1.208
631	0.09099	0.08556	1.159	0.9748	1.111	1.048
632	0.06733	0.09659	0.789	1.213	0.6995	1.228
633	0.06308	0.04184	0.7387	0.5966	0.8099	0.5872
634	0.0788	0.09554	0.9562	1.25	0.8488	1.011
635	0.1028	0.09746	1.351	1.245	1.222	1.166
636	0.01734	0.08824	0.1864	1.042	0.2411	1.08
637	0.05066	0.1084	0.5614	1.293	0.628	1.948
638	0.09853	0.09173	1.544	1.627	1.237	1.425
639	0.06703	0.09871	0.7801	1.253	0.6911	1.331
640	0.06074	0.03958	0.6607	0.471	0.6913	0.4717
641	0.06255	0.0912	0.6875	1.13	0.7113	1.081
642	0.06233	0.1131	0.7182	1.558	0.7591	1.372
643	0.04472	0.08714	0.527	1.064	0.5115	1.109
644	0.05167	0.04589	0.5145	0.4846	0.6934	0.5661
645	0.07812	0.09197	0.9447	1.299	0.8839	1.139
646	0.05418	0.05559	0.594	0.6171	0.5735	0.6688
647	0.05812	0.1046	0.6569	1.404	0.6703	1.39
648	0.07998	0.06515	0.9914	0.7567	0.8848	0.8289
649	0.0788	0.07687	0.9262	0.8206	0.8198	0.8659
650	0.05679	0.07901	0.6038	0.9054	0.5777	0.8851
651	0.08155	0.08548	0.9933	1.016	0.8366	1.011
652	0.06511	0.04883	0.7084	0.499	0.8757	0.5794
653	0.02718	0.02232	0.3264	0.2772	0.3448	0.2859
654	0.0742	0.06272	0.8553	0.7502	0.7957	0.7025
655	0.05219	0.08378	0.5849	1.04	0.5301	0.9745
656	0.05423	0.05935	0.5586	0.6112	0.5544	0.9176
657	0.0453	0.08353	0.5016	0.9469	0.5758	1.249
658	0.1011	0.08283	1.358	0.9743	1.145	1.017
659	0.05945	0.05267	0.6547	0.5799	0.6578	0.5662
660	0.04596	0.0425	0.4821	0.5335	0.4613	0.5171
661	0.07316	0.05685	0.8331	0.5522	0.7853	0.8724
662	0.04997	0.1006	0.5441	1.303	0.5699	1.44
663	0.03902	0.04345	0.4453	0.421	0.4742	0.6222
664	0.03908	0.09438	0.4249	1.201	0.5342	1.043
665	0.07449	0.08106	0.8316	0.8932	0.7709	0.9242
666	0.05463	0.04787	0.5929	0.5525	0.699	0.6068
667	0.06653	0.09343	0.8337	1.242	0.6532	1.126
668	0.07724	0.04413	0.8286	0.5064	1.099	0.6022
669	0.04515	0.02056	0.4942	0.2224	0.5523	0.2625
670	0.07201	0.08587	0.8341	0.9837	0.7812	1.153
671	0.06964	0.08598	0.7973	1.021	0.7074	1.173
672	0.03809	0.02555	0.4279	0.3096	0.4486	0.3738
673	0.0861	0.07542	1.036	1.032	1.095	1.076
674	0.07738	0.08853	0.9079	1.054	0.8313	1.008
675	0.06996	0.09538	0.7674	1.317	0.7495	1.24
676	0.07094	0.0706	0.8105	0.8042	0.7878	0.8886
677	0.08138	0.09528	1.003	1.424	0.863	1.272
678	0.0717	0.1035	0.7838	1.352	0.7841	1.206
679	0.04626	0.0816	0.5242	0.9548	0.5093	0.9841
680	0.0665	0.069	0.7677	0.8351	0.6831	0.7323
681	0.0451	0.06095	0.461	0.6063	0.5483	0.7832
682	0.02499	0.01918	0.2946	0.2008	0.2965	0.2333
683	0.1023	0.068	1.347	0.8525	1.314	0.8508
684	0.07761	0.07135	0.8757	0.815	0.8717	0.9353
685	0.06065	0.08972	0.7183	1.08	0.7658	1.284
686	0.07308	0.07116	0.8398	0.7795	0.7657	0.8518
687	0.07517	0.07613	0.8825	0.8352	0.7804	0.8383
688	0.09054	0.06048	1.116	0.7519	1.037	0.6944
689	0.04591	0.0385	0.5388	0.4694	0.4983	0.4163
690	0.09227	0.07308	1.164	0.8801	1.15	1.117
691	0.05506	0.08873	0.6188	1.118	0.664	0.9733
692	0.06583	0.07751	0.7042	0.9715	0.7926	1.048
693	0.06367	0.05436	0.6521	0.5357	0.8779	0.732
694	0.04969	0.05429	0.535	0.5957	0.5343	0.6114
695	0.07514	0.09216	0.8518	1.126	0.8438	1.02
696	0.03163	0.03216	0.3073	0.3415	0.4097	0.3678
697	0.0617	0.05644	0.6269	0.5702	0.7682	0.6889
698	0.08169	0.1196	0.9255	2.245	0.9902	2.027
699	0.05364	0.04881	0.6254	0.5155	0.592	0.5964
700	0.06669	0.05798	0.7421	0.6084	0.6953	0.6334
701	0.02812	0.04282	0.3259	0.5128	0.3677	0.539
702	0.07785	0.09049	0.8937	1.036	0.8939	1.062
703	0.04853	0.02626	0.5442	0.3168	0.6177	0.3365
704	0.09628	0.07815	1.22	0.9129	1.249	1.017
705	0.0659	0.09563	0.7607	1.022	0.7095	1.237
706	0.04461	0.04389	0.4334	0.472	0.5321	0.5474
707	0.06363	0.06783	0.7714	0.7638	0.7343	0.7767
708	0.08282	0.05574	1.034	0.5976	0.9407	0.5906
709	0.08798	0.116	1.089	1.7	1.094	1.412
710	0.01738	0.0592	0.2177	0.6338	0.3798	0.7795
711	0.0687	0.08469	0.7623	0.9688	0.7265	0.9758
712	0.01016	0.1116	0.1425	1.704	0.1725	1.57
713	0.02414	0.03193	0.371	0.3617	0.3025	0.3936
714	0.09316	0.07592	1.122	0.8878	1.054	0.9207
715	0.09258	0.06462	1.093	0.702	1.083	0.7603
716	0.08524	0.05298	0.9723	0.6289	1.088	0.6648
717	0.0448	0.04409	0.3948	0.467	0.739	0.6511
718	0.08565	0.08262	1.078	0.9418	0.8962	0.933
719	0.05002	0.06225	0.54	0.6636	0.5537	0.7195
720	0.05309	0.03093	0.5919	0.3464	0.5792	0.3606
721	0.07328	0.05443	0.859	0.6736	0.805	0.7437
722	0.04835	0.04805	0.5803	0.5405	0.5955	0.4959
723	0.04948	0.04628	0.6553	0.5366	0.5269	0.4902
724	0.09699	0.1024	1.221	1.292	1.254	1.298
725	0.07538	0.07543	0.9178	0.8462	0.8396	0.773
726	0.08906	0.09296	1.243	1.167	1.007	1.052
727	0.06653	0.08079	0.8139	0.9466	0.7817	1.112
728	0.09458	0.1048	1.187	1.437	1.19	1.434
729	0.06082	0.03348	0.7688	0.4123	0.7578	0.4202
730	0.07569	0.06569	0.8876	0.7137	0.7973	0.6875
731	0.03435	0.04737	0.3506	0.5496	0.4522	0.6095
732	0.06045	0.03805	0.6851	0.472	0.8339	0.4631
733	0.01379	0.04745	0.1388	0.4845	0.1705	0.611
734	0.06484	0.08389	0.7208	0.9489	0.7111	1.058
735	0.1034	0.1173	1.46	1.464	1.307	1.489
736	0.07678	0.08542	0.9371	1.043	0.8118	1.366
737	0.05626	0.07471	0.6511	0.9678	0.6411	0.8687
738	0.1033	0.09702	1.373	1.42	1.143	1.013
739	0.09358	0.07314	1.044	0.8624	1.053	0.9502
740	0.06635	0.07454	0.7494	0.7776	0.6967	0.8396
741	0.1066	0.1119	1.597	1.336	1.829	1.358
742	0.0731	0.09764	1.054	1.635	0.9827	1.463
743	0.1026	0.08916	1.391	1.044	1.209	1.318
744	0.03104	0.03458	0.4123	0.4228	0.4018	0.4231
745	0.05039	0.08313	0.5623	0.9688	0.5126	0.938
746	0.05329	0.08506	0.5557	0.993	0.6049	1.161
747	0.07571	0.09912	0.8311	1.224	0.8451	1.099
748	0.05106	0.04202	0.692	0.4421	0.9593	0.5163
749	0.08311	0.1029	0.985	1.315	0.861	1.924
750	0.04881	0.05246	0.6391	0.6964	0.5454	0.7184
751	0.05421	0.07232	0.6067	0.8294	0.5999	0.7322
752	0.0543	0.0751	0.6056	1.021	0.6509	0.9619
753	0.0825	0.08996	1.038	1.111	0.9403	1.06
754	0.08862	0.08871	1.072	0.9836	1.013	1.067
755	0.0752	0.09001	0.8752	1.086	0.9311	1.016
756	0.04661	0.05958	0.612	0.6534	0.5721	0.7429
757	0.07039	0.0231	0.7881	0.2716	0.7429	0.2568
758	0.06144	0.07163	0.8347	0.8544	0.8053	0.9959
759	0.04251	0.0477	0.4524	0.5233	0.4514	0.5522
760	0.06361	0.08691	0.7255	1.05	0.705	1.064
761	0.0375	0.05276	0.448	0.6984	0.4832	0.7359
762	0.07204	0.07605	0.7959	0.8326	0.7957	0.8898
763	0.06054	0.07321	0.7804	0.8936	0.7898	0.8856
764	0.04453	0.03556	0.5369	0.3803	0.5741	0.3953
765	0.1129	0.04616	1.344	0.4456	1.495	0.6707
766	0.07802	0.08897	0.8779	1.009	1.091	1.269
767	0.04492	0.04497	0.4762	0.4565	0.5311	0.5783
768	0.047	0.05932	0.5174	0.6376	0.6133	0.6215
769	0.05155	0.1006	0.5611	1.21	0.5092	1.159
770	0.05079	0.05046	0.5639	0.5423	0.6395	0.6254
771	0.06413	0.08479	0.7111	1.007	0.6936	0.9228
772	0.06266	0.04881	0.6543	0.6296	0.7658	0.6278
773	0.02962	0.03092	0.3712	0.3287	0.3623	0.3752
774	0.07267	0.1022	0.8428	1.274	0.8285	1.334
775	0.05305	0.08771	0.6355	1.011	0.6036	1.082
776	0.02222	0.06746	0.2621	0.7537	0.2745	0.838
777	0.06032	0.06254	0.6982	0.6758	0.6869	0.8372
778	0.07086	0.08965	0.7869	1.085	0.7403	1.006
779	0.09441	0.1019	1.208	1.265	0.9917	1.219
780	0.04405	0.05489	0.5247	0.6179	0.4411	0.6472
781	0.08066	0.09288	0.97	1.121	0.8399	1.163
782	0.08239	0.0995	1.014	1.205	0.8836	1.24
783	0.08648	0.05967	1.142	0.6607	0.93	0.6806
784	0.09419	0.08299	1.213	1.068	1.147	0.9669
785	0.05475	0.05332	0.5453	0.5185	0.658	0.6679
786	0.02589	0.02356	0.359	0.2574	0.4129	0.3168
787	0.03464	0.06402	0.4902	0.9755	0.5116	0.8214
788	0.05672	0.08679	0.644	1.062	0.6333	1.033
789	0.09126	0.08143	1.219	0.992	1.354	1.105
790	0.07273	0.08983	0.8239	1.12	0.8025	0.9904
791	0.07822	0.1101	0.9033	1.37	0.7917	1.282
792	0.07111	0.0689	0.8735	0.7636	0.8245	0.8192
793	0.03032	0.02509	0.3337	0.286	0.3628	0.2776
794	0.07289	0.07628	0.9862	0.8981	0.9847	0.9196
795	0.07398	0.05547	0.8616	0.7063	0.7985	0.6101
796	0.051	0.05468	0.5028	0.6255	0.6244	0.7126
797	0.03088	0.05593	0.3124	0.6077	0.3436	0.7075
798	0.04833	0.07352	0.5224	0.8301	0.5455	0.786
799	0.08818	0.07586	1.162	0.8387	1.003	0.8752
800	0.03861	0.03544	0.3674	0.3525	0.4624	0.4183
801	0.03961	0.06239	0.4164	0.5997	0.4758	0.7776
802	0.1014	0.09572	1.429	1.12	1.17	1.184
803	0.04496	0.04294	0.482	0.4729	0.4469	0.492
804	0.05687	0.04946	0.6175	0.5294	0.5789	0.5082
805	0.07422	0.03867	0.847	0.4567	1.007	0.5518
806	0.07613	0.09831	0.8807	1.353	0.8154	1.231
807	0.0242	0.03765	0.335	0.5262	0.2821	0.4708
808	0.0921	0.0763	1.146	0.9478	1.265	0.8354
809	0.05807	0.08574	0.5931	0.9261	0.6517	1.118
810	0.07159	0.03605	0.7744	0.4174	0.9834	0.4886
811	0.08424	0.07778	1.06	0.8688	0.9751	0.9866
812	0.05923	0.05143	0.661	0.5387	0.627	0.6109
813	0.08631	0.07679	1.119	0.8787	1.012	0.9896
814	0.05093	0.04638	0.6145	0.5572	0.579	0.5439
815	0.05949	0.07201	0.7399	0.8958	0.6441	0.743
816	0.01058	0.1165	0.1262	1.493	0.1257	1.434
817	0.06401	0.06811	0.716	0.7475	0.7632	0.7637
818	0.1059	0.0743	1.355	0.9003	1.42	0.8535
819	0.06049	0.07509	0.6516	0.8085	0.6129	0.8319
820	0.05418	0.06057	0.6205	0.9933	0.7244	0.8123
821	0.03168	0.04256	0.2689	0.4056	0.5	0.6155
822	0.08779	0.0802	1.061	0.9198	0.9784	0.8644
823	0.04248	0.05291	0.4527	0.6182	0.4566	0.6046
824	0.03836	0.06083	0.4322	0.6885	0.4309	0.8144
825	0.0623	0.0488	0.7575	0.6427	0.8141	0.66
826	0.03633	0.04467	0.3722	0.463	0.4627	0.571
827	0.05325	0.0449	0.6513	0.5595	0.6039	0.5131
828	0.07507	0.06288	0.8068	0.6884	0.9032	0.6777
829	0.089	0.07552	1.075	0.8388	1.157	0.8548
830	0.08516	0.07736	1.159	0.9997	1.064	1.105
831	0.08401	0.06966	0.9469	0.9023	1.197	0.9018
832	0.05339	0.0957	0.5624	1.253	0.565	1.274
833	0.06148	0.06049	0.7531	0.8407	0.7826	0.7121
834	0.05773	0.06645	0.6362	0.7255	0.6184	0.699
835	0.05334	0.06711	0.5995	0.8415	0.5313	0.8945
836	0.03727	0.05279	0.4157	0.5766	0.4516	0.5939
837	0.05129	0.05932	0.526	0.6633	0.5977	0.7786
838	0.05338	0.09214	0.5612	1.162	0.5729	1.044
839	0.09603	0.1287	1.289	2.003	1.146	1.786
840	0.08805	0.05877	0.9888	0.6368	1.083	0.6233
841	0.01462	0.07265	0.1449	0.9578	0.2122	0.8882
842	0.07139	0.1313	0.8447	1.687	0.8206	1.946
843	0.09734	0.1124	1.228	1.43	1.221	1.372
844	0.0993	0.06399	1.153	0.6964	1.14	0.7062
845	0.08394	0.1034	1.176	1.578	0.9638	1.802
846	0.06864	0.07597	0.8492	1.329	0.8803	0.9856
847	0.0807	0.113	0.9563	1.742	0.8381	1.708
848	0.0454	0.01603	0.5023	0.1994	0.5602	0.1681
849	0.06885	0.07571	0.7896	0.8639	0.6898	0.8598
850	0.06666	0.09958	0.808	1.287	0.7261	1.169
851	0.09419	0.05412	1.164	0.5817	1.16	0.5359
852	0.04171	0.05514	0.447	0.6845	0.5266	0.94
853	0.08181	0.09752	1.068	1.223	0.9619	1.769
854	0.09168	0.04564	1.178	0.5376	1.234	0.5448
855	0.06729	0.1021	0.7295	1.304	0.6977	1.734
856	0.05259	0.06038	0.6307	0.6655	0.6427	0.774
857	0.08227	0.06491	1.015	0.7253	0.9301	0.7588
858	0.0441	0.06301	0.4816	0.713	0.4568	0.7861
859	0.0572	0.07088	0.6304	0.7891	0.611	0.7388
860	0.05508	0.04675	0.6001	0.4716	0.6632	0.5738
861	0.01594	0.02533	0.162	0.3318	0.1771	0.3244
862	0.08172	0.06671	0.976	0.8136	0.962	0.7439
863	0.07492	0.096	0.884	1.176	0.8041	1.177
864	0.06186	0.06119	0.6727	0.6915	0.6327	0.6302
865	0.03776	0.05215	0.4264	0.6054	0.4523	0.7014
866	0.08347	0.07233	1.11	0.82	1.051	0.785
867	0.06123	0.05893	0.7468	0.8123	0.6768	0.8199
868	0.05941	0.05137	0.6327	0.5801	0.688	0.6083
869	0.06086	0.03578	0.6901	0.3314	0.7271	0.523
870	0.05099	0.09419	0.5826	1.16	0.6838	1.262
871	0.03818	0.03526	0.3618	0.3664	0.44	0.4671
872	0.06132	0.05498	0.6882	0.6238	0.732	0.6316
873	0.08797	0.09815	1.098	1.169	0.9536	1.151
874	0.04373	0.04048	0.4703	0.5197	0.5139	0.523
875	0.07039	0.04344	0.8826	0.4436	0.7367	0.4408
876	0.0602	0.05323	0.7038	0.5849	0.7086	0.6522
877	0.07662	0.03449	0.916	0.4249	0.9078	0.445
878	0.04539	0.08561	0.4999	1.012	0.4766	1.119
879	0.05041	0.07974	0.5246	0.9246	0.5637	0.9019
880	0.01558	0.02737	0.2096	0.3359	0.2696	0.3711
881	0.03993	0.0573	0.4937	0.6594	0.4886	0.6737
882	0.07662	0.06475	0.8887	0.7035	0.8547	0.6985
883	0.08462	0.0851	1.033	0.9494	0.8895	0.9655
884	0.0676	0.06753	0.8062	0.8567	0.777	0.7944
885	0.06611	0.07263	0.7198	0.8322	0.7268	0.8316
886	0.05636	0.08495	0.6326	1.012	0.623	0.9852
887	0.06872	0.05568	0.8043	0.6515	0.7267	0.5367
888	0.08965	0.07703	1.107	0.9894	0.9911	0.7903
889	0.04172	0.05801	0.4149	0.5907	0.4826	0.7529
890	0.05804	0.0307	0.808	0.374	0.7239	0.4455
891	0.04733	0.07329	0.5342	0.8059	0.4904	0.827
892	0.04829	0.07398	0.5535	0.8415	0.5134	0.7897
893	0.01756	0.1021	0.3545	1.402	0.153	1.192
894	0.0694	0.08998	0.8445	1.215	0.8955	0.9985
895	0.09552	0.05669	1.228	0.6462	1.087	0.6457
896	0.1068	0.06406	1.425	0.8076	1.222	0.7727
897	0.01192	0.05396	0.152	0.6876	0.1139	0.6247
898	0.04468	0.07661	0.5348	0.8657	0.5305	1.157
899	0.07329	0.08539	0.8734	1.17	0.815	1.039
900	0.07245	0.05889	0.7993	0.6794	0.8242	0.6411
901	0.04614	0.04226	0.5251	0.4657	0.6003	0.5024
902	0.08713	0.09152	1.001	1.111	1.06	0.9911
903	0.08123	0.05445	0.9733	0.5416	1.044	0.6352
904	0.04407	0.04186	0.5772	0.4545	0.5853	0.5423
905	0.04201	0.04227	0.4165	0.4138	0.4852	0.4822
906	0.1099	0.09404	1.751	1.088	1.485	1.288
907	0.05495	0.05596	0.6718	0.7208	0.5791	0.7947
908	0.09256	0.07326	1.13	0.7894	1.004	0.7712
909	0.03623	0.05823	0.3872	0.6086	0.4251	0.7605
910	0.06053	0.0806	0.7761	0.8895	0.6311	1.02
911	0.0564	0.03467	0.7161	0.3969	0.7295	0.4275
912	0.08205	0.09228	0.9764	1.164	1.036	1.261
913	0.05472	0.0704	0.584	0.7299	0.6087	0.959
914	0.06547	0.04676	0.7931	0.6061	0.7352	0.6094
915	0.05815	0.07052	0.6406	0.8	0.6687	0.8453
916	0.05278	0.06289	0.5812	0.6931	0.5478	0.633
917	0.06167	0.09449	0.7145	1.125	0.6724	1.305
918	0.05788	0.04709	0.6584	0.5448	0.6778	0.5472
919	0.04545	0.07974	0.5052	0.9314	0.4934	0.8862
920	0.05358	0.08918	0.7816	1.205	0.6611	1.314
921	0.05738	0.0366	0.656	0.4216	0.6326	0.4416
922	0.09539	0.09642	1.189	1.189	1.076	1.131
923	0.05965	0.07903	0.6556	0.9275	0.7134	0.9207
924	0.02269	0.06386	0.2846	0.8422	0.2879	0.7978
925	0.0363	0.03603	0.3277	0.3301	0.4141	0.4948
926	0.06214	0.08564	0.6782	0.9801	0.6271	0.8799
927	0.02844	0.06204	0.3087	0.6705	0.3054	0.7351
928	0.06621	0.05726	0.7354	0.6356	0.6878	0.6486
929	0.05027	0.05206	0.5555	0.6399	0.5794	0.6904
930	0.05345	0.0447	0.6176	0.5086	0.6474	0.5712
931	0.09403	0.0448	1.575	0.5679	1.058	0.6033
932	0.06137	0.09685	0.6649	1.106	0.6094	1.217
933	0.09973	0.06731	1.198	0.7429	1.165	0.7488
934	0.05793	0.06548	0.6319	0.769	0.7	0.7265
935	0.08018	0.05316	0.9364	0.5429	0.875	0.6233
936	0.08663	0.06865	1.166	0.9337	1.08	0.9528
937	0.04096	0.04424	0.4191	0.4759	0.4333	0.4868
938	0.04552	0.09714	0.472	1.164	0.4426	1.115
939	0.05934	0.03535	0.6161	0.4262	0.6083	0.3947
940	0.04194	0.04233	0.4651	0.4868	0.4526	0.5454
941	0.0378	0.05733	0.3494	0.6195	0.5284	0.8078
942	0.07036	0.07089	0.7678	0.8622	0.713	0.7394
943	0.06791	0.09096	0.8046	1.074	0.7295	1.215
944	0.05955	0.1117	0.6909	1.424	0.6877	1.343
945	0.05775	0.0859	0.6963	1.363	0.6823	1.324
946	0.09421	0.1438	1.22	2.165	1.054	1.866
947	0.09636	0.1106	1.154	1.437	1.127	1.237
948	0.06192	0.1225	0.6821	1.538	0.6345	1.535
949	0.05841	0.08022	0.6398	1.004	0.6202	1.258
950	0.07562	0.05895	1.075	0.929	0.9227	0.7931
951	0.08594	0.1095	1.079	1.395	1.022	1.488
952	0.05818	0.03694	0.655	0.3923	0.6612	0.4409
953	0.05653	0.09763	0.661	1.158	0.576	1.15
954	0.03712	0.05415	0.457	0.7123	0.4277	0.7146
955	0.06377	0.08116	0.6698	1.042	0.6939	0.8509
956	0.03087	0.05459	0.3439	0.7735	0.327	0.821
957	0.07131	0.1112	0.7965	1.691	0.7464	2.378
958	0.05023	0.03397	0.6219	0.3748	0.5498	0.3633
959	0.0589	0.1112	0.7156	1.594	0.6991	1.406
960	0.0702	0.04207	0.8091	0.4306	0.9326	0.6042
961	0.08137	0.08687	1.013	0.9862	0.8886	1.029
962	0.06554	0.0762	0.7015	0.849	0.6753	0.854
963	0.08501	0.08584	1.025	0.9856	0.8756	0.9612
964	0.03873	0.04668	0.4257	0.5247	0.472	0.5413
965	0.01663	0.01868	0.1852	0.2154	0.199	0.2298
966	0.06358	0.06853	0.7145	0.8337	0.7317	0.8376
967	0.08585	0.07419	1.05	0.8665	0.9855	0.8793
968	0.05517	0.06468	0.6591	0.7078	0.6298	0.7198
969	0.06353	0.04501	0.6761	0.5765	0.7872	0.785
970	0.05494	0.08989	0.6352	1.217	0.5887	1.072
971	0.06676	0.0811	0.8157	0.9372	0.8156	0.9246
972	0.06209	0.051	0.7353	0.6348	0.6341	0.6941
973	0.05369	0.03879	0.5854	0.4505	0.7286	0.5042
974	0.06377	0.06287	0.736	0.6964	0.699	0.8108
975	0.07304	0.05671	0.9828	0.6302	0.9372	0.6538
976	0.05391	0.06344	0.5984	0.6944	0.5543	0.6885
977	0.05053	0.07581	0.5894	0.8772	0.5546	0.8337
978	0.01912	0.06647	0.2154	0.742	0.2136	0.8212
979	0.08556	0.04272	0.9938	0.4686	0.924	0.4072
980	0.04213	0.04752	0.4781	0.4905	0.5249	0.5487
981	0.03044	0.03315	0.3467	0.363	0.3871	0.4633
982	0.05831	0.08638	0.6674	1.086	0.6427	1.11
983	0.07947	0.07796	1.004	0.9648	0.8145	0.9199
984	0.03952	0.02026	0.5139	0.2395	0.4959	0.2409
985	0.08158	0.04931	0.9605	0.6065	0.9704	0.5334
986	0.08013	0.1048	0.9282	1.326	0.8814	1.164
987	0.06674	0.07812	0.7808	0.9067	0.7147	0.893
988	0.05977	0.08379	0.7756	1.103	0.6491	1.009
989	0.06144	0.08535	0.7674	1.07	0.5939	1.037
990	0.06728	0.09456	0.7472	1.16	0.7536	1.218
991	0.06929	0.09223	0.8621	1.136	0.7217	1.129
992	0.07118	0.08756	0.8577	1.087	0.8278	0.9548
993	0.03886	0.0525	0.3765	0.4987	0.4607	0.7013
994	0.02307	0.02697	0.2681	0.3062	0.3307	0.3607
995	0.06169	0.04163	0.705	0.4886	0.653	0.4645
996	0.07686	0.07031	0.8387	0.7537	0.869	0.7983
997	0.0806	0.09309	0.9344	1.19	0.8435	1.132
998	0.06898	0.05518	0.765	0.628	0.7228	0.6335
999	0.07271	0.05973	0.8341	0.6637	0.7562	0.6324
1000	0.09523	0.0951	1.254	1.301	1.033	1.084
1001	0.03929	0.05757	0.4323	0.6549	0.5444	0.797
1002	0.08274	0.06406	0.9355	0.7227	0.9572	0.6971
1003	0.05581	0.09755	0.6461	1.316	0.6339	1.153
1004	0.04729	0.03535	0.5006	0.4128	0.5427	0.5641
1005	0.0431	0.05093	0.4671	0.6004	0.5502	0.6884
1006	0.07079	0.07327	0.8718	0.875	0.8926	0.8974
1007	0.04478	0.0946	0.4888	1.071	0.4417	1.093
1008	0.04977	0.04183	0.5734	0.4456	0.533	0.504
1009	0.04992	0.0433	0.477	0.4332	0.6059	0.4954
1010	0.1032	0.09983	1.374	1.52	1.483	1.549
1011	0.03899	0.05455	0.43	0.6728	0.4276	0.6433
1012	0.05196	0.07138	0.5939	0.8434	0.5531	0.7536
1013	0.03086	0.02298	0.3224	0.2673	0.3545	0.2594
1014	0.05617	0.07086	0.6301	0.8562	0.587	0.7762
1015	0.04961	0.03681	0.5306	0.4852	0.5201	0.5091
1016	0.05951	0.07748	0.7024	1.011	0.7001	1.008
1017	0.08922	0.08969	1.073	1.141	1.024	0.9561
1018	0.05192	0.04834	0.5695	0.6073	0.5449	0.6125
1019	0.06686	0.04766	0.7571	0.4946	0.743	0.5005
1020	0.06061	0.07369	0.6615	0.9154	0.671	0.8324
1021	0.09844	0.09287	1.369	1.538	1.207	1.481
1022	0.05876	0.03934	0.6669	0.5354	0.61	0.4518
1023	0.08221	0.08862	0.9801	1.046	0.8995	0.9898
1024	0.01194	0.09303	0.1557	1.321	0.1621	1.238
1025	0.0233	0.03917	0.3054	0.4436	0.2628	0.5301
1026	0.07109	0.09402	0.889	1.218	0.8722	1.285
1027	0.1264	0.07049	1.646	0.7994	1.593	0.7972
1028	0.03285	0.05887	0.3612	0.6709	0.4459	0.8427
1029	0.04061	0.02552	0.3481	0.218	0.5703	0.3365
1030	0.07378	0.07473	0.8954	0.8812	0.782	0.7918
1031	0.05872	0.06608	0.6493	0.7742	0.6678	0.7249
1032	0.04499	0.04718	0.5245	0.543	0.4627	0.5131
1033	0.07701	0.045	0.8543	0.5977	0.9066	0.647
1034	0.01619	0.03468	0.3351	0.3977	0.1527	0.377
1035	0.06815	0.04876	0.8021	0.6259	0.7356	0.5308
1036	0.05733	0.09846	0.6074	1.104	0.6877	1.229
1037	0.1002	0.07313	1.224	0.8346	1.182	0.8366
1038	0.05979	0.09978	0.7025	1.381	0.6556	1.149
1039	0.06951	0.09335	0.8013	1.295	0.8459	1.239
1040	0.0585	0.07477	0.7324	0.9715	0.6198	0.9692
