Step	Loss(S)	Loss(T)	fwd_S	fwd_T	rev_S	rev_T
1	3.8	0.0	4.638	3.735	3.8	3.186
2	3.627	0.0	4.48	4.759	3.627	4.473
3	3.011	0.0	3.058	4.137	3.011	4.746
4	4.49	0.0	3.566	3.223	4.49	2.823
5	6.113	0.0	5.369	2.269	6.113	2.332
6	3.579	0.0	3.829	3.175	3.579	3.345
7	4.089	0.0	3.952	2.391	4.089	2.127
8	3.153	0.0	3.665	3.287	3.153	2.597
9	4.024	0.0	4.324	4.219	4.024	3.124
10	1.802	0.0	1.474	2.12	1.802	1.709
11	1.728	0.0	2.572	2.617	1.728	2.048
12	2.215	0.0	2.8	2.429	2.215	2.049
13	2.621	0.0	2.895	3.26	2.621	2.313
14	0.9947	0.0	2.552	5.468	0.9947	2.569
15	1.412	0.0	2.643	3.219	1.412	1.829
16	1.695	0.0	4.174	3.405	1.695	1.653
17	1.105	0.0	2.898	4.507	1.105	1.959
18	2.535	0.0	4.36	0.8734	2.535	0.5438
19	1.88	0.0	3.418	3.592	1.88	2.728
20	1.328	0.0	2.689	3.548	1.328	1.175
21	0.7586	0.0	1.517	1.524	0.7586	0.5342
22	2.807	0.0	4.533	3.449	2.807	2.009
23	1.922	0.0	2.946	1.346	1.922	1.11
24	2.366	0.0	4.113	0.6202	2.366	0.6306
25	1.843	0.0	2.432	2.272	1.843	1.546
26	1.603	0.0	2.551	2.407	1.603	1.487
27	1.669	0.0	3.289	2.636	1.669	1.406
28	1.417	0.0	2.812	3.498	1.417	1.829
29	1.266	0.0	2.002	1.792	1.266	1.22
30	0.8021	0.0	1.877	4.536	0.8021	3.702
31	2.776	0.0	5.056	3.715	2.776	2.347
32	1.273	0.0	2.58	0.7222	1.273	0.6056
33	1.356	0.0	2.336	2.476	1.356	1.191
34	1.001	0.0	2.301	1.353	1.001	0.6478
35	1.23	0.0	1.432	1.758	1.23	1.253
36	1.94	0.0	4.867	2.412	1.94	1.664
37	0.8915	0.0	3.588	2.833	0.8915	1.845
38	0.9451	0.0	1.731	2.647	0.9451	1.737
39	2.166	0.0	2.633	3.428	2.166	3.319
40	0.9013	0.0	0.9153	2.021	0.9013	0.9519
41	1.262	0.0	2.693	2.916	1.262	1.616
42	1.065	0.0	1.351	3.283	1.065	1.365
43	0.3196	0.0	0.5867	1.5	0.3196	1.136
44	1.369	0.0	1.099	1.655	1.369	1.355
45	1.129	0.0	2.406	2.472	1.129	1.322
46	2.123	0.0	2.884	1.23	2.123	0.9313
47	0.5932	0.0	0.9956	1.209	0.5932	1.03
48	1.649	0.0	2.579	1.344	1.649	0.867
49	1.677	0.0	2.426	3.227	1.677	2.271
50	0.5292	0.0	0.7492	1.485	0.5292	1.227
51	1.165	0.0	1.72	1.931	1.165	1.273
52	0.24	0.0	0.2533	0.5457	0.24	0.3484
53	1.279	0.0	1.619	1.364	1.279	1.125
54	1.116	0.0	1.396	1.076	1.116	0.725
55	0.5294	0.0	1.14	3.029	0.5294	1.28
56	1.052	0.0	1.201	2.047	1.052	1.539
57	1.538	0.0	2.018	2.62	1.538	1.547
58	0.4802	0.0	1.21	2.687	0.4802	1.574
59	2.58	0.0	3.752	2.955	2.58	1.922
60	0.906	0.0	1.226	1.573	0.906	1.257
61	2.383	0.0	2.88	1.23	2.383	0.8264
62	1.048	0.0	1.213	1.927	1.048	1.442
63	0.66	0.0	1.186	0.9631	0.66	0.693
64	1.559	0.0	2.01	1.931	1.559	1.628
65	1.373	0.0	2.352	1.733	1.373	1.07
66	1.321	0.0	1.625	1.452	1.321	1.093
67	1.894	0.0	3.039	2.42	1.894	1.912
68	1.026	0.0	2.207	1.927	1.026	1.146
69	0.7918	0.0	1.21	1.279	0.7918	0.8933
70	1.113	0.0	2.097	0.917	1.113	0.4459
71	0.6482	0.0	1.544	1.512	0.6482	1.06
72	1.149	0.0	2.065	1.697	1.149	1.073
73	0.5438	0.0	0.6007	1.446	0.5438	1.096
74	1.607	0.0	2.167	2.568	1.607	1.178
75	1.574	0.0	1.843	3.358	1.574	2.277
76	0.8352	0.0	1.863	1.667	0.8352	1.028
77	1.619	0.0	2.087	3.335	1.619	2.729
78	1.027	0.0	1.398	2.848	1.027	2.026
79	0.8159	0.0	1.485	2.302	0.8159	1.383
80	1.242	0.0	1.502	1.058	1.242	0.5534
81	1.415	0.0	2.28	1.135	1.415	0.722
82	1.512	0.0	1.995	1.374	1.512	0.9999
83	1.297	0.0	2.058	1.84	1.297	1.296
84	0.9215	0.0	1.812	1.605	0.9215	0.9943
85	1.155	0.0	1.649	2.275	1.155	1.687
86	0.9287	0.0	1.335	1.625	0.9287	1.205
87	1.335	0.0	2.264	1.43	1.335	0.6563
88	1.558	0.0	3.391	3.222	1.558	1.544
89	1.565	0.0	3.484	1.622	1.565	0.8862
90	0.6945	0.0	0.9517	1.318	0.6945	1.108
91	0.7826	0.0	1.019	0.7148	0.7826	0.7861
92	1.236	0.0	1.712	1.808	1.236	1.264
93	1.007	0.0	1.476	0.8725	1.007	0.5316
94	1.518	0.0	1.758	1.573	1.518	1.019
95	1.415	0.0	1.797	1.515	1.415	0.955
96	1.375	0.0	1.836	1.483	1.375	0.7955
97	0.827	0.0	1.306	1.171	0.827	0.8867
98	2.33	0.0	2.447	2.015	2.33	1.705
99	0.9363	0.0	1.094	1.251	0.9363	1.092
100	2.098	0.0	2.043	1.671	2.098	1.208
101	0.7394	0.0	1.24	1.371	0.7394	1.092
102	0.9039	0.0	1.076	1.132	0.9039	0.9308
103	1.46	0.0	1.748	1.032	1.46	0.6883
104	1.1	0.0	1.51	1.239	1.1	1.321
105	1.334	0.0	1.961	1.102	1.334	0.8939
106	1.13	0.0	2.02	2.045	1.13	1.176
107	0.5531	0.0	1.019	2.393	0.5531	1.049
108	0.8717	0.0	1.479	1.821	0.8717	1.398
109	2.405	0.0	2.999	3.076	2.405	2.244
110	1.27	0.0	1.629	1.624	1.27	1.335
111	0.6708	0.0	1.061	1.551	0.6708	1.131
112	1.366	0.0	1.744	1.761	1.366	1.232
113	2.062	0.0	2.415	2.827	2.062	2.603
114	0.4128	0.0	1.228	0.7549	0.4128	0.265
115	1.127	0.0	1.372	1.042	1.127	0.7921
116	1.172	0.0	1.069	1.558	1.172	1.203
117	1.104	0.0	1.326	1.242	1.104	0.9151
118	0.969	0.0	1.415	1.063	0.969	0.7172
119	1.129	0.0	1.612	0.7223	1.129	0.5819
120	1.352	0.0	2.158	2.564	1.352	1.473
121	1.206	0.0	1.577	1.674	1.206	1.225
122	0.4983	0.0	0.7792	2.172	0.4983	0.9505
123	0.9602	0.0	1.11	1.221	0.9602	1.054
124	0.4488	0.0	0.8793	0.7897	0.4488	0.4363
125	0.738	0.0	0.759	1.049	0.738	0.929
126	0.8395	0.0	0.904	0.6774	0.8395	0.5523
127	0.8032	0.0	0.8345	1.118	0.8032	0.7558
128	0.8122	0.0	1.154	0.747	0.8122	0.4811
129	1.019	0.0	1.336	1.083	1.019	0.7688
130	0.9299	0.0	1.423	0.772	0.9299	0.5572
131	0.8164	0.0	1.392	1.912	0.8164	0.9559
132	1.006	0.0	2.303	1.682	1.006	1.044
133	0.6764	0.0	0.7858	1.448	0.6764	1.043
134	1.79	0.0	2.215	1.465	1.79	1.262
135	1.995	0.0	1.753	1.161	1.995	1.019
136	1.121	0.0	1.626	2.084	1.121	1.642
137	1.262	0.0	1.263	1.086	1.262	1.036
138	0.9117	0.0	1.23	1.133	0.9117	0.8733
139	1.095	0.0	1.285	1.095	1.095	0.8663
140	1.221	0.0	1.558	1.562	1.221	1.055
141	1.022	0.0	1.514	1.76	1.022	1.464
142	1.141	0.0	1.567	1.501	1.141	1.252
143	1.369	0.0	1.752	1.826	1.369	1.254
144	1.601	0.0	2.004	2.125	1.601	1.118
145	0.9956	0.0	1.421	1.624	0.9956	1.227
146	1.355	0.0	1.852	1.393	1.355	1.011
147	0.8874	0.0	0.936	1.644	0.8874	1.117
148	0.9312	0.0	1.363	1.763	0.9312	1.311
149	0.8445	0.0	1.73	1.58	0.8445	0.9224
150	0.3941	0.0	0.4875	0.5456	0.3941	0.5409
151	0.7652	0.0	0.998	0.5843	0.7652	0.5067
152	1.121	0.0	1.403	1.121	1.121	0.5959
153	1.241	0.0	1.819	1.157	1.241	1.093
154	0.9228	0.0	1.393	0.6622	0.9228	0.5877
155	0.5093	0.0	0.602	0.6889	0.5093	0.6574
156	0.4217	0.0	0.7165	1.189	0.4217	1.118
157	0.7498	0.0	0.9781	1.49	0.7498	0.9403
158	0.5763	0.0	0.8105	0.7523	0.5763	0.6706
159	1.298	0.0	1.579	1.28	1.298	0.9683
160	0.5672	0.0	0.7264	1.088	0.5672	0.7839
161	0.9483	0.0	1.224	1.306	0.9483	0.862
162	0.6789	0.0	0.8823	0.7362	0.6789	0.4369
163	1.589	0.0	1.689	1.454	1.589	0.8998
164	2.064	0.0	3.03	1.711	2.064	0.9425
165	1.351	0.0	1.664	1.055	1.351	0.9628
166	0.5851	0.0	0.5737	0.9627	0.5851	0.7757
167	0.905	0.0	1.132	0.5248	0.905	0.4667
168	0.8538	0.0	1.152	0.7124	0.8538	0.5537
169	1.092	0.0	1.018	0.8161	1.092	0.6195
170	0.7302	0.0	1.062	0.8676	0.7302	0.6592
171	1.629	0.0	2.461	2.216	1.629	1.466
172	0.6446	0.0	1.311	1.282	0.6446	0.7495
173	0.6642	0.0	0.8287	1.059	0.6642	0.7961
174	0.5998	0.0	1.056	0.7757	0.5998	0.5906
175	0.7262	0.0	0.937	0.9819	0.7262	0.6274
176	0.7653	0.0	0.9492	0.7316	0.7653	0.5865
177	0.6692	0.0	0.805	1.275	0.6692	0.9725
178	0.4769	0.0	0.8282	1.246	0.4769	0.8708
179	1.723	0.0	2.242	1.882	1.723	1.403
180	1.244	0.0	1.283	1.291	1.244	0.9749
181	2.228	0.0	1.488	1.314	2.228	1.401
182	1.093	0.0	1.66	1.322	1.093	0.6998
183	0.4346	0.0	0.8088	0.971	0.4346	0.5729
184	0.859	0.0	0.7414	0.6837	0.859	0.6563
185	0.8742	0.0	0.9187	1.077	0.8742	0.7119
186	1.32	0.0	1.72	2.304	1.32	1.638
187	1.16	0.0	1.562	1.157	1.16	0.7026
188	0.5969	0.0	1.152	0.6047	0.5969	0.4391
189	1.29	0.0	1.889	1.618	1.29	0.9751
190	0.4008	0.0	0.5703	0.8015	0.4008	0.7274
191	0.5841	0.0	1.072	1.067	0.5841	0.6275
192	1.307	0.0	2.115	2.016	1.307	1.462
193	0.6057	0.0	1.013	1.485	0.6057	1.081
194	0.441	0.0	0.452	0.5409	0.441	0.4921
195	0.7827	0.0	1.005	0.916	0.7827	0.6398
196	0.7245	0.0	0.8752	1.272	0.7245	0.9876
197	0.7845	0.0	1.299	1.104	0.7845	0.8806
198	0.5166	0.0	0.6037	1.407	0.5166	1.026
199	1.269	0.0	1.646	1.161	1.269	0.8127
200	0.4197	0.0	0.5293	0.9348	0.4197	0.6971
201	0.7912	0.0	1.219	1.43	0.7912	1.069
202	0.908	0.0	1.074	1.109	0.908	1.165
203	0.8792	0.0	0.983	1.258	0.8792	0.8902
204	1.224	0.0	1.818	1.352	1.224	1.041
205	0.6933	0.0	0.8129	0.4234	0.6933	0.3813
206	0.6948	0.0	0.7976	0.7559	0.6948	0.6703
207	0.8849	0.0	1.378	1.552	0.8849	1.179
208	0.2422	0.0	0.4625	0.8699	0.2422	0.6376
209	0.8438	0.0	1.209	0.9348	0.8438	0.6131
210	0.9407	0.0	1.483	1.152	0.9407	0.8712
211	1.137	0.0	1.498	1.526	1.137	1.15
212	1.049	0.0	1.249	0.9203	1.049	0.8746
213	1.916	0.0	1.996	1.977	1.916	2.215
214	0.8978	0.0	1.025	1.271	0.8978	0.9061
215	1.018	0.0	1.447	0.3419	1.018	0.3836
216	1.117	0.0	1.378	0.7557	1.117	0.5765
217	1.286	0.0	1.674	1.51	1.286	1.061
218	0.7096	0.0	1.162	1.087	0.7096	0.6157
219	0.8698	0.0	1.126	1.032	0.8698	0.7542
220	0.7127	0.0	0.952	0.8676	0.7127	0.6673
221	0.8214	0.0	1.162	0.7847	0.8214	0.7548
222	0.8181	0.0	1.077	0.7106	0.8181	0.517
223	1.077	0.0	1.25	1.072	1.077	0.7115
224	0.8847	0.0	1.245	1.09	0.8847	0.5277
225	0.8546	0.0	1.396	0.8941	0.8546	0.6106
226	0.8316	0.0	1.567	0.6473	0.8316	0.5637
227	0.6254	0.0	0.7246	0.5021	0.6254	0.5128
228	0.6386	0.0	0.7798	0.5366	0.6386	0.4969
229	0.5308	0.0	0.5351	0.6339	0.5308	0.6011
230	0.402	0.0	0.7504	0.7738	0.402	0.5972
231	0.7586	0.0	0.9152	1.12	0.7586	0.8546
232	0.6611	0.0	0.852	1.243	0.6611	0.8803
233	0.7227	0.0	0.9716	0.7207	0.7227	0.5781
234	0.8999	0.0	1.318	1.008	0.8999	0.858
235	0.8522	0.0	1.145	0.8669	0.8522	0.5938
236	0.7967	0.0	1.103	1.208	0.7967	0.989
237	0.5864	0.0	0.6758	0.5412	0.5864	0.4508
238	0.9913	0.0	0.9931	1.298	0.9913	0.9312
239	0.4262	0.0	0.5062	0.9921	0.4262	0.8492
240	0.4135	0.0	0.5526	1.09	0.4135	0.842
241	0.7995	0.0	0.9245	0.91	0.7995	0.9549
242	0.8458	0.0	1.192	0.6522	0.8458	0.5032
243	0.6443	0.0	0.8254	0.9566	0.6443	0.7992
244	0.8378	0.0	1.063	1.739	0.8378	1.161
245	0.9362	0.0	1.305	0.7561	0.9362	0.5045
246	1.093	0.0	1.552	0.4411	1.093	0.4458
247	1.337	0.0	1.78	1.95	1.337	1.32
248	0.4611	0.0	0.63	0.6821	0.4611	0.4163
249	0.5214	0.0	0.7745	1.081	0.5214	0.671
250	0.8093	0.0	1.254	1.079	0.8093	0.758
251	0.8052	0.0	0.9827	1.074	0.8052	0.8446
252	1.184	0.0	1.454	0.9414	1.184	0.6759
253	0.4412	0.0	0.8777	0.4304	0.4412	0.3332
254	0.5683	0.0	0.7204	0.6501	0.5683	0.476
255	0.6661	0.0	0.8493	0.5776	0.6661	0.5854
256	0.8789	0.0	1.122	1.211	0.8789	0.7042
257	0.7744	0.0	1.018	0.7264	0.7744	0.4688
258	0.7911	0.0	0.9617	0.5844	0.7911	0.512
259	0.5094	0.0	0.6908	0.7626	0.5094	0.5572
260	0.1275	0.0	0.2242	0.3747	0.1275	0.275
261	0.6106	0.0	0.7544	0.8516	0.6106	0.7152
262	0.781	0.0	1.038	0.522	0.781	0.4031
263	0.7117	0.0	0.9551	0.8787	0.7117	0.6342
264	0.7355	0.0	0.9035	0.8503	0.7355	0.6417
265	0.9413	0.0	1.397	1.014	0.9413	0.7726
266	0.7854	0.0	1.022	0.4383	0.7854	0.3917
267	0.836	0.0	1.084	0.9596	0.836	0.9198
268	0.788	0.0	1.03	1.419	0.788	1.158
269	0.878	0.0	1.045	1.135	0.878	0.9054
270	0.7011	0.0	0.8603	0.5748	0.7011	0.51
271	0.8577	0.0	0.8669	1.076	0.8577	0.9103
272	0.8535	0.0	1.077	0.7814	0.8535	0.6332
273	0.3045	0.0	0.533	1.139	0.3045	0.724
274	0.8424	0.0	1.049	0.7604	0.8424	0.6844
275	0.9166	0.0	1.347	1.006	0.9166	0.7424
276	0.652	0.0	0.9594	1.126	0.652	0.8044
277	0.6486	0.0	0.6676	0.5778	0.6486	0.4836
278	0.6637	0.0	0.9836	0.8253	0.6637	0.6396
279	0.7961	0.0	0.9513	0.7166	0.7961	0.5171
280	0.9388	0.0	1.209	0.9036	0.9388	0.811
281	0.3938	0.0	0.4058	0.8237	0.3938	0.5659
282	0.692	0.0	0.92	0.8275	0.692	0.4907
283	1.105	0.0	1.58	2.072	1.105	1.417
284	0.6638	0.0	0.8082	0.9006	0.6638	0.7588
285	0.8041	0.0	0.9625	0.6898	0.8041	0.7099
286	1.133	0.0	1.604	1.674	1.133	1.408
287	0.5569	0.0	0.7858	1.08	0.5569	0.6994
288	0.6564	0.0	0.7625	0.4316	0.6564	0.4353
289	0.5791	0.0	0.7979	0.7221	0.5791	0.5968
290	1.049	0.0	1.403	1.74	1.049	1.3
291	0.6549	0.0	1.091	0.9187	0.6549	0.7703
292	0.2613	0.0	0.4301	1.263	0.2613	0.9277
293	0.9691	0.0	1.066	1.512	0.9691	1.061
294	0.4927	0.0	0.6918	0.7958	0.4927	0.6802
295	0.562	0.0	0.8246	0.8404	0.562	0.4919
296	1.286	0.0	2.176	1.806	1.286	1.262
297	1.134	0.0	1.749	1.488	1.134	0.9898
298	0.5055	0.0	0.5545	0.4621	0.5055	0.4672
299	0.3231	0.0	0.4509	0.512	0.3231	0.4298
300	0.5394	0.0	0.6613	0.7005	0.5394	0.6255
301	0.3199	0.0	0.5522	0.6239	0.3199	0.6512
302	0.7937	0.0	1.005	0.8531	0.7937	0.6279
303	0.988	0.0	1.291	1.054	0.988	0.7472
304	0.6003	0.0	0.7957	1.068	0.6003	0.9059
305	0.2886	0.0	0.4492	0.9893	0.2886	0.6743
306	0.8963	0.0	1.163	0.6309	0.8963	0.548
307	0.6899	0.0	1.012	1.115	0.6899	0.9184
308	0.5488	0.0	0.7406	0.5953	0.5488	0.5473
309	0.5213	0.0	0.5159	0.5836	0.5213	0.4247
310	0.606	0.0	0.6924	0.8927	0.606	0.7033
311	0.6039	0.0	0.7351	0.7536	0.6039	0.5174
312	0.8498	0.0	1.059	0.7269	0.8498	0.506
313	0.6555	0.0	0.8004	0.7628	0.6555	0.566
314	0.8156	0.0	1.128	1.177	0.8156	0.809
315	0.7201	0.0	1.127	0.6048	0.7201	0.4337
316	0.7584	0.0	0.8561	0.9252	0.7584	0.6166
317	0.9784	0.0	1.303	1.171	0.9784	0.8484
318	0.4726	0.0	0.7304	0.8828	0.4726	0.7574
319	0.3688	0.0	0.3106	0.5616	0.3688	0.5964
320	0.6167	0.0	0.8846	1.256	0.6167	0.952
321	0.698	0.0	1.062	1.454	0.698	1.169
322	0.448	0.0	0.5366	0.3446	0.448	0.2481
323	0.8122	0.0	1.094	1.151	0.8122	0.9238
324	0.7584	0.0	0.8332	0.8702	0.7584	0.6982
325	0.9132	0.0	1.024	0.9497	0.9132	0.8352
326	0.5643	0.0	0.7336	0.7492	0.5643	0.5595
327	0.6796	0.0	0.8911	0.792	0.6796	0.6775
328	0.7552	0.0	1.04	1.129	0.7552	0.6357
329	0.5988	0.0	0.7561	1.031	0.5988	0.8493
330	0.8427	0.0	1.036	1.131	0.8427	0.7609
331	0.6464	0.0	0.7374	0.5275	0.6464	0.4624
332	0.8073	0.0	1.089	0.4	0.8073	0.3286
333	0.3473	0.0	0.3771	0.3917	0.3473	0.3291
334	0.8251	0.0	1.116	0.9312	0.8251	0.6546
335	0.6067	0.0	0.7324	1.151	0.6067	0.9698
336	0.5227	0.0	0.5576	1.162	0.5227	0.8617
337	0.6725	0.0	0.8299	0.8543	0.6725	0.6873
338	0.6339	0.0	0.8407	0.7103	0.6339	0.569
339	0.5395	0.0	0.7743	0.9903	0.5395	0.7526
340	0.2984	0.0	0.5012	0.9215	0.2984	0.7659
341	0.5711	0.0	0.6833	0.5877	0.5711	0.4605
342	0.7685	0.0	1.006	1.013	0.7685	0.8258
343	0.4331	0.0	0.5127	0.6271	0.4331	0.4512
344	0.8095	0.0	1.005	1.3	0.8095	0.9506
345	0.534	0.0	0.6198	0.3372	0.534	0.3545
346	0.8331	0.0	0.9504	0.523	0.8331	0.4917
347	0.5576	0.0	0.6248	0.493	0.5576	0.4204
348	0.7726	0.0	1.024	1.167	0.7726	0.8742
349	0.4757	0.0	0.8698	0.9374	0.4757	0.5083
350	0.3245	0.0	0.4333	0.5967	0.3245	0.5707
351	1.381	0.0	1.564	1.296	1.381	0.9428
352	0.8065	0.0	0.8139	1.111	0.8065	0.778
353	0.3894	0.0	0.5293	0.9735	0.3894	0.7357
354	0.9993	0.0	1.266	0.7976	0.9993	0.6163
355	0.327	0.0	0.3767	0.4602	0.327	0.4951
356	0.9824	0.0	1.288	1.254	0.9824	1.029
357	0.5579	0.0	1.225	1.137	0.5579	0.6484
358	0.8165	0.0	0.9043	1.008	0.8165	0.8608
359	0.7086	0.0	0.7465	0.7446	0.7086	0.5956
360	0.8946	0.0	1.283	1.012	0.8946	0.7415
361	0.9789	0.0	1.34	1.048	0.9789	0.7612
362	0.5265	0.0	0.6211	0.3728	0.5265	0.3681
363	0.5839	0.0	0.7022	0.8695	0.5839	0.7193
364	0.1234	0.0	0.2534	0.4688	0.1234	0.2601
365	0.6321	0.0	0.7441	0.8429	0.6321	0.7603
366	0.7253	0.0	0.8685	0.9271	0.7253	0.7692
367	0.6311	0.0	0.8854	0.4596	0.6311	0.4131
368	0.5311	0.0	0.6315	0.6472	0.5311	0.5495
369	0.5277	0.0	0.7517	1.177	0.5277	0.9233
370	0.5635	0.0	0.9061	0.9231	0.5635	0.7348
371	0.7609	0.0	0.7751	0.618	0.7609	0.5176
372	1.204	0.0	1.489	1.429	1.204	1.107
373	0.6549	0.0	0.9172	1.462	0.6549	1.113
374	0.7864	0.0	0.9262	0.7046	0.7864	0.6181
375	0.7322	0.0	0.8049	0.7245	0.7322	0.543
376	0.6788	0.0	0.8118	0.5749	0.6788	0.5431
377	0.5368	0.0	0.6597	0.6842	0.5368	0.52
378	0.6418	0.0	0.7997	1.136	0.6418	0.9052
379	0.9917	0.0	1.338	1.416	0.9917	1.025
380	0.5571	0.0	0.851	0.7026	0.5571	0.494
381	0.6241	0.0	0.8263	0.352	0.6241	0.3443
382	0.8213	0.0	1.185	0.9832	0.8213	0.7568
383	0.5999	0.0	0.7584	1.0	0.5999	0.7774
384	0.3275	0.0	0.4051	0.3531	0.3275	0.3198
385	0.7662	0.0	0.9276	0.4714	0.7662	0.4414
386	0.231	0.0	0.4027	0.8292	0.231	0.5791
387	1.124	0.0	1.38	1.914	1.124	1.292
388	0.58	0.0	0.8614	0.6722	0.58	0.613
389	0.9685	0.0	1.268	1.001	0.9685	0.7271
390	1.141	0.0	1.85	1.285	1.141	0.7278
391	0.616	0.0	0.9997	0.5096	0.616	0.2637
392	0.7348	0.0	0.7879	0.4716	0.7348	0.3729
393	0.3177	0.0	0.4356	0.3305	0.3177	0.2502
394	0.7293	0.0	0.9373	1.617	0.7293	1.223
395	0.5948	0.0	0.763	0.9011	0.5948	0.641
396	0.6316	0.0	0.9521	0.7301	0.6316	0.4632
397	0.9608	0.0	1.345	1.392	0.9608	1.123
398	0.3367	0.0	0.4116	0.4688	0.3367	0.3652
399	0.3428	0.0	0.6063	1.023	0.3428	0.5604
400	1.239	0.0	2.177	0.6919	1.239	0.4866
401	0.4742	0.0	0.6741	0.9079	0.4742	0.474
402	0.4397	0.0	0.504	0.6948	0.4397	0.5497
403	0.687	0.0	0.8022	0.7195	0.687	0.6526
404	0.6806	0.0	0.8232	1.012	0.6806	0.7783
405	0.2535	0.0	0.4118	0.8291	0.2535	0.5486
406	0.5734	0.0	0.7105	0.9063	0.5734	0.7726
407	0.5697	0.0	0.7986	1.224	0.5697	0.91
408	0.5862	0.0	0.8842	0.7598	0.5862	0.5121
409	0.5891	0.0	0.7506	0.5977	0.5891	0.336
410	0.3601	0.0	0.4154	0.8594	0.3601	0.7499
411	0.4097	0.0	0.4292	0.937	0.4097	0.8472
412	0.6549	0.0	0.7985	1.127	0.6549	0.6717
413	0.3589	0.0	0.4541	0.6048	0.3589	0.3956
414	0.3628	0.0	0.3805	0.4023	0.3628	0.363
415	0.6954	0.0	0.8472	0.9403	0.6954	0.762
416	0.5891	0.0	0.8097	0.6766	0.5891	0.5349
417	0.6794	0.0	0.955	0.7869	0.6794	0.5819
418	0.5528	0.0	0.7195	1.026	0.5528	0.7851
419	0.7684	0.0	1.136	0.8169	0.7684	0.5751
420	0.7003	0.0	0.8954	1.027	0.7003	0.7288
421	0.9348	0.0	1.398	1.574	0.9348	1.056
422	0.7798	0.0	0.9094	0.4665	0.7798	0.3896
423	0.9404	0.0	1.301	0.7849	0.9404	0.5892
424	0.8402	0.0	0.8794	0.7164	0.8402	0.6124
425	0.8101	0.0	1.091	1.123	0.8101	0.8225
426	0.3264	0.0	0.4029	0.6652	0.3264	0.4119
427	0.7568	0.0	0.8515	0.8183	0.7568	0.6523
428	0.4197	0.0	0.5099	0.5137	0.4197	0.4823
429	0.7618	0.0	1.02	0.5643	0.7618	0.4462
430	0.348	0.0	0.4584	0.9028	0.348	0.7554
431	0.5839	0.0	0.8086	0.486	0.5839	0.3088
432	0.7934	0.0	1.014	0.934	0.7934	0.6901
433	0.4343	0.0	0.6706	0.5651	0.4343	0.5021
434	0.7515	0.0	1.125	1.173	0.7515	0.6402
435	0.2435	0.0	0.315	0.5761	0.2435	0.4751
436	0.6441	0.0	0.9737	0.4069	0.6441	0.3685
437	0.2482	0.0	0.2587	0.2656	0.2482	0.2343
438	0.6369	0.0	0.9449	1.195	0.6369	0.7816
439	0.8319	0.0	1.099	0.5378	0.8319	0.4291
440	0.7772	0.0	1.098	1.101	0.7772	0.7864
441	0.4964	0.0	0.6334	0.7224	0.4964	0.5888
442	0.4701	0.0	0.7752	0.9713	0.4701	0.7367
443	1.008	0.0	1.098	0.9256	1.008	0.6174
444	0.5656	0.0	0.7821	0.4988	0.5656	0.4403
445	0.3905	0.0	0.4885	0.4856	0.3905	0.3793
446	0.5592	0.0	0.7328	1.009	0.5592	0.8113
447	0.5771	0.0	0.6512	0.6434	0.5771	0.4968
448	0.625	0.0	0.9663	0.8368	0.625	0.4839
449	0.6584	0.0	0.6875	0.9757	0.6584	0.7566
450	0.5402	0.0	0.5592	0.4574	0.5402	0.4033
451	0.4889	0.0	0.56	0.8865	0.4889	0.7224
452	0.8837	0.0	1.094	0.9623	0.8837	0.7026
453	0.4111	0.0	0.4761	0.556	0.4111	0.3703
454	0.3695	0.0	0.4154	0.9981	0.3695	0.701
455	1.362	0.0	1.713	1.638	1.362	1.216
456	0.5153	0.0	0.7846	1.432	0.5153	0.8908
457	0.4944	0.0	0.6331	0.8996	0.4944	0.5629
458	0.402	0.0	0.542	0.7416	0.402	0.5858
459	0.149	0.0	0.2014	0.4528	0.149	0.3874
460	0.6055	0.0	0.6887	0.6922	0.6055	0.5845
461	0.8352	0.0	1.134	0.3787	0.8352	0.2684
462	0.5222	0.0	0.5505	0.651	0.5222	0.533
463	0.4928	0.0	0.6695	0.4801	0.4928	0.4975
464	0.5668	0.0	0.8063	0.9662	0.5668	0.7052
465	0.4331	0.0	0.4715	1.204	0.4331	1.037
466	0.5018	0.0	0.6029	0.5811	0.5018	0.4936
467	0.785	0.0	0.8709	0.5158	0.785	0.3873
468	0.4211	0.0	0.6908	0.7622	0.4211	0.5788
469	0.4493	0.0	0.5794	0.734	0.4493	0.6289
470	0.3538	0.0	0.4564	0.7126	0.3538	0.5853
471	0.8088	0.0	0.9101	0.83	0.8088	0.6307
472	0.4287	0.0	0.492	0.5244	0.4287	0.4899
473	1.048	0.0	1.299	0.8797	1.048	0.7352
474	0.7033	0.0	0.679	0.6151	0.7033	0.4628
475	0.9569	0.0	1.27	0.681	0.9569	0.5562
476	1.077	0.0	1.418	0.9713	1.077	0.7811
477	0.8546	0.0	1.01	0.9942	0.8546	0.8048
478	0.542	0.0	0.6296	0.5843	0.542	0.515
479	0.7189	0.0	0.7843	0.5852	0.7189	0.5072
480	0.831	0.0	1.012	0.9744	0.831	0.8206
481	0.6714	0.0	0.8582	1.199	0.6714	0.8304
482	0.6695	0.0	0.776	1.032	0.6695	0.9272
483	0.994	0.0	1.389	1.131	0.994	0.765
484	0.493	0.0	0.8064	0.6441	0.493	0.3566
485	0.4899	0.0	0.6186	0.3858	0.4899	0.347
486	0.6417	0.0	0.8091	0.5654	0.6417	0.4381
487	0.468	0.0	0.9524	0.4331	0.468	0.28
488	0.3802	0.0	0.4534	0.4424	0.3802	0.3144
489	0.2697	0.0	0.3471	0.5998	0.2697	0.5138
490	0.4208	0.0	0.6449	0.8196	0.4208	0.5973
491	1.252	0.0	1.523	1.652	1.252	1.294
492	0.3998	0.0	0.4848	0.1682	0.3998	0.1052
493	0.6764	0.0	0.8094	1.272	0.6764	0.9289
494	0.6153	0.0	0.7702	1.029	0.6153	0.9508
495	0.4553	0.0	0.7034	0.8736	0.4553	0.6542
496	0.325	0.0	0.3686	0.8852	0.325	0.6696
497	0.4731	0.0	0.6401	0.9556	0.4731	0.7394
498	1.025	0.0	1.071	1.124	1.025	0.9632
499	0.6016	0.0	0.8597	1.038	0.6016	0.5963
500	0.4534	0.0	0.6162	0.5612	0.4534	0.4733
501	0.6041	0.0	0.7244	0.7736	0.6041	0.9493
502	0.6726	0.0	0.801	0.4826	0.6726	0.4448
503	0.5337	0.0	0.7451	1.164	0.5337	0.7669
504	1.391	0.0	2.037	1.856	1.391	1.013
505	0.7264	0.0	1.251	1.027	0.7264	0.8558
506	0.4733	0.0	0.5433	0.6505	0.4733	0.5368
507	0.6446	0.0	0.7766	0.6188	0.6446	0.564
508	0.4806	0.0	0.5428	0.6229	0.4806	0.421
509	0.5592	0.0	0.8955	0.9381	0.5592	0.774
510	0.5584	0.0	0.6486	0.7203	0.5584	0.6039
511	0.6026	0.0	0.9429	0.8204	0.6026	0.6492
512	0.5829	0.0	0.7187	0.6584	0.5829	0.4561
513	0.6261	0.0	0.8138	0.6465	0.6261	0.4801
514	0.7555	0.0	0.9216	0.826	0.7555	0.6636
515	0.6805	0.0	0.7549	0.5618	0.6805	0.5057
516	0.6809	0.0	0.7919	1.574	0.6809	0.8975
517	0.3837	0.0	0.4723	0.6113	0.3837	0.526
518	0.3041	0.0	0.3645	0.675	0.3041	0.537
519	0.3607	0.0	0.4556	0.4971	0.3607	0.5268
520	0.4323	0.0	0.5809	0.3804	0.4323	0.3543
521	0.5616	0.0	0.7977	0.828	0.5616	0.5858
522	0.3652	0.0	0.5958	1.056	0.3652	0.7563
523	0.7714	0.0	1.124	0.9527	0.7714	0.7361
524	0.4705	0.0	0.5682	1.007	0.4705	0.7999
525	0.6517	0.0	0.823	1.295	0.6517	1.107
526	0.5698	0.0	0.6482	0.7084	0.5698	0.6626
527	0.1843	0.0	0.1658	0.4392	0.1843	0.4868
528	0.4083	0.0	0.4723	1.18	0.4083	0.9424
529	0.7613	0.0	1.004	1.176	0.7613	0.9616
530	0.7351	0.0	0.9643	0.6674	0.7351	0.4478
531	0.5272	0.0	0.6574	0.6596	0.5272	0.5227
532	0.3787	0.0	0.3802	0.8253	0.3787	0.698
533	0.559	0.0	0.7762	1.188	0.559	0.7923
534	0.4255	0.0	0.5668	0.4077	0.4255	0.2962
535	0.7866	0.0	0.9007	0.742	0.7866	0.4817
536	0.4926	0.0	0.6703	1.139	0.4926	0.8627
537	0.5026	0.0	0.6308	0.6928	0.5026	0.5316
538	0.3475	0.0	0.5425	1.077	0.3475	0.753
539	0.3698	0.0	0.4684	0.7225	0.3698	0.5409
540	0.6909	0.0	0.882	0.3395	0.6909	0.246
541	0.4682	0.0	0.6929	0.3623	0.4682	0.3069
542	0.5744	0.0	0.6316	0.8719	0.5744	0.6057
543	0.7957	0.0	0.8007	0.765	0.7957	0.6785
544	0.6036	0.0	0.9076	0.8766	0.6036	0.6847
545	0.6031	0.0	0.6845	0.6453	0.6031	0.5702
546	0.4883	0.0	0.7646	0.9039	0.4883	0.7628
547	0.6677	0.0	0.93	0.9149	0.6677	0.6952
548	0.5825	0.0	0.7463	0.8663	0.5825	0.6363
549	0.5024	0.0	0.5616	0.9159	0.5024	0.7321
550	0.4904	0.0	0.606	0.4794	0.4904	0.5878
551	0.3843	0.0	0.5289	0.8636	0.3843	0.6638
552	0.1825	0.0	0.3699	0.7421	0.1825	0.5715
553	0.42	0.0	0.417	0.8417	0.42	0.584
554	0.8243	0.0	1.035	0.7209	0.8243	0.6142
555	0.5732	0.0	0.6976	0.5214	0.5732	0.4474
556	0.3679	0.0	0.3533	0.9345	0.3679	0.745
557	0.3058	0.0	0.5282	1.148	0.3058	0.6882
558	0.7068	0.0	0.7881	0.3242	0.7068	0.3379
559	1.189	0.0	1.32	1.38	1.189	1.027
560	0.3795	0.0	0.4627	1.375	0.3795	0.8765
561	0.5874	0.0	0.8391	0.5737	0.5874	0.5086
562	0.3342	0.0	0.6154	0.6512	0.3342	0.4905
563	0.4198	0.0	0.5253	0.4456	0.4198	0.3297
564	0.6091	0.0	0.797	0.7283	0.6091	0.5744
565	0.7218	0.0	1.007	0.6787	0.7218	0.5249
566	0.7984	0.0	0.9384	0.8354	0.7984	0.7213
567	0.5219	0.0	0.5534	0.7453	0.5219	0.7087
568	0.4375	0.0	0.5306	0.9601	0.4375	0.6218
569	0.6916	0.0	0.8634	0.8422	0.6916	0.6472
570	0.604	0.0	0.7052	0.7101	0.604	0.6044
571	0.4779	0.0	0.6201	0.4825	0.4779	0.3781
572	0.3162	0.0	0.4119	0.6336	0.3162	0.4362
573	0.802	0.0	0.8198	0.8387	0.802	0.6893
574	0.354	0.0	0.3616	0.4552	0.354	0.35
575	0.5956	0.0	0.7684	0.5531	0.5956	0.4928
576	0.6371	0.0	0.7454	0.6854	0.6371	0.5707
577	0.8437	0.0	1.165	0.6452	0.8437	0.5709
578	0.5274	0.0	0.8133	0.6901	0.5274	0.5175
579	0.9089	0.0	1.383	1.647	0.9089	1.01
580	0.6625	0.0	0.8825	1.224	0.6625	1.096
581	1.152	0.0	1.488	0.8437	1.152	0.7533
582	0.6594	0.0	0.6696	0.7849	0.6594	0.7154
583	0.4995	0.0	0.4756	0.6521	0.4995	0.5396
584	0.4931	0.0	0.5836	0.4301	0.4931	0.3913
585	0.7487	0.0	0.7859	0.7018	0.7487	0.5781
586	0.4204	0.0	0.4933	0.5158	0.4204	0.4185
587	0.91	0.0	1.067	0.9693	0.91	0.7695
588	0.3233	0.0	0.5193	0.943	0.3233	0.7543
589	0.3628	0.0	0.406	0.7037	0.3628	0.6633
590	0.408	0.0	0.5655	0.6154	0.408	0.478
591	0.4977	0.0	0.6182	0.6935	0.4977	0.5676
592	0.6011	0.0	0.7536	0.6325	0.6011	0.6018
593	0.4867	0.0	0.5817	0.4731	0.4867	0.4489
594	0.4636	0.0	0.5276	0.7058	0.4636	0.5812
595	0.8726	0.0	1.062	1.469	0.8726	1.235
596	0.416	0.0	0.3548	0.5935	0.416	0.4931
597	0.4576	0.0	0.4347	1.377	0.4576	0.7993
598	0.9039	0.0	1.319	1.417	0.9039	1.16
599	0.6857	0.0	1.025	0.5682	0.6857	0.4339
600	0.4691	0.0	0.5977	0.4181	0.4691	0.4265
601	0.5908	0.0	0.7625	0.4691	0.5908	0.3859
602	0.9836	0.0	1.2	0.9635	0.9836	0.769
603	0.7585	0.0	1.031	0.7089	0.7585	0.4781
604	0.1464	0.0	0.3131	0.9864	0.1464	0.7466
605	0.9289	0.0	1.178	1.247	0.9289	0.9444
606	0.6869	0.0	0.8507	0.6236	0.6869	0.3771
607	0.3401	0.0	0.4968	0.8278	0.3401	0.7012
608	0.5539	0.0	0.7288	1.474	0.5539	0.9403
609	1.031	0.0	1.328	0.9839	1.031	0.7952
610	0.4669	0.0	0.5638	0.8318	0.4669	0.664
611	0.5996	0.0	0.6869	0.574	0.5996	0.4423
612	0.7319	0.0	1.005	0.6552	0.7319	0.4909
613	0.6562	0.0	0.8006	0.8955	0.6562	0.8106
614	0.4275	0.0	0.5416	0.7601	0.4275	0.5968
615	0.4831	0.0	0.6192	0.7386	0.4831	0.5733
616	0.4104	0.0	0.5111	0.7233	0.4104	0.58
617	0.462	0.0	0.5699	0.7703	0.462	0.7044
618	0.4913	0.0	0.5246	0.8497	0.4913	0.689
619	0.5071	0.0	0.6199	0.6614	0.5071	0.5798
620	0.6542	0.0	0.8977	1.0	0.6542	0.7368
621	0.7554	0.0	0.7535	0.3829	0.7554	0.3162
622	0.5495	0.0	0.5785	0.64	0.5495	0.536
623	0.4492	0.0	0.8217	0.847	0.4492	0.8453
624	0.46	0.0	0.5956	0.6635	0.46	0.5253
625	0.576	0.0	0.8746	0.9032	0.576	0.6865
626	0.4842	0.0	0.5842	0.3769	0.4842	0.3104
627	0.8355	0.0	1.273	0.6858	0.8355	0.5624
628	0.789	0.0	0.9914	0.8151	0.789	0.7136
629	0.863	0.0	1.254	1.15	0.863	0.7248
630	0.3259	0.0	0.54	0.3831	0.3259	0.3298
631	1.025	0.0	1.094	0.4231	1.025	0.2996
632	0.7615	0.0	1.126	0.9534	0.7615	0.7301
633	0.6457	0.0	1.102	0.3802	0.6457	0.3224
634	0.5655	0.0	0.818	0.9488	0.5655	0.794
635	0.7207	0.0	0.8248	0.5132	0.7207	0.4593
636	0.3282	0.0	0.3653	0.3731	0.3282	0.3534
637	0.6016	0.0	0.5143	0.833	0.6016	0.7403
638	0.4052	0.0	0.5694	0.7509	0.4052	0.5778
639	0.5333	0.0	0.7023	0.5774	0.5333	0.5039
640	0.3344	0.0	0.3716	0.5054	0.3344	0.4229
641	0.3943	0.0	0.4555	0.8935	0.3943	0.5727
642	0.5948	0.0	0.6827	0.5033	0.5948	0.467
643	0.5708	0.0	0.723	0.5338	0.5708	0.4232
644	0.3745	0.0	0.6302	0.6787	0.3745	0.5734
645	0.3114	0.0	0.34	0.4509	0.3114	0.4104
646	0.6059	0.0	0.8482	1.095	0.6059	0.7266
647	0.5484	0.0	0.6345	0.9953	0.5484	0.8409
648	0.5701	0.0	0.6596	0.7677	0.5701	0.5701
649	0.5293	0.0	0.5776	0.6037	0.5293	0.4813
650	0.3746	0.0	0.489	0.4431	0.3746	0.4031
651	0.5787	0.0	0.7048	0.6961	0.5787	0.5972
652	0.7853	0.0	0.902	0.4328	0.7853	0.2611
653	0.3023	0.0	0.3531	0.4172	0.3023	0.3884
654	0.4054	0.0	0.5814	1.05	0.4054	0.7689
655	0.4156	0.0	0.4558	0.8661	0.4156	0.6051
656	0.1997	0.0	0.3051	0.6591	0.1997	0.5745
657	0.664	0.0	0.8726	0.7073	0.664	0.5342
658	0.6328	0.0	0.6906	0.8016	0.6328	0.6099
659	0.4953	0.0	0.6312	0.9174	0.4953	0.7759
660	0.7654	0.0	0.8829	0.8094	0.7654	0.6957
661	0.3338	0.0	0.5109	0.8436	0.3338	0.733
662	0.5514	0.0	0.4478	0.4052	0.5514	0.4027
663	0.7768	0.0	0.8071	1.327	0.7768	0.9542
664	0.4565	0.0	0.4465	0.8092	0.4565	0.5909
665	0.4584	0.0	0.4927	0.6414	0.4584	0.4908
666	0.8069	0.0	0.9007	1.221	0.8069	0.85
667	0.7769	0.0	0.8561	0.358	0.7769	0.3289
668	0.415	0.0	0.492	1.012	0.415	0.8314
669	0.7581	0.0	1.137	1.04	0.7581	0.5442
670	0.5358	0.0	0.6218	0.5436	0.5358	0.3623
671	0.4425	0.0	0.5346	0.5685	0.4425	0.4843
672	0.5166	0.0	0.6164	0.8713	0.5166	0.6696
673	0.5846	0.0	0.7446	0.8154	0.5846	0.7239
674	0.3311	0.0	0.4337	0.4407	0.3311	0.355
675	0.344	0.0	0.4854	0.4092	0.344	0.3903
676	0.4527	0.0	0.7126	0.4352	0.4527	0.3643
677	0.4909	0.0	0.6667	0.7826	0.4909	0.6404
678	0.332	0.0	0.3739	0.5819	0.332	0.5156
679	0.5322	0.0	0.721	1.326	0.5322	0.9567
680	0.3048	0.0	0.338	0.5975	0.3048	0.5242
681	0.8589	0.0	1.045	0.8609	0.8589	0.7509
682	0.1551	0.0	0.2617	0.9173	0.1551	0.6907
683	0.6136	0.0	0.6817	0.7593	0.6136	0.5768
684	0.8989	0.0	1.049	0.7701	0.8989	0.6394
685	0.3317	0.0	0.4338	0.9432	0.3317	0.7127
686	0.5302	0.0	0.6106	0.3879	0.5302	0.3621
687	0.5947	0.0	0.6779	0.3312	0.5947	0.2799
688	0.6265	0.0	0.8017	0.7435	0.6265	0.5672
689	0.6443	0.0	0.9997	0.6827	0.6443	0.5431
690	0.8698	0.0	0.7954	0.6406	0.8698	0.5622
691	0.8736	0.0	1.058	0.9572	0.8736	0.8576
692	0.269	0.0	0.4239	0.7117	0.269	0.3989
693	0.4488	0.0	0.4274	0.4186	0.4488	0.3571
694	0.6012	0.0	0.751	0.5873	0.6012	0.4187
695	0.6996	0.0	0.9068	0.657	0.6996	0.4356
696	0.4796	0.0	0.6379	0.7119	0.4796	0.5812
697	0.473	0.0	0.4738	0.4267	0.473	0.3621
698	0.3247	0.0	0.4883	0.8341	0.3247	0.6431
699	1.062	0.0	1.321	1.21	1.062	0.9491
700	0.5782	0.0	0.5893	0.5402	0.5782	0.5059
701	0.6926	0.0	0.8756	0.5864	0.6926	0.4589
702	1.034	0.0	1.301	1.175	1.034	0.9086
703	0.394	0.0	0.4669	0.8569	0.394	0.545
704	0.407	0.0	0.339	0.7295	0.407	0.6275
705	0.9071	0.0	1.084	0.6115	0.9071	0.4012
706	0.847	0.0	1.162	0.9033	0.847	0.8327
707	0.4299	0.0	0.5018	0.6039	0.4299	0.5142
708	0.3904	0.0	0.5496	0.4307	0.3904	0.2455
709	0.4764	0.0	0.4905	0.8275	0.4764	0.5385
710	0.5568	0.0	0.6639	0.885	0.5568	0.7297
711	0.7154	0.0	0.9465	0.8961	0.7154	0.7276
712	1.226	0.0	2.194	0.5851	1.226	0.596
713	0.5545	0.0	0.6566	0.7701	0.5545	0.522
714	0.4027	0.0	0.3881	0.8442	0.4027	0.7194
715	0.4349	0.0	0.4312	0.6073	0.4349	0.6001
716	0.5611	0.0	0.6419	0.644	0.5611	0.5203
717	0.5495	0.0	0.6322	0.3618	0.5495	0.3027
718	0.5348	0.0	0.6176	0.8808	0.5348	0.6502
719	0.374	0.0	0.6392	0.8923	0.374	0.7016
720	0.4701	0.0	0.7743	0.4247	0.4701	0.3604
721	0.404	0.0	0.7712	0.6083	0.404	0.4071
722	0.8072	0.0	1.004	0.9592	0.8072	0.7499
723	0.4681	0.0	0.5413	0.6341	0.4681	0.5654
724	0.9759	0.0	1.092	0.5499	0.9759	0.4744
725	0.802	0.0	1.093	0.3917	0.802	0.3301
726	0.5178	0.0	0.5703	0.5426	0.5178	0.4497
727	0.4753	0.0	0.6675	0.8232	0.4753	0.5849
728	0.7902	0.0	1.178	0.7088	0.7902	0.6554
729	0.5508	0.0	0.7293	0.7269	0.5508	0.6705
730	0.3639	0.0	0.4194	0.5893	0.3639	0.4037
731	0.8491	0.0	1.117	0.8702	0.8491	0.6203
732	0.5995	0.0	0.6542	0.6968	0.5995	0.6399
733	0.9328	0.0	1.257	0.6333	0.9328	0.6502
734	0.3346	0.0	0.4139	0.6911	0.3346	0.5713
735	1.006	0.0	1.24	1.089	1.006	0.8919
736	0.7282	0.0	0.9171	1.019	0.7282	0.743
737	0.8786	0.0	0.8831	0.7548	0.8786	0.5816
738	0.3665	0.0	0.6356	0.737	0.3665	0.5507
739	0.5629	0.0	0.6157	0.6438	0.5629	0.5479
740	0.4325	0.0	0.4358	0.7279	0.4325	0.6985
741	0.7914	0.0	1.076	0.7126	0.7914	0.7014
742	0.6701	0.0	0.719	0.8725	0.6701	0.6508
743	0.4716	0.0	0.6178	0.4238	0.4716	0.3715
744	0.7026	0.0	0.8528	0.7717	0.7026	0.5869
745	0.4553	0.0	0.5895	0.6543	0.4553	0.4761
746	0.6753	0.0	1.105	0.978	0.6753	0.7241
747	0.4383	0.0	0.4864	0.5962	0.4383	0.459
748	0.6673	0.0	0.8796	0.4882	0.6673	0.3742
749	0.6804	0.0	0.7802	0.8859	0.6804	0.7635
750	0.2938	0.0	0.402	0.8681	0.2938	0.5739
751	0.3138	0.0	0.4709	0.8366	0.3138	0.7723
752	0.546	0.0	0.7213	0.6476	0.546	0.5849
753	0.4482	0.0	0.5269	0.7604	0.4482	0.655
754	0.5197	0.0	0.5476	0.7178	0.5197	0.5831
755	0.5854	0.0	0.6698	0.5548	0.5854	0.4874
756	0.5704	0.0	0.6358	0.7739	0.5704	0.5629
757	0.5542	0.0	0.7432	0.6929	0.5542	0.5302
758	0.7897	0.0	0.877	0.6282	0.7897	0.4266
759	0.3633	0.0	0.4406	0.7174	0.3633	0.5173
760	0.7031	0.0	0.9908	0.4368	0.7031	0.2477
761	0.4766	0.0	0.516	0.63	0.4766	0.5362
762	0.5161	0.0	0.5721	0.5371	0.5161	0.4073
763	0.5963	0.0	0.7593	0.6476	0.5963	0.5943
764	0.9647	0.0	1.245	0.9294	0.9647	0.8175
765	0.2906	0.0	0.3696	0.8723	0.2906	0.6312
766	0.5042	0.0	0.6397	0.6551	0.5042	0.4971
767	0.9176	0.0	1.102	1.183	0.9176	0.8401
768	0.9229	0.0	1.175	0.4424	0.9229	0.376
769	0.4185	0.0	0.5221	0.8363	0.4185	0.611
770	0.8283	0.0	0.9747	0.7503	0.8283	0.5633
771	0.7005	0.0	0.7867	0.5557	0.7005	0.4457
772	0.6176	0.0	0.7171	1.216	0.6176	1.007
773	0.4706	0.0	0.5384	0.8469	0.4706	0.7102
774	0.6136	0.0	0.6931	0.6099	0.6136	0.4665
775	0.4322	0.0	0.509	0.6497	0.4322	0.5272
776	0.5099	0.0	0.6041	0.9797	0.5099	0.7103
777	0.6839	0.0	0.7626	0.6348	0.6839	0.5992
778	0.6508	0.0	0.7497	0.4661	0.6508	0.3707
779	0.3438	0.0	0.4317	0.8013	0.3438	0.6195
780	0.151	0.0	0.28	0.5388	0.151	0.4445
781	0.569	0.0	0.7205	0.7574	0.569	0.5899
782	0.4052	0.0	0.4544	0.6064	0.4052	0.5596
783	0.3444	0.0	0.4107	0.6282	0.3444	0.4405
784	0.7441	0.0	0.8311	0.4666	0.7441	0.3748
785	0.8019	0.0	1.1	1.152	0.8019	0.8388
786	0.2155	0.0	0.3518	0.7023	0.2155	0.5012
787	0.728	0.0	0.9677	0.9456	0.728	0.7206
788	0.9527	0.0	1.149	0.928	0.9527	0.7648
789	0.6321	0.0	0.668	0.5663	0.6321	0.5216
790	0.3695	0.0	0.4163	0.4396	0.3695	0.3966
791	0.6491	0.0	0.7203	0.7086	0.6491	0.6036
792	0.4708	0.0	0.459	0.3843	0.4708	0.3676
793	0.5791	0.0	0.7619	0.5661	0.5791	0.3949
794	0.568	0.0	0.7016	0.6853	0.568	0.5624
795	0.5188	0.0	0.8145	1.075	0.5188	0.8224
796	0.5239	0.0	0.8378	0.917	0.5239	0.6391
797	0.5215	0.0	0.5718	0.7669	0.5215	0.6613
798	0.7354	0.0	0.9428	0.6277	0.7354	0.5606
799	0.5395	0.0	0.6418	0.3319	0.5395	0.2966
800	0.4432	0.0	0.5521	0.7029	0.4432	0.6235
801	0.7152	0.0	0.7898	1.018	0.7152	0.8684
802	0.3769	0.0	0.5566	1.136	0.3769	0.7422
803	0.8592	0.0	1.114	1.038	0.8592	0.9411
804	0.7311	0.0	1.016	1.234	0.7311	1.088
805	0.6119	0.0	0.8084	0.7446	0.6119	0.4405
806	0.9317	0.0	1.245	1.515	0.9317	0.9711
807	0.1582	0.0	0.2441	0.9394	0.1582	0.6352
808	0.4082	0.0	0.4905	0.6379	0.4082	0.717
809	0.5767	0.0	0.717	0.57	0.5767	0.4373
810	0.6587	0.0	0.8543	0.8752	0.6587	0.7469
811	0.7267	0.0	1.014	0.9115	0.7267	0.6431
812	0.4821	0.0	0.8005	0.9757	0.4821	0.583
813	0.7915	0.0	0.9332	0.9304	0.7915	0.7456
814	0.3463	0.0	0.351	0.788	0.3463	0.5765
815	0.5476	0.0	0.7688	0.824	0.5476	0.5563
816	0.5361	0.0	0.6226	0.8846	0.5361	0.7531
817	0.2335	0.0	0.3475	0.4502	0.2335	0.3376
818	0.6193	0.0	0.7344	0.81	0.6193	0.6994
819	0.3308	0.0	0.3453	0.586	0.3308	0.5101
820	0.5198	0.0	0.6238	0.6779	0.5198	0.572
821	0.4219	0.0	0.553	0.3777	0.4219	0.3182
822	0.7466	0.0	0.9255	0.7703	0.7466	0.7078
823	0.6639	0.0	0.7924	0.9002	0.6639	0.674
824	0.6346	0.0	0.7894	0.8637	0.6346	0.7002
825	0.249	0.0	0.3398	0.8437	0.249	0.6499
826	0.8278	0.0	0.9374	0.4321	0.8278	0.3797
827	0.4929	0.0	0.5866	0.427	0.4929	0.363
828	0.8887	0.0	0.9786	0.6972	0.8887	0.5899
829	0.6315	0.0	0.998	1.088	0.6315	0.7844
830	0.4947	0.0	0.5697	0.6717	0.4947	0.5969
831	0.5825	0.0	0.8121	0.5848	0.5825	0.5137
832	0.5238	0.0	0.5756	0.4058	0.5238	0.3268
833	0.436	0.0	0.6219	0.6523	0.436	0.6116
834	0.323	0.0	0.5338	0.5843	0.323	0.4753
835	0.682	0.0	0.9648	0.5947	0.682	0.4152
836	0.5089	0.0	0.5302	0.6946	0.5089	0.6775
837	0.5927	0.0	0.7619	1.057	0.5927	0.7583
838	0.6318	0.0	0.7519	0.7155	0.6318	0.6184
839	0.3312	0.0	0.3929	0.7192	0.3312	0.6512
840	0.6136	0.0	0.8628	0.7307	0.6136	0.6979
841	0.3314	0.0	0.5107	0.8806	0.3314	0.7771
842	0.2429	0.0	0.4249	0.5614	0.2429	0.3703
843	0.6642	0.0	0.7234	0.6698	0.6642	0.6227
844	0.6563	0.0	0.7448	0.7525	0.6563	0.6827
845	0.6151	0.0	0.7372	0.4407	0.6151	0.3864
846	0.4833	0.0	0.6335	0.7558	0.4833	0.6418
847	0.7898	0.0	0.8252	0.6304	0.7898	0.4896
848	0.413	0.0	0.5913	1.041	0.413	0.7148
849	0.466	0.0	0.5863	0.5391	0.466	0.4167
850	0.6527	0.0	0.7997	0.8709	0.6527	0.5929
851	0.4962	0.0	0.7214	0.4017	0.4962	0.3425
852	0.2594	0.0	0.3767	0.6545	0.2594	0.5851
853	0.4675	0.0	0.5877	0.7878	0.4675	0.7561
854	0.7903	0.0	0.8753	0.5109	0.7903	0.4103
855	0.6365	0.0	0.752	0.5862	0.6365	0.4933
856	0.6322	0.0	0.7439	0.6811	0.6322	0.5009
857	0.4995	0.0	0.5679	0.5776	0.4995	0.5284
858	0.4377	0.0	0.5269	0.8655	0.4377	0.7171
859	0.2925	0.0	0.4232	0.5944	0.2925	0.4686
860	0.4065	0.0	0.5752	0.6997	0.4065	0.4812
861	0.3838	0.0	0.423	0.3983	0.3838	0.3392
862	0.7292	0.0	0.8161	0.8798	0.7292	0.7083
863	0.5399	0.0	0.7293	0.6326	0.5399	0.42
864	0.4985	0.0	0.7075	0.5184	0.4985	0.3511
865	0.3963	0.0	0.5186	0.7462	0.3963	0.5736
866	0.6945	0.0	0.7626	0.6675	0.6945	0.5561
867	0.5268	0.0	0.6217	0.5645	0.5268	0.438
868	0.5751	0.0	0.6965	0.7343	0.5751	0.5793
869	0.6929	0.0	0.8177	0.5833	0.6929	0.475
870	0.4149	0.0	0.5398	0.7094	0.4149	0.5896
871	0.8568	0.0	1.088	1.245	0.8568	1.091
872	0.3427	0.0	0.3986	0.5915	0.3427	0.298
873	0.4119	0.0	0.5905	0.7419	0.4119	0.641
874	0.7427	0.0	0.8434	0.9373	0.7427	0.6905
875	0.3892	0.0	0.4868	0.4068	0.3892	0.3199
876	0.6605	0.0	0.8402	0.9862	0.6605	0.6451
877	0.24	0.0	0.3637	0.7621	0.24	0.4029
878	0.6501	0.0	0.7521	0.4609	0.6501	0.5171
879	0.6002	0.0	0.6341	0.7739	0.6002	0.572
880	0.6528	0.0	0.7731	0.7532	0.6528	0.5322
881	0.7505	0.0	0.9416	0.7052	0.7505	0.6033
882	0.4786	0.0	0.5743	0.4882	0.4786	0.4224
883	0.4809	0.0	0.5686	0.5156	0.4809	0.4833
884	0.2068	0.0	0.2175	0.3217	0.2068	0.2443
885	0.6299	0.0	0.8347	0.333	0.6299	0.3192
886	0.5072	0.0	0.5464	0.6321	0.5072	0.5908
887	0.7595	0.0	0.9608	0.7949	0.7595	0.6312
888	0.6334	0.0	0.653	0.5653	0.6334	0.4928
889	0.907	0.0	1.034	0.97	0.907	0.7659
890	0.4467	0.0	0.5564	0.7425	0.4467	0.6757
891	0.8744	0.0	1.333	0.5838	0.8744	0.5817
892	0.7085	0.0	0.9611	1.017	0.7085	0.7712
893	0.6334	0.0	0.8079	0.7738	0.6334	0.7091
894	0.3208	0.0	0.3983	0.5385	0.3208	0.5276
895	0.6191	0.0	0.6757	0.6702	0.6191	0.5847
896	0.6175	0.0	0.6985	0.4845	0.6175	0.4169
897	0.4299	0.0	0.5813	0.4913	0.4299	0.4305
898	0.325	0.0	0.3731	0.46	0.325	0.3857
899	0.7168	0.0	0.9388	0.8756	0.7168	0.6313
900	0.3959	0.0	0.4487	0.5873	0.3959	0.4277
901	0.3052	0.0	0.3614	0.3889	0.3052	0.3404
902	0.3223	0.0	0.5069	0.5688	0.3223	0.4769
903	0.3137	0.0	0.3639	0.581	0.3137	0.4045
904	0.6337	0.0	0.6977	0.5424	0.6337	0.4483
905	0.5368	0.0	0.7108	0.4169	0.5368	0.4002
906	0.2858	0.0	0.4945	0.7962	0.2858	0.4727
907	0.8232	0.0	1.173	1.192	0.8232	0.8766
908	0.3043	0.0	0.3512	0.664	0.3043	0.6066
909	0.2912	0.0	0.5007	0.833	0.2912	0.6455
910	0.9136	0.0	1.133	1.033	0.9136	0.8633
911	0.4356	0.0	0.5675	0.81	0.4356	0.6404
912	0.415	0.0	0.5185	0.6546	0.415	0.5631
913	0.3609	0.0	0.5123	0.4516	0.3609	0.3008
914	0.8794	0.0	1.09	1.153	0.8794	1.064
915	0.3321	0.0	0.489	0.7089	0.3321	0.5171
916	0.5099	0.0	0.7179	0.7243	0.5099	0.5674
917	0.6016	0.0	0.8257	1.037	0.6016	0.8647
918	0.5686	0.0	0.7386	0.7237	0.5686	0.6451
919	0.5178	0.0	0.7693	0.5568	0.5178	0.4458
920	1.13	0.0	1.816	1.301	1.13	1.041
921	0.2537	0.0	0.3207	0.6961	0.2537	0.5224
922	0.1941	0.0	0.2717	0.3661	0.1941	0.2876
923	0.5956	0.0	0.7157	0.2262	0.5956	0.2184
924	0.591	0.0	0.6228	0.7051	0.591	0.6226
925	0.5302	0.0	0.5764	1.027	0.5302	0.8018
926	0.4482	0.0	0.5849	0.4042	0.4482	0.3058
927	0.4997	0.0	0.6015	0.9448	0.4997	0.7604
928	0.3151	0.0	0.3678	0.5762	0.3151	0.4389
929	0.5011	0.0	0.5694	0.8747	0.5011	0.6949
930	0.3272	0.0	0.5191	0.6538	0.3272	0.5821
931	0.6106	0.0	0.7631	0.6929	0.6106	0.5965
932	0.4611	0.0	0.7971	0.602	0.4611	0.4182
933	0.3603	0.0	0.4103	0.4325	0.3603	0.4063
934	0.4733	0.0	0.5548	0.5226	0.4733	0.4502
935	0.376	0.0	0.4898	0.8981	0.376	0.5675
936	0.475	0.0	0.5443	0.7701	0.475	0.5566
937	0.694	0.0	0.87	0.6685	0.694	0.5482
938	0.4712	0.0	0.5895	0.8906	0.4712	0.6605
939	0.7659	0.0	1.111	0.5655	0.7659	0.4789
940	0.6432	0.0	0.7023	0.7914	0.6432	0.6372
941	0.1789	0.0	0.2187	0.7156	0.1789	0.6702
942	0.7068	0.0	0.8561	0.8352	0.7068	0.7096
943	0.7711	0.0	0.9995	0.9923	0.7711	0.8119
944	0.5931	0.0	0.73	0.8764	0.5931	0.7674
945	0.4296	0.0	0.5389	0.6397	0.4296	0.5237
946	0.3348	0.0	0.4548	0.4852	0.3348	0.435
947	0.4481	0.0	0.5947	0.6053	0.4481	0.518
948	0.555	0.0	0.6674	0.5709	0.555	0.5634
949	0.5058	0.0	0.5902	0.7996	0.5058	0.7502
950	0.7309	0.0	0.9207	0.7853	0.7309	0.5131
951	0.7607	0.0	0.8472	0.3488	0.7607	0.3108
952	0.6548	0.0	0.886	1.023	0.6548	0.8003
953	0.3296	0.0	0.4492	0.8234	0.3296	0.6491
954	0.672	0.0	0.8751	0.8164	0.672	0.7683
955	0.4117	0.0	0.4443	0.8908	0.4117	0.7185
956	0.1373	0.0	0.2334	0.5393	0.1373	0.4055
957	0.3605	0.0	0.453	0.5983	0.3605	0.5192
958	0.379	0.0	0.4468	0.788	0.379	0.6118
959	0.7108	0.0	0.812	0.7915	0.7108	0.6229
960	0.5117	0.0	0.6854	0.4247	0.5117	0.3988
961	0.5774	0.0	0.6407	0.4241	0.5774	0.3781
962	0.4443	0.0	0.5062	0.65	0.4443	0.5604
963	0.3476	0.0	0.4371	1.061	0.3476	0.8105
964	0.2444	0.0	0.3945	1.073	0.2444	0.7431
965	0.44	0.0	0.4875	0.7303	0.44	0.6501
966	0.4297	0.0	0.5708	0.8825	0.4297	0.6864
967	0.551	0.0	0.6778	0.8249	0.551	0.7062
968	0.7248	0.0	0.8584	0.6117	0.7248	0.4882
969	0.4283	0.0	0.5211	0.6421	0.4283	0.5253
970	0.4476	0.0	0.5567	0.7817	0.4476	0.6915
971	0.3382	0.0	0.4544	1.239	0.3382	1.001
972	0.6184	0.0	0.8937	0.5045	0.6184	0.4446
973	0.3432	0.0	0.4774	0.5485	0.3432	0.513
974	0.4964	0.0	0.5595	0.4565	0.4964	0.3718
975	1.02	0.0	1.205	1.025	1.02	0.8848
976	0.409	0.0	0.554	0.6636	0.409	0.5933
977	0.6201	0.0	0.8619	0.754	0.6201	0.5913
978	0.5597	0.0	0.7539	0.8524	0.5597	0.7202
979	0.3371	0.0	0.3603	0.3758	0.3371	0.3596
980	0.6135	0.0	0.6323	0.7959	0.6135	0.8005
981	0.6858	0.0	0.9227	0.6013	0.6858	0.4771
982	0.4131	0.0	0.4351	0.3319	0.4131	0.2963
983	0.4729	0.0	0.5339	0.3809	0.4729	0.382
984	0.4674	0.0	0.6828	0.746	0.4674	0.6403
985	0.4051	0.0	0.5695	0.798	0.4051	0.6872
986	0.4065	0.0	0.4536	0.3526	0.4065	0.2763
987	0.3071	0.0	0.3557	0.6844	0.3071	0.6049
988	0.3404	0.0	0.5095	0.4387	0.3404	0.2066
989	0.5006	0.0	0.5837	0.6013	0.5006	0.498
990	0.5252	0.0	0.6118	0.416	0.5252	0.3678
991	0.8294	0.0	1.095	0.8296	0.8294	0.6915
992	0.6059	0.0	0.6842	0.7004	0.6059	0.6176
993	0.5509	0.0	0.6285	0.7567	0.5509	0.6627
994	0.4557	0.0	0.6495	0.8833	0.4557	0.7332
995	0.6796	0.0	0.8951	1.067	0.6796	0.9636
996	0.9163	0.0	1.077	1.166	0.9163	0.8229
997	0.552	0.0	0.5746	0.8076	0.552	0.6939
998	0.4336	0.0	0.4933	0.4474	0.4336	0.3946
999	0.7026	0.0	0.8156	0.5378	0.7026	0.4354
1000	0.4539	0.0	0.5236	0.838	0.4539	0.7563
1001	0.4154	0.0	0.5338	0.6617	0.4154	0.5199
1002	0.3331	0.0	0.4063	0.5991	0.3331	0.4884
1003	0.7358	0.0	0.8572	1.315	0.7358	1.047
1004	0.6747	0.0	0.8575	0.8089	0.6747	0.6459
1005	0.3858	0.0	0.4232	0.4495	0.3858	0.4228
1006	0.5988	0.0	0.7128	0.5466	0.5988	0.3412
1007	0.3281	0.0	0.378	0.6796	0.3281	0.578
1008	0.5183	0.0	0.5801	0.7821	0.5183	0.575
1009	0.3107	0.0	0.3654	0.27	0.3107	0.2514
1010	0.5051	0.0	0.706	0.848	0.5051	0.6088
1011	0.8434	0.0	1.101	1.193	0.8434	0.891
1012	0.1936	0.0	0.2124	0.576	0.1936	0.481
1013	0.7096	0.0	0.7931	0.7297	0.7096	0.6112
1014	0.6854	0.0	1.014	0.9029	0.6854	0.7133
1015	0.2767	0.0	0.3671	0.7341	0.2767	0.4016
1016	0.6737	0.0	0.7856	0.3512	0.6737	0.3001
1017	0.5228	0.0	0.5984	0.8654	0.5228	0.7481
1018	0.8093	0.0	0.9598	0.7055	0.8093	0.7184
1019	0.5422	0.0	0.6372	0.9849	0.5422	0.815
1020	0.7781	0.0	1.039	0.6622	0.7781	0.5529
1021	0.7346	0.0	0.9826	0.7712	0.7346	0.6705
1022	0.6916	0.0	0.7907	0.6564	0.6916	0.5907
1023	0.4756	0.0	0.8004	0.7891	0.4756	0.5248
1024	0.8897	0.0	1.103	1.097	0.8897	0.9007
1025	0.6511	0.0	0.8476	0.8759	0.6511	0.5903
1026	0.439	0.0	0.4847	0.8763	0.439	0.6885
1027	0.4093	0.0	0.5426	0.6991	0.4093	0.5829
1028	0.688	0.0	0.8057	0.8349	0.688	0.7052
1029	0.4787	0.0	0.6047	0.6502	0.4787	0.5242
1030	0.4342	0.0	0.564	0.6443	0.4342	0.5677
1031	0.4962	0.0	0.6554	0.5219	0.4962	0.4316
1032	0.5159	0.0	0.6503	0.7683	0.5159	0.5789
1033	0.4687	0.0	0.5782	0.7609	0.4687	0.5212
1034	0.3962	0.0	0.5006	0.5869	0.3962	0.5025
1035	0.4627	0.0	0.4635	0.6156	0.4627	0.5629
1036	0.4684	0.0	0.5704	0.8196	0.4684	0.7019
1037	0.5092	0.0	0.7848	0.9254	0.5092	0.7066
1038	0.3018	0.0	0.3585	0.3576	0.3018	0.3472
1039	0.5039	0.0	0.7661	0.7837	0.5039	0.5985
1040	0.8252	0.0	0.893	0.8324	0.8252	0.7682
