Step	Loss(S)	Loss(T)	fwd_S	fwd_T	rev_S	rev_T
1	0.9352	0.0	2.294	3.397	2.43	3.621
2	1.086	0.0	2.358	2.526	2.482	2.187
3	1.664	0.0	4.842	4.115	3.81	3.559
4	1.512	0.0	4.408	3.728	3.732	3.43
5	1.473	0.0	4.768	4.744	3.717	3.709
6	1.014	0.0	2.162	1.757	2.315	1.873
7	0.9145	0.0	2.106	1.576	2.059	1.585
8	1.133	0.0	2.537	2.644	2.563	2.011
9	1.047	0.0	2.35	2.743	2.2	2.031
10	0.7981	0.0	1.602	2.429	1.574	2.262
11	1.072	0.0	2.296	2.984	2.768	3.82
12	0.9537	0.0	1.889	2.159	1.933	1.946
13	1.075	0.0	2.699	2.922	3.055	3.985
14	1.261	0.0	2.862	1.973	3.275	2.572
15	0.7617	0.0	1.599	1.865	1.549	1.702
16	0.9439	0.0	2.076	2.584	1.802	2.075
17	0.6126	0.0	1.277	1.562	1.049	1.536
18	0.5773	0.0	1.027	2.393	1.017	2.271
19	1.225	0.0	2.649	2.859	2.562	2.161
20	1.287	0.0	2.984	2.915	3.238	2.58
21	0.9452	0.0	2.13	1.246	2.034	1.344
22	0.9004	0.0	2.122	1.227	1.611	1.401
23	0.9759	0.0	1.939	2.246	1.895	2.393
24	0.9418	0.0	1.984	1.214	1.717	1.144
25	1.069	0.0	2.208	2.02	2.109	2.054
26	0.8015	0.0	1.633	1.902	1.373	2.098
27	0.8786	0.0	1.644	1.95	1.662	1.777
28	0.9932	0.0	2.535	1.999	1.853	1.536
29	0.9528	0.0	2.228	2.281	1.775	1.982
30	0.7037	0.0	1.583	0.8361	1.196	0.938
31	0.8829	0.0	1.785	2.087	1.604	2.265
32	0.4972	0.0	0.9142	1.828	0.7888	2.018
33	0.5791	0.0	1.13	2.711	0.9701	1.904
34	0.5898	0.0	1.174	2.113	0.9629	2.762
35	0.8438	0.0	1.724	1.93	1.644	1.849
36	0.7975	0.0	1.506	2.476	1.408	1.813
37	1.043	0.0	2.061	2.284	1.949	1.54
38	0.9709	0.0	2.057	3.194	2.274	3.148
39	1.018	0.0	2.156	1.873	1.873	1.561
40	0.5592	0.0	1.003	1.4	0.995	1.297
41	0.7173	0.0	1.384	1.392	1.231	1.181
42	0.5672	0.0	1.153	1.873	0.9893	1.443
43	0.7402	0.0	1.474	2.296	1.419	2.374
44	0.8378	0.0	1.832	1.31	1.438	1.178
45	0.8986	0.0	2.197	2.13	1.667	1.64
46	0.7588	0.0	1.43	2.059	1.5	2.374
47	0.8492	0.0	1.754	1.433	1.539	1.47
48	0.4652	0.0	0.8209	2.185	0.7277	2.043
49	0.9043	0.0	1.866	2.342	1.615	2.131
50	0.7956	0.0	1.487	1.489	1.461	1.723
51	0.8268	0.0	1.567	2.158	1.63	2.141
52	0.6395	0.0	1.335	2.233	1.35	2.006
53	1.058	0.0	2.199	1.818	2.164	1.975
54	0.4712	0.0	0.8488	1.433	0.7896	1.614
55	0.8286	0.0	1.666	1.194	1.42	1.17
56	1.027	0.0	2.147	1.264	2.136	1.411
57	0.8938	0.0	2.127	1.876	1.462	1.338
58	0.9877	0.0	2.355	2.305	1.809	1.828
59	0.8261	0.0	1.61	1.746	1.588	1.646
60	0.7619	0.0	1.591	2.041	1.607	1.623
61	0.9207	0.0	1.781	1.637	1.795	1.7
62	0.5986	0.0	1.097	1.348	0.9701	1.136
63	0.7484	0.0	1.424	2.038	1.302	2.004
64	1.081	0.0	2.061	1.916	2.149	1.896
65	0.8033	0.0	1.606	1.563	1.382	1.227
66	0.9876	0.0	2.032	1.535	2.033	1.957
67	0.899	0.0	1.797	1.852	1.613	1.7
68	0.977	0.0	2.022	1.976	1.707	1.749
69	1.054	0.0	1.959	1.88	2.026	1.644
70	0.4482	0.0	1.036	2.021	0.8813	1.51
71	0.671	0.0	1.383	1.848	1.149	1.507
72	1.125	0.0	2.108	1.554	2.2	1.474
73	0.7582	0.0	1.509	2.512	1.387	1.811
74	0.7875	0.0	1.656	2.05	1.668	2.292
75	1.349	0.0	2.852	1.214	2.814	1.084
76	0.8967	0.0	1.798	1.994	1.62	1.918
77	0.8319	0.0	1.739	1.502	1.454	1.287
78	0.8301	0.0	1.525	1.74	1.627	1.882
79	0.5904	0.0	1.142	2.057	0.9765	1.74
80	0.6527	0.0	1.32	1.647	1.148	1.585
81	0.8056	0.0	1.751	1.92	1.408	1.944
82	0.8007	0.0	1.501	1.573	1.397	1.346
83	0.9522	0.0	1.912	1.989	1.672	1.794
84	0.9475	0.0	1.927	0.9998	1.669	0.841
85	1.05	0.0	2.099	2.018	2.119	2.726
86	0.6832	0.0	1.339	0.6307	1.189	0.7942
87	1.074	0.0	2.134	1.713	1.98	1.478
88	0.6923	0.0	1.284	1.208	1.253	1.857
89	0.6731	0.0	1.399	1.792	1.371	1.752
90	0.7658	0.0	1.468	1.891	1.515	1.779
91	0.655	0.0	1.252	1.547	1.173	1.675
92	0.9068	0.0	1.831	2.256	1.626	2.125
93	0.8839	0.0	1.781	1.801	1.596	1.727
94	0.7742	0.0	1.458	1.39	1.404	1.291
95	0.6877	0.0	1.293	1.62	1.177	1.306
96	0.8355	0.0	1.765	1.582	1.342	1.416
97	0.9518	0.0	2.162	1.939	1.749	1.574
98	0.679	0.0	1.454	1.31	1.171	0.9363
99	0.9149	0.0	1.771	2.127	1.569	1.942
100	0.8699	0.0	1.595	1.872	1.482	1.666
101	0.7465	0.0	1.512	0.8404	1.403	0.7219
102	0.8456	0.0	1.771	1.13	1.582	1.096
103	0.7114	0.0	1.475	1.864	1.282	1.469
104	0.9332	0.0	1.983	2.267	1.844	1.847
105	0.6117	0.0	1.295	1.501	1.046	1.393
106	0.6332	0.0	1.217	1.413	1.033	1.426
107	0.7564	0.0	1.531	1.387	1.34	1.206
108	0.8086	0.0	1.635	1.56	1.431	1.423
109	0.6611	0.0	1.308	1.211	1.094	1.154
110	0.7331	0.0	1.395	1.652	1.236	1.766
111	0.7977	0.0	1.491	2.043	1.974	2.542
112	0.6457	0.0	1.184	1.976	1.093	1.733
113	0.8315	0.0	1.624	1.32	1.456	1.021
114	0.6641	0.0	1.263	1.471	1.102	1.474
115	0.9899	0.0	1.971	1.953	2.258	1.901
116	0.7441	0.0	1.416	1.555	1.28	1.524
117	0.7495	0.0	1.608	1.718	1.389	2.022
118	0.5072	0.0	0.9477	1.083	1.057	1.25
119	0.6974	0.0	1.405	1.481	1.178	1.491
120	0.5893	0.0	1.114	1.569	1.038	1.429
121	0.6997	0.0	1.373	1.5	1.233	1.476
122	1.015	0.0	2.09	1.821	1.897	1.632
123	0.5499	0.0	0.9421	2.136	0.877	2.169
124	0.7694	0.0	1.475	1.516	1.369	1.628
125	0.4898	0.0	0.8954	1.609	0.7784	1.493
126	0.864	0.0	1.652	1.769	1.635	1.946
127	0.7942	0.0	1.528	1.71	1.586	2.165
128	0.8623	0.0	1.713	1.302	1.49	1.077
129	0.6348	0.0	1.244	1.488	1.064	1.286
130	0.7137	0.0	1.336	1.303	1.21	1.256
131	0.8643	0.0	1.745	1.656	1.551	1.565
132	0.7235	0.0	1.481	1.526	1.238	1.391
133	0.7882	0.0	1.63	1.928	1.547	1.631
134	0.8022	0.0	1.608	0.4943	1.35	0.5027
135	0.7179	0.0	1.368	1.698	1.237	1.792
136	0.6139	0.0	1.102	1.365	1.066	1.407
137	0.8649	0.0	1.862	1.671	1.484	1.516
138	0.9149	0.0	1.863	1.894	1.826	1.901
139	0.4623	0.0	0.8451	2.097	0.7582	1.728
140	0.9236	0.0	1.914	1.81	1.617	1.37
141	0.8319	0.0	2.063	1.317	1.362	1.143
142	0.8632	0.0	1.975	3.034	1.631	2.847
143	0.6802	0.0	1.226	1.341	1.147	1.22
144	0.7648	0.0	1.569	1.741	1.289	1.561
145	0.6968	0.0	1.348	1.786	1.246	1.654
146	0.7741	0.0	1.412	1.339	1.309	1.201
147	0.8329	0.0	1.917	1.743	1.458	1.786
148	0.693	0.0	1.378	1.267	1.098	1.009
149	0.8527	0.0	1.75	1.666	1.478	1.395
150	0.6412	0.0	1.217	1.566	1.249	1.7
151	0.5646	0.0	1.021	1.098	0.924	1.128
152	0.8521	0.0	1.69	1.085	1.551	1.004
153	0.7993	0.0	1.537	1.935	1.481	1.761
154	0.6471	0.0	1.226	1.204	1.091	1.113
155	0.8488	0.0	1.711	1.692	1.624	1.674
156	0.8675	0.0	1.915	1.353	1.515	1.112
157	0.7885	0.0	1.543	1.547	1.478	1.532
158	0.6552	0.0	1.163	1.364	1.078	1.383
159	0.8452	0.0	1.736	1.501	1.565	1.356
160	0.9895	0.0	2.1	1.635	2.029	1.535
161	0.5289	0.0	1.008	1.657	0.9155	1.325
162	0.9381	0.0	2.151	1.808	1.697	1.644
163	0.653	0.0	1.317	1.113	1.098	1.085
164	0.9007	0.0	1.832	2.7	1.726	1.912
165	0.553	0.0	1.132	1.688	0.8912	2.023
166	0.8145	0.0	1.65	1.388	1.586	1.218
167	0.9117	0.0	1.817	1.33	1.801	1.047
168	0.5302	0.0	0.9033	1.87	0.9191	1.739
169	0.6815	0.0	1.488	1.468	1.149	1.236
170	0.6084	0.0	1.149	1.34	1.006	1.702
171	0.8352	0.0	1.612	1.73	1.479	1.683
172	0.8185	0.0	1.691	1.462	1.4	1.422
173	0.6583	0.0	1.1	1.174	1.188	1.287
174	0.5597	0.0	1.01	1.638	0.9181	1.383
175	0.4525	0.0	0.7762	1.6	0.705	1.426
176	0.6631	0.0	1.301	1.033	1.217	1.033
177	0.8216	0.0	1.717	0.6658	1.419	0.6111
178	0.8389	0.0	1.69	2.727	1.544	3.107
179	0.8047	0.0	1.457	1.331	1.418	1.191
180	0.6943	0.0	1.377	2.129	1.285	1.863
181	0.7973	0.0	1.633	1.543	1.438	1.315
182	0.4848	0.0	0.8148	1.341	0.7838	1.379
183	0.6912	0.0	1.202	1.248	1.214	1.27
184	0.4969	0.0	0.9559	1.721	0.8221	1.589
185	0.4126	0.0	0.6853	1.4	0.6181	1.418
186	0.7305	0.0	1.638	1.153	1.31	1.155
187	0.6871	0.0	1.349	1.766	1.179	1.532
188	0.8744	0.0	1.706	1.567	1.578	1.358
189	0.8899	0.0	1.811	1.466	1.771	1.592
190	0.5749	0.0	1.129	0.8955	0.9976	0.8839
191	0.8027	0.0	1.606	1.452	1.412	1.198
192	0.4674	0.0	0.894	1.695	0.961	2.046
193	0.7571	0.0	1.456	0.9114	1.358	0.8777
194	0.4492	0.0	0.7796	1.351	0.7045	1.237
195	0.7313	0.0	1.48	1.543	1.335	1.483
196	0.859	0.0	1.746	1.868	1.654	1.755
197	0.7129	0.0	1.364	1.012	1.43	1.342
198	0.708	0.0	1.292	1.328	1.317	1.242
199	0.6173	0.0	1.142	0.9634	1.003	0.9781
200	0.7222	0.0	1.559	1.293	1.186	1.115
201	0.8011	0.0	1.684	1.92	1.451	1.679
202	0.6085	0.0	1.205	1.546	1.02	1.363
203	0.5107	0.0	0.87	1.639	0.8258	1.379
204	0.6821	0.0	1.321	1.573	1.123	1.419
205	0.5303	0.0	0.9644	1.214	1.018	1.142
206	0.5889	0.0	1.138	1.173	1.092	1.095
207	0.7768	0.0	1.532	1.481	1.549	1.423
208	0.4746	0.0	0.8786	2.453	0.8515	2.617
209	0.3949	0.0	0.6979	0.4295	0.6873	0.5031
210	0.7616	0.0	1.352	1.096	1.395	1.029
211	0.6776	0.0	1.275	1.544	1.082	1.327
212	0.7091	0.0	1.335	1.106	1.151	0.996
213	0.7692	0.0	1.424	1.339	1.306	1.321
214	0.6848	0.0	1.373	1.363	1.127	1.375
215	0.6648	0.0	1.238	1.777	1.305	1.958
216	0.9206	0.0	2.041	1.853	1.616	1.56
217	0.6153	0.0	1.132	0.9952	1.041	1.129
218	0.5108	0.0	0.8916	1.025	0.833	0.9809
219	0.5735	0.0	1.054	1.212	0.9672	1.149
220	0.6642	0.0	1.208	1.255	1.152	1.131
221	0.8153	0.0	1.678	2.445	1.812	3.096
222	0.5487	0.0	1.281	1.419	1.206	1.438
223	0.744	0.0	1.531	1.625	1.388	1.843
224	0.7341	0.0	1.365	1.173	1.227	0.9828
225	0.62	0.0	1.194	1.362	0.995	1.09
226	0.7954	0.0	1.557	1.588	1.269	1.461
227	0.4949	0.0	0.887	2.748	0.7912	2.147
228	0.8457	0.0	1.498	1.301	1.496	1.375
229	0.7548	0.0	1.358	1.869	1.375	2.563
230	0.7465	0.0	1.447	1.129	1.294	1.033
231	0.6961	0.0	1.231	1.41	1.244	1.184
232	0.5723	0.0	1.022	1.628	0.9318	1.588
233	0.4767	0.0	0.7969	1.417	0.7416	1.265
234	0.5618	0.0	0.9572	1.27	0.9105	1.128
235	0.621	0.0	1.097	1.038	1.038	1.019
236	0.7447	0.0	1.519	1.205	1.275	1.252
237	0.7607	0.0	1.485	1.567	1.314	1.382
238	0.7526	0.0	1.442	1.52	1.286	1.293
239	0.7164	0.0	1.342	1.49	1.285	1.577
240	0.7119	0.0	1.403	1.275	1.256	1.325
241	0.6326	0.0	1.135	1.146	1.04	1.301
242	0.688	0.0	1.349	1.663	1.21	1.644
243	0.6986	0.0	1.328	1.665	1.307	1.806
244	0.8774	0.0	1.907	1.649	1.547	1.444
245	0.4422	0.0	0.8209	1.398	0.7886	1.219
246	0.829	0.0	1.764	1.948	1.569	1.66
247	0.5822	0.0	1.018	1.079	0.9008	1.026
248	0.4252	0.0	0.9893	1.798	0.8549	1.423
249	0.5293	0.0	0.9399	1.534	0.8378	1.366
250	0.5917	0.0	1.033	1.193	0.9812	1.111
251	0.669	0.0	1.409	1.464	1.131	1.065
252	0.5929	0.0	1.172	1.094	0.9548	1.25
253	0.6575	0.0	1.231	1.217	1.091	1.175
254	0.7718	0.0	1.522	1.466	1.451	1.407
255	0.644	0.0	1.167	1.31	1.179	1.247
256	0.7268	0.0	1.397	1.34	1.234	1.143
257	0.6652	0.0	1.149	1.791	1.144	1.667
258	0.5066	0.0	0.9021	1.173	0.8079	1.156
259	0.7217	0.0	1.354	1.465	1.275	1.389
260	0.5436	0.0	1.039	1.356	1.003	1.316
261	0.5084	0.0	0.8874	1.54	0.8071	1.621
262	0.6804	0.0	1.212	1.537	1.229	1.45
263	0.6623	0.0	1.223	1.285	1.144	1.357
264	0.6426	0.0	1.147	1.693	1.185	1.675
265	0.7119	0.0	1.419	1.136	1.192	1.047
266	0.7961	0.0	1.546	1.353	1.293	1.438
267	0.5815	0.0	1.119	1.029	0.9553	1.066
268	0.6227	0.0	1.166	1.619	1.085	1.387
269	0.6263	0.0	1.181	1.688	1.075	1.629
270	0.596	0.0	1.099	1.157	0.9814	1.01
271	0.7844	0.0	1.505	1.444	1.632	1.21
272	0.9515	0.0	2.209	1.245	2.027	1.205
273	0.7018	0.0	1.382	1.422	1.256	1.229
274	0.6976	0.0	1.374	1.351	1.27	1.72
275	0.6931	0.0	1.279	0.8443	1.138	0.809
276	0.8562	0.0	1.433	1.411	1.537	1.288
277	0.6172	0.0	1.171	1.223	1.13	1.432
278	0.4447	0.0	0.8252	0.8536	0.6968	0.9026
279	0.8895	0.0	1.746	2.12	1.537	1.96
280	0.6345	0.0	1.126	0.8305	1.059	0.96
281	0.5549	0.0	0.9531	0.9213	0.9009	0.9393
282	0.7986	0.0	1.665	1.61	1.616	1.691
283	0.5525	0.0	1.08	0.9353	0.9128	0.9021
284	0.8099	0.0	1.677	1.993	1.38	1.653
285	0.6325	0.0	1.133	1.132	1.111	1.038
286	0.6222	0.0	1.177	1.119	1.05	1.037
287	0.7971	0.0	1.614	1.251	1.315	1.13
288	0.6499	0.0	1.224	1.12	1.209	0.9483
289	0.6297	0.0	1.106	1.701	1.045	1.349
290	0.525	0.0	1.056	1.221	0.9901	1.098
291	0.8037	0.0	1.599	0.8772	1.343	0.8639
292	0.7072	0.0	1.345	1.072	1.358	0.9077
293	0.5864	0.0	1.078	1.47	0.9108	1.478
294	0.3386	0.0	0.6374	1.067	0.583	1.064
295	0.534	0.0	0.941	1.225	0.8453	1.199
296	0.3477	0.0	0.6779	1.14	0.7019	1.239
297	0.7361	0.0	1.439	1.21	1.216	1.06
298	0.7764	0.0	1.519	1.151	1.513	1.12
299	0.4029	0.0	0.7506	0.8999	0.5966	0.9384
300	0.3797	0.0	0.7249	1.951	0.7489	1.893
301	0.6688	0.0	1.185	1.262	1.149	1.06
302	0.7709	0.0	1.486	1.196	1.356	1.094
303	0.5472	0.0	0.9752	1.251	0.8558	1.206
304	0.6274	0.0	1.185	1.455	1.02	1.237
305	0.6811	0.0	1.443	1.021	1.243	1.036
306	0.4878	0.0	0.8749	1.269	0.7895	1.236
307	0.7115	0.0	1.306	1.414	1.204	1.273
308	0.9161	0.0	1.799	1.676	1.547	1.646
309	0.4688	0.0	0.7891	1.147	0.7215	1.344
310	0.5356	0.0	1.212	1.358	0.8868	1.219
311	0.4279	0.0	0.8708	1.363	0.9123	1.321
312	0.6093	0.0	1.24	2.119	1.249	1.715
313	0.4037	0.0	0.74	1.389	0.6859	1.206
314	0.4572	0.0	0.8357	1.069	0.6883	0.9988
315	0.1909	0.0	0.3162	0.3898	0.3131	0.3718
316	0.7856	0.0	1.525	1.106	1.324	1.017
317	0.6282	0.0	1.094	0.878	1.03	0.8656
318	0.6335	0.0	1.158	1.53	1.102	1.61
319	0.6028	0.0	1.213	1.884	1.059	1.896
320	0.507	0.0	0.8823	1.614	0.8047	1.357
321	0.6465	0.0	1.237	0.8624	1.059	0.8872
322	0.7635	0.0	1.443	1.085	1.379	0.9397
323	0.6807	0.0	1.367	1.626	1.258	1.651
324	0.6328	0.0	1.123	1.566	1.098	1.336
325	0.6221	0.0	1.361	2.128	1.341	2.585
326	0.5834	0.0	0.9466	0.9918	1.071	0.9365
327	0.602	0.0	1.229	2.381	1.163	2.107
328	0.5546	0.0	0.9813	0.9261	0.9552	0.9043
329	0.6005	0.0	1.108	1.158	0.9963	1.01
330	0.7735	0.0	1.454	1.591	1.289	1.297
331	0.8456	0.0	1.657	1.648	1.446	1.515
332	0.6535	0.0	1.129	1.277	1.122	1.459
333	0.5538	0.0	1.05	1.837	0.9121	2.074
334	0.7688	0.0	1.675	2.205	1.281	2.259
335	0.5838	0.0	1.045	1.224	0.9892	1.02
336	0.7144	0.0	1.275	1.57	1.221	1.447
337	0.6472	0.0	1.233	1.214	1.13	1.221
338	0.7389	0.0	1.423	1.142	1.293	1.181
339	0.7403	0.0	1.459	1.289	1.283	1.433
340	0.6502	0.0	1.124	1.066	1.084	0.8872
341	0.6893	0.0	1.294	1.222	1.13	1.217
342	0.7352	0.0	1.509	1.661	1.229	1.421
343	0.7197	0.0	1.33	1.392	1.406	1.372
344	0.4258	0.0	0.7135	1.451	0.6663	1.359
345	0.7453	0.0	1.376	1.418	1.232	1.295
346	0.8462	0.0	1.647	1.0	1.602	0.9449
347	0.6716	0.0	1.421	1.077	1.184	1.117
348	0.7638	0.0	1.491	1.711	1.246	1.511
349	0.7771	0.0	1.54	0.7976	1.311	0.856
350	0.8444	0.0	2.057	2.125	1.632	2.299
351	0.6306	0.0	0.9729	0.9448	1.005	0.9046
352	0.574	0.0	1.047	0.718	1.034	0.7322
353	0.5038	0.0	0.8617	1.091	0.786	0.996
354	0.7556	0.0	1.392	1.209	1.233	1.135
355	0.6565	0.0	1.379	1.052	1.158	0.9783
356	0.5671	0.0	1.013	0.849	0.8842	0.7464
357	0.719	0.0	1.305	0.8458	1.222	0.7564
358	0.455	0.0	0.978	1.599	0.7407	1.47
359	0.3705	0.0	0.6107	1.283	0.546	1.162
360	0.6129	0.0	0.9848	1.442	1.064	1.204
361	0.8298	0.0	1.746	1.744	1.631	1.74
362	0.6142	0.0	1.069	1.272	1.066	1.294
363	0.7549	0.0	1.526	1.369	1.373	1.393
364	0.4797	0.0	0.8727	0.7388	0.8238	0.7759
365	0.7973	0.0	1.643	1.28	1.497	1.152
366	0.4725	0.0	0.783	0.9003	0.7366	0.9021
367	0.6647	0.0	1.337	1.376	1.277	1.222
368	0.6876	0.0	1.355	1.16	1.312	1.116
369	0.5898	0.0	1.075	0.7811	0.9111	0.7268
370	0.6162	0.0	1.079	1.337	1.241	1.237
371	0.5674	0.0	1.138	1.481	0.9773	1.236
372	0.5079	0.0	0.8361	1.297	0.8366	1.167
373	0.7605	0.0	1.464	0.9331	1.49	0.8986
374	0.6015	0.0	1.1	0.9132	0.9918	0.9061
375	0.6962	0.0	1.239	1.364	1.198	1.334
376	0.4376	0.0	0.7446	1.695	0.6799	1.561
377	0.399	0.0	0.7758	0.9408	0.6176	0.7783
378	0.4642	0.0	0.8161	1.413	0.765	1.746
379	0.7012	0.0	1.234	1.272	1.176	1.218
380	0.7897	0.0	1.535	1.341	1.331	1.252
381	0.6806	0.0	1.061	1.09	1.198	1.307
382	0.6504	0.0	1.206	1.319	1.081	1.237
383	0.7128	0.0	1.346	1.657	1.167	1.51
384	0.5338	0.0	0.9461	0.8628	0.8128	0.7694
385	0.6617	0.0	1.194	1.533	1.084	1.356
386	0.8425	0.0	1.686	2.16	1.642	2.121
387	0.8538	0.0	1.591	1.368	1.479	1.23
388	0.5497	0.0	0.9569	0.9223	0.9185	0.8928
389	0.6655	0.0	1.117	1.538	1.118	1.418
390	0.756	0.0	1.483	1.315	1.463	1.215
391	0.7665	0.0	1.321	1.138	1.388	1.148
392	0.5347	0.0	1.007	1.146	0.846	1.031
393	0.7872	0.0	1.461	1.895	1.34	1.771
394	0.6567	0.0	1.098	1.239	1.053	1.3
395	0.7549	0.0	1.438	1.043	1.272	0.9745
396	0.6773	0.0	1.204	1.555	1.125	1.362
397	0.6152	0.0	1.151	1.507	1.269	1.642
398	0.4473	0.0	0.7569	0.7498	0.6936	0.8127
399	0.5719	0.0	1.057	1.127	0.9458	1.057
400	0.7847	0.0	2.001	1.989	2.074	2.091
401	0.7617	0.0	1.441	1.269	1.31	1.173
402	0.6048	0.0	1.132	1.152	1.052	0.9609
403	0.6154	0.0	1.179	1.09	1.007	0.9966
404	0.9228	0.0	2.088	1.593	1.788	1.515
405	0.5769	0.0	0.9546	0.7869	0.9744	0.9832
406	0.6173	0.0	1.136	1.157	1.062	1.092
407	0.8047	0.0	1.53	0.794	1.337	0.8296
408	0.6764	0.0	1.323	1.019	1.06	0.98
409	0.7914	0.0	1.549	1.105	1.359	1.068
410	0.7376	0.0	1.327	1.156	1.236	0.961
411	0.5324	0.0	1.03	1.319	0.8967	1.087
412	0.8021	0.0	1.572	1.411	1.311	1.271
413	0.6202	0.0	1.25	0.8924	1.077	0.9226
414	0.4155	0.0	0.7545	0.8653	0.7294	0.8724
415	0.7506	0.0	1.413	1.372	1.373	1.581
416	0.8383	0.0	1.88	1.919	1.491	1.829
417	0.81	0.0	1.688	1.429	1.626	1.309
418	0.6399	0.0	1.214	0.8133	1.049	0.7905
419	0.6159	0.0	1.109	1.177	0.9881	0.9852
420	0.7764	0.0	1.413	0.7889	1.253	0.7635
421	0.5937	0.0	1.092	1.087	0.9726	0.9829
422	0.6158	0.0	1.145	0.9932	1.043	0.9314
423	0.7196	0.0	1.566	1.502	1.337	2.073
424	0.891	0.0	1.833	1.48	1.523	1.232
425	0.6141	0.0	1.151	1.071	0.9878	0.9994
426	0.77	0.0	1.483	1.26	1.506	1.219
427	0.6781	0.0	1.308	1.278	1.149	1.247
428	0.7335	0.0	1.358	1.561	1.343	1.612
429	0.806	0.0	1.851	2.054	1.692	1.837
430	0.6659	0.0	1.283	1.946	1.775	2.408
431	0.673	0.0	1.461	1.152	1.399	1.095
432	0.6441	0.0	1.19	1.227	1.079	1.073
433	0.815	0.0	1.813	1.815	1.592	1.572
434	0.7589	0.0	1.535	1.513	1.22	1.373
435	0.6979	0.0	1.308	1.35	1.327	1.157
436	0.726	0.0	1.162	1.16	1.241	1.252
437	0.6264	0.0	1.284	1.934	1.098	2.735
438	0.4969	0.0	0.8002	0.7187	0.7882	0.7874
439	0.714	0.0	1.437	1.199	1.215	0.9328
440	0.5924	0.0	1.048	1.477	0.9853	1.296
441	0.6324	0.0	1.177	1.001	1.078	0.9404
442	0.5712	0.0	1.006	1.019	0.9289	1.03
443	0.5952	0.0	1.059	1.233	0.9944	1.272
444	0.6604	0.0	1.149	1.036	1.092	0.9055
445	0.6343	0.0	0.9865	1.003	1.061	0.9232
446	0.647	0.0	1.107	1.576	1.053	1.505
447	0.5147	0.0	0.8496	1.157	0.8297	1.228
448	0.6555	0.0	1.196	0.9726	1.254	0.9752
449	0.7067	0.0	1.375	1.311	1.162	1.239
450	0.6475	0.0	1.189	1.176	1.17	1.094
451	0.5205	0.0	0.9597	1.237	0.8031	1.116
452	0.8041	0.0	1.623	1.542	1.397	1.239
453	0.5927	0.0	1.103	1.362	1.059	1.404
454	0.5579	0.0	1.32	2.173	1.016	1.86
455	0.5174	0.0	0.8858	1.419	0.8117	1.356
456	0.7914	0.0	1.504	0.9343	1.446	0.8596
457	0.6049	0.0	1.112	1.424	1.01	1.329
458	0.6325	0.0	1.16	0.8666	1.008	0.8088
459	0.6592	0.0	1.354	1.335	1.213	1.263
460	0.4552	0.0	1.01	1.224	0.7424	1.34
461	0.5481	0.0	0.996	1.288	0.9215	1.2
462	0.5102	0.0	1.055	1.176	0.8669	1.052
463	0.673	0.0	1.285	1.144	1.199	1.288
464	0.6497	0.0	1.181	0.9961	1.057	0.942
465	0.7305	0.0	1.375	1.901	1.271	1.527
466	0.5322	0.0	0.9148	1.183	0.8324	1.216
467	0.8107	0.0	1.802	1.015	1.539	0.9869
468	0.7019	0.0	1.425	0.484	1.225	0.5636
469	0.6541	0.0	1.311	1.258	1.21	1.261
470	0.5359	0.0	1.052	1.08	0.8738	1.072
471	0.7181	0.0	1.363	1.272	1.17	1.207
472	0.6703	0.0	1.209	1.191	1.248	1.1
473	0.5296	0.0	0.9348	0.905	0.7946	0.8046
474	0.5453	0.0	0.9082	1.038	0.9824	1.065
475	0.3243	0.0	0.6938	1.159	0.5577	1.096
476	0.6507	0.0	1.315	1.32	1.173	1.169
477	0.7249	0.0	1.561	1.276	1.446	1.251
478	0.5772	0.0	0.9706	1.277	0.9698	1.163
479	0.5544	0.0	1.044	1.459	0.8815	1.333
480	0.4407	0.0	0.7377	1.623	0.6861	1.405
481	0.6006	0.0	1.151	1.268	0.9755	1.01
482	0.6226	0.0	1.256	1.044	1.109	0.9569
483	0.6299	0.0	1.172	1.047	1.094	0.9879
484	0.7835	0.0	1.511	0.7026	1.434	0.6979
485	0.6017	0.0	0.9257	1.038	1.274	1.221
486	0.753	0.0	1.449	0.7974	1.337	0.8035
487	0.4778	0.0	0.8228	1.921	0.7554	1.739
488	0.5138	0.0	0.9303	0.9064	0.8221	0.9771
489	0.6529	0.0	1.235	1.164	1.044	1.14
490	0.7259	0.0	1.554	1.758	1.267	1.68
491	0.4652	0.0	0.7899	0.9371	0.7847	0.8802
492	0.5132	0.0	0.9344	1.481	0.8794	1.33
493	0.7665	0.0	1.31	1.081	1.275	1.072
494	0.4846	0.0	0.9892	1.286	0.9418	1.122
495	0.6094	0.0	1.01	1.298	0.9724	1.282
496	0.5786	0.0	1.232	1.096	1.008	1.095
497	0.6234	0.0	0.978	1.095	1.1	1.156
498	0.6524	0.0	1.128	0.8824	1.029	0.8456
499	0.6665	0.0	1.185	1.105	1.086	1.082
500	0.4666	0.0	0.8162	1.464	0.7531	1.268
501	0.6765	0.0	1.281	1.487	1.201	1.469
502	0.7124	0.0	1.336	0.9955	1.152	0.9239
503	0.7491	0.0	1.402	1.176	1.292	1.162
504	0.5208	0.0	1.205	1.976	1.289	2.139
505	0.3339	0.0	0.6046	0.5739	0.5494	0.5663
506	0.625	0.0	1.177	1.313	1.086	1.2
507	0.3667	0.0	0.5705	0.904	0.5334	0.9121
508	0.8384	0.0	1.573	1.627	1.662	1.445
509	0.4786	0.0	0.852	1.295	0.7393	1.309
510	0.6271	0.0	1.112	0.9839	1.016	0.92
511	0.58	0.0	0.9467	0.5699	0.9191	0.4946
512	0.6278	0.0	1.14	1.207	0.9771	1.0
513	0.7403	0.0	1.503	1.847	1.258	1.532
514	0.5842	0.0	1.043	0.968	0.9388	1.017
515	0.5913	0.0	1.127	1.222	0.9422	1.172
516	0.6085	0.0	1.245	1.679	0.9588	1.406
517	0.7178	0.0	1.436	0.6374	1.268	0.6331
518	0.1136	0.0	0.3884	1.409	0.1763	1.385
519	0.6729	0.0	1.509	1.967	1.107	2.259
520	0.4052	0.0	0.8197	1.251	0.6495	1.258
521	0.3086	0.0	0.5652	1.049	0.6485	0.8314
522	0.5165	0.0	0.8425	1.165	0.8238	1.147
523	0.391	0.0	0.7229	1.066	0.6634	1.021
524	0.7293	0.0	1.284	1.177	1.185	1.158
525	0.5612	0.0	0.9253	1.21	0.8821	1.17
526	0.6092	0.0	1.135	1.286	1.011	1.249
527	0.6742	0.0	1.235	1.001	1.493	1.304
528	0.6428	0.0	1.142	1.306	1.052	1.142
529	0.605	0.0	1.159	0.9647	0.9942	0.8657
530	0.5423	0.0	0.9736	1.358	0.921	1.342
531	0.6868	0.0	1.33	1.949	1.239	1.949
532	0.4954	0.0	0.8905	0.9028	0.8488	0.9469
533	0.7994	0.0	1.651	1.709	1.718	1.703
534	0.5013	0.0	0.9029	1.343	0.7992	1.5
535	0.6979	0.0	1.338	1.407	1.211	1.528
536	0.5162	0.0	0.8103	0.5301	0.9993	0.6189
537	0.549	0.0	0.9897	1.143	0.8614	1.226
538	0.6465	0.0	1.058	1.541	1.089	1.385
539	0.7962	0.0	1.545	1.897	1.32	1.744
540	0.5853	0.0	0.9028	1.014	1.041	1.162
541	0.7029	0.0	1.329	1.538	1.258	2.31
542	0.7734	0.0	1.467	1.075	1.299	1.006
543	0.4966	0.0	0.8467	1.134	0.7645	1.163
544	0.7851	0.0	1.34	1.524	1.33	1.407
545	0.5704	0.0	1.104	0.9952	1.002	0.9951
546	0.5025	0.0	0.8504	1.411	0.793	1.426
547	0.6645	0.0	1.194	0.8092	1.159	0.7881
548	0.736	0.0	1.315	0.9337	1.183	0.9062
549	0.5795	0.0	0.9587	1.537	0.9287	1.307
550	0.8443	0.0	1.747	0.6451	1.498	0.6771
551	0.457	0.0	0.7974	1.337	0.6859	1.278
552	0.6634	0.0	1.255	1.271	1.072	1.042
553	0.6057	0.0	1.119	1.076	1.085	1.06
554	0.6013	0.0	1.147	0.8905	1.004	0.9037
555	0.5232	0.0	0.8977	1.286	0.8371	1.061
556	0.71	0.0	1.353	1.258	1.242	1.022
557	0.696	0.0	1.295	1.326	1.175	1.327
558	0.6934	0.0	1.421	2.216	1.273	1.754
559	0.7498	0.0	1.121	0.8353	1.298	0.797
560	0.6966	0.0	1.325	1.46	1.155	1.221
561	0.6063	0.0	1.054	1.114	1.035	0.994
562	0.5247	0.0	0.8228	1.004	0.8515	0.9196
563	0.6032	0.0	1.05	1.187	1.064	1.092
564	0.5494	0.0	0.9796	0.9568	0.8326	0.806
565	0.5312	0.0	0.8844	1.075	0.9133	1.083
566	0.5891	0.0	1.201	1.678	0.9533	1.734
567	0.5564	0.0	0.9735	1.011	0.9458	0.959
568	0.6814	0.0	1.156	1.132	1.17	1.067
569	0.7892	0.0	1.484	1.456	1.408	1.289
570	0.6198	0.0	1.099	1.225	1.044	1.167
571	0.6181	0.0	1.136	1.246	0.9916	1.257
572	0.4495	0.0	0.8205	0.7336	0.7362	0.7918
573	0.614	0.0	1.205	1.393	0.9912	1.245
574	0.5459	0.0	0.9207	0.9746	0.8662	0.8717
575	0.5754	0.0	1.157	1.147	0.9647	1.021
576	0.6775	0.0	1.282	1.311	1.32	1.191
577	0.5787	0.0	0.9316	0.5912	0.925	0.6334
578	0.6842	0.0	1.287	0.9602	1.297	1.24
579	0.3518	0.0	0.5981	1.054	0.6636	0.9446
580	0.6712	0.0	1.308	1.31	1.175	1.229
581	0.7599	0.0	1.603	1.177	1.479	0.9962
582	0.6677	0.0	1.246	1.107	1.224	0.9815
583	0.6196	0.0	1.157	0.9366	1.088	0.9193
584	0.6489	0.0	1.439	0.9365	1.083	0.8721
585	0.4712	0.0	0.8427	1.075	0.8013	0.9886
586	0.6271	0.0	1.189	1.257	1.1	1.604
587	0.5529	0.0	0.9815	1.422	0.8951	1.241
588	0.7049	0.0	1.334	1.563	1.175	1.351
589	0.6224	0.0	0.9983	0.895	1.176	1.111
590	0.3999	0.0	0.6649	1.498	0.6107	1.485
591	0.5839	0.0	1.142	1.688	1.037	1.334
592	0.5235	0.0	1.002	0.8108	0.899	0.7041
593	0.7019	0.0	1.502	1.45	1.18	1.115
594	0.4503	0.0	0.8112	2.06	0.7476	2.017
595	0.7918	0.0	1.337	0.9277	1.433	1.108
596	0.6233	0.0	1.136	1.344	1.086	1.275
597	0.4891	0.0	0.8637	1.021	0.779	1.082
598	0.6491	0.0	1.284	1.835	1.225	1.581
599	0.5941	0.0	1.084	1.431	0.9584	1.125
600	0.4425	0.0	0.7367	1.188	0.7162	0.9812
601	0.8417	0.0	1.579	1.421	1.433	1.199
602	0.6622	0.0	1.159	0.8185	1.056	0.839
603	0.7368	0.0	1.415	0.9983	1.199	0.905
604	0.8419	0.0	1.735	1.516	1.487	1.269
605	0.7673	0.0	1.594	0.7058	1.504	0.7321
606	0.4943	0.0	0.8542	0.9832	0.802	1.044
607	0.5754	0.0	1.07	1.085	0.9269	1.021
608	0.6841	0.0	1.416	1.243	1.121	1.796
609	0.4472	0.0	0.7674	0.7975	0.7513	0.814
610	0.6308	0.0	1.163	1.228	1.11	1.247
611	0.6424	0.0	1.152	1.108	1.146	0.971
612	0.6932	0.0	1.289	1.334	1.243	1.323
613	0.6163	0.0	0.9434	0.8209	1.185	0.9251
614	0.5731	0.0	0.9713	1.077	0.9304	1.009
615	0.4216	0.0	0.649	0.802	0.6564	0.7263
616	0.6683	0.0	1.2	1.203	1.083	1.128
617	0.6608	0.0	1.269	0.7434	1.05	0.7641
618	0.6545	0.0	1.128	0.9909	1.042	0.8899
619	0.6306	0.0	1.105	1.034	0.9942	1.069
620	0.6821	0.0	1.333	1.409	1.097	1.231
621	0.7275	0.0	1.414	0.852	1.292	0.7819
622	0.5581	0.0	0.9867	1.276	0.8793	1.221
623	0.7637	0.0	1.271	1.922	1.642	2.036
624	0.7471	0.0	1.533	1.468	1.239	1.398
625	0.2658	0.0	0.5452	1.379	0.4493	1.174
626	0.6505	0.0	1.132	0.9623	1.107	0.8743
627	0.6234	0.0	1.144	1.003	1.067	1.098
628	0.6145	0.0	1.099	0.952	0.9828	0.8792
629	0.5046	0.0	0.8251	0.8812	0.84	0.9051
630	0.5973	0.0	1.061	1.123	0.9942	1.056
631	0.6644	0.0	1.274	1.229	1.309	1.384
632	0.4768	0.0	0.8028	1.197	0.754	1.077
633	0.3546	0.0	0.6195	1.09	0.5906	0.8721
634	0.6574	0.0	1.308	1.357	1.286	1.256
635	0.5717	0.0	1.055	1.314	1.191	1.232
636	0.7417	0.0	1.29	1.142	1.359	1.11
637	0.9479	0.0	2.032	1.573	2.222	1.842
638	0.4394	0.0	0.9394	0.3951	1.026	0.4665
639	0.8414	0.0	2.034	1.383	1.553	1.224
640	0.3716	0.0	0.6561	1.001	0.7791	1.096
641	0.5802	0.0	1.02	0.8641	0.9438	0.8319
642	0.5137	0.0	0.8982	0.7334	0.804	0.6834
643	0.7508	0.0	1.412	1.694	1.344	1.694
644	0.5912	0.0	0.9218	1.082	1.061	1.324
645	0.7835	0.0	1.543	1.521	1.49	2.217
646	0.6683	0.0	1.185	0.8704	1.094	0.8183
647	0.7447	0.0	1.492	1.26	1.386	1.093
648	0.4726	0.0	0.7725	1.025	0.7706	0.9234
649	0.5802	0.0	1.116	1.351	0.9462	1.369
650	0.5891	0.0	1.085	1.147	0.9723	0.9993
651	0.6359	0.0	1.149	1.38	1.084	1.384
652	0.598	0.0	1.017	1.021	0.943	0.8822
653	0.6339	0.0	1.126	1.334	1.035	1.216
654	0.7336	0.0	1.285	0.9075	1.211	0.8685
655	0.5781	0.0	1.054	0.8267	1.049	0.8648
656	0.5279	0.0	0.8849	1.036	0.8426	1.165
657	0.4367	0.0	0.7898	1.396	0.7729	1.249
658	0.6313	0.0	1.28	1.28	1.1	1.156
659	0.5157	0.0	0.9385	0.6984	0.9619	0.6878
660	0.7078	0.0	1.232	1.358	1.156	1.195
661	0.6639	0.0	1.193	1.33	1.144	1.329
662	0.6082	0.0	1.194	1.584	1.185	1.847
663	0.4754	0.0	0.9837	1.216	0.7464	1.03
664	0.5295	0.0	0.9669	1.212	0.9509	1.136
665	0.6715	0.0	1.21	1.041	1.115	0.9606
666	0.5858	0.0	1.02	0.8679	1.009	0.9314
667	0.6207	0.0	1.236	1.556	1.153	1.48
668	0.5836	0.0	1.062	0.9397	0.9076	0.8241
669	0.7463	0.0	1.396	1.147	1.26	1.208
670	0.6544	0.0	1.161	1.134	1.1	1.159
671	0.3817	0.0	0.6082	0.8706	0.5815	0.8182
672	0.5207	0.0	0.8757	0.8259	0.8697	0.766
673	0.757	0.0	1.295	1.446	1.405	1.416
674	0.6092	0.0	1.06	0.8613	1.018	0.8226
675	0.8226	0.0	1.76	1.323	1.571	1.201
676	0.1868	0.0	0.3871	0.9063	0.4021	0.8381
677	0.7213	0.0	1.399	1.159	1.435	1.217
678	0.5391	0.0	1.042	1.069	0.8755	1.023
679	0.6243	0.0	1.202	1.255	1.094	1.153
680	0.5317	0.0	0.919	1.296	0.8344	1.208
681	0.5079	0.0	0.7957	0.9209	0.7869	0.9134
682	0.5665	0.0	1.171	1.056	1.276	1.237
683	0.4885	0.0	0.8879	1.437	1.062	1.384
684	0.5998	0.0	1.039	0.964	1.02	1.094
685	0.5243	0.0	0.9807	1.285	1.087	1.359
686	0.6544	0.0	1.124	1.172	1.111	1.101
687	0.7333	0.0	1.393	1.081	1.261	1.028
688	0.8009	0.0	1.715	0.9988	1.372	1.09
689	0.3174	0.0	0.5486	0.7729	0.4772	0.7045
690	0.6932	0.0	1.361	0.893	1.225	0.9334
691	0.6105	0.0	1.055	1.154	1.001	1.054
692	0.7406	0.0	1.391	1.567	1.228	1.484
693	0.6523	0.0	0.925	0.7761	1.199	0.9116
694	0.5703	0.0	0.9752	1.305	0.9406	1.122
695	0.3636	0.0	0.57	1.559	0.5252	1.368
696	0.4425	0.0	0.9125	0.572	0.7039	0.648
697	0.7075	0.0	1.495	1.394	1.172	1.2
698	0.6793	0.0	1.312	0.7992	1.226	0.8301
699	0.4819	0.0	0.8725	1.177	0.8792	1.043
700	0.5129	0.0	0.8604	1.187	0.8369	1.251
701	0.6811	0.0	1.165	1.041	1.098	1.03
702	0.5356	0.0	1.112	1.075	0.8893	1.081
703	0.6889	0.0	1.282	1.055	1.085	0.9858
704	0.5562	0.0	0.9994	1.121	0.9235	1.078
705	0.8042	0.0	1.593	1.964	1.341	1.723
706	0.4277	0.0	0.71	1.046	0.666	1.016
707	0.4641	0.0	0.7853	1.204	0.7653	1.035
708	0.7132	0.0	1.516	1.59	1.238	1.287
709	0.5415	0.0	0.9194	1.605	0.9178	1.615
710	0.292	0.0	0.4637	1.386	0.4787	1.238
711	0.4822	0.0	0.7941	1.105	0.754	1.069
712	0.1978	0.0	0.3671	0.9181	0.3551	0.9328
713	0.3816	0.0	0.615	1.064	0.682	1.078
714	0.6694	0.0	1.316	1.484	1.16	1.269
715	0.6752	0.0	1.335	1.351	1.168	1.307
716	0.8938	0.0	1.996	1.546	1.698	1.501
717	0.6187	0.0	0.9857	0.8251	1.192	0.8872
718	0.6411	0.0	1.113	1.082	1.135	1.016
719	0.6694	0.0	1.227	0.9186	1.069	0.8523
720	0.6531	0.0	1.133	1.313	1.051	1.11
721	0.753	0.0	1.376	0.7603	1.29	0.6879
722	0.3811	0.0	0.5876	1.111	0.6269	1.047
723	0.5478	0.0	0.9843	1.124	0.9442	1.125
724	0.6045	0.0	1.103	1.866	0.9336	1.425
725	0.6077	0.0	1.178	1.084	1.035	0.9739
726	0.4167	0.0	0.6846	0.7802	0.6792	0.7325
727	0.647	0.0	0.9538	1.007	1.295	0.9363
728	0.4646	0.0	0.7736	1.052	0.8845	1.13
729	0.5972	0.0	1.14	0.4544	1.029	0.5351
730	0.5488	0.0	0.9186	1.084	0.8914	0.9952
731	0.6228	0.0	0.9929	1.078	1.045	0.9958
732	0.6852	0.0	1.259	0.9088	1.177	0.9129
733	0.409	0.0	0.6204	1.05	0.6682	0.927
734	0.522	0.0	0.895	1.01	0.8137	1.004
735	0.4196	0.0	0.7277	1.896	0.8418	1.887
736	0.5673	0.0	0.9826	1.698	0.9355	1.607
737	0.527	0.0	0.9832	1.132	0.8437	1.181
738	0.4514	0.0	0.7427	1.418	0.7061	1.477
739	0.5597	0.0	0.9989	1.503	0.993	2.045
740	0.4655	0.0	0.795	0.8826	0.7255	0.8165
741	0.7033	0.0	1.453	1.672	1.466	1.738
742	0.165	0.0	0.3057	1.047	0.2934	1.025
743	0.5215	0.0	0.8962	1.562	0.8548	1.502
744	0.4462	0.0	0.803	1.22	0.6717	1.031
745	0.5755	0.0	1.014	1.177	0.9451	0.9711
746	0.6526	0.0	1.282	1.492	1.036	1.363
747	0.7296	0.0	1.498	1.713	1.297	1.569
748	0.449	0.0	1.088	1.069	0.8646	1.281
749	0.6251	0.0	1.114	1.315	1.091	1.35
750	0.837	0.0	1.516	1.54	1.573	1.178
751	0.858	0.0	1.71	1.735	1.671	1.518
752	0.666	0.0	1.158	1.515	1.103	1.416
753	0.5701	0.0	1.056	1.299	0.9452	1.277
754	0.6781	0.0	1.294	1.316	1.255	1.206
755	0.6611	0.0	1.208	1.05	1.135	1.085
756	0.646	0.0	1.099	0.9438	1.071	0.9723
757	0.6536	0.0	1.148	1.361	1.048	1.255
758	0.6776	0.0	1.315	1.494	1.091	1.262
759	0.6109	0.0	1.06	1.046	1.082	0.9156
760	0.5871	0.0	1.086	1.552	1.091	1.383
761	0.7521	0.0	1.361	0.9978	1.28	0.8892
762	0.5514	0.0	0.9476	1.203	0.925	0.9971
763	0.5828	0.0	1.117	1.004	1.145	0.8855
764	0.6735	0.0	1.184	1.336	1.101	1.212
765	0.8446	0.0	1.491	1.189	1.65	1.234
766	0.5917	0.0	1.291	1.625	1.063	1.341
767	0.6186	0.0	0.9403	0.7546	1.085	0.7471
768	0.2324	0.0	0.3665	1.358	0.4091	1.356
769	0.6307	0.0	1.187	1.048	1.071	1.004
770	0.5538	0.0	0.9221	0.5922	0.8666	0.6556
771	0.7001	0.0	1.391	1.048	1.219	1.173
772	0.565	0.0	1.056	1.047	0.8857	0.9496
773	0.3685	0.0	0.6199	0.5411	0.6386	0.6109
774	0.6373	0.0	1.152	1.299	1.076	1.226
775	0.4305	0.0	0.715	1.015	0.7017	1.095
776	0.4813	0.0	0.8705	0.9061	0.7229	1.09
777	0.6743	0.0	1.186	1.198	1.089	1.095
778	0.7145	0.0	1.329	0.9566	1.209	0.9102
779	0.9341	0.0	2.175	1.385	1.793	1.226
780	0.5673	0.0	1.122	1.169	0.9409	0.9761
781	0.5129	0.0	0.9736	0.7873	0.7941	0.8898
782	0.6568	0.0	1.239	1.147	1.158	1.132
783	0.6148	0.0	1.116	1.231	0.99	1.068
784	0.6589	0.0	1.182	0.9227	1.186	0.9861
785	0.5435	0.0	0.8767	0.8294	0.8519	0.8136
786	0.6349	0.0	1.206	1.191	1.292	1.077
787	0.2215	0.0	0.4518	1.297	0.4966	1.192
788	0.5943	0.0	1.096	1.367	1.031	1.333
789	0.7818	0.0	1.537	1.423	1.469	1.386
790	0.494	0.0	0.8423	1.362	0.7632	1.299
791	0.7098	0.0	1.387	1.322	1.259	1.187
792	0.7983	0.0	1.668	1.633	1.423	1.448
793	0.5616	0.0	0.953	0.8854	0.8916	0.7213
794	0.6476	0.0	1.271	0.6705	1.194	0.8113
795	0.5717	0.0	1.038	1.222	0.9119	1.119
796	0.7691	0.0	1.449	1.201	1.27	1.183
797	0.5637	0.0	0.7318	0.7266	0.9816	1.027
798	0.7372	0.0	1.422	1.028	1.251	1.039
799	0.4328	0.0	0.7192	1.141	0.6537	1.066
800	0.56	0.0	0.8498	0.6089	0.9345	0.7118
801	0.5813	0.0	1.07	0.9139	0.9111	0.8913
802	0.7854	0.0	1.775	1.879	1.472	1.666
803	0.5796	0.0	0.9184	1.067	1.11	1.286
804	0.7133	0.0	1.396	1.66	1.255	1.481
805	0.6905	0.0	1.156	1.115	1.163	1.128
806	0.5263	0.0	1.058	1.298	0.9223	1.341
807	0.6985	0.0	1.352	1.448	1.104	1.395
808	0.5841	0.0	1.16	1.161	1.035	1.001
809	0.7375	0.0	1.373	1.215	1.206	1.203
810	0.5171	0.0	0.9445	1.106	0.835	0.9647
811	0.6546	0.0	1.296	1.12	1.077	0.9792
812	0.6921	0.0	1.282	1.403	1.114	1.284
813	0.6713	0.0	1.272	0.9803	1.134	0.9571
814	0.5117	0.0	0.7577	0.9723	0.9087	1.037
815	0.4922	0.0	0.8818	1.133	0.7735	1.093
816	0.4703	0.0	1.007	0.8018	0.8577	0.839
817	0.6233	0.0	0.9439	1.572	1.018	1.296
818	0.6023	0.0	1.056	1.072	1.032	0.9761
819	0.5906	0.0	1.145	1.167	0.9805	1.091
820	0.2284	0.0	0.5287	1.219	0.4268	1.2
821	0.503	0.0	0.7939	0.8361	0.9099	1.031
822	0.6188	0.0	1.032	0.9654	1.081	0.9805
823	0.5719	0.0	0.9245	0.9678	0.942	1.015
824	0.6175	0.0	1.195	0.8835	1.027	0.7688
825	0.7857	0.0	1.431	1.471	1.373	1.244
826	0.1671	0.0	0.2883	0.9596	0.2843	0.9333
827	0.652	0.0	1.255	1.124	1.052	1.053
828	0.4647	0.0	0.8411	1.746	0.8126	1.47
829	0.6788	0.0	1.273	1.057	1.128	0.9274
830	0.6548	0.0	1.267	1.121	1.156	0.9125
831	0.7608	0.0	1.375	1.372	1.524	1.214
832	0.2376	0.0	0.4388	1.092	0.6331	1.027
833	0.642	0.0	1.162	1.084	1.016	0.9063
834	0.5448	0.0	0.9671	1.012	0.9112	0.9598
835	0.5856	0.0	0.9886	0.9817	0.9185	0.9086
836	0.6654	0.0	1.176	1.141	1.127	1.169
837	0.5393	0.0	0.8455	0.8404	0.8872	0.9137
838	0.5659	0.0	1.01	1.187	0.9924	1.195
839	0.6724	0.0	1.214	1.757	1.349	1.45
840	0.6201	0.0	1.124	1.296	1.07	1.087
841	0.1624	0.0	0.3117	1.315	0.2469	1.19
842	0.7046	0.0	1.287	1.651	1.267	1.525
843	0.5838	0.0	1.092	1.499	0.9488	1.444
844	0.3948	0.0	0.6147	0.9363	0.5963	0.9116
845	0.5611	0.0	1.3	1.686	0.9444	1.816
846	0.5984	0.0	1.122	1.883	1.098	2.006
847	0.6243	0.0	1.323	0.8996	1.075	0.9372
848	0.44	0.0	0.7651	0.9774	0.6922	0.961
849	0.516	0.0	0.8617	1.084	0.8128	1.03
850	0.6389	0.0	1.174	1.179	1.024	1.053
851	0.8101	0.0	1.519	1.082	1.454	0.9767
852	0.4604	0.0	0.8312	1.021	0.829	1.133
853	0.544	0.0	0.9364	1.545	0.8796	1.627
854	0.5867	0.0	1.039	0.7709	0.9429	0.7619
855	0.8098	0.0	1.696	1.434	1.648	1.841
856	0.4204	0.0	0.6567	1.42	0.6338	1.4
857	0.6272	0.0	1.197	0.7961	1.036	0.7509
858	0.5737	0.0	1.034	0.7862	0.9117	0.7848
859	0.569	0.0	0.9799	1.038	0.9645	1.03
860	0.5532	0.0	0.8584	0.6047	0.8992	0.5079
861	0.5902	0.0	0.9414	1.352	0.9674	1.361
862	0.7253	0.0	1.354	0.7931	1.247	0.7355
863	0.6077	0.0	1.171	1.331	1.112	1.294
864	0.6062	0.0	1.076	1.437	1.07	1.367
865	0.6973	0.0	1.263	1.16	1.214	1.072
866	0.6676	0.0	1.161	1.516	1.163	1.614
867	0.51	0.0	0.9348	0.8586	0.7943	0.8353
868	0.6733	0.0	1.112	1.089	1.103	0.9205
869	0.7643	0.0	1.453	1.11	1.256	1.06
870	0.7808	0.0	1.584	1.474	1.429	1.402
871	0.7504	0.0	1.378	0.7885	1.241	0.8745
872	0.6361	0.0	1.189	1.418	1.073	1.41
873	0.5793	0.0	1.029	1.184	0.9721	1.047
874	0.5369	0.0	0.8905	0.8094	0.8795	0.873
875	0.5193	0.0	0.9755	1.095	0.9477	1.195
876	0.4928	0.0	1.041	0.9494	0.7254	1.083
877	0.648	0.0	1.183	1.088	1.028	1.14
878	0.6513	0.0	1.116	1.222	1.223	1.201
879	0.5889	0.0	1.09	0.8915	0.9598	0.9248
880	0.2901	0.0	0.4358	0.6075	0.5045	0.6278
881	0.6955	0.0	1.284	1.372	1.132	1.216
882	0.6577	0.0	1.188	1.05	1.116	0.9263
883	0.6489	0.0	1.268	1.352	1.105	1.323
884	0.634	0.0	1.268	0.7767	1.094	0.7755
885	0.7231	0.0	1.372	1.388	1.281	1.308
886	0.5922	0.0	1.08	1.049	0.9678	0.9335
887	0.4964	0.0	0.9685	1.013	0.8773	0.9803
888	0.6232	0.0	1.234	1.271	1.132	1.246
889	0.4901	0.0	0.755	0.7444	0.7674	0.7293
890	0.2325	0.0	0.5288	1.161	0.3818	1.021
891	0.6225	0.0	1.242	0.9985	1.068	0.9333
892	0.4455	0.0	0.9049	1.401	0.7491	1.109
893	0.6571	0.0	1.284	1.173	1.209	1.211
894	0.569	0.0	1.043	1.057	0.9317	0.9782
895	0.5182	0.0	0.9273	1.285	0.7972	1.125
896	0.736	0.0	1.536	1.15	1.287	1.02
897	0.6195	0.0	1.011	1.131	1.056	1.088
898	0.6592	0.0	1.247	1.004	1.136	1.055
899	0.4779	0.0	0.9169	0.9912	0.8332	0.9871
900	0.7046	0.0	1.324	1.269	1.231	1.148
901	0.3136	0.0	0.4957	0.7607	0.5114	0.9561
902	0.4123	0.0	0.6929	0.6115	0.6122	0.5948
903	0.7092	0.0	1.268	1.623	1.207	1.318
904	0.4393	0.0	0.7478	0.8194	0.7521	0.7322
905	0.5623	0.0	0.9801	0.8792	0.8899	0.8975
906	0.8515	0.0	1.886	1.634	1.668	1.294
907	0.5169	0.0	0.94	1.131	0.8406	0.9869
908	0.5072	0.0	0.9116	1.275	0.7928	1.075
909	0.7368	0.0	1.353	0.8512	1.218	0.9081
910	0.6066	0.0	1.168	1.455	1.05	1.454
911	0.7252	0.0	1.385	1.03	1.216	1.045
912	0.5323	0.0	1.076	1.057	0.8993	1.01
913	0.6657	0.0	1.243	0.8321	1.275	0.9106
914	0.631	0.0	0.9758	1.073	1.083	1.017
915	0.6099	0.0	1.082	1.324	0.9586	1.211
916	0.674	0.0	1.249	1.324	1.113	1.176
917	0.6928	0.0	1.274	1.205	1.224	1.393
918	0.4423	0.0	0.71	1.12	0.7037	1.086
919	0.5159	0.0	0.9023	1.237	0.794	1.183
920	0.362	0.0	0.7698	0.8717	0.6528	0.7533
921	0.6078	0.0	0.9108	1.104	1.047	1.059
922	0.7098	0.0	1.387	1.348	1.326	1.153
923	0.3357	0.0	0.5361	1.202	0.4766	1.114
924	0.7241	0.0	1.54	1.407	1.391	1.381
925	0.6235	0.0	0.9711	0.6549	1.096	0.6893
926	0.5535	0.0	1.007	1.185	0.8897	1.047
927	0.4406	0.0	0.7216	1.092	0.6908	1.041
928	0.4256	0.0	0.7204	1.185	0.6391	1.115
929	0.7545	0.0	1.633	1.672	1.442	1.456
930	0.5699	0.0	0.9463	1.022	0.9033	0.9408
931	0.819	0.0	1.555	0.924	1.419	0.9434
932	0.8148	0.0	1.572	1.884	1.317	1.68
933	0.5967	0.0	1.153	0.897	1.034	0.8388
934	0.4312	0.0	0.8179	1.205	0.6883	1.086
935	0.6995	0.0	1.263	1.123	1.261	1.43
936	0.3507	0.0	0.6597	1.242	0.7041	1.21
937	0.4731	0.0	0.8676	1.268	0.8178	1.016
938	0.6075	0.0	1.144	0.986	0.9941	0.9094
939	0.5405	0.0	0.9836	0.7756	0.8346	0.8634
940	0.7376	0.0	1.287	0.5908	1.223	0.6136
941	0.6509	0.0	0.9986	1.006	1.06	0.932
942	0.5801	0.0	1.045	0.9632	0.9555	0.9356
943	0.6223	0.0	1.057	1.596	1.443	1.827
944	0.7314	0.0	1.285	1.215	1.317	1.109
945	0.5453	0.0	1.047	1.204	0.9001	1.012
946	0.5052	0.0	0.9649	1.223	0.923	1.365
947	0.6376	0.0	1.272	1.262	1.133	1.156
948	0.563	0.0	0.9677	1.108	0.9223	1.137
949	0.7533	0.0	1.563	1.47	1.409	1.854
950	0.8044	0.0	1.781	1.286	1.518	1.213
951	0.6258	0.0	1.125	1.606	1.077	1.621
952	0.5835	0.0	0.8861	0.9472	0.9812	0.992
953	0.7289	0.0	1.391	1.504	1.299	1.181
954	0.5194	0.0	0.8739	1.491	0.8671	1.374
955	0.6389	0.0	1.284	2.11	1.021	1.488
956	0.4894	0.0	0.8414	1.021	0.7618	1.199
957	0.579	0.0	1.047	1.455	0.9561	1.58
958	0.5756	0.0	1.038	0.7069	0.978	0.6785
959	0.6004	0.0	1.168	1.442	1.136	1.383
960	0.5764	0.0	0.9497	1.137	0.9015	1.2
961	0.6931	0.0	1.345	1.11	1.193	0.9603
962	0.5157	0.0	0.8799	0.7447	0.8376	0.7721
963	0.5441	0.0	0.9279	1.272	0.8837	1.217
964	0.438	0.0	0.7595	0.7613	0.6757	0.792
965	0.5448	0.0	0.9052	0.9827	0.9455	0.9417
966	0.7154	0.0	1.421	1.776	1.202	1.313
967	0.5685	0.0	1.112	1.127	1.021	1.047
968	0.4711	0.0	0.7718	0.9957	0.7113	0.9687
969	0.5278	0.0	0.8352	1.294	0.8839	1.138
970	0.5961	0.0	1.078	1.25	0.9406	1.113
971	0.5858	0.0	1.152	1.223	1.02	1.231
972	0.4916	0.0	1.015	1.537	0.8188	1.116
973	0.7598	0.0	1.41	1.134	1.33	1.161
974	0.5591	0.0	1.062	1.408	0.9933	1.201
975	0.4698	0.0	0.7087	0.8409	0.7186	0.9663
976	0.6635	0.0	1.2	1.35	1.134	1.43
977	0.6044	0.0	1.126	0.9643	1.011	1.005
978	0.4986	0.0	0.8415	0.6038	0.8314	0.7406
979	0.6554	0.0	1.35	1.584	1.139	1.639
980	0.5016	0.0	0.8684	0.9713	0.8181	0.8228
981	0.5451	0.0	0.9359	0.6547	0.9667	0.699
982	0.4966	0.0	0.8636	0.9471	0.7726	0.8531
983	0.7369	0.0	1.423	1.504	1.395	1.355
984	0.4599	0.0	0.7814	0.6446	0.7081	0.592
985	0.6721	0.0	1.29	1.074	1.094	1.056
986	0.5921	0.0	1.035	1.014	0.9849	1.03
987	0.5987	0.0	1.108	1.143	1.07	1.007
988	0.5547	0.0	1.015	1.022	0.9378	0.9234
989	0.6059	0.0	1.12	1.129	1.011	1.118
990	0.4815	0.0	0.8375	0.7208	0.7431	0.7254
991	0.6127	0.0	1.193	1.019	1.016	0.9903
992	0.7808	0.0	1.595	1.068	1.45	0.9324
993	0.5718	0.0	0.9414	0.7791	0.8881	0.7631
994	0.512	0.0	0.7685	0.9483	0.9256	1.069
995	0.521	0.0	0.9612	1.142	0.8978	0.9922
996	0.619	0.0	1.257	1.343	1.026	1.095
997	0.5908	0.0	1.153	0.7007	0.9945	0.7125
998	0.541	0.0	0.9766	0.9243	0.8695	0.8409
999	0.6131	0.0	1.098	1.087	1.022	1.059
1000	0.5886	0.0	1.074	1.224	0.9927	1.119
1001	0.3452	0.0	0.6123	0.9474	0.55	0.938
1002	0.4473	0.0	0.8483	0.9863	0.8011	1.176
1003	0.6245	0.0	1.229	1.19	1.027	1.152
1004	0.6751	0.0	1.176	1.247	1.125	1.21
1005	0.5951	0.0	0.87	0.8595	1.075	1.023
1006	0.6249	0.0	1.091	1.187	1.083	1.134
1007	0.878	0.0	1.882	1.196	1.508	1.1
1008	0.4361	0.0	0.6928	0.6794	0.683	0.6227
1009	0.6621	0.0	1.502	0.7732	1.121	0.7993
1010	0.6995	0.0	1.341	1.775	1.452	1.542
1011	0.3274	0.0	0.6026	0.9706	0.4983	0.8849
1012	0.6445	0.0	1.195	1.093	1.117	1.072
1013	0.6692	0.0	1.098	1.105	1.081	1.004
1014	0.5924	0.0	1.17	1.46	0.9858	1.187
1015	0.4774	0.0	0.7654	1.375	0.8009	1.212
1016	0.5462	0.0	1.051	1.119	0.9054	1.212
1017	0.5718	0.0	1.08	1.11	0.9528	1.125
1018	0.5674	0.0	0.9143	1.156	0.9401	1.081
1019	0.6948	0.0	1.219	0.9637	1.129	1.072
1020	0.7153	0.0	1.332	1.335	1.223	1.144
1021	0.6964	0.0	1.444	1.555	1.259	1.54
1022	0.5051	0.0	0.8343	0.599	0.7873	0.6403
1023	0.6709	0.0	1.266	1.254	1.136	1.133
1024	0.4356	0.0	1.034	1.511	0.9124	1.296
1025	0.6894	0.0	1.226	0.8697	1.109	0.8662
1026	0.5666	0.0	1.046	1.106	0.9422	1.115
1027	0.5352	0.0	0.9741	1.09	0.8764	1.089
1028	0.7003	0.0	1.147	0.8586	1.385	0.9132
1029	0.5099	0.0	0.6988	0.6307	0.9598	0.8015
1030	0.5524	0.0	0.9026	1.042	0.9088	1.027
1031	0.5179	0.0	0.7788	0.987	0.8275	1.031
1032	0.6638	0.0	1.125	0.8901	1.075	0.8892
1033	0.778	0.0	1.45	1.216	1.359	1.016
1034	0.6609	0.0	1.186	0.7765	1.068	0.7323
1035	0.6081	0.0	1.007	1.151	0.9579	1.046
1036	0.7196	0.0	1.252	1.475	1.196	1.26
1037	0.6051	0.0	1.166	1.028	1.026	0.9514
1038	0.567	0.0	1.048	1.093	0.932	0.9799
1039	0.7328	0.0	1.403	1.05	1.255	1.221
1040	0.8033	0.0	1.848	1.24	1.803	1.249
