Step	Loss
1	4.0804
2	3.6146
3	3.9622
4	3.8113
5	4.7243
6	2.5271
7	3.8286
8	4.1398
9	3.021
10	5.961
11	3.3923
12	1.5074
13	3.429
14	4.6517
15	3.6266
16	3.7124
17	3.8789
18	2.422
19	4.3971
20	1.337
21	4.8736
22	3.4319
23	1.7436
24	3.8457
25	3.4657
26	2.9624
27	1.5945
28	0.6337
29	1.1123
30	2.0014
31	0.7885
32	3.2818
33	1.3362
34	3.8928
35	4.1984
36	2.3606
37	3.8302
38	3.4178
39	3.647
40	3.8807
41	4.7603
42	3.0491
43	3.4549
44	1.8932
45	3.6808
46	2.747
47	2.118
48	3.7547
49	2.0806
50	3.1632
51	1.7192
52	4.0765
53	1.7898
54	4.4116
55	2.1431
56	3.8161
57	3.4973
58	2.8886
59	3.2829
60	0.3641
61	3.7968
62	3.3323
63	1.5546
64	1.0278
65	3.0452
66	3.4337
67	1.4787
68	3.023
69	2.0563
70	4.2682
71	2.5529
72	3.1309
73	2.1831
74	0.1653
75	2.8243
76	3.611
77	0.4142
78	3.1995
79	3.5832
80	1.8424
81	0.4443
82	1.9342
83	4.0778
84	2.108
85	4.5764
86	0.2848
87	1.7282
88	3.3856
89	3.4282
90	0.6907
91	3.9408
92	3.6205
93	3.1552
94	3.1104
95	3.4851
96	2.8745
97	3.8353
98	3.6606
99	0.3906
100	3.8537
101	3.825
102	3.822
103	3.32
104	4.1471
105	3.7116
106	2.9995
107	3.5656
108	3.3769
109	3.9012
110	1.1808
111	3.5815
112	3.8159
113	1.9684
114	3.7221
115	3.0158
116	1.1829
117	2.9329
118	4.0553
119	3.5346
120	3.4523
121	3.6539
122	1.6318
123	3.8614
124	1.1546
125	4.2326
126	2.8736
127	1.1031
128	2.7274
129	3.3086
130	2.4803
131	0.2692
132	0.6494
133	0.3002
134	1.9037
135	0.6587
136	3.6331
137	1.273
138	3.5808
139	3.8205
140	1.923
141	3.7533
142	3.3843
143	3.4653
144	3.7143
145	4.599
146	2.7565
147	3.1174
148	1.6634
149	3.5275
150	2.5535
151	1.9019
152	3.4113
153	1.5091
154	3.081
155	1.5954
156	3.689
157	1.9632
158	4.139
159	1.7233
160	3.6902
161	3.3476
162	3.3273
163	3.218
164	0.221
165	3.7361
166	3.3219
167	0.9562
168	0.8357
169	2.9574
170	3.2829
171	1.4271
172	3.0275
173	1.8809
174	4.3305
175	1.4119
176	2.9843
177	2.084
178	0.0832
179	2.832
180	3.5166
181	0.2708
182	3.1193
183	3.5301
184	1.6637
185	0.4412
186	1.5722
187	3.9421
188	2.0183
189	4.3691
190	0.2701
191	1.5973
192	3.237
193	3.309
194	0.4789
195	3.7995
196	3.4333
197	2.573
198	2.9288
199	3.3857
200	2.8045
201	3.7626
202	2.8782
203	0.3438
204	3.7735
205	3.6587
206	3.3019
207	3.1857
208	3.9828
209	3.6012
210	2.5946
211	3.4171
212	3.1724
213	3.7276
214	1.0927
215	3.3704
216	3.7155
217	1.8869
218	3.7909
219	2.8213
220	1.0437
221	2.7715
222	3.921
223	3.3661
224	3.3344
225	3.5266
226	1.7335
227	3.6824
228	1.1227
229	3.8845
230	1.623
231	0.9075
232	2.6534
233	3.2407
234	2.1372
235	0.2672
236	0.5384
237	0.132
238	2.1001
239	0.4211
240	2.8583
241	1.2097
242	3.5014
243	3.6593
244	1.7329
245	3.6879
246	3.1283
247	3.3969
248	3.5451
249	4.3103
250	2.7028
251	2.9973
252	1.5734
253	3.2482
254	2.4376
255	1.8097
256	3.4054
257	1.5736
258	2.6984
259	1.4947
260	3.5935
261	1.7244
262	4.4122
263	2.1053
264	3.4779
265	3.3073
266	2.9669
267	2.9605
268	0.2972
269	3.5215
270	3.0973
271	0.9919
272	0.8082
273	2.8946
274	3.3358
275	1.5531
276	3.017
277	1.7225
278	4.0569
279	0.8988
280	2.916
281	2.1377
282	0.1236
283	2.7396
284	3.0974
285	0.0859
286	3.0617
287	3.4244
288	1.6732
289	0.462
290	1.331
291	3.8898
292	2.0682
293	4.303
294	0.2402
295	1.4522
296	3.1918
297	3.2232
298	0.1743
299	3.7151
300	3.4555
301	2.5918
302	2.9621
303	3.2549
304	2.6763
305	3.6942
306	2.984
307	0.2717
308	3.6189
309	3.6034
310	3.5592
311	3.1795
312	3.794
313	3.51
314	2.4962
315	3.2857
316	3.2724
317	3.444
318	0.9688
319	3.2704
320	3.6231
321	1.6533
322	3.7946
323	2.8454
324	0.952
325	2.7371
326	3.5548
327	3.3817
328	3.3366
329	3.4205
330	1.483
331	3.5553
332	1.0448
333	3.5669
334	2.0407
335	0.9864
336	2.3808
337	3.1405
338	2.0291
339	0.1384
340	0.5525
341	0.0858
342	1.7887
343	0.4071
344	3.2294
345	1.1182
346	3.5351
347	3.4106
348	1.5624
349	3.625
350	3.0985
351	3.324
352	3.4907
353	4.1357
354	2.7234
355	2.9302
356	1.5354
357	3.3023
358	2.3772
359	1.8002
360	3.245
361	1.387
362	2.9071
363	1.2479
364	3.4125
365	1.4586
366	4.0506
367	2.029
368	3.4154
369	3.2132
370	2.8363
371	2.8698
372	0.1729
373	3.5037
374	3.0332
375	0.8467
376	0.8285
377	2.8648
378	3.2831
379	1.5254
380	3.0512
381	1.6286
382	4.113
383	0.6647
384	2.9055
385	2.0477
386	0.0922
387	2.5324
388	3.0194
389	0.0582
390	3.0398
391	3.3342
392	1.8039
393	0.4469
394	1.1999
395	3.725
396	2.0999
397	4.2799
398	0.151
399	1.5223
400	3.1242
401	3.2672
402	0.2472
403	3.5291
404	3.293
405	2.4883
406	2.8454
407	3.183
408	2.5287
409	3.6276
410	3.2685
411	0.3045
412	3.4567
413	3.5106
414	3.3998
415	3.0753
416	3.7248
417	3.5519
418	2.4448
419	3.2484
420	3.0442
421	3.3644
422	1.1687
423	3.1737
424	3.4806
425	1.5255
426	3.4679
427	2.7471
428	1.0324
429	2.6948
430	3.4083
431	3.2689
432	3.2357
433	3.3386
434	1.4525
435	3.4609
436	1.0112
437	3.343
438	1.7351
439	0.7622
440	2.343
441	3.1215
442	1.8753
443	0.0955
444	0.5572
445	0.137
446	1.7708
447	0.3726
448	2.568
449	1.1899
450	3.4462
451	3.4119
452	1.4936
453	3.5607
454	3.0925
455	3.2234
456	3.4844
457	3.8681
458	2.6309
459	2.9495
460	1.4547
461	3.2349
462	2.2464
463	1.7993
464	3.0536
465	1.3849
466	2.7332
467	1.3666
468	3.3298
469	1.7003
470	3.8711
471	1.6367
472	3.3193
473	3.1496
474	2.7188
475	2.9792
476	0.2497
477	3.5305
478	3.0277
479	0.5862
480	0.6481
481	2.7806
482	3.1394
483	1.4353
484	2.9488
485	1.5349
486	3.9521
487	0.3193
488	2.8512
489	1.9562
490	0.0639
491	2.5592
492	3.0874
493	0.0583
494	2.9808
495	3.3622
496	1.4596
497	0.4122
498	0.9984
499	3.7427
500	2.0923
501	4.2151
502	0.1387
503	1.3981
504	3.0417
505	3.1732
506	0.2114
507	3.4865
508	3.3802
509	2.2699
510	2.7996
511	3.1286
512	2.4522
513	3.6472
514	2.5491
515	0.3362
516	3.4017
517	3.5419
518	3.4205
519	3.0505
520	3.6495
521	3.4125
522	2.4151
523	3.2452
524	3.1566
525	3.4689
526	1.0384
527	3.1046
528	3.5065
529	1.6198
530	3.1926
531	2.6731
532	0.9433
533	2.7911
534	3.4606
535	3.2665
536	3.2039
537	3.3676
538	1.2732
539	3.5504
540	0.9573
541	3.4629
542	1.5624
543	0.9147
544	2.1471
545	3.1519
546	1.8308
547	0.1016
548	0.5234
549	0.0487
550	1.7663
551	0.3215
552	2.7327
553	1.2601
554	3.4079
555	3.422
556	1.5128
557	3.5861
558	2.9336
559	3.1909
560	3.3975
561	3.8345
562	2.646
563	2.7937
564	1.1796
565	3.1744
566	2.2053
567	1.7867
568	3.2334
569	1.3062
570	2.6891
571	1.4166
572	3.3356
573	1.4002
574	3.9521
575	1.2452
576	3.193
577	3.1171
578	2.0454
579	2.7603
580	0.2399
581	3.4955
582	3.1389
583	0.2685
584	0.8854
585	2.7783
586	2.9602
587	1.3681
588	2.9035
589	1.514
590	3.7662
591	0.4999
592	2.7911
593	1.9939
594	0.0481
595	2.609
596	2.6912
597	0.1241
598	2.9793
599	3.3034
600	2.0136
601	0.5624
602	0.9914
603	3.7382
604	1.9483
605	4.1608
606	0.1576
607	1.3785
608	3.0351
609	3.1075
610	0.1493
611	3.4866
612	3.3933
613	2.2095
614	2.7792
615	2.9817
616	2.463
617	3.5494
618	2.2024
619	0.249
620	3.3149
621	3.4131
622	3.29
623	3.0524
624	3.4389
625	3.3242
626	2.334
627	3.185
628	2.9993
629	3.3726
630	0.9844
631	3.1617
632	3.4499
633	1.5509
634	3.1132
635	2.6804
636	1.1316
637	2.6461
638	3.7574
639	3.2741
640	3.1619
641	3.2682
642	1.1835
643	3.3356
644	0.9052
645	3.1151
646	0.9752
647	0.7273
648	2.5887
649	3.0376
650	1.715
651	0.0661
652	0.6216
653	0.049
654	1.8254
655	0.3242
656	2.4245
657	1.1198
658	3.3499
659	3.2041
660	1.5002
661	3.4922
662	2.9644
663	3.1969
664	3.4484
665	3.6584
666	2.6492
667	2.8427
668	1.3668
669	3.1694
670	2.1253
671	1.6833
672	3.0836
673	1.5069
674	2.6974
675	1.3972
676	3.1975
677	1.109
678	3.8476
679	1.5673
680	3.2484
681	3.0793
682	1.7347
683	2.8441
684	0.1589
685	3.2652
686	2.9697
687	0.3945
688	0.7055
689	2.7195
690	2.9695
691	1.4824
692	2.9274
693	1.3625
694	3.8641
695	0.2937
696	2.7765
697	1.9375
698	0.0475
699	2.4591
700	2.7065
701	0.0284
702	2.9034
703	3.2362
704	1.4856
705	0.5165
706	0.9625
707	3.6595
708	1.9271
709	4.1208
710	0.058
711	1.3167
712	3.093
713	3.1825
714	0.1699
715	3.4098
716	3.2698
717	2.2703
718	2.707
719	3.0687
720	2.3985
721	3.5254
722	1.8823
723	0.2962
724	3.3375
725	3.3732
726	3.2157
727	3.0108
728	3.4601
729	3.3896
730	2.0957
731	3.2312
732	3.0373
733	3.2537
734	0.9577
735	3.0711
736	3.5354
737	1.4555
738	2.5424
739	2.6306
740	0.9393
741	2.7257
742	3.2963
743	3.2265
744	3.0739
745	3.2511
746	0.9735
747	3.3363
748	0.9383
749	3.0175
750	1.2393
751	0.8378
752	2.2651
753	3.0807
754	1.6813
755	0.0999
756	0.4493
757	0.0796
758	1.7375
759	0.3934
760	2.6823
761	1.2542
762	3.4033
763	3.2725
764	1.3095
765	3.4244
766	2.887
767	3.0969
768	3.3826
769	3.8439
770	2.6712
771	2.7884
772	1.4522
773	3.0692
774	2.1511
775	1.6523
776	3.1071
777	1.332
778	2.5523
779	1.4151
780	3.1678
781	1.3383
782	3.8378
783	0.7511
784	3.0019
785	3.0246
786	1.7904
787	2.8542
788	0.1588
789	3.3688
790	2.8989
791	0.3146
792	0.6372
793	2.6873
794	3.0106
795	1.2465
796	2.811
797	1.3335
798	3.7549
799	0.2229
800	2.7606
801	1.8651
802	0.0464
803	2.5081
804	2.6078
805	0.0701
806	2.9277
807	3.261
808	1.3935
809	0.557
810	1.0435
811	3.537
812	1.8918
813	4.1059
814	0.0871
815	1.3928
816	3.0597
817	3.0808
818	0.1448
819	3.3495
820	3.24
821	2.1475
822	2.7541
823	3.0305
824	2.3275
825	3.5509
826	1.7785
827	0.2377
828	3.1243
829	3.4097
830	3.3365
831	2.9932
832	3.4764
833	3.2747
834	2.2116
835	3.1354
836	2.9872
837	3.2505
838	0.9519
839	3.0065
840	3.4652
841	1.4147
842	2.2572
843	2.5205
844	0.8905
845	2.6055
846	3.483
847	3.1983
848	3.0607
849	3.2089
850	0.9933
851	3.1076
852	0.9028
853	2.9444
854	0.9819
855	0.6132
856	2.1426
857	3.0099
858	1.6374
859	0.058
860	0.3635
861	0.0375
862	1.5992
863	0.3294
864	2.3587
865	1.2629
866	3.3715
867	3.0171
868	1.2652
869	3.4525
870	2.8413
871	3.1053
872	3.3363
873	3.4664
874	2.5035
875	2.8089
876	1.2673
877	2.9825
878	2.0859
879	1.6145
880	3.078
881	1.2699
882	2.6935
883	1.3575
884	3.1017
885	1.1685
886	3.786
887	1.4241
888	3.0199
889	3.0495
890	1.5521
891	2.7554
892	0.1376
893	3.3682
894	2.8416
895	0.1754
896	0.7035
897	2.6881
898	3.0019
899	1.313
900	2.8863
901	1.3484
902	3.575
903	0.192
904	2.7094
905	1.9506
906	0.0389
907	2.3472
908	2.554
909	0.0477
910	2.9333
911	3.2
912	1.4276
913	0.3703
914	0.8621
915	3.5621
916	1.8779
917	4.1068
918	0.0361
919	1.4029
920	2.9348
921	2.9982
922	0.1199
923	3.2502
924	3.2377
925	2.1445
926	2.7456
927	2.8691
928	2.2569
929	3.4939
930	1.8157
931	0.2419
932	3.2649
933	3.37
934	3.1089
935	3.004
936	3.362
937	3.2492
938	2.1287
939	3.1455
940	2.9122
941	3.2427
942	0.9041
943	3.0604
944	3.3923
945	1.18
946	2.2484
947	2.5256
948	0.9911
949	2.6259
950	3.3188
951	3.2591
952	3.0469
953	3.2127
954	1.055
955	3.1314
956	0.9075
957	2.9508
958	0.7815
959	0.8229
960	1.9803
961	3.0106
962	1.5871
963	0.055
964	0.3874
965	0.0387
966	1.6443
967	0.391
968	2.5561
969	0.9352
970	3.27
971	3.2417
972	1.3756
973	3.4492
974	2.829
975	3.1441
976	3.3944
977	3.4806
978	2.5118
979	2.7795
980	1.3809
981	2.8537
982	2.1742
983	1.671
984	2.9338
985	1.2283
986	2.5694
987	1.4749
988	3.0651
989	1.1989
990	3.826
991	0.7273
992	2.842
993	3.0799
994	1.6785
995	2.6892
996	0.2404
997	3.2951
998	2.8673
999	0.5394
1000	0.6901
1001	2.6249
1002	2.808
1003	1.32
1004	2.8387
1005	1.3343
1006	3.6329
1007	0.3277
1008	2.7323
1009	1.7879
1010	0.0234
1011	2.3937
1012	2.7564
1013	0.099
1014	2.8891
1015	3.1814
1016	1.3188
1017	0.4758
1018	0.911
1019	3.5873
1020	1.8433
1021	4.083
1022	0.076
1023	1.3738
1024	2.9555
1025	3.0226
1026	0.1622
1027	3.342
1028	3.1788
1029	1.7781
1030	2.6752
1031	2.9618
1032	2.1671
1033	3.4096
1034	1.5506
1035	0.2159
1036	2.9372
1037	3.3152
1038	3.1118
1039	2.9841
1040	3.2665
