Step	Loss(S)	Loss(T)	fwd_S	fwd_T	rev_S	rev_T
1	0.0	6.609	5.367	7.251	4.575	6.609
2	0.0	3.991	5.815	4.282	5.704	3.991
3	0.0	5.45	5.958	7.047	4.346	5.45
4	0.0	2.63	7.189	2.974	6.521	2.63
5	0.0	5.605	7.38	7.314	5.989	5.605
6	0.0	3.669	4.431	3.491	3.926	3.669
7	0.0	4.912	7.775	7.288	5.904	4.912
8	0.0	4.635	4.491	4.598	4.336	4.635
9	0.0	1.961	4.415	2.158	3.931	1.961
10	0.0	5.41	4.822	6.004	4.66	5.41
11	0.0	2.982	2.482	2.982	3.227	2.982
12	0.0	5.207	3.915	5.34	4.28	5.207
13	0.0	3.558	2.626	2.805	2.265	3.558
14	0.0	3.938	3.159	3.824	3.355	3.938
15	0.0	1.972	2.077	1.968	2.051	1.972
16	0.0	4.24	3.524	3.887	3.407	4.24
17	0.0	3.195	3.007	3.074	3.189	3.195
18	0.0	3.714	4.003	4.555	3.366	3.714
19	0.0	2.495	2.68	2.671	2.723	2.495
20	0.0	3.468	4.144	4.028	3.497	3.468
21	0.0	2.71	1.983	2.849	2.131	2.71
22	0.0	3.103	2.97	2.714	3.615	3.103
23	0.0	2.944	2.658	3.07	2.952	2.944
24	0.0	2.511	2.148	2.6	2.405	2.511
25	0.0	2.128	1.938	2.062	2.187	2.128
26	0.0	1.902	1.833	1.603	2.053	1.902
27	0.0	2.21	1.886	1.61	2.291	2.21
28	0.0	2.124	1.598	1.782	2.106	2.124
29	0.0	1.919	1.628	1.544	2.038	1.919
30	0.0	2.251	1.191	1.85	1.49	2.251
31	0.0	3.033	2.675	2.515	3.335	3.033
32	0.0	1.615	0.9497	1.338	1.055	1.615
33	0.0	1.657	1.027	1.269	1.146	1.657
34	0.0	2.19	1.252	1.889	1.497	2.19
35	0.0	2.958	2.148	2.399	2.429	2.958
36	0.0	1.56	1.779	1.388	2.246	1.56
37	0.0	1.764	2.268	1.379	2.641	1.764
38	0.0	1.998	1.754	1.764	1.888	1.998
39	0.0	1.414	1.227	1.251	1.315	1.414
40	0.0	1.415	1.194	1.337	1.355	1.415
41	0.0	2.474	1.23	2.226	1.5	2.474
42	0.0	1.076	1.058	0.9692	1.232	1.076
43	0.0	0.7937	1.834	0.7765	1.9	0.7937
44	0.0	1.706	1.381	1.405	1.63	1.706
45	0.0	0.9526	0.9	0.8736	0.9723	0.9526
46	0.0	1.096	1.22	0.9794	1.071	1.096
47	0.0	1.435	1.904	1.301	1.938	1.435
48	0.0	1.504	1.48	1.123	1.407	1.504
49	0.0	1.432	1.335	1.165	1.59	1.432
50	0.0	2.301	1.626	2.083	1.484	2.301
51	0.0	1.92	0.8223	1.846	0.8004	1.92
52	0.0	1.784	1.554	1.792	1.666	1.784
53	0.0	1.903	0.9695	1.803	0.9822	1.903
54	0.0	1.643	0.9053	1.663	0.7892	1.643
55	0.0	0.8088	1.575	0.8645	1.584	0.8088
56	0.0	0.7749	1.294	0.8702	1.16	0.7749
57	0.0	0.9683	1.269	1.084	0.9942	0.9683
58	0.0	1.382	0.8456	1.507	0.7175	1.382
59	0.0	1.14	0.8943	1.204	0.7944	1.14
60	0.0	0.775	0.8859	0.868	0.8214	0.775
61	0.0	1.753	1.897	1.967	1.696	1.753
62	0.0	1.77	1.864	1.662	1.698	1.77
63	0.0	1.74	0.9033	1.857	0.6879	1.74
64	0.0	1.505	1.985	1.488	1.731	1.505
65	0.0	0.8288	1.075	0.8162	0.9042	0.8288
66	0.0	1.492	1.743	1.368	1.661	1.492
67	0.0	0.7879	1.117	0.979	0.9229	0.7879
68	0.0	1.398	1.916	1.528	2.028	1.398
69	0.0	1.277	1.276	1.513	0.9663	1.277
70	0.0	1.202	1.014	1.165	1.135	1.202
71	0.0	1.525	1.794	1.537	1.681	1.525
72	0.0	0.725	1.057	0.8155	0.9308	0.725
73	0.0	0.776	1.446	0.8301	1.437	0.776
74	0.0	1.968	1.405	2.071	1.364	1.968
75	0.0	0.854	1.097	1.006	0.8325	0.854
76	0.0	1.337	1.466	1.506	1.189	1.337
77	0.0	0.7243	1.11	0.7686	0.9444	0.7243
78	0.0	0.6443	0.9232	0.6606	0.7565	0.6443
79	0.0	1.008	1.117	0.9492	1.048	1.008
80	0.0	1.181	1.478	1.307	1.329	1.181
81	0.0	1.617	1.538	1.837	1.488	1.617
82	0.0	1.201	0.7815	1.056	0.671	1.201
83	0.0	1.108	1.491	1.238	1.273	1.108
84	0.0	0.6948	0.6627	0.6651	0.585	0.6948
85	0.0	1.359	1.091	1.162	1.013	1.359
86	0.0	0.8776	1.177	0.9111	0.944	0.8776
87	0.0	1.071	0.8932	0.8714	0.8667	1.071
88	0.0	0.3821	0.7923	0.4141	0.7277	0.3821
89	0.0	0.8493	1.038	0.834	0.9168	0.8493
90	0.0	1.095	2.061	1.236	1.744	1.095
91	0.0	0.993	0.6604	0.9143	0.5715	0.993
92	0.0	1.066	0.8135	0.9517	0.7597	1.066
93	0.0	0.7425	0.9973	0.8135	0.8929	0.7425
94	0.0	0.9477	2.377	1.103	1.9	0.9477
95	0.0	0.5535	0.8187	0.6421	0.6883	0.5535
96	0.0	1.11	1.234	1.323	1.402	1.11
97	0.0	1.415	1.162	1.603	1.099	1.415
98	0.0	0.3737	0.5335	0.3868	0.5268	0.3737
99	0.0	0.6475	1.477	0.666	1.403	0.6475
100	0.0	0.8725	1.306	0.9112	1.295	0.8725
101	0.0	1.492	1.806	1.763	1.504	1.492
102	0.0	0.9361	0.9566	0.9607	0.8419	0.9361
103	0.0	1.408	0.9289	1.599	0.9846	1.408
104	0.0	1.418	1.656	1.416	1.742	1.418
105	0.0	0.8119	0.9216	0.8649	0.9806	0.8119
106	0.0	0.9679	0.6544	1.11	0.5817	0.9679
107	0.0	0.7761	0.62	0.7746	0.5749	0.7761
108	0.0	0.6471	0.6097	0.6812	0.5676	0.6471
109	0.0	0.6282	0.643	0.8204	0.6418	0.6282
110	0.0	1.472	0.6383	1.544	0.5545	1.472
111	0.0	0.6234	0.5247	0.6879	0.4361	0.6234
112	0.0	1.477	1.621	1.462	1.402	1.477
113	0.0	0.9136	1.039	0.8485	1.429	0.9136
114	0.0	0.595	1.034	0.6067	0.9224	0.595
115	0.0	1.736	1.237	1.796	1.02	1.736
116	0.0	0.7891	0.424	0.7236	0.4131	0.7891
117	0.0	1.829	0.7748	1.842	0.6326	1.829
118	0.0	0.74	1.123	0.7537	0.9718	0.74
119	0.0	1.954	0.7966	1.863	0.7053	1.954
120	0.0	0.5109	0.4952	0.6151	0.4847	0.5109
121	0.0	0.932	0.4429	0.9427	0.4184	0.932
122	0.0	0.5886	0.7182	0.6138	0.6455	0.5886
123	0.0	1.317	0.712	1.659	0.5826	1.317
124	0.0	0.6904	0.6211	0.7281	0.5609	0.6904
125	0.0	1.155	1.148	1.566	1.094	1.155
126	0.0	0.863	0.4274	1.07	0.4583	0.863
127	0.0	1.227	0.9508	1.586	0.7987	1.227
128	0.0	1.253	1.157	1.338	1.054	1.253
129	0.0	1.445	0.6002	1.64	0.5439	1.445
130	0.0	1.179	0.7215	1.382	0.6223	1.179
131	0.0	1.295	1.154	1.414	1.088	1.295
132	0.0	0.9498	1.031	1.108	0.9256	0.9498
133	0.0	0.3603	0.5274	0.3865	0.4298	0.3603
134	0.0	1.191	1.501	1.253	1.367	1.191
135	0.0	1.219	0.7347	1.502	0.6512	1.219
136	0.0	0.4348	0.8123	0.4458	0.8076	0.4348
137	0.0	0.8365	0.7336	0.6541	0.6771	0.8365
138	0.0	1.016	0.5418	1.315	0.4526	1.016
139	0.0	1.35	1.32	1.496	1.158	1.35
140	0.0	0.4496	0.9643	0.5047	0.9551	0.4496
141	0.0	0.8472	0.7987	0.6909	0.8776	0.8472
142	0.0	0.8265	1.939	0.8903	1.522	0.8265
143	0.0	0.6049	0.5406	0.6687	0.4976	0.6049
144	0.0	0.7693	1.126	0.8467	0.9311	0.7693
145	0.0	0.7261	0.6176	0.742	0.5854	0.7261
146	0.0	0.8228	0.4308	0.8752	0.3846	0.8228
147	0.0	1.063	1.251	1.323	1.116	1.063
148	0.0	0.8343	0.5588	0.785	0.5401	0.8343
149	0.0	0.3867	0.8026	0.4381	0.7852	0.3867
150	0.0	0.4501	0.4729	0.4069	0.4763	0.4501
151	0.0	1.555	1.239	1.755	1.142	1.555
152	0.0	0.6135	0.4325	0.6959	0.3754	0.6135
153	0.0	1.122	0.8522	1.125	0.8875	1.122
154	0.0	1.403	0.6024	1.566	0.5009	1.403
155	0.0	1.632	1.371	1.734	1.223	1.632
156	0.0	0.9589	0.6838	1.072	0.5731	0.9589
157	0.0	1.108	0.5834	1.087	0.5485	1.108
158	0.0	1.129	0.947	1.377	0.9783	1.129
159	0.0	0.6898	0.8533	0.6347	0.7709	0.6898
160	0.0	0.6195	0.5493	0.5944	0.5574	0.6195
161	0.0	0.7443	0.7071	0.7195	0.6531	0.7443
162	0.0	0.3952	0.412	0.3994	0.404	0.3952
163	0.0	0.8013	1.137	0.9193	1.074	0.8013
164	0.0	0.5532	0.6892	0.6226	0.5911	0.5532
165	0.0	2.01	1.788	2.183	1.373	2.01
166	0.0	1.485	0.9564	1.558	0.9315	1.485
167	0.0	1.375	1.107	1.551	1.083	1.375
168	0.0	0.8865	0.9009	1.088	0.7361	0.8865
169	0.0	0.7048	0.5007	0.7562	0.4837	0.7048
170	0.0	0.766	1.067	0.8263	1.005	0.766
171	0.0	0.775	0.3103	0.7427	0.3082	0.775
172	0.0	1.206	1.206	1.325	1.158	1.206
173	0.0	0.5296	0.6194	0.531	0.4844	0.5296
174	0.0	1.491	1.407	1.51	1.138	1.491
175	0.0	1.41	0.707	1.431	0.6082	1.41
176	0.0	0.5993	0.4286	0.4798	0.4265	0.5993
177	0.0	0.6577	0.7308	0.772	0.726	0.6577
178	0.0	0.9998	0.6618	1.087	0.6197	0.9998
179	0.0	0.5673	0.6244	0.6372	0.6141	0.5673
180	0.0	0.7805	1.01	0.8591	0.9047	0.7805
181	0.0	0.6337	1.021	0.6901	0.8753	0.6337
182	0.0	0.4819	0.6277	0.4382	0.6235	0.4819
183	0.0	0.4856	0.6582	0.4705	0.5801	0.4856
184	0.0	0.8816	0.7641	0.9505	0.6148	0.8816
185	0.0	1.239	1.273	1.116	1.387	1.239
186	0.0	0.4865	0.7488	0.5839	0.6645	0.4865
187	0.0	1.892	1.544	1.907	1.203	1.892
188	0.0	0.9966	0.2516	1.109	0.2309	0.9966
189	0.0	0.4317	0.6277	0.4731	0.6628	0.4317
190	0.0	0.5669	1.146	0.6568	0.959	0.5669
191	0.0	0.6787	1.119	0.6013	1.046	0.6787
192	0.0	0.5747	0.9095	0.6224	1.008	0.5747
193	0.0	0.7772	0.6011	0.7528	0.5756	0.7772
194	0.0	1.346	1.528	1.406	1.289	1.346
195	0.0	0.5734	0.6242	0.5637	0.678	0.5734
196	0.0	0.7977	1.122	0.9137	1.002	0.7977
197	0.0	0.655	0.5889	0.5757	0.5738	0.655
198	0.0	0.7644	1.061	0.8341	0.9661	0.7644
199	0.0	0.5566	0.7402	0.623	0.6528	0.5566
200	0.0	0.9049	1.172	1.101	1.0	0.9049
201	0.0	0.4446	0.6397	0.4668	0.6037	0.4446
202	0.0	0.5053	0.9202	0.6006	0.7756	0.5053
203	0.0	0.6702	0.6609	0.7553	0.5636	0.6702
204	0.0	0.8878	1.139	0.9308	1.024	0.8878
205	0.0	0.671	1.416	0.7557	1.25	0.671
206	0.0	0.5985	0.8487	0.5933	0.832	0.5985
207	0.0	1.416	1.295	1.385	1.336	1.416
208	0.0	1.617	0.4452	1.603	0.4656	1.617
209	0.0	0.6136	0.2531	0.6196	0.2953	0.6136
210	0.0	0.7831	0.6149	0.8587	0.5548	0.7831
211	0.0	0.5013	0.5516	0.4986	0.522	0.5013
212	0.0	0.8395	0.7451	0.8125	0.6393	0.8395
213	0.0	0.9813	0.6364	1.134	0.6027	0.9813
214	0.0	1.085	0.7021	1.132	0.6084	1.085
215	0.0	0.6929	0.5602	0.6564	0.5267	0.6929
216	0.0	1.59	1.195	1.584	1.147	1.59
217	0.0	0.7883	0.709	0.859	0.6141	0.7883
218	0.0	0.4092	1.007	0.4172	0.9324	0.4092
219	0.0	1.477	0.6139	1.661	0.507	1.477
220	0.0	0.4116	0.4951	0.4762	0.5472	0.4116
221	0.0	1.727	0.6026	1.779	0.4747	1.727
222	0.0	0.9457	0.9004	0.8981	0.7046	0.9457
223	0.0	1.356	0.6739	1.476	0.5654	1.356
224	0.0	0.8158	0.8734	0.7973	0.7903	0.8158
225	0.0	0.7088	0.7059	0.6156	0.5781	0.7088
226	0.0	0.5709	0.4261	0.6121	0.3911	0.5709
227	0.0	1.032	0.882	1.267	0.7964	1.032
228	0.0	0.8059	0.4227	0.7366	0.4169	0.8059
229	0.0	1.135	1.237	1.283	1.083	1.135
230	0.0	0.6833	0.5556	0.7965	0.4795	0.6833
231	0.0	0.9315	1.112	1.098	1.173	0.9315
232	0.0	1.215	1.417	1.301	1.313	1.215
233	0.0	1.399	0.825	1.657	0.6935	1.399
234	0.0	1.31	0.5536	1.411	0.4668	1.31
235	0.0	0.8005	1.239	0.878	0.9938	0.8005
236	0.0	0.7769	0.213	0.8211	0.1649	0.7769
237	0.0	0.4141	0.7281	0.4443	0.6317	0.4141
238	0.0	1.178	1.105	1.427	1.048	1.178
239	0.0	0.8111	0.8283	1.002	0.7394	0.8111
240	0.0	0.607	0.5355	0.5683	0.5458	0.607
241	0.0	0.8719	0.6507	0.7663	0.6224	0.8719
242	0.0	0.8706	0.9472	1.061	0.844	0.8706
243	0.0	1.295	0.778	1.628	0.6731	1.295
244	0.0	0.7399	1.002	0.8011	0.9712	0.7399
245	0.0	0.4591	0.6732	0.456	0.6256	0.4591
246	0.0	0.6437	1.196	0.6812	0.992	0.6437
247	0.0	0.4304	0.365	0.4224	0.4058	0.4304
248	0.0	0.7805	0.4066	0.8101	0.3436	0.7805
249	0.0	0.2325	0.3797	0.2519	0.3585	0.2325
250	0.0	0.4047	0.4553	0.5126	0.373	0.4047
251	0.0	0.9552	1.156	1.268	1.008	0.9552
252	0.0	0.4092	0.6455	0.4554	0.6367	0.4092
253	0.0	0.4968	0.1604	0.4989	0.1273	0.4968
254	0.0	0.4148	1.427	0.4348	1.038	0.4148
255	0.0	1.269	1.257	1.473	1.001	1.269
256	0.0	0.4402	0.7287	0.4948	0.6542	0.4402
257	0.0	0.8887	1.519	0.8772	1.354	0.8887
258	0.0	1.384	1.386	1.609	1.179	1.384
259	0.0	0.9752	1.248	0.977	1.14	0.9752
260	0.0	0.5241	1.029	0.6032	0.8937	0.5241
261	0.0	0.4386	0.6127	0.5091	0.5278	0.4386
262	0.0	1.057	1.274	1.174	0.9564	1.057
263	0.0	0.4484	0.677	0.5567	0.5942	0.4484
264	0.0	0.2933	0.4346	0.3315	0.3782	0.2933
265	0.0	0.5815	0.6234	0.5713	0.6582	0.5815
266	0.0	0.3906	0.8417	0.4253	0.8244	0.3906
267	0.0	1.054	0.7161	1.08	0.6821	1.054
268	0.0	0.4961	0.5464	0.5036	0.5679	0.4961
269	0.0	1.39	0.8513	1.673	0.7515	1.39
270	0.0	0.8796	1.095	0.898	0.9618	0.8796
271	0.0	0.7436	1.273	0.859	1.075	0.7436
272	0.0	1.227	0.6953	1.464	0.5828	1.227
273	0.0	0.6107	0.6089	0.5841	0.5266	0.6107
274	0.0	0.9132	1.29	0.9494	1.045	0.9132
275	0.0	0.4303	0.3966	0.4375	0.4076	0.4303
276	0.0	0.8035	1.045	0.8816	0.8871	0.8035
277	0.0	0.8462	0.6046	0.7408	0.6212	0.8462
278	0.0	1.452	1.394	1.515	1.388	1.452
279	0.0	1.262	0.3912	1.277	0.3112	1.262
280	0.0	0.4341	0.3675	0.443	0.4212	0.4341
281	0.0	0.5806	0.6199	0.5416	0.6392	0.5806
282	0.0	0.673	0.9199	0.8183	0.7945	0.673
283	0.0	0.5148	0.4888	0.5205	0.4844	0.5148
284	0.0	1.005	0.8735	1.163	0.7439	1.005
285	0.0	0.6261	0.5722	0.6131	0.538	0.6261
286	0.0	0.356	0.5247	0.3172	0.5931	0.356
287	0.0	0.6911	0.8249	0.6996	0.812	0.6911
288	0.0	1.088	0.8286	1.325	0.7112	1.088
289	0.0	1.414	1.238	1.425	1.166	1.414
290	0.0	0.3882	0.8138	0.4537	0.6181	0.3882
291	0.0	1.383	0.9051	1.402	0.8374	1.383
292	0.0	0.4261	0.4583	0.6008	0.4407	0.4261
293	0.0	0.5123	0.5228	0.5676	0.4921	0.5123
294	0.0	0.5028	0.4507	0.5785	0.4404	0.5028
295	0.0	0.4188	0.7457	0.4484	0.657	0.4188
296	0.0	0.5279	0.2724	0.5873	0.1841	0.5279
297	0.0	0.6302	0.8169	0.6718	0.7233	0.6302
298	0.0	1.058	1.478	1.218	1.18	1.058
299	0.0	0.3931	0.9458	0.3858	0.891	0.3931
300	0.0	0.6227	0.5941	0.6628	0.596	0.6227
301	0.0	0.5459	0.3518	0.4898	0.3269	0.5459
302	0.0	1.472	1.154	1.814	1.01	1.472
303	0.0	0.6749	0.8012	0.6738	0.6939	0.6749
304	0.0	0.3706	0.4485	0.387	0.3961	0.3706
305	0.0	0.5853	1.01	0.6625	0.9098	0.5853
306	0.0	0.4086	0.3052	0.5057	0.3021	0.4086
307	0.0	0.6744	0.6396	0.6691	0.5528	0.6744
308	0.0	0.5977	0.6147	0.7134	0.6136	0.5977
309	0.0	1.197	1.382	1.318	1.147	1.197
310	0.0	0.6853	0.5232	0.7192	0.4893	0.6853
311	0.0	1.363	0.8772	1.281	0.788	1.363
312	0.0	1.157	1.088	1.179	0.8721	1.157
313	0.0	0.5836	0.5504	0.7161	0.6825	0.5836
314	0.0	1.035	0.9187	1.107	0.8854	1.035
315	0.0	0.4244	0.5858	0.4391	0.5553	0.4244
316	0.0	0.4175	0.6369	0.4558	0.5092	0.4175
317	0.0	0.908	0.5593	1.278	0.5986	0.908
318	0.0	1.033	1.147	1.272	1.172	1.033
319	0.0	0.5887	0.2758	0.5201	0.3394	0.5887
320	0.0	0.892	0.7328	1.045	0.6817	0.892
321	0.0	0.4738	0.8603	0.4487	0.7315	0.4738
322	0.0	0.4359	0.351	0.4986	0.3706	0.4359
323	0.0	1.336	0.2945	1.521	0.4954	1.336
324	0.0	0.3961	0.5784	0.5195	0.4958	0.3961
325	0.0	1.999	1.243	1.633	0.9551	1.999
326	0.0	0.8399	0.7114	0.9477	0.6405	0.8399
327	0.0	1.506	0.2508	1.551	0.1403	1.506
328	0.0	0.4774	0.5805	0.5419	0.5518	0.4774
329	0.0	0.747	1.091	0.7784	0.9991	0.747
330	0.0	0.4301	0.4699	0.4918	0.3952	0.4301
331	0.0	1.292	0.4435	1.49	0.4829	1.292
332	0.0	0.6674	0.7837	0.6048	0.6858	0.6674
333	0.0	1.139	0.7927	1.447	0.7138	1.139
334	0.0	0.6556	0.7095	0.7344	0.5897	0.6556
335	0.0	1.036	0.801	1.144	0.7189	1.036
336	0.0	1.449	0.9135	1.309	0.7359	1.449
337	0.0	1.257	1.139	1.588	0.9915	1.257
338	0.0	1.175	1.4	1.285	1.267	1.175
339	0.0	0.4991	1.015	0.6257	0.9404	0.4991
340	0.0	0.8534	0.4349	0.8604	0.4127	0.8534
341	0.0	0.3222	0.41	0.3572	0.3623	0.3222
342	0.0	1.064	0.6553	1.085	0.5754	1.064
343	0.0	1.023	1.37	1.284	1.174	1.023
344	0.0	0.4653	0.5205	0.463	0.4343	0.4653
345	0.0	1.204	0.4571	0.7259	0.4249	1.204
346	0.0	1.294	1.117	1.382	0.8865	1.294
347	0.0	1.128	0.5483	1.414	0.4206	1.128
348	0.0	0.447	0.7666	0.4509	0.6901	0.447
349	0.0	0.5957	0.5271	0.6171	0.5704	0.5957
350	0.0	0.9067	1.181	0.9306	0.9648	0.9067
351	0.0	0.3913	0.4065	0.3841	0.4123	0.3913
352	0.0	0.6518	0.3635	0.6644	0.336	0.6518
353	0.0	0.4202	0.6354	0.4443	0.6318	0.4202
354	0.0	0.4246	0.4784	0.5047	0.4368	0.4246
355	0.0	1.045	0.9225	1.198	0.7803	1.045
356	0.0	0.5756	0.5155	0.57	0.4186	0.5756
357	0.0	0.3402	0.9926	0.3546	0.7562	0.3402
358	0.0	0.4909	0.3826	0.4071	0.3798	0.4909
359	0.0	1.365	1.081	1.577	0.9071	1.365
360	0.0	0.5147	0.6148	0.6197	0.5544	0.5147
361	0.0	1.045	1.472	1.127	1.318	1.045
362	0.0	1.349	1.181	1.612	0.9968	1.349
363	0.0	1.005	0.9161	1.035	0.8258	1.005
364	0.0	0.8431	0.6371	1.082	0.5227	0.8431
365	0.0	0.4388	0.3796	0.4572	0.3319	0.4388
366	0.0	1.009	0.5029	1.053	0.4309	1.009
367	0.0	0.5022	0.4812	0.5329	0.4558	0.5022
368	0.0	0.4162	0.8997	0.3943	0.7715	0.4162
369	0.0	0.6104	0.5838	0.52	0.5857	0.6104
370	0.0	0.4836	0.4335	0.4939	0.3919	0.4836
371	0.0	1.22	0.3286	1.259	0.2537	1.22
372	0.0	0.5825	0.343	0.5886	0.3637	0.5825
373	0.0	1.356	1.639	1.552	1.3	1.356
374	0.0	0.9396	0.2803	0.9039	0.4152	0.9396
375	0.0	0.6249	1.131	0.6582	0.9951	0.6249
376	0.0	1.17	1.3	1.282	1.104	1.17
377	0.0	0.3027	0.8427	0.3396	0.6399	0.3027
378	0.0	1.643	1.244	1.594	1.017	1.643
379	0.0	0.5309	0.3642	0.4731	0.3648	0.5309
380	0.0	0.7758	0.8939	0.8446	0.7653	0.7758
381	0.0	0.5968	0.5304	0.5309	0.5347	0.5968
382	0.0	0.5519	1.431	0.6111	1.207	0.5519
383	0.0	0.6393	1.003	0.7376	1.028	0.6393
384	0.0	0.3764	0.4707	0.3789	0.5133	0.3764
385	0.0	0.5298	0.5243	0.5127	0.4266	0.5298
386	0.0	0.9204	1.041	0.9076	1.104	0.9204
387	0.0	0.6397	0.8809	0.606	0.867	0.6397
388	0.0	0.8112	1.251	0.9397	0.9592	0.8112
389	0.0	0.732	0.6323	0.6867	0.577	0.732
390	0.0	0.42	0.414	0.4676	0.4141	0.42
391	0.0	0.4312	0.8078	0.4493	0.813	0.4312
392	0.0	0.915	1.245	1.249	1.016	0.915
393	0.0	0.9084	1.189	0.9678	1.18	0.9084
394	0.0	0.6209	0.4784	0.6794	0.504	0.6209
395	0.0	1.278	1.023	1.291	0.8807	1.278
396	0.0	0.3469	0.4481	0.4288	0.4225	0.3469
397	0.0	0.4875	0.7325	0.4772	0.7801	0.4875
398	0.0	0.639	0.7036	0.642	0.649	0.639
399	0.0	0.9043	0.8841	0.7478	0.9996	0.9043
400	0.0	0.5018	0.7811	0.5055	0.7908	0.5018
401	0.0	0.5402	0.6622	0.6221	0.5571	0.5402
402	0.0	0.9681	1.152	1.224	0.9049	0.9681
403	0.0	0.7451	0.3311	0.8	0.3244	0.7451
404	0.0	0.478	1.101	0.5159	0.9373	0.478
405	0.0	0.4045	0.5077	0.3707	0.5793	0.4045
406	0.0	0.9261	0.7188	1.065	0.6529	0.9261
407	0.0	0.5842	0.6146	0.6119	0.6342	0.5842
408	0.0	0.5985	0.5257	0.5534	0.5479	0.5985
409	0.0	0.6638	0.9868	0.6805	0.9368	0.6638
410	0.0	0.2854	0.4512	0.3258	0.3958	0.2854
411	0.0	0.4683	0.7405	0.4997	0.6917	0.4683
412	0.0	0.5193	0.3244	0.6492	0.3272	0.5193
413	0.0	1.346	1.222	1.617	1.134	1.346
414	0.0	0.579	0.5354	0.5451	0.5213	0.579
415	0.0	0.6084	1.319	0.7066	1.198	0.6084
416	0.0	1.045	1.131	1.202	1.033	1.045
417	0.0	0.6763	0.5049	0.7117	0.5052	0.6763
418	0.0	1.262	1.021	1.544	0.8578	1.262
419	0.0	0.5176	0.3963	0.4498	0.4442	0.5176
420	0.0	0.3965	0.4204	0.4237	0.3875	0.3965
421	0.0	0.4242	0.6341	0.3949	0.5531	0.4242
422	0.0	1.018	1.353	1.248	1.218	1.018
423	0.0	0.6254	1.048	0.538	0.799	0.6254
424	0.0	0.9385	0.7204	1.059	0.7464	0.9385
425	0.0	0.9473	0.6873	1.23	0.6589	0.9473
426	0.0	0.5424	0.4435	0.6069	0.448	0.5424
427	0.0	1.296	1.204	1.547	0.907	1.296
428	0.0	0.6531	0.7286	0.6558	0.6286	0.6531
429	0.0	1.452	1.368	1.576	1.112	1.452
430	0.0	1.106	0.993	1.306	0.8054	1.106
431	0.0	1.015	0.6683	1.209	0.5679	1.015
432	0.0	0.7431	0.8539	0.797	0.6978	0.7431
433	0.0	1.137	0.535	1.155	0.5859	1.137
434	0.0	0.5882	0.4618	0.658	0.4028	0.5882
435	0.0	0.908	1.364	1.177	1.082	0.908
436	0.0	0.7388	0.463	0.7269	0.4739	0.7388
437	0.0	1.194	1.11	1.448	0.9016	1.194
438	0.0	0.695	0.8198	0.7133	0.7057	0.695
439	0.0	1.429	0.5052	1.467	0.3971	1.429
440	0.0	1.509	1.198	1.495	1.013	1.509
441	0.0	1.122	1.15	1.414	0.9003	1.122
442	0.0	0.7269	0.9845	0.8325	0.8989	0.7269
443	0.0	0.9415	1.117	0.8689	0.9363	0.9415
444	0.0	0.6435	0.1982	0.6121	0.1104	0.6435
445	0.0	0.3544	0.2195	0.4401	0.1965	0.3544
446	0.0	0.8933	0.6951	0.974	0.6335	0.8933
447	0.0	1.248	0.6533	1.568	0.5769	1.248
448	0.0	0.3922	0.4123	0.3507	0.3668	0.3922
449	0.0	0.628	0.5247	0.5392	0.5025	0.628
450	0.0	0.5272	1.129	0.6428	0.9411	0.5272
451	0.0	0.9363	0.2784	1.026	0.2299	0.9363
452	0.0	0.6668	0.6355	0.6752	0.6112	0.6668
453	0.0	0.6947	0.4942	0.5912	0.573	0.6947
454	0.0	1.187	1.039	1.439	0.8579	1.187
455	0.0	0.5343	0.4006	0.4959	0.4222	0.5343
456	0.0	0.5998	0.4871	0.6131	0.4229	0.5998
457	0.0	0.4249	0.5117	0.4443	0.5016	0.4249
458	0.0	0.567	0.506	0.6008	0.4634	0.567
459	0.0	0.8618	1.227	0.8855	1.007	0.8618
460	0.0	0.4845	0.5571	0.5126	0.6042	0.4845
461	0.0	0.5709	0.5751	0.4879	0.5746	0.5709
462	0.0	0.4721	0.3433	0.385	0.417	0.4721
463	0.0	1.259	0.677	1.349	0.5669	1.259
464	0.0	0.3031	0.8837	0.3854	0.7756	0.3031
465	0.0	1.238	0.9265	1.208	0.8364	1.238
466	0.0	1.351	1.019	1.682	0.8469	1.351
467	0.0	0.827	0.1843	0.8617	0.1057	0.827
468	0.0	1.228	0.5985	1.622	0.5257	1.228
469	0.0	0.9886	0.5971	1.041	0.579	0.9886
470	0.0	0.8602	1.072	0.9078	0.9267	0.8602
471	0.0	0.5466	0.6277	0.5474	0.5852	0.5466
472	0.0	0.2601	0.2812	0.2771	0.2491	0.2601
473	0.0	0.9248	0.6148	0.8632	0.621	0.9248
474	0.0	0.3687	0.2862	0.4244	0.1078	0.3687
475	0.0	0.8858	0.5189	0.9432	0.4092	0.8858
476	0.0	0.6056	1.016	0.5741	0.8973	0.6056
477	0.0	1.484	1.479	1.75	1.299	1.484
478	0.0	0.7479	1.065	0.8402	0.9259	0.7479
479	0.0	1.307	0.3224	1.659	0.2493	1.307
480	0.0	0.8961	1.514	1.098	1.31	0.8961
481	0.0	0.6454	0.4515	0.6254	0.3974	0.6454
482	0.0	1.244	1.101	1.335	0.9391	1.244
483	0.0	0.4998	0.3723	0.4824	0.341	0.4998
484	0.0	1.359	0.9382	1.621	0.8812	1.359
485	0.0	0.8614	0.3595	0.784	0.4705	0.8614
486	0.0	1.164	0.9885	1.419	0.901	1.164
487	0.0	1.192	0.7279	1.247	0.409	1.192
488	0.0	0.496	0.4334	0.4674	0.4911	0.496
489	0.0	0.5298	0.5453	0.5187	0.5447	0.5298
490	0.0	0.5054	1.03	0.6288	0.7962	0.5054
491	0.0	0.3218	0.6232	0.3117	0.6098	0.3218
492	0.0	0.7316	0.5441	0.8039	0.4498	0.7316
493	0.0	0.5328	0.2984	0.5596	0.4031	0.5328
494	0.0	0.3675	0.3656	0.4054	0.4058	0.3675
495	0.0	0.5669	0.5085	0.6142	0.519	0.5669
496	0.0	1.468	0.7648	1.601	0.6493	1.468
497	0.0	1.013	0.3359	0.97	0.2132	1.013
498	0.0	0.312	0.6183	0.3479	0.5978	0.312
499	0.0	1.447	0.4819	1.345	0.4265	1.447
500	0.0	0.3943	0.3805	0.4754	0.4303	0.3943
501	0.0	0.5191	0.3005	0.4863	0.1201	0.5191
502	0.0	0.4921	0.66	0.5145	0.5958	0.4921
503	0.0	0.4525	0.3708	0.5441	0.3411	0.4525
504	0.0	0.7706	0.7034	0.8017	0.8375	0.7706
505	0.0	0.4895	0.429	0.5409	0.4114	0.4895
506	0.0	0.7559	1.426	0.9364	1.165	0.7559
507	0.0	0.6241	0.3238	0.6984	0.3374	0.6241
508	0.0	0.6357	0.4715	0.66	0.5124	0.6357
509	0.0	0.6594	0.414	0.5591	0.4461	0.6594
510	0.0	0.8195	0.5077	1.016	0.3535	0.8195
511	0.0	0.529	0.5809	0.509	0.5453	0.529
512	0.0	0.6965	0.5615	0.8263	0.5034	0.6965
513	0.0	1.049	0.6791	1.11	0.6616	1.049
514	0.0	0.3434	0.8626	0.3663	0.7496	0.3434
515	0.0	0.8082	0.8903	0.8686	0.7423	0.8082
516	0.0	0.3948	1.216	0.4409	1.192	0.3948
517	0.0	1.008	0.667	1.174	0.5579	1.008
518	0.0	0.6167	0.7816	0.5097	0.7458	0.6167
519	0.0	0.9462	1.228	0.9818	1.04	0.9462
520	0.0	1.649	0.878	1.672	0.7102	1.649
521	0.0	0.6338	0.7899	0.6483	0.6467	0.6338
522	0.0	0.6188	0.575	0.6801	0.5314	0.6188
523	0.0	0.4182	0.4043	0.4565	0.3764	0.4182
524	0.0	0.3893	0.5463	0.4482	0.4986	0.3893
525	0.0	0.5162	0.5053	0.4849	0.468	0.5162
526	0.0	0.9734	0.7048	1.085	0.6691	0.9734
527	0.0	0.5116	0.3838	0.4405	0.3831	0.5116
528	0.0	1.016	1.171	1.309	0.9694	1.016
529	0.0	0.9216	0.2424	0.9042	0.1709	0.9216
530	0.0	0.4843	0.4293	0.534	0.275	0.4843
531	0.0	1.024	1.223	1.158	1.078	1.024
532	0.0	0.4877	0.8944	0.4866	0.9824	0.4877
533	0.0	1.231	0.3706	1.474	0.2596	1.231
534	0.0	0.8781	0.6941	0.91	0.5996	0.8781
535	0.0	1.531	0.9236	1.631	0.8312	1.531
536	0.0	0.5599	0.8687	0.5806	0.8575	0.5599
537	0.0	0.666	0.497	0.6938	0.3975	0.666
538	0.0	0.3907	0.3396	0.4728	0.3434	0.3907
539	0.0	0.8606	0.8388	0.9344	0.6539	0.8606
540	0.0	0.5509	0.5003	0.5031	0.4931	0.5509
541	0.0	0.7209	0.9965	0.8695	0.8405	0.7209
542	0.0	0.3551	0.2346	0.3979	0.176	0.3551
543	0.0	1.193	0.3132	1.456	0.2975	1.193
544	0.0	1.162	1.052	1.46	0.9294	1.162
545	0.0	1.258	0.7968	1.603	0.7006	1.258
546	0.0	0.9715	0.9412	1.007	0.8062	0.9715
547	0.0	0.7862	0.8604	0.7844	0.8385	0.7862
548	0.0	0.5136	0.5997	0.5411	0.5487	0.5136
549	0.0	0.313	0.6826	0.3423	0.6325	0.313
550	0.0	1.005	1.384	1.094	1.14	1.005
551	0.0	1.075	1.072	1.278	0.926	1.075
552	0.0	0.4575	0.4688	0.5153	0.4747	0.4575
553	0.0	0.7084	0.4531	0.5815	0.409	0.7084
554	0.0	0.494	0.7847	0.5722	0.7183	0.494
555	0.0	0.9463	0.5191	1.173	0.4527	0.9463
556	0.0	0.6856	0.3755	0.7365	0.3195	0.6856
557	0.0	0.5402	0.2839	0.5001	0.27	0.5402
558	0.0	0.9475	0.6316	1.057	0.5495	0.9475
559	0.0	0.541	0.6275	0.4915	0.5191	0.541
560	0.0	0.4248	0.4379	0.4194	0.4751	0.4248
561	0.0	0.5992	0.3315	0.7139	0.2163	0.5992
562	0.0	0.7716	0.5336	0.7449	0.5565	0.7716
563	0.0	1.026	0.602	1.164	0.4823	1.026
564	0.0	0.348	0.4962	0.3377	0.5284	0.348
565	0.0	0.3555	0.5315	0.3063	0.501	0.3555
566	0.0	0.3459	0.4043	0.3113	0.3549	0.3459
567	0.0	1.03	0.8782	1.069	0.7026	1.03
568	0.0	0.3587	0.6838	0.4427	0.6134	0.3587
569	0.0	0.9607	0.8536	1.027	0.8232	0.9607
570	0.0	0.7026	0.8367	0.7586	0.7255	0.7026
571	0.0	0.8441	0.4682	0.8734	0.5022	0.8441
572	0.0	0.8632	0.5007	1.058	0.406	0.8632
573	0.0	0.8855	0.9443	0.9366	0.9618	0.8855
574	0.0	0.9546	0.4609	1.177	0.4109	0.9546
575	0.0	0.4384	0.8394	0.4746	0.7362	0.4384
576	0.0	0.4865	0.9388	0.5239	0.8465	0.4865
577	0.0	0.4088	0.7667	0.3664	0.8059	0.4088
578	0.0	0.3328	0.2514	0.3632	0.1408	0.3328
579	0.0	0.8855	0.2472	0.9978	0.1359	0.8855
580	0.0	0.6581	0.4582	0.6372	0.3775	0.6581
581	0.0	1.081	0.832	1.384	0.9211	1.081
582	0.0	0.8787	0.2682	1.102	0.1833	0.8787
583	0.0	1.099	0.3405	1.189	0.34	1.099
584	0.0	1.126	1.014	1.37	0.8262	1.126
585	0.0	0.3476	0.4249	0.406	0.4561	0.3476
586	0.0	1.154	0.8169	1.142	0.7823	1.154
587	0.0	0.3887	0.3807	0.3713	0.4684	0.3887
588	0.0	0.7343	0.4735	0.7781	0.3641	0.7343
589	0.0	0.6784	0.761	0.5691	0.6402	0.6784
590	0.0	0.791	0.9893	0.8493	0.9179	0.791
591	0.0	1.311	1.208	1.442	1.072	1.311
592	0.0	0.4733	0.4029	0.4624	0.42	0.4733
593	0.0	0.5462	0.6975	0.5957	0.6839	0.5462
594	0.0	1.166	0.8418	1.208	0.7692	1.166
595	0.0	0.4139	0.4587	0.424	0.4815	0.4139
596	0.0	0.9224	0.7332	1.095	0.6686	0.9224
597	0.0	0.8072	0.4772	0.8501	0.4029	0.8072
598	0.0	0.3409	0.3936	0.3685	0.3523	0.3409
599	0.0	0.4305	0.7206	0.4154	0.6288	0.4305
600	0.0	0.8488	0.6793	0.9422	0.6127	0.8488
601	0.0	0.9846	0.2755	1.038	0.1726	0.9846
602	0.0	0.5565	0.5926	0.5869	0.5091	0.5565
603	0.0	1.39	1.206	1.317	1.109	1.39
604	0.0	0.4009	0.397	0.4566	0.4323	0.4009
605	0.0	0.3415	0.5904	0.377	0.6663	0.3415
606	0.0	0.4515	2.699	0.5122	1.293	0.4515
607	0.0	0.728	0.5656	0.8303	0.5409	0.728
608	0.0	0.4208	0.9264	0.5108	0.8516	0.4208
609	0.0	0.6596	0.6666	0.7553	0.5591	0.6596
610	0.0	1.063	0.6645	0.7724	0.63	1.063
611	0.0	0.4506	0.6663	0.4924	0.5751	0.4506
612	0.0	0.8351	0.7934	0.8351	0.7494	0.8351
613	0.0	0.5032	0.5825	0.4016	0.622	0.5032
614	0.0	0.6693	0.3809	0.7146	0.4195	0.6693
615	0.0	0.3757	0.5107	0.4023	0.4662	0.3757
616	0.0	0.4816	0.6588	0.5063	0.5578	0.4816
617	0.0	0.3806	0.6367	0.4036	0.6271	0.3806
618	0.0	0.5848	0.8408	0.6087	0.752	0.5848
619	0.0	0.5677	0.8412	0.5835	0.7642	0.5677
620	0.0	0.9002	0.9615	0.9382	0.9156	0.9002
621	0.0	0.6523	0.8298	0.7833	0.7157	0.6523
622	0.0	0.5739	0.5445	0.5455	0.6226	0.5739
623	0.0	1.246	0.7634	1.513	0.644	1.246
624	0.0	1.284	1.279	1.345	1.141	1.284
625	0.0	0.7369	0.231	0.7437	0.181	0.7369
626	0.0	0.5508	0.6949	0.674	0.6588	0.5508
627	0.0	0.5225	0.6104	0.5039	0.6351	0.5225
628	0.0	0.5345	0.6083	0.5618	0.5337	0.5345
629	0.0	0.4605	0.5163	0.4644	0.5673	0.4605
630	0.0	1.038	0.4975	1.184	0.4732	1.038
631	0.0	0.627	0.4892	0.6138	0.5655	0.627
632	0.0	0.8769	0.4413	1.101	0.3958	0.8769
633	0.0	0.6611	0.2918	0.8526	0.3035	0.6611
634	0.0	0.5562	0.7334	0.5588	0.6868	0.5562
635	0.0	1.239	1.071	1.485	0.8814	1.239
636	0.0	0.4091	0.7613	0.4278	0.6408	0.4091
637	0.0	1.962	0.5812	1.947	0.4526	1.962
638	0.0	1.06	0.6427	1.119	0.5966	1.06
639	0.0	1.479	1.236	1.466	1.002	1.479
640	0.0	0.4407	0.2615	0.4508	0.3903	0.4407
641	0.0	0.4443	0.4631	0.514	0.4659	0.4443
642	0.0	0.5381	0.4296	0.5755	0.3771	0.5381
643	0.0	1.001	0.5165	1.113	0.4695	1.001
644	0.0	0.4535	0.4291	0.4551	0.4376	0.4535
645	0.0	1.137	0.9194	1.315	0.7872	1.137
646	0.0	0.6203	0.6566	0.6733	0.6054	0.6203
647	0.0	0.8446	1.169	0.9254	0.8708	0.8446
648	0.0	1.002	1.027	1.08	0.929	1.002
649	0.0	0.89	0.5399	0.9754	0.5162	0.89
650	0.0	0.9721	1.274	1.118	1.146	0.9721
651	0.0	0.623	0.7113	0.6071	0.6107	0.623
652	0.0	0.5654	0.5074	0.5026	0.5271	0.5654
653	0.0	0.2791	0.5558	0.2899	0.5869	0.2791
654	0.0	1.163	1.109	1.2	0.9474	1.163
655	0.0	0.846	0.8874	0.998	0.7858	0.846
656	0.0	0.5543	0.5856	0.5229	0.464	0.5543
657	0.0	1.038	0.4516	0.9074	0.2976	1.038
658	0.0	1.053	1.133	1.307	0.8471	1.053
659	0.0	1.113	0.5312	1.34	0.461	1.113
660	0.0	0.3824	0.4605	0.4222	0.4149	0.3824
661	0.0	0.6776	0.7678	0.8262	0.7527	0.6776
662	0.0	1.105	1.143	1.224	0.9894	1.105
663	0.0	0.4347	0.2078	0.3974	0.116	0.4347
664	0.0	0.5865	0.4484	0.5936	0.4388	0.5865
665	0.0	0.4976	0.5286	0.4997	0.5112	0.4976
666	0.0	0.4725	0.6933	0.4828	0.5876	0.4725
667	0.0	0.8687	0.7001	0.9387	0.6629	0.8687
668	0.0	0.523	0.5059	0.5104	0.4568	0.523
669	0.0	0.3268	0.802	0.3381	0.8488	0.3268
670	0.0	0.3518	0.3246	0.3177	0.301	0.3518
671	0.0	1.082	1.106	1.149	1.073	1.082
672	0.0	0.386	0.8073	0.4366	0.7475	0.386
673	0.0	0.7752	0.872	0.9281	0.7883	0.7752
674	0.0	1.607	1.028	1.605	0.8969	1.607
675	0.0	1.223	0.8458	1.13	0.8189	1.223
676	0.0	0.9511	1.311	1.176	1.175	0.9511
677	0.0	0.3388	1.215	0.4054	1.015	0.3388
678	0.0	0.7496	0.5563	0.7911	0.4745	0.7496
679	0.0	0.8463	0.5116	0.8037	0.4819	0.8463
680	0.0	0.2672	0.388	0.324	0.3902	0.2672
681	0.0	0.7242	0.4442	0.6709	0.3869	0.7242
682	0.0	0.4021	0.3737	0.3563	0.1919	0.4021
683	0.0	0.7585	0.4652	0.8591	0.3353	0.7585
684	0.0	0.4831	0.4965	0.4986	0.505	0.4831
685	0.0	1.509	1.035	1.95	0.818	1.509
686	0.0	0.795	0.7285	0.8082	0.7088	0.795
687	0.0	0.9733	0.4692	1.103	0.4379	0.9733
688	0.0	1.046	1.583	1.214	1.29	1.046
689	0.0	0.4062	0.6419	0.4834	0.5414	0.4062
690	0.0	1.006	0.5712	1.057	0.511	1.006
691	0.0	0.4392	0.4575	0.3865	0.4128	0.4392
692	0.0	0.8478	0.8217	0.8705	0.6635	0.8478
693	0.0	0.504	0.519	0.4415	0.5688	0.504
694	0.0	0.5735	0.3751	0.6197	0.3326	0.5735
695	0.0	1.02	0.9686	1.19	0.9271	1.02
696	0.0	0.3051	0.4436	0.3075	0.5001	0.3051
697	0.0	0.5445	0.2252	0.5524	0.1749	0.5445
698	0.0	0.4728	1.324	0.5401	1.127	0.4728
699	0.0	0.6048	0.6345	0.5255	0.4639	0.6048
700	0.0	0.824	0.8989	0.8854	0.8307	0.824
701	0.0	0.7843	0.4743	0.8658	0.4224	0.7843
702	0.0	0.3462	0.4056	0.3242	0.4594	0.3462
703	0.0	0.4287	0.4254	0.43	0.3652	0.4287
704	0.0	1.224	0.8126	1.557	0.7033	1.224
705	0.0	1.017	0.5471	1.023	0.2079	1.017
706	0.0	0.8164	0.6663	0.7476	0.6573	0.8164
707	0.0	0.6101	0.8498	0.6581	0.7984	0.6101
708	0.0	0.4628	0.6317	0.5236	0.2675	0.4628
709	0.0	0.4676	0.4543	0.4791	0.4211	0.4676
710	0.0	0.5778	0.7234	0.5969	0.6868	0.5778
711	0.0	0.6465	0.3145	0.6765	0.3071	0.6465
712	0.0	0.5187	0.5718	0.7367	0.5187	0.5187
713	0.0	0.462	0.4663	0.5328	0.451	0.462
714	0.0	1.117	0.9641	1.211	0.9596	1.117
715	0.0	0.7589	0.2728	0.7679	0.2701	0.7589
716	0.0	0.533	0.231	0.5598	0.1505	0.533
717	0.0	0.5347	0.7115	0.5034	0.5618	0.5347
718	0.0	1.432	1.129	1.703	0.9458	1.432
719	0.0	0.6059	0.7024	0.6342	0.6318	0.6059
720	0.0	0.5945	0.3533	0.6473	0.2041	0.5945
721	0.0	0.5524	0.98	0.5885	0.8038	0.5524
722	0.0	0.7697	0.5687	0.8148	0.5379	0.7697
723	0.0	0.5433	0.3183	0.5778	0.3017	0.5433
724	0.0	0.5679	1.243	0.6023	1.167	0.5679
725	0.0	0.9407	1.296	1.196	0.9996	0.9407
726	0.0	0.4584	0.5489	0.3919	0.437	0.4584
727	0.0	1.088	0.9925	1.048	0.8554	1.088
728	0.0	1.163	0.3129	1.202	0.2984	1.163
729	0.0	0.4658	0.7527	0.4577	0.6864	0.4658
730	0.0	0.8951	0.5349	0.9035	0.4636	0.8951
731	0.0	0.5546	0.4017	0.6014	0.368	0.5546
732	0.0	0.5313	0.7192	0.5856	0.7038	0.5313
733	0.0	0.4775	0.3892	0.4621	0.3945	0.4775
734	0.0	0.6743	0.7082	0.7914	0.6737	0.6743
735	0.0	0.4376	1.547	0.3966	1.31	0.4376
736	0.0	1.165	0.9509	1.179	0.922	1.165
737	0.0	0.7764	0.145	0.9043	0.1849	0.7764
738	0.0	0.3102	0.5065	0.331	0.4825	0.3102
739	0.0	0.7875	1.004	0.9448	1.012	0.7875
740	0.0	0.3439	0.576	0.3878	0.4909	0.3439
741	0.0	1.42	1.048	1.689	0.9011	1.42
742	0.0	0.7906	0.8701	0.9385	0.7355	0.7906
743	0.0	0.933	0.4006	1.061	0.3084	0.933
744	0.0	0.6762	0.4243	0.8414	0.39	0.6762
745	0.0	0.4818	0.5316	0.5264	0.4705	0.4818
746	0.0	0.425	0.4707	0.4713	0.4043	0.425
747	0.0	1.202	0.8028	1.579	0.6474	1.202
748	0.0	0.5397	0.6798	0.4903	0.5972	0.5397
749	0.0	0.7566	1.118	0.9094	0.9184	0.7566
750	0.0	0.5977	0.6121	0.6567	0.517	0.5977
751	0.0	0.9765	0.3137	1.052	0.2997	0.9765
752	0.0	1.131	0.778	1.324	0.7246	1.131
753	0.0	1.082	0.6278	1.349	0.5697	1.082
754	0.0	1.155	0.8934	1.244	0.8049	1.155
755	0.0	0.5515	0.9495	0.5403	0.7604	0.5515
756	0.0	0.7098	0.341	0.6732	0.1906	0.7098
757	0.0	0.2572	0.7835	0.2855	0.8744	0.2572
758	0.0	1.031	1.066	1.009	1.037	1.031
759	0.0	0.4303	1.787	0.4828	1.568	0.4303
760	0.0	0.5184	0.4861	0.5009	0.5163	0.5184
761	0.0	0.5934	0.5664	0.6415	0.4053	0.5934
762	0.0	1.123	1.229	1.39	1.015	1.123
763	0.0	1.202	1.461	1.412	1.195	1.202
764	0.0	0.4168	0.5907	0.425	0.5328	0.4168
765	0.0	0.4924	0.8107	0.4927	0.7497	0.4924
766	0.0	1.37	1.103	1.72	0.9657	1.37
767	0.0	0.6497	0.4834	0.5434	0.5827	0.6497
768	0.0	0.5924	0.2969	0.6342	0.3063	0.5924
769	0.0	0.3468	0.4446	0.3381	0.4276	0.3468
770	0.0	0.5736	0.4449	0.5815	0.3951	0.5736
771	0.0	0.8737	1.655	1.092	1.351	0.8737
772	0.0	0.548	0.5856	0.5503	0.5638	0.548
773	0.0	0.3268	0.6478	0.3674	0.6222	0.3268
774	0.0	0.4211	0.3611	0.3764	0.3376	0.4211
775	0.0	1.223	1.154	1.265	0.958	1.223
776	0.0	0.3399	0.5867	0.445	0.5122	0.3399
777	0.0	0.8811	0.8802	0.8918	0.8033	0.8811
778	0.0	1.055	0.5699	1.317	0.5876	1.055
779	0.0	0.8803	0.175	0.899	0.1052	0.8803
780	0.0	0.6929	0.5932	0.8158	0.5743	0.6929
781	0.0	0.6207	1.146	0.7317	1.011	0.6207
782	0.0	0.9772	1.219	1.052	0.9359	0.9772
783	0.0	0.5913	0.6061	0.6506	0.4842	0.5913
784	0.0	0.2464	1.027	0.2188	0.855	0.2464
785	0.0	0.5916	0.5997	0.5377	0.7051	0.5916
786	0.0	0.291	0.3708	0.3209	0.3213	0.291
787	0.0	0.5261	0.6824	0.6248	0.6957	0.5261
788	0.0	0.4657	0.5277	0.469	0.5198	0.4657
789	0.0	1.319	1.213	1.534	0.9199	1.319
790	0.0	1.268	0.1933	1.518	0.1788	1.268
791	0.0	1.095	1.022	1.137	0.8191	1.095
792	0.0	0.6977	1.298	0.7848	1.011	0.6977
793	0.0	0.2985	0.4171	0.2878	0.3587	0.2985
794	0.0	0.8144	1.243	0.9916	1.292	0.8144
795	0.0	0.3781	0.3012	0.3423	0.3026	0.3781
796	0.0	1.013	0.497	1.052	0.3939	1.013
797	0.0	0.6469	0.4964	0.6509	0.4784	0.6469
798	0.0	0.9503	0.5724	1.062	0.5268	0.9503
799	0.0	0.9427	0.9633	1.018	0.8375	0.9427
800	0.0	0.4565	0.4016	0.4131	0.4144	0.4565
801	0.0	0.5351	0.4627	0.591	0.4881	0.5351
802	0.0	1.143	0.7242	1.137	0.6647	1.143
803	0.0	0.4793	0.5584	0.4629	0.5265	0.4793
804	0.0	0.6075	0.7026	0.6782	0.6498	0.6075
805	0.0	0.5779	0.6389	0.6204	0.4978	0.5779
806	0.0	0.3338	0.4111	0.37	0.423	0.3338
807	0.0	0.4803	0.6307	0.5212	0.6703	0.4803
808	0.0	1.015	0.8265	1.282	0.7297	1.015
809	0.0	0.993	0.2887	1.022	0.2834	0.993
810	0.0	0.4597	0.4935	0.3977	0.485	0.4597
811	0.0	1.084	1.083	1.155	1.088	1.084
812	0.0	0.3078	0.3278	0.3535	0.3323	0.3078
813	0.0	0.4129	0.246	0.4191	0.2189	0.4129
814	0.0	0.8752	0.6121	0.892	0.5101	0.8752
815	0.0	0.4267	0.4504	0.3788	0.4244	0.4267
816	0.0	0.5598	0.4416	0.6474	0.4504	0.5598
817	0.0	0.7397	0.5931	0.8067	0.558	0.7397
818	0.0	1.056	1.439	1.324	1.203	1.056
819	0.0	0.6941	0.307	0.5513	0.2743	0.6941
820	0.0	0.7441	0.7159	0.8155	0.677	0.7441
821	0.0	0.8963	0.3624	0.9765	0.4404	0.8963
822	0.0	0.764	0.6454	0.9626	0.5694	0.764
823	0.0	0.5254	0.4806	0.6197	0.4791	0.5254
824	0.0	0.7493	0.6787	0.7647	0.6195	0.7493
825	0.0	0.7742	1.003	0.7717	0.9796	0.7742
826	0.0	0.7011	0.1371	0.7255	0.1296	0.7011
827	0.0	0.5394	0.6814	0.6286	0.5892	0.5394
828	0.0	0.552	0.5499	0.6	0.5878	0.552
829	0.0	0.7791	1.03	0.8828	0.9043	0.7791
830	0.0	0.5621	0.5585	0.535	0.5165	0.5621
831	0.0	1.092	0.6054	1.116	0.5365	1.092
832	0.0	1.13	0.2974	1.162	0.2604	1.13
833	0.0	0.6909	0.5087	0.7979	0.4987	0.6909
834	0.0	1.071	0.5466	1.017	0.5297	1.071
835	0.0	0.428	0.4245	0.4804	0.4474	0.428
836	0.0	0.5947	0.627	0.631	0.5942	0.5947
837	0.0	0.7273	0.4154	0.7241	0.4342	0.7273
838	0.0	1.005	0.8911	1.337	0.7845	1.005
839	0.0	0.3912	0.4588	0.372	0.5117	0.3912
840	0.0	1.164	1.05	1.192	0.9613	1.164
841	0.0	0.7941	0.7028	0.941	0.5549	0.7941
842	0.0	0.2588	0.4854	0.2307	0.4587	0.2588
843	0.0	1.095	0.7669	1.485	0.6129	1.095
844	0.0	0.3996	0.49	0.4507	0.4715	0.3996
845	0.0	1.429	1.406	1.437	1.082	1.429
846	0.0	0.7578	0.6396	1.091	0.561	0.7578
847	0.0	1.208	0.2622	1.366	0.202	1.208
848	0.0	0.3946	0.5099	0.4302	0.4849	0.3946
849	0.0	0.7165	0.6405	0.7417	0.5584	0.7165
850	0.0	0.3799	0.3993	0.3954	0.3645	0.3799
851	0.0	1.087	1.023	1.254	0.8774	1.087
852	0.0	0.6336	0.3494	0.5204	0.4035	0.6336
853	0.0	1.073	1.082	1.21	0.8452	1.073
854	0.0	0.575	0.9773	0.5923	0.8104	0.575
855	0.0	0.7591	0.3197	0.9172	0.1684	0.7591
856	0.0	1.068	0.6937	1.17	0.6448	1.068
857	0.0	0.7838	1.146	0.8182	0.8879	0.7838
858	0.0	0.5973	0.5411	0.6371	0.512	0.5973
859	0.0	0.7174	0.2792	0.7458	0.1575	0.7174
860	0.0	0.5905	0.4716	0.5683	0.4456	0.5905
861	0.0	0.2403	0.8398	0.284	0.7323	0.2403
862	0.0	0.6987	0.9818	0.8378	0.8827	0.6987
863	0.0	0.6755	1.2	0.8285	1.05	0.6755
864	0.0	0.5743	0.272	0.485	0.1776	0.5743
865	0.0	0.48	0.4088	0.4742	0.3775	0.48
866	0.0	0.8516	0.8207	1.061	0.8573	0.8516
867	0.0	1.251	0.9954	1.446	0.8191	1.251
868	0.0	0.4034	0.5918	0.4384	0.6002	0.4034
869	0.0	0.3638	0.6277	0.3264	0.6075	0.3638
870	0.0	0.8614	1.438	1.093	1.253	0.8614
871	0.0	0.3995	0.4324	0.3709	0.4341	0.3995
872	0.0	0.7597	0.4598	0.7845	0.4708	0.7597
873	0.0	0.3317	0.6434	0.3186	0.5669	0.3317
874	0.0	0.5703	0.6719	0.5713	0.6055	0.5703
875	0.0	0.9371	1.449	1.08	1.174	0.9371
876	0.0	0.5482	0.4929	0.5807	0.5225	0.5482
877	0.0	0.4196	0.5203	0.4591	0.4735	0.4196
878	0.0	0.3568	0.5042	0.3538	0.5332	0.3568
879	0.0	0.9738	1.4	1.18	1.17	0.9738
880	0.0	0.4034	0.3621	0.5339	0.4148	0.4034
881	0.0	0.6984	0.8466	0.7841	0.8112	0.6984
882	0.0	1.018	0.9421	1.166	0.8164	1.018
883	0.0	0.6759	0.6042	0.7606	0.5257	0.6759
884	0.0	0.9497	0.8195	1.167	0.6925	0.9497
885	0.0	1.109	1.003	1.377	0.9271	1.109
886	0.0	0.8369	1.047	1.055	0.8894	0.8369
887	0.0	0.8818	0.6068	1.103	0.5282	0.8818
888	0.0	0.508	0.5649	0.4306	0.5076	0.508
889	0.0	0.6014	0.4643	0.5452	0.5725	0.6014
890	0.0	0.5155	0.6363	0.511	0.5057	0.5155
891	0.0	0.6639	0.5674	0.7203	0.5054	0.6639
892	0.0	0.3903	0.4922	0.4028	0.4893	0.3903
893	0.0	0.902	1.183	1.094	1.009	0.902
894	0.0	1.363	1.159	1.72	1.001	1.363
895	0.0	0.5954	0.8234	0.6884	0.7147	0.5954
896	0.0	0.7307	0.6768	0.9306	0.5729	0.7307
897	0.0	0.4869	0.6257	0.5889	0.5853	0.4869
898	0.0	1.253	0.5823	1.462	0.5009	1.253
899	0.0	0.3856	0.539	0.3621	0.4631	0.3856
900	0.0	0.9268	0.8788	1.095	0.8649	0.9268
901	0.0	0.4875	0.6046	0.481	0.4976	0.4875
902	0.0	1.406	0.823	1.848	0.7479	1.406
903	0.0	1.118	0.6518	1.312	0.5942	1.118
904	0.0	0.5316	0.4843	0.5072	0.5696	0.5316
905	0.0	0.5954	1.258	0.5824	1.162	0.5954
906	0.0	0.9699	0.6454	1.087	0.6792	0.9699
907	0.0	0.3593	0.4163	0.4037	0.4129	0.3593
908	0.0	0.8717	1.087	1.031	1.001	0.8717
909	0.0	0.5173	0.5767	0.5606	0.4625	0.5173
910	0.0	0.3688	0.4005	0.4126	0.4123	0.3688
911	0.0	0.4059	0.2855	0.3811	0.2768	0.4059
912	0.0	1.017	1.11	1.129	0.9299	1.017
913	0.0	1.094	0.8133	1.042	0.8601	1.094
914	0.0	0.3458	0.7586	0.3551	0.7755	0.3458
915	0.0	1.179	1.171	1.338	1.052	1.179
916	0.0	0.4724	0.2142	0.4795	0.1486	0.4724
917	0.0	0.7427	0.3531	0.6808	0.3415	0.7427
918	0.0	0.4609	0.8976	0.5697	0.7159	0.4609
919	0.0	0.3763	0.4681	0.44	0.478	0.3763
920	0.0	0.6079	0.3416	0.5932	0.2846	0.6079
921	0.0	0.5573	0.6241	0.578	0.5275	0.5573
922	0.0	0.8527	1.228	1.107	0.9564	0.8527
923	0.0	0.4087	0.3513	0.4905	0.2799	0.4087
924	0.0	0.8959	0.41	0.9311	0.4347	0.8959
925	0.0	0.5206	0.1671	0.4209	0.1063	0.5206
926	0.0	1.026	0.9687	1.218	0.8033	1.026
927	0.0	0.6248	0.5574	0.5904	0.5006	0.6248
928	0.0	0.7102	0.6808	0.8438	0.8247	0.7102
929	0.0	0.6855	0.6937	0.6817	0.6234	0.6855
930	0.0	0.5469	0.3556	0.549	0.3588	0.5469
931	0.0	0.6608	0.4095	0.7221	0.385	0.6608
932	0.0	0.6545	0.9418	0.7532	0.8187	0.6545
933	0.0	0.9497	1.417	1.126	1.291	0.9497
934	0.0	0.4704	0.5803	0.3907	0.5848	0.4704
935	0.0	0.715	1.437	0.7755	1.225	0.715
936	0.0	0.73	0.7007	0.9063	0.5979	0.73
937	0.0	0.609	0.2652	0.6359	0.1911	0.609
938	0.0	0.8399	0.6535	0.842	0.6863	0.8399
939	0.0	0.4372	0.3992	0.4147	0.3936	0.4372
940	0.0	0.5371	0.8557	0.568	0.7999	0.5371
941	0.0	0.6952	0.3339	0.6274	0.364	0.6952
942	0.0	0.7273	1.034	0.9182	0.904	0.7273
943	0.0	0.3477	0.3308	0.311	0.4077	0.3477
944	0.0	0.8461	1.429	1.106	1.155	0.8461
945	0.0	0.8106	0.5803	1.003	0.5914	0.8106
946	0.0	0.3792	0.928	0.3498	0.8126	0.3792
947	0.0	1.316	0.9611	1.529	0.8186	1.316
948	0.0	0.3564	0.9104	0.4057	0.7321	0.3564
949	0.0	0.8605	0.4873	1.013	0.2578	0.8605
950	0.0	0.5971	0.8706	0.7962	0.7755	0.5971
951	0.0	0.8134	0.8659	0.9478	0.9109	0.8134
952	0.0	0.4285	0.786	0.4248	0.6749	0.4285
953	0.0	0.5275	0.284	0.5863	0.264	0.5275
954	0.0	0.431	0.4167	0.4931	0.4323	0.431
955	0.0	0.9329	0.208	1.206	0.1964	0.9329
956	0.0	0.5406	0.4916	0.554	0.4434	0.5406
957	0.0	0.5786	0.3811	0.8052	0.2383	0.5786
958	0.0	0.4987	0.6486	0.5734	0.6867	0.4987
959	0.0	1.276	1.272	1.628	1.112	1.276
960	0.0	0.821	0.9258	0.7643	0.8839	0.821
961	0.0	1.014	1.083	1.177	0.9075	1.014
962	0.0	0.96	0.5593	1.038	0.4479	0.96
963	0.0	0.644	0.7589	0.6688	0.6769	0.644
964	0.0	0.5014	0.7063	0.4804	0.6424	0.5014
965	0.0	0.2476	0.436	0.2878	0.447	0.2476
966	0.0	0.928	0.8667	0.9924	0.8171	0.928
967	0.0	0.8986	1.324	0.9662	1.082	0.8986
968	0.0	0.2975	0.8229	0.3631	0.676	0.2975
969	0.0	0.7246	0.4775	0.6048	0.4783	0.7246
970	0.0	0.8879	1.212	1.187	1.035	0.8879
971	0.0	1.036	0.8681	1.167	0.7455	1.036
972	0.0	0.416	0.5138	0.4702	0.4535	0.416
973	0.0	0.3442	0.6798	0.3783	0.6845	0.3442
974	0.0	0.7747	1.36	0.8515	1.152	0.7747
975	0.0	0.4849	0.3379	0.4641	0.3265	0.4849
976	0.0	0.6056	0.5335	0.5949	0.4617	0.6056
977	0.0	0.4425	0.6261	0.4578	0.6487	0.4425
978	0.0	0.701	0.4269	0.7472	0.4249	0.701
979	0.0	0.8483	1.365	1.1	1.073	0.8483
980	0.0	0.4959	0.5503	0.49	0.6078	0.4959
981	0.0	0.4	0.2896	0.4489	0.2491	0.4
982	0.0	0.3444	0.3479	0.29	0.4308	0.3444
983	0.0	0.943	1.204	1.228	1.045	0.943
984	0.0	0.3923	0.5455	0.4833	0.4377	0.3923
985	0.0	0.7046	0.9809	0.7994	0.9009	0.7046
986	0.0	1.122	0.8461	1.406	0.7146	1.122
987	0.0	0.8611	0.7908	0.9375	0.7422	0.8611
988	0.0	0.8996	0.8025	1.005	0.2736	0.8996
989	0.0	0.8105	0.8427	0.8495	0.7448	0.8105
990	0.0	0.8416	1.162	1.026	0.8463	0.8416
991	0.0	0.6903	0.2767	0.6567	0.2974	0.6903
992	0.0	0.2563	0.3548	0.2603	0.3189	0.2563
993	0.0	0.715	0.3773	0.6485	0.3823	0.715
994	0.0	0.4108	0.5454	0.3776	0.144	0.4108
995	0.0	0.6398	0.5834	0.7416	0.485	0.6398
996	0.0	0.5139	0.8946	0.5323	0.6911	0.5139
997	0.0	1.209	0.5023	1.42	0.4405	1.209
998	0.0	0.5695	0.51	0.6627	0.17	0.5695
999	0.0	0.6382	0.4928	0.7394	0.4353	0.6382
1000	0.0	0.9402	1.182	1.252	1.048	0.9402
1001	0.0	0.7576	0.4365	0.701	0.4283	0.7576
1002	0.0	0.6896	0.6584	0.8107	0.6074	0.6896
1003	0.0	0.3729	0.458	0.3205	0.4442	0.3729
1004	0.0	0.8206	0.8084	0.7658	0.7188	0.8206
1005	0.0	0.5357	0.484	0.535	0.5483	0.5357
1006	0.0	0.986	0.6221	0.9973	0.4737	0.986
1007	0.0	0.9518	1.002	1.116	0.8641	0.9518
1008	0.0	0.4906	0.4126	0.4773	0.3235	0.4906
1009	0.0	0.4685	0.5319	0.4939	0.5301	0.4685
1010	0.0	0.216	1.126	0.2289	0.9238	0.216
1011	0.0	0.6267	0.3151	0.6363	0.198	0.6267
1012	0.0	0.8085	0.7658	1.054	0.6209	0.8085
1013	0.0	0.6339	0.5801	0.7087	0.467	0.6339
1014	0.0	0.2523	0.3132	0.2654	0.3224	0.2523
1015	0.0	0.548	0.7394	0.6151	0.6472	0.548
1016	0.0	1.029	0.9405	1.24	0.71	1.029
1017	0.0	1.074	0.561	1.332	0.598	1.074
1018	0.0	0.4643	0.5013	0.5844	0.5091	0.4643
1019	0.0	0.9833	0.9887	0.9432	0.8366	0.9833
1020	0.0	0.5625	0.2997	0.5701	0.3083	0.5625
1021	0.0	0.3576	0.4804	0.3297	0.5278	0.3576
1022	0.0	0.7333	0.5801	0.7659	0.4292	0.7333
1023	0.0	0.5585	0.3729	0.6096	0.3768	0.5585
1024	0.0	0.4007	0.3706	0.4524	0.4038	0.4007
1025	0.0	0.4366	0.5001	0.4479	0.3877	0.4366
1026	0.0	1.194	0.7936	1.279	0.6876	1.194
1027	0.0	0.5596	0.5741	0.5366	0.5166	0.5596
1028	0.0	0.5105	0.6357	0.5146	0.5507	0.5105
1029	0.0	0.453	0.4388	0.3613	0.5019	0.453
1030	0.0	0.8612	1.101	0.9704	0.8305	0.8612
1031	0.0	0.6298	0.6402	0.7588	0.555	0.6298
1032	0.0	0.4716	0.3876	0.5695	0.4024	0.4716
1033	0.0	0.6311	0.9924	0.6702	0.9348	0.6311
1034	0.0	0.419	0.2494	0.4295	0.234	0.419
1035	0.0	0.3981	0.523	0.5239	0.4468	0.3981
1036	0.0	0.4726	0.5673	0.5115	0.4646	0.4726
1037	0.0	0.9105	0.9444	1.075	0.8112	0.9105
1038	0.0	0.613	0.369	0.5432	0.4043	0.613
1039	0.0	1.159	0.6618	1.207	0.1641	1.159
1040	0.0	0.8599	0.6596	1.001	0.5551	0.8599
