Step	Loss
1	1.878
2	3.0019
3	2.9814
4	2.184
5	4.6738
6	3.769
7	2.9166
8	1.4427
9	3.5536
10	2.9305
11	4.2031
12	3.7767
13	1.7534
14	0.6029
15	3.4837
16	2.8046
17	2.7252
18	3.2998
19	1.7953
20	2.2948
21	3.1471
22	1.4694
23	1.4511
24	1.2291
25	2.7247
26	2.8509
27	2.0259
28	2.6041
29	2.8166
30	0.8167
31	1.0725
32	3.9973
33	3.5998
34	1.2441
35	2.7018
36	2.0037
37	1.6819
38	1.2072
39	0.2292
40	4.4756
41	1.806
42	0.3077
43	2.7606
44	2.8683
45	0.2305
46	1.7912
47	2.8551
48	0.5584
49	2.4464
50	2.8845
51	3.6039
52	1.2333
53	2.6412
54	3.1037
55	2.2721
56	3.411
57	3.3164
58	2.3312
59	2.6551
60	0.188
61	4.6896
62	2.676
63	3.0944
64	1.8961
65	0.5043
66	1.1172
67	2.1321
68	3.7166
69	3.849
70	1.9786
71	3.5388
72	0.8357
73	2.6586
74	2.6327
75	0.2235
76	1.3175
77	3.0359
78	1.6435
79	1.5291
80	0.69
81	1.5923
82	2.0904
83	2.7809
84	2.7479
85	0.811
86	3.9148
87	2.5169
88	0.592
89	1.9276
90	6.7763
91	1.9237
92	1.3917
93	0.6971
94	3.003
95	2.2882
96	3.9221
97	0.7074
98	2.4914
99	2.8033
100	2.1071
101	0.1804
102	2.8651
103	1.0016
104	1.4633
105	1.3016
106	2.7621
107	2.945
108	1.8329
109	3.7808
110	2.8257
111	2.4006
112	0.9973
113	3.4001
114	1.136
115	3.7255
116	3.4459
117	0.6625
118	0.2022
119	0.7803
120	2.695
121	2.7358
122	3.161
123	1.0201
124	2.3105
125	2.8197
126	0.2877
127	1.0364
128	1.1017
129	2.5629
130	2.834
131	1.9352
132	1.9485
133	2.7571
134	0.5852
135	1.2469
136	3.9678
137	3.5591
138	1.278
139	2.5649
140	1.8998
141	1.12
142	1.2171
143	0.222
144	3.0621
145	1.737
146	0.2035
147	2.7139
148	2.7097
149	0.1111
150	1.5675
151	2.7662
152	0.6162
153	2.2329
154	2.824
155	3.6722
156	1.2707
157	2.3002
158	3.2378
159	2.2295
160	3.2469
161	3.0631
162	2.3061
163	2.5105
164	0.1683
165	4.4508
166	2.6096
167	3.1124
168	1.7142
169	0.3248
170	0.8839
171	1.9271
172	3.7585
173	3.7267
174	1.9368
175	3.537
176	0.9498
177	2.5663
178	2.7153
179	0.2722
180	1.2075
181	3.1729
182	1.4623
183	1.2505
184	0.55
185	1.4571
186	2.0968
187	2.5988
188	2.4551
189	0.6695
190	3.5698
191	2.4473
192	0.5849
193	1.6271
194	6.4902
195	1.92
196	1.6591
197	0.2889
198	2.9152
199	2.238
200	3.8
201	0.8171
202	2.4051
203	2.8206
204	1.771
205	0.0613
206	2.9155
207	0.9063
208	1.5142
209	1.3234
210	2.4669
211	2.8201
212	1.8276
213	3.6626
214	2.8992
215	2.3302
216	0.968
217	3.3841
218	1.0298
219	3.533
220	3.301
221	0.5492
222	0.1983
223	0.4074
224	2.6874
225	2.741
226	2.5389
227	0.8936
228	2.3843
229	2.6569
230	0.1602
231	1.1577
232	1.1037
233	2.5187
234	2.7692
235	1.846
236	1.8606
237	2.7015
238	0.6391
239	1.2734
240	3.8046
241	3.3636
242	1.2821
243	2.5509
244	1.9197
245	0.7313
246	1.2418
247	0.2045
248	2.895
249	1.817
250	0.2266
251	2.8365
252	2.6963
253	0.0986
254	1.4488
255	2.6514
256	0.6267
257	2.262
258	2.7893
259	3.5273
260	1.3118
261	2.3475
262	2.6302
263	2.1917
264	3.3133
265	2.9843
266	2.2559
267	2.411
268	0.147
269	4.3391
270	2.4376
271	3.065
272	1.7866
273	0.4822
274	0.8448
275	2.0013
276	3.3204
277	3.0955
278	1.8594
279	3.4396
280	0.5797
281	2.6312
282	2.6696
283	0.1768
284	1.2701
285	3.0156
286	1.4994
287	1.2809
288	0.6484
289	1.6368
290	2.0969
291	2.7672
292	2.5393
293	0.3657
294	2.4527
295	2.3973
296	0.1557
297	1.6546
298	5.6178
299	1.8303
300	0.8119
301	0.3844
302	2.9847
303	2.1704
304	3.6097
305	0.4931
306	2.2841
307	2.8458
308	1.9036
309	0.0609
310	2.8953
311	0.5297
312	1.504
313	1.126
314	2.7346
315	2.8172
316	1.865
317	3.3318
318	2.5795
319	2.3641
320	1.1223
321	3.1163
322	0.9009
323	3.5052
324	3.4129
325	0.4762
326	0.248
327	0.1546
328	2.6421
329	2.7516
330	2.3888
331	0.6816
332	2.1896
333	2.7488
334	0.0236
335	1.1228
336	1.0865
337	2.5285
338	2.7739
339	1.8644
340	1.7338
341	2.6295
342	0.9202
343	1.2274
344	3.7874
345	3.3324
346	1.246
347	2.5402
348	1.861
349	0.8032
350	1.1246
351	0.206
352	2.841
353	1.6707
354	0.1377
355	2.6659
356	2.7954
357	0.0698
358	1.1932
359	2.7873
360	0.5469
361	2.1661
362	2.9193
363	3.4081
364	1.1627
365	2.181
366	2.6995
367	2.2093
368	3.2829
369	2.9456
370	2.2282
371	2.5267
372	0.2003
373	4.492
374	2.4325
375	3.0689
376	1.4286
377	0.3112
378	0.4997
379	1.9221
380	2.9997
381	3.1395
382	1.8609
383	3.4545
384	0.7067
385	2.5597
386	2.6226
387	0.31
388	1.1339
389	2.8838
390	1.3821
391	1.1326
392	0.7017
393	1.5559
394	2.0914
395	2.5463
396	2.6017
397	0.3257
398	2.445
399	2.365
400	0.3291
401	1.7391
402	5.5964
403	1.853
404	0.7989
405	0.1677
406	2.7732
407	2.2197
408	3.8666
409	0.5505
410	2.2749
411	2.6523
412	1.7788
413	0.0145
414	2.8052
415	1.8476
416	1.4343
417	1.1772
418	2.4551
419	2.7702
420	1.7511
421	3.1674
422	2.5503
423	2.2457
424	0.8786
425	3.1943
426	0.8533
427	3.0795
428	3.3474
429	0.3609
430	0.1829
431	0.2894
432	2.687
433	2.7398
434	2.5975
435	0.592
436	2.1741
437	2.7423
438	0.2729
439	1.0713
440	1.0467
441	2.4128
442	2.732
443	1.826
444	1.8454
445	2.6372
446	0.5406
447	1.0538
448	3.7396
449	3.4303
450	1.2654
451	2.5678
452	1.9382
453	0.7478
454	1.168
455	0.1535
456	2.0821
457	1.7525
458	0.2369
459	2.6231
460	2.5448
461	0.1049
462	1.1586
463	2.7349
464	0.6299
465	2.1718
466	2.6673
467	3.4364
468	1.1086
469	2.1684
470	2.6642
471	2.1588
472	3.2465
473	2.8055
474	2.1522
475	2.3898
476	0.1784
477	4.4386
478	2.4102
479	3.0811
480	1.4428
481	0.3293
482	0.7673
483	1.9064
484	2.8767
485	3.0842
486	1.8937
487	3.4667
488	0.8077
489	2.6245
490	2.7288
491	0.2895
492	1.0392
493	3.0965
494	1.3808
495	1.0732
496	0.5169
497	1.5425
498	2.1186
499	2.6237
500	2.3595
501	0.0903
502	2.8066
503	2.3846
504	0.2169
505	1.4194
506	3.8671
507	1.8058
508	0.8257
509	0.2694
510	2.8603
511	2.1951
512	3.6854
513	0.5813
514	2.3297
515	2.5966
516	1.6606
517	0.0259
518	2.7806
519	0.8818
520	1.4885
521	1.0445
522	2.6261
523	2.6258
524	1.7476
525	2.9846
526	2.4099
527	2.1651
528	0.7975
529	3.1428
530	0.886
531	3.134
532	3.2437
533	0.3111
534	0.1424
535	0.059
536	2.6057
537	2.7342
538	2.6807
539	0.5365
540	2.0914
541	2.6574
542	0.0286
543	1.0582
544	1.0831
545	2.5283
546	2.7367
547	1.8127
548	1.7865
549	2.7083
550	0.6653
551	1.1926
552	3.7408
553	3.4165
554	1.221
555	2.4652
556	1.8891
557	0.6787
558	1.1996
559	0.1811
560	2.2183
561	1.5984
562	0.1373
563	2.6836
564	2.5728
565	0.0467
566	1.1415
567	2.7168
568	0.5431
569	2.1228
570	2.7391
571	3.5424
572	1.0377
573	2.1434
574	2.7176
575	2.166
576	3.33
577	2.8977
578	2.2126
579	2.442
580	0.1835
581	4.5114
582	2.41
583	3.0854
584	1.3875
585	0.288
586	0.4291
587	1.8314
588	2.9153
589	3.1754
590	1.7901
591	3.448
592	0.8219
593	2.5939
594	2.7698
595	0.3654
596	0.9802
597	2.9322
598	1.2888
599	1.1303
600	0.575
601	1.4658
602	2.0376
603	2.6812
604	2.4207
605	0.0602
606	2.0288
607	2.3108
608	0.3071
609	1.5512
610	3.5306
611	1.8312
612	0.7468
613	0.2404
614	2.8047
615	2.1052
616	3.6039
617	0.3915
618	2.2213
619	2.7473
620	1.5208
621	0.0041
622	2.8199
623	0.7022
624	1.2178
625	1.082
626	2.5688
627	2.7783
628	1.7349
629	3.0238
630	2.3529
631	2.1811
632	0.6943
633	2.938
634	0.683
635	2.963
636	3.2689
637	0.3219
638	0.1456
639	0.1386
640	2.5913
641	2.7206
642	2.3044
643	0.6154
644	2.1543
645	2.5782
646	0.0177
647	1.2055
648	1.0566
649	2.4971
650	2.6876
651	1.7387
652	1.6421
653	2.6276
654	0.5167
655	1.271
656	3.6994
657	3.2946
658	1.2377
659	2.4091
660	1.8441
661	0.5827
662	1.051
663	0.1899
664	2.3382
665	1.6659
666	0.1832
667	2.6774
668	2.5851
669	0.0888
670	1.1896
671	2.6964
672	0.5706
673	2.1502
674	2.574
675	3.3078
676	1.1296
677	2.0982
678	2.5722
679	2.0761
680	3.1798
681	2.8838
682	2.1945
683	2.323
684	0.161
685	4.319
686	2.3405
687	3.0157
688	1.3538
689	0.2291
690	0.434
691	1.9344
692	2.6151
693	2.8817
694	1.8389
695	3.352
696	0.7164
697	2.5936
698	2.5239
699	0.2165
700	1.0319
701	2.8823
702	1.2313
703	1.1926
704	0.3645
705	1.4639
706	2.0163
707	2.5357
708	2.4123
709	0.1379
710	1.6181
711	2.3508
712	0.1173
713	1.5873
714	3.2066
715	1.807
716	0.6031
717	0.0151
718	2.8292
719	2.125
720	3.6343
721	0.504
722	2.217
723	2.5649
724	1.4915
725	0.0209
726	2.7727
727	1.0156
728	1.2618
729	0.862
730	2.4665
731	2.7889
732	1.7848
733	2.9451
734	2.4413
735	2.011
736	0.8295
737	2.9123
738	0.9865
739	2.8576
740	3.2983
741	0.3209
742	0.2215
743	0.0852
744	2.615
745	2.6577
746	2.1925
747	0.5892
748	2.0418
749	2.6016
750	0.1115
751	1.0709
752	0.9986
753	2.4245
754	2.6833
755	1.8228
756	1.8772
757	2.6474
758	0.4584
759	1.3284
760	3.6635
761	3.3709
762	1.1459
763	2.4629
764	1.979
765	0.5339
766	1.1703
767	0.1541
768	1.5198
769	1.6349
770	0.1134
771	2.7912
772	2.5902
773	0.0908
774	1.046
775	2.6847
776	0.5815
777	2.0308
778	2.786
779	3.3916
780	0.9919
781	1.9339
782	2.366
783	2.1616
784	3.2973
785	2.7992
786	2.1887
787	2.2799
788	0.1612
789	4.306
790	2.4674
791	3.0397
792	1.4979
793	0.2086
794	0.4942
795	1.7093
796	2.5029
797	2.928
798	1.7478
799	3.4188
800	0.7841
801	2.4029
802	2.4609
803	0.1926
804	0.9543
805	2.6203
806	1.2425
807	1.0951
808	0.7223
809	1.4816
810	2.0563
811	2.5067
812	2.2303
813	0.03
814	2.1919
815	2.3191
816	0.1713
817	1.4902
818	3.6068
819	1.7707
820	0.5916
821	0.1357
822	2.8885
823	2.1305
824	3.5334
825	0.3577
826	2.2896
827	2.4136
828	1.7457
829	0.0037
830	2.8272
831	1.2617
832	1.1875
833	0.883
834	2.3305
835	2.658
836	1.8311
837	2.9306
838	2.4525
839	2.3231
840	0.6331
841	2.8338
842	0.8192
843	2.7463
844	3.3019
845	0.2458
846	0.1285
847	0.0411
848	2.5808
849	2.7136
850	2.2002
851	0.486
852	1.9901
853	2.6309
854	0.0463
855	1.2005
856	0.9925
857	2.4481
858	2.6389
859	1.6562
860	1.532
861	2.6982
862	0.472
863	1.4541
864	3.598
865	3.3346
866	1.1447
867	2.4274
868	1.9081
869	0.644
870	1.0069
871	0.1994
872	1.0555
873	1.6614
874	0.0993
875	2.661
876	2.553
877	0.0693
878	0.9599
879	2.6572
880	0.5233
881	1.9952
882	2.6894
883	3.1478
884	1.0149
885	1.871
886	2.6709
887	2.1231
888	3.2286
889	2.7372
890	2.1684
891	2.3511
892	0.1629
893	4.3292
894	2.3961
895	3.0207
896	1.2817
897	0.4183
898	0.3252
899	1.7408
900	2.4308
901	2.3361
902	1.7718
903	3.3339
904	0.7281
905	2.572
906	2.5312
907	0.253
908	0.948
909	2.7332
910	0.9628
911	1.109
912	0.4035
913	1.4582
914	2.053
915	2.4074
916	2.3332
917	0.0396
918	1.1395
919	2.3038
920	0.1033
921	1.214
922	3.2875
923	1.7568
924	0.6755
925	0.0403
926	2.8635
927	2.1217
928	3.6226
929	0.2812
930	2.279
931	2.3737
932	1.6153
933	0.0025
934	2.73
935	0.6147
936	1.4331
937	0.8131
938	2.5066
939	2.7263
940	1.7939
941	2.5306
942	2.2058
943	2.2245
944	0.766
945	2.8978
946	0.8206
947	2.8802
948	3.3465
949	0.2266
950	0.1006
951	0.0276
952	2.5775
953	2.747
954	2.2409
955	0.3884
956	1.7179
957	2.6542
958	0.0381
959	1.0541
960	0.9801
961	2.4428
962	2.6131
963	1.6508
964	1.7395
965	2.5796
966	0.5436
967	1.1272
968	3.7036
969	3.3294
970	1.2134
971	2.3885
972	1.8068
973	0.5137
974	1.1197
975	0.1508
976	0.8894
977	1.4778
978	0.1303
979	2.6953
980	2.5431
981	0.0938
982	0.9316
983	2.6836
984	0.4827
985	1.9865
986	2.556
987	3.2583
988	1.1413
989	1.9586
990	2.4584
991	2.1995
992	3.1927
993	2.7865
994	2.1967
995	2.3474
996	0.1567
997	4.3812
998	2.3663
999	3.1027
1000	1.4335
1001	0.2914
1002	0.2841
1003	1.7681
1004	2.1988
1005	2.9388
1006	1.7897
1007	3.3617
1008	0.511
1009	2.5375
1010	2.6217
1011	0.1967
1012	0.8974
1013	2.7585
1014	0.983
1015	1.1753
1016	0.3183
1017	1.5084
1018	2.0213
1019	2.5358
1020	2.3355
1021	0.0221
1022	1.7487
1023	2.4055
1024	0.0851
1025	1.4362
1026	3.0359
1027	1.6638
1028	0.3994
1029	0.0498
1030	2.66
1031	2.118
1032	3.5777
1033	0.3934
1034	2.1409
1035	2.3622
1036	1.4108
1037	0.0004
1038	2.7434
1039	1.0124
1040	1.2071
