Step	Loss(S)	Loss(T)	fwd_S	fwd_T	rev_S	rev_T
1	0.0561	0.1159	2.017	4.943	1.927	4.256
2	0.06936	0.05691	2.418	1.725	2.569	1.972
3	0.1037	0.04301	3.957	1.399	4.346	1.571
4	0.105	0.1057	4.226	4.04	4.911	4.83
5	0.09284	0.1026	3.988	3.985	3.437	3.715
6	0.06379	0.06366	2.197	2.162	2.335	2.283
7	0.05418	0.06343	1.977	2.159	1.88	2.371
8	0.07075	0.06943	2.481	2.603	2.773	2.185
9	0.06382	0.06056	2.069	2.154	2.591	2.072
10	0.04929	0.04301	1.593	1.257	1.691	1.399
11	0.04803	0.05885	1.426	2.508	1.458	1.857
12	0.05843	0.05458	1.897	1.973	1.842	1.796
13	0.05878	0.06292	1.861	2.187	2.425	3.357
14	0.07665	0.0341	2.365	1.05	2.608	1.217
15	0.03691	0.04783	1.177	1.47	1.121	1.504
16	0.04765	0.03736	1.487	1.173	1.277	1.211
17	0.04037	0.04301	1.352	1.353	1.058	1.357
18	0.03173	0.08542	0.9524	2.939	0.8525	2.962
19	0.07788	0.0371	2.515	1.123	2.566	1.149
20	0.07893	0.06001	3.467	2.035	2.24	1.555
21	0.05257	0.04142	1.595	1.357	1.645	1.448
22	0.04755	0.06336	1.407	1.834	1.42	2.234
23	0.05198	0.05022	1.522	1.691	1.5	1.608
24	0.06599	0.08279	2.002	2.737	2.165	2.97
25	0.05455	0.05458	1.625	1.737	1.724	1.575
26	0.05968	0.0526	2.033	1.845	1.764	1.566
27	0.05264	0.05311	1.628	1.567	1.554	1.524
28	0.0634	0.05846	2.198	1.981	1.835	2.176
29	0.05474	0.06807	1.657	2.224	1.56	2.002
30	0.04305	0.06214	1.276	1.848	1.203	1.96
31	0.05361	0.05268	1.55	1.523	1.625	1.769
32	0.02617	0.04567	0.6665	1.269	0.6374	1.474
33	0.03258	0.07861	0.9005	2.565	0.8254	2.504
34	0.04189	0.03536	1.346	1.119	1.238	0.9276
35	0.04677	0.04859	1.382	1.552	1.401	1.481
36	0.05651	0.05165	1.616	1.573	1.469	1.533
37	0.06362	0.05974	1.867	1.776	1.831	2.073
38	0.061	0.03194	1.93	0.8601	1.952	0.9476
39	0.0606	0.07509	2.421	2.908	1.374	1.968
40	0.02868	0.09514	0.7976	3.235	0.7764	3.161
41	0.04433	0.03393	1.437	1.069	1.175	0.9039
42	0.03683	0.04555	1.111	1.366	1.087	1.226
43	0.03884	0.05897	1.104	2.252	1.058	1.864
44	0.04853	0.06028	1.552	1.962	1.111	1.584
45	0.06274	0.05348	1.948	1.605	1.906	1.505
46	0.03999	0.05704	1.095	1.807	1.252	1.788
47	0.05262	0.04707	1.518	1.429	1.561	1.459
48	0.02479	0.03457	0.6233	1.048	0.6552	0.9028
49	0.06496	0.06897	2.046	2.043	1.937	2.07
50	0.04077	0.04226	1.192	1.103	1.161	1.246
51	0.04923	0.04489	1.444	1.323	1.558	1.433
52	0.04461	0.03756	1.479	1.153	1.314	1.214
53	0.0613	0.04231	1.782	1.165	1.958	1.194
54	0.02652	0.04599	0.7142	1.347	0.6918	1.257
55	0.056	0.05957	1.799	1.82	1.606	1.62
56	0.05714	0.03913	1.644	1.1	1.661	1.168
57	0.04856	0.0476	1.391	1.517	1.421	1.216
58	0.06685	0.05394	2.111	1.575	2.018	1.799
59	0.04623	0.05103	1.266	1.475	1.395	1.582
60	0.03931	0.05835	1.189	1.961	1.098	1.665
61	0.05115	0.05143	1.454	1.667	1.629	1.847
62	0.03689	0.04928	1.079	1.345	0.9873	1.436
63	0.049	0.02873	1.404	0.7954	1.526	0.7288
64	0.06468	0.05745	1.879	1.78	1.954	1.759
65	0.04889	0.06361	1.475	2.09	1.269	1.832
66	0.05047	0.04882	1.399	1.336	1.629	1.516
67	0.06045	0.06032	1.814	1.841	1.897	1.739
68	0.06055	0.06666	1.839	2.06	1.755	2.114
69	0.049	0.04672	1.613	1.406	1.153	1.094
70	0.03076	0.05552	0.9544	1.678	1.067	1.578
71	0.04085	0.05503	1.181	1.825	1.175	1.512
72	0.0517	0.05919	1.855	2.133	1.494	1.526
73	0.04709	0.03864	1.677	1.116	1.249	0.9922
74	0.04059	0.02663	1.136	0.7391	1.183	0.6833
75	0.07748	0.05655	2.735	2.064	2.237	2.247
76	0.0561	0.05656	1.694	1.803	1.711	1.632
77	0.05482	0.0676	1.737	2.196	1.49	1.995
78	0.04509	0.06078	1.304	1.688	1.412	1.9
79	0.03384	0.05835	1.016	1.895	0.9068	1.655
80	0.03462	0.04278	0.9779	1.207	0.947	1.238
81	0.05268	0.05759	1.587	1.817	1.53	1.689
82	0.04387	0.06808	1.309	2.456	1.062	1.682
83	0.05914	0.06077	1.816	1.805	1.745	1.866
84	0.05434	0.05266	1.568	1.43	1.516	1.553
85	0.0536	0.03271	1.54	0.8727	1.691	0.8994
86	0.0414	0.04773	1.107	1.504	1.23	1.676
87	0.05709	0.05695	1.722	1.644	1.657	1.689
88	0.03718	0.03793	0.9856	1.045	1.128	1.118
89	0.03408	0.06042	0.9204	1.933	1.087	1.76
90	0.04077	0.04743	1.103	1.347	1.298	1.512
91	0.03512	0.03913	0.9887	1.043	1.02	1.178
92	0.06333	0.06383	1.871	1.945	1.898	1.966
93	0.06246	0.04395	2.226	1.372	1.451	0.9886
94	0.04225	0.03921	1.151	1.021	1.166	1.152
95	0.03707	0.04991	1.162	1.592	0.9701	1.265
96	0.05632	0.05534	1.673	1.748	1.621	1.533
97	0.05951	0.04659	2.032	1.512	1.5	1.301
98	0.04673	0.05158	1.368	1.433	1.362	1.488
99	0.06313	0.0634	1.867	2.256	1.885	1.875
100	0.05833	0.04442	1.635	1.233	1.76	1.242
101	0.04124	0.03896	1.157	1.132	1.246	1.106
102	0.04778	0.04282	1.426	1.215	1.341	1.353
103	0.04846	0.03984	1.377	1.068	1.479	1.3
104	0.04891	0.04295	1.39	1.191	1.635	1.405
105	0.03524	0.05698	0.989	1.647	0.9722	1.711
106	0.04263	0.03773	1.202	0.9597	1.182	1.091
107	0.04793	0.05577	1.446	1.738	1.433	1.689
108	0.05163	0.05726	1.591	1.878	1.326	1.606
109	0.04243	0.0391	1.335	1.139	0.9808	0.9066
110	0.04023	0.03687	1.138	1.012	1.102	1.045
111	0.04742	0.04803	1.323	1.403	2.037	1.956
112	0.05233	0.04214	1.464	1.211	1.499	1.14
113	0.0418	0.03064	1.205	0.8248	1.256	0.8309
114	0.05083	0.0477	1.458	1.457	1.452	1.455
115	0.04308	0.04778	1.241	1.389	1.42	1.627
116	0.03665	0.025	1.011	0.6576	1.027	0.6256
117	0.03361	0.04256	0.9643	1.13	0.8711	1.468
118	0.03799	0.03726	0.9919	1.059	1.267	1.169
119	0.04784	0.03668	1.538	1.083	1.518	1.024
120	0.05831	0.05328	1.86	1.579	1.648	1.52
121	0.05155	0.03732	1.457	1.019	1.561	0.9705
122	0.05405	0.06034	1.614	1.838	1.435	1.767
123	0.0469	0.04483	1.265	1.285	1.347	1.43
124	0.06702	0.05085	2.801	1.769	1.635	1.269
125	0.0282	0.03084	0.7137	0.8351	0.7087	0.884
126	0.05195	0.05021	1.532	1.356	1.768	1.376
127	0.04175	0.04337	1.168	1.151	1.145	1.519
128	0.03368	0.06269	0.9422	1.788	0.8201	1.945
129	0.04758	0.04509	1.327	1.249	1.457	1.685
130	0.03548	0.03391	0.9533	0.9266	0.9417	0.9371
131	0.0399	0.05031	1.055	1.483	1.156	1.47
132	0.04294	0.05109	1.352	1.516	1.1	1.381
133	0.06145	0.0475	1.937	1.419	1.917	1.3
134	0.05879	0.06644	1.713	2.114	1.949	2.15
135	0.04258	0.02822	1.191	0.7502	1.348	0.7768
136	0.04029	0.04332	1.095	1.137	1.247	1.223
137	0.04671	0.04689	1.383	1.342	1.215	1.3
138	0.0439	0.04734	1.218	1.297	1.336	1.79
139	0.0408	0.04064	1.112	1.14	1.242	1.222
140	0.03097	0.05043	0.811	1.365	0.8125	1.683
141	0.04663	0.04124	1.302	1.093	1.375	1.322
142	0.04895	0.02357	1.256	0.5988	1.577	0.6201
143	0.04062	0.05214	1.353	1.754	0.8948	1.094
144	0.04419	0.05799	1.202	1.715	1.161	1.91
145	0.03612	0.04651	1.058	1.235	0.9987	1.426
146	0.0408	0.03571	1.15	0.9977	1.0	0.9174
147	0.05389	0.03119	1.609	0.8221	1.544	0.8681
148	0.03872	0.04255	1.133	1.461	1.012	1.138
149	0.05195	0.0421	1.675	1.341	1.55	1.245
150	0.04494	0.04597	1.226	1.311	1.268	1.505
151	0.03314	0.03906	0.8863	1.045	0.9243	1.193
152	0.05151	0.04989	1.555	1.391	1.445	1.471
153	0.04269	0.05459	1.217	1.556	1.254	1.574
154	0.03398	0.03211	0.9121	0.7976	0.8975	0.9701
155	0.04147	0.0484	1.152	1.294	1.293	1.554
156	0.04045	0.04427	1.158	1.291	1.169	1.176
157	0.03334	0.03291	0.8815	0.856	0.949	0.9228
158	0.03297	0.03498	0.8634	0.9463	0.8572	1.061
159	0.03973	0.04332	1.108	1.158	1.1	1.192
160	0.03977	0.04194	1.063	1.11	1.084	1.2
161	0.03464	0.03648	1.015	1.198	0.858	0.9032
162	0.03509	0.03646	1.009	0.9979	0.8887	0.9778
163	0.04125	0.04279	1.073	1.149	1.184	1.164
164	0.03737	0.02869	1.024	0.7742	0.9727	0.7496
165	0.04051	0.04637	1.105	1.35	1.175	1.606
166	0.03775	0.04606	1.06	1.296	1.06	1.281
167	0.05238	0.03804	1.464	1.037	1.525	1.046
168	0.03859	0.05021	1.034	1.39	1.159	1.505
169	0.04115	0.04952	1.23	1.478	1.163	1.459
170	0.02482	0.03871	0.6384	0.9945	0.6595	1.283
171	0.04712	0.04848	1.355	1.413	1.38	1.459
172	0.05008	0.04208	1.373	1.185	1.494	1.169
173	0.03261	0.03986	0.8399	1.358	0.7615	0.9441
174	0.03021	0.03528	0.811	0.9214	0.7072	1.026
175	0.04907	0.05178	1.38	1.453	1.429	1.535
176	0.03918	0.05321	1.343	1.789	0.9933	1.299
177	0.03284	0.0317	0.9837	0.867	0.8272	0.9032
178	0.0407	0.03977	1.119	1.133	1.208	1.358
179	0.03833	0.05999	1.101	2.589	0.9245	1.388
180	0.04262	0.03517	1.224	0.9341	1.308	1.284
181	0.05564	0.04674	1.69	1.304	1.598	1.268
182	0.03848	0.04646	1.018	1.264	1.103	1.506
183	0.04088	0.05173	1.171	1.518	1.098	1.407
184	0.03037	0.04344	0.8146	1.168	0.8183	1.526
185	0.05286	0.0448	1.51	1.26	1.493	1.313
186	0.05354	0.05408	1.865	1.847	1.154	1.41
187	0.03263	0.05151	0.9126	1.532	0.9082	1.564
188	0.04016	0.0444	1.201	1.213	1.081	1.227
189	0.04388	0.03998	1.173	1.046	1.261	1.166
190	0.04818	0.04159	1.518	1.258	1.465	1.37
191	0.03033	0.04328	0.7996	1.178	0.809	1.217
192	0.04719	0.06866	1.303	2.17	1.334	2.077
193	0.05035	0.05184	1.485	1.892	1.357	1.675
194	0.04741	0.0498	1.308	1.431	1.411	1.51
195	0.04265	0.05054	1.141	1.394	1.251	1.425
196	0.04879	0.04769	1.318	1.289	1.587	1.584
197	0.04195	0.05163	1.393	1.818	1.035	1.513
198	0.03651	0.03088	0.964	0.8035	1.024	0.8445
199	0.04082	0.05436	1.23	1.62	1.082	1.55
200	0.04547	0.03351	1.311	0.9167	1.35	0.9213
201	0.05227	0.04658	1.558	1.245	1.529	1.443
202	0.04082	0.03804	1.067	1.043	1.236	1.058
203	0.06184	0.05264	1.897	1.473	1.838	1.513
204	0.03131	0.03726	0.8559	1.045	0.9608	0.9687
205	0.03476	0.02532	0.888	0.6325	1.062	0.7109
206	0.02465	0.03326	0.6987	0.9725	0.7094	0.9021
207	0.03226	0.03619	0.8399	0.9698	0.9596	1.019
208	0.03808	0.03068	1.047	0.8436	1.148	0.8471
209	0.05456	0.0363	1.624	1.119	1.655	0.9994
210	0.03775	0.03267	0.953	0.8298	1.064	0.9309
211	0.05398	0.04777	1.588	1.517	1.61	1.404
212	0.03203	0.04677	0.9576	1.372	0.7863	1.307
213	0.0406	0.03968	1.3	1.124	0.9615	1.027
214	0.03206	0.03903	0.8463	1.035	0.9636	1.068
215	0.03729	0.04954	1.145	1.41	1.599	1.544
216	0.04181	0.05086	1.131	1.421	1.328	1.448
217	0.04211	0.03209	1.13	0.8095	1.187	0.9076
218	0.04386	0.03385	1.215	0.8683	1.236	1.012
219	0.03361	0.04356	0.8875	1.194	0.9334	1.32
220	0.03952	0.03686	1.072	0.9254	1.09	0.9577
221	0.0623	0.05208	1.732	1.452	2.626	2.057
222	0.05209	0.05598	1.515	1.702	1.751	1.721
223	0.03461	0.03539	0.9004	0.8979	1.054	1.376
224	0.0327	0.04904	0.8793	1.458	0.8775	1.351
225	0.04451	0.03781	1.229	1.059	1.504	1.077
226	0.02719	0.04365	0.706	1.211	0.6964	1.422
227	0.03966	0.02583	1.127	0.6487	1.173	0.732
228	0.03914	0.04062	1.182	1.656	0.9622	1.012
229	0.03827	0.03835	1.022	1.081	1.065	1.055
230	0.03704	0.04304	0.9988	1.208	0.9601	1.246
231	0.03883	0.02738	1.076	0.6948	1.189	0.7548
232	0.0482	0.04927	1.339	1.387	1.36	1.499
233	0.03608	0.02572	0.9157	0.6399	1.121	0.7123
234	0.04066	0.03485	1.155	0.925	1.278	0.9333
235	0.03128	0.03208	0.8401	0.8432	0.8372	0.8693
236	0.03086	0.03023	0.8813	0.8709	0.7829	0.7265
237	0.04351	0.04799	1.228	1.337	1.208	1.358
238	0.04908	0.0514	1.297	1.45	1.424	1.609
239	0.02492	0.03976	0.6384	1.067	0.6094	1.158
240	0.04137	0.04683	1.113	1.274	1.157	1.45
241	0.04651	0.04487	1.303	1.22	1.308	1.29
242	0.03391	0.02886	0.9046	0.7355	0.936	0.7328
243	0.03659	0.05105	0.9323	1.394	1.066	1.425
244	0.02605	0.04182	0.6824	1.158	0.6692	1.12
245	0.03171	0.03648	0.9104	0.9612	0.898	0.9956
246	0.04441	0.04064	1.23	1.089	1.214	1.225
247	0.05498	0.0372	1.957	1.299	1.262	0.9555
248	0.03436	0.04321	0.881	1.138	0.9585	1.167
249	0.03964	0.03257	1.042	0.8618	1.206	0.8894
250	0.0521	0.03399	1.531	0.9421	1.476	0.8247
251	0.02237	0.02623	0.561	0.6664	0.6407	0.677
252	0.03897	0.03301	1.23	0.9273	0.9085	0.7434
253	0.04463	0.04028	1.261	1.215	1.31	1.065
254	0.04529	0.02775	1.185	0.6989	1.313	0.9354
255	0.03011	0.03251	0.7607	0.8397	0.8168	0.8784
256	0.03534	0.04324	0.9665	1.216	1.02	1.4
257	0.04707	0.04774	1.264	1.418	1.504	1.32
258	0.03827	0.0401	0.9793	1.042	1.049	1.178
259	0.03988	0.04504	1.085	1.266	1.213	1.327
260	0.04267	0.03271	1.106	0.8693	1.228	1.063
261	0.03159	0.036	0.8013	0.943	0.8662	0.928
262	0.03484	0.03475	0.9324	0.8554	0.9451	1.027
263	0.03917	0.02323	1.072	0.5723	1.104	0.6249
264	0.03672	0.04329	0.9794	1.245	1.101	1.554
265	0.03451	0.02698	1.016	0.6734	0.7646	0.6647
266	0.05494	0.045	1.641	1.312	1.563	1.252
267	0.03405	0.04263	0.8758	1.139	0.9923	1.316
268	0.04496	0.0432	1.177	1.136	1.404	1.284
269	0.02893	0.03921	0.7608	1.134	0.7983	1.153
270	0.04248	0.0373	1.16	0.9808	1.24	1.057
271	0.048	0.04029	1.348	1.098	1.633	1.216
272	0.04669	0.04276	1.308	1.078	1.314	1.35
273	0.0313	0.04115	0.8703	1.109	0.8765	1.213
274	0.03304	0.03719	0.8664	0.9748	0.9284	1.12
275	0.02591	0.03847	0.6478	0.9821	0.6457	1.077
276	0.05354	0.04484	1.574	1.189	1.553	1.262
277	0.03302	0.03821	0.909	1.297	0.7672	1.007
278	0.03448	0.04211	0.9969	1.148	0.9842	1.275
279	0.02953	0.03964	0.7651	1.019	0.7999	1.126
280	0.04929	0.03872	1.611	1.317	1.208	1.117
281	0.02537	0.03709	0.7473	1.091	0.637	0.9612
282	0.03205	0.04518	0.8504	1.371	0.8444	1.277
283	0.05098	0.0339	1.799	0.8267	1.241	1.288
284	0.04831	0.04992	1.414	1.338	1.358	1.491
285	0.04396	0.04388	1.255	1.231	1.262	1.4
286	0.04547	0.04458	1.206	1.196	1.355	1.159
287	0.03958	0.04949	1.146	1.374	1.119	1.335
288	0.03256	0.03544	0.9234	0.922	0.8344	1.281
289	0.04223	0.03903	1.137	1.123	1.193	1.178
290	0.04206	0.04994	1.28	1.532	0.9151	1.171
291	0.03146	0.04176	0.8392	1.183	0.8632	1.193
292	0.03487	0.04083	0.9	1.013	0.9832	1.245
293	0.03106	0.02757	0.8087	0.7024	0.8222	0.6966
294	0.02583	0.04058	0.6915	1.085	0.6873	1.166
295	0.0341	0.04585	0.9115	1.248	0.9567	1.382
296	0.02996	0.02678	0.8517	0.6755	0.7822	0.6705
297	0.03862	0.02519	1.02	0.7417	1.127	0.8299
298	0.03665	0.02958	0.9453	0.7553	1.108	0.8228
299	0.02389	0.02575	0.6023	0.6576	0.6028	0.678
300	0.04383	0.03895	1.161	0.9741	1.321	1.346
301	0.04825	0.03981	1.581	1.493	1.195	0.9728
302	0.03707	0.03486	0.9959	0.8862	1.053	0.9688
303	0.03932	0.03586	1.036	1.01	1.183	0.9134
304	0.04504	0.0365	1.264	0.9714	1.228	1.011
305	0.04379	0.04036	1.293	1.155	1.297	1.174
306	0.02647	0.04248	0.7858	1.087	0.7208	1.268
307	0.06137	0.04532	1.953	1.361	1.952	1.316
308	0.04351	0.03904	1.153	1.092	1.213	1.015
309	0.04462	0.02774	1.207	0.7105	1.403	0.7888
310	0.02754	0.04181	0.7455	1.174	0.7603	1.262
311	0.03546	0.03138	0.9656	0.8132	1.028	0.759
312	0.04412	0.02976	1.241	0.7959	1.402	0.8894
313	0.02591	0.03438	0.6539	0.9222	0.6792	1.016
314	0.03429	0.03377	0.8751	0.9262	0.9334	0.9025
315	0.04698	0.02922	1.474	0.9462	1.385	0.8506
316	0.04262	0.04543	1.279	1.283	1.152	1.221
317	0.03263	0.046	1.132	1.57	0.88	1.239
318	0.03564	0.04083	0.987	1.155	0.9849	1.218
319	0.02844	0.04023	0.7374	1.15	0.8002	1.366
320	0.02484	0.03843	0.654	1.083	0.6279	0.9857
321	0.02959	0.03249	0.7791	0.8774	0.8269	0.8783
322	0.03793	0.06855	1.055	2.046	1.124	2.076
323	0.03704	0.04062	0.9965	1.118	1.187	1.227
324	0.03062	0.03195	0.7928	0.8712	0.8581	0.9415
325	0.02975	0.03178	0.7637	0.8391	0.7327	1.245
326	0.03118	0.03587	0.8342	1.01	0.8207	1.19
327	0.03461	0.03362	0.895	0.9004	0.9405	1.079
328	0.03215	0.03518	0.932	0.9818	0.8422	1.257
329	0.04077	0.04188	1.139	1.344	1.313	1.505
330	0.04425	0.03473	1.17	0.8859	1.341	0.9181
331	0.04144	0.04214	1.153	1.209	1.25	1.239
332	0.04597	0.03532	1.281	1.067	1.232	0.8693
333	0.0402	0.02675	1.054	0.6504	1.14	0.8104
334	0.03533	0.02974	0.9317	0.7777	1.021	0.7483
335	0.03931	0.05041	1.007	1.442	1.193	1.5
336	0.04485	0.05478	1.188	1.765	1.291	1.578
337	0.03628	0.0287	0.9665	0.751	1.009	0.8498
338	0.03554	0.02766	0.9301	0.687	1.067	0.8236
339	0.04173	0.02803	1.147	0.7329	1.169	0.7531
340	0.04489	0.02134	1.307	0.6245	1.214	0.5011
341	0.05025	0.05129	1.397	1.588	1.477	1.485
342	0.05103	0.04981	1.474	1.588	1.603	1.479
343	0.02677	0.03374	0.6974	0.8727	0.6735	1.019
344	0.03504	0.02081	0.9281	0.5139	0.9892	0.6529
345	0.02781	0.04332	0.7863	1.211	0.6973	1.286
346	0.03346	0.03214	0.8887	0.8312	0.9519	0.9711
347	0.02834	0.03113	0.7554	0.8192	0.8381	0.9742
348	0.04249	0.03788	1.119	1.039	1.231	1.039
349	0.03057	0.04046	0.7906	1.074	1.004	1.272
350	0.04382	0.04129	1.147	1.05	1.389	1.221
351	0.04032	0.04439	1.552	1.508	1.152	1.061
352	0.04266	0.04818	1.125	1.345	1.264	1.424
353	0.02607	0.02759	0.6632	0.6793	0.638	0.8001
354	0.03582	0.02788	0.93	0.7306	0.9443	0.6907
355	0.04005	0.03905	1.064	1.068	1.074	1.283
356	0.02772	0.03063	0.7154	0.8	0.6978	0.81
357	0.05475	0.02995	1.681	0.8332	1.597	0.8863
358	0.03605	0.03023	0.9489	0.7734	1.051	1.006
359	0.03461	0.03157	0.8888	0.8063	0.9252	0.9397
360	0.03857	0.04558	1.037	1.239	1.189	1.36
361	0.04397	0.04636	1.178	1.266	1.24	1.227
362	0.04543	0.0352	1.228	0.8965	1.231	1.011
363	0.04292	0.05428	1.18	1.612	1.351	1.771
364	0.02994	0.03318	0.7563	0.8721	0.944	1.052
365	0.03671	0.03269	1.007	0.8169	1.125	0.9565
366	0.027	0.02883	0.6856	0.7342	0.7401	0.8032
367	0.0314	0.0333	0.8095	0.8461	1.013	0.8987
368	0.03247	0.04047	0.831	1.162	0.8168	1.159
369	0.03243	0.03054	0.8859	0.8396	0.8101	0.6993
370	0.04302	0.03042	1.156	0.8051	1.298	0.8116
371	0.03448	0.03873	0.9014	1.034	0.9218	1.242
372	0.03877	0.03317	1.014	0.915	1.125	0.8761
373	0.03714	0.03334	1.013	0.871	1.123	1.09
374	0.02712	0.03241	0.7043	0.8411	0.702	0.9373
375	0.03556	0.03769	0.9204	0.9781	0.9744	1.103
376	0.04266	0.04693	1.115	1.289	1.383	1.349
377	0.02969	0.03938	0.7702	1.111	0.8503	1.022
378	0.03255	0.02599	0.8163	0.6529	0.8655	0.7875
379	0.04105	0.03849	1.091	1.007	1.14	1.123
380	0.0345	0.04318	0.8943	1.222	0.9359	1.135
381	0.02602	0.02884	0.6747	0.723	0.6293	0.7825
382	0.04083	0.03668	1.109	0.9654	1.186	1.106
383	0.04089	0.03747	1.08	0.9396	1.282	1.101
384	0.03881	0.03407	1.119	0.9001	0.9202	0.9252
385	0.03813	0.02523	1.059	0.6237	0.9309	0.6484
386	0.03527	0.04064	0.913	1.227	1.136	1.301
387	0.05561	0.04814	1.908	2.014	1.383	1.239
388	0.04145	0.04363	1.109	1.181	1.228	1.295
389	0.04822	0.0466	1.363	1.329	1.357	1.297
390	0.04014	0.04014	1.092	1.034	1.033	1.213
391	0.04042	0.04392	1.13	1.205	1.219	1.345
392	0.03831	0.02836	0.9672	0.753	1.368	0.8321
393	0.04672	0.04789	1.258	1.339	1.294	1.456
394	0.04927	0.04749	1.447	1.33	1.305	1.251
395	0.04849	0.0458	1.317	1.223	1.489	1.529
396	0.03527	0.02932	0.9036	0.8475	0.9095	0.799
397	0.04056	0.02605	1.068	0.6573	1.169	0.699
398	0.04478	0.0365	1.18	0.8932	1.342	1.216
399	0.03542	0.03633	0.9166	0.9503	0.9472	1.028
400	0.04773	0.04571	1.299	1.288	1.54	1.641
401	0.03803	0.04876	0.9758	1.462	1.065	1.494
402	0.02782	0.03849	0.7163	1.028	0.7411	1.198
403	0.02566	0.03011	0.6549	0.8192	0.7158	0.838
404	0.0461	0.02884	1.283	0.7213	1.453	1.068
405	0.03524	0.02633	1.044	0.848	0.8164	0.6628
406	0.03427	0.02877	0.8591	0.7427	0.9458	0.8053
407	0.03577	0.04057	0.9383	1.08	0.9353	1.067
408	0.04074	0.02537	1.076	0.6724	1.178	0.6319
409	0.04924	0.04653	1.49	1.293	1.466	1.34
410	0.02031	0.04262	0.5079	1.145	0.5324	1.274
411	0.03261	0.04088	0.8689	1.228	0.8722	1.046
412	0.03408	0.02899	0.9294	0.7484	0.9927	0.7972
413	0.03035	0.0302	0.7779	0.7895	0.8493	1.151
414	0.03052	0.03389	0.7825	0.8699	1.052	0.949
415	0.03949	0.0313	1.047	0.8057	1.1	0.9381
416	0.03968	0.04151	0.99	1.184	1.353	1.22
417	0.02933	0.03122	0.7364	0.7851	0.7982	0.984
418	0.03044	0.03222	0.8176	0.8569	0.8092	0.922
419	0.02044	0.03634	0.5039	1.244	0.4977	1.145
420	0.04598	0.03738	1.338	1.076	1.303	0.9961
421	0.03333	0.02263	0.9805	0.5679	0.753	0.5973
422	0.02568	0.03169	0.6669	0.8286	0.7198	0.8733
423	0.02618	0.02609	0.6653	0.654	0.6509	0.6961
424	0.04065	0.03916	1.041	1.025	1.229	1.06
425	0.03674	0.01991	1.088	0.5153	0.8951	0.4562
426	0.03889	0.03383	1.053	0.9538	1.197	1.188
427	0.03196	0.04524	0.8655	1.184	0.8404	1.402
428	0.02458	0.03271	0.6907	0.8124	0.5639	0.8534
429	0.04122	0.04794	1.128	1.372	1.253	2.025
430	0.0318	0.04576	0.8607	1.232	0.8134	1.747
431	0.0287	0.03065	0.7424	0.7952	0.974	0.8679
432	0.04361	0.03962	1.285	1.101	1.24	1.144
433	0.02686	0.03176	0.6693	0.8986	0.7187	1.005
434	0.05134	0.03787	1.555	0.9588	1.477	1.087
435	0.04327	0.03847	1.136	1.034	1.29	1.178
436	0.03205	0.03503	0.9049	1.117	0.7993	0.8636
437	0.03632	0.03565	0.9869	1.0	1.086	1.066
438	0.04061	0.02924	1.035	0.7344	1.197	0.8101
439	0.03866	0.03732	1.003	0.982	1.29	1.544
440	0.04393	0.05242	1.184	1.473	1.225	1.611
441	0.03397	0.02468	0.8761	0.6109	0.995	0.6974
442	0.02337	0.03036	0.5777	0.7524	0.6158	0.8561
443	0.03198	0.03238	0.8379	0.8355	0.8883	0.9134
444	0.02827	0.03681	0.8596	1.329	0.6712	0.8673
445	0.0488	0.04329	1.372	1.123	1.463	1.292
446	0.04692	0.0482	1.388	1.355	1.388	1.459
447	0.03215	0.03257	0.8567	0.8346	0.8378	0.9563
448	0.03523	0.0361	0.9305	0.9223	0.9588	1.028
449	0.04287	0.05142	1.195	1.551	1.14	1.673
450	0.03492	0.02925	0.9055	0.7397	0.99	0.8241
451	0.03355	0.04244	0.927	1.147	0.9982	1.202
452	0.03184	0.03244	0.8954	0.7908	0.7917	1.003
453	0.03004	0.03626	0.805	0.8913	0.8334	1.128
454	0.03946	0.02877	1.038	0.7257	1.2	0.9267
455	0.03797	0.04413	1.102	1.497	0.9401	1.102
456	0.02516	0.02467	0.6528	0.6178	0.6445	0.6882
457	0.03637	0.03677	0.9427	0.9596	0.9847	1.066
458	0.03683	0.04473	0.9982	1.2	1.029	1.217
459	0.0394	0.03724	1.032	0.9819	1.015	1.08
460	0.03232	0.03472	0.8675	1.097	0.9709	1.021
461	0.05097	0.02035	1.436	0.6284	1.482	0.5763
462	0.0299	0.03087	0.7688	0.7901	0.7903	0.8612
463	0.01971	0.03045	0.5145	0.7742	0.5719	0.7818
464	0.04026	0.03982	1.06	1.114	1.146	1.163
465	0.02309	0.03938	0.5842	1.004	0.6015	1.115
466	0.0357	0.02883	0.9375	0.7263	0.982	0.8026
467	0.03019	0.03671	0.7739	0.9397	0.8566	1.164
468	0.03463	0.04173	0.8934	1.086	0.9742	1.214
469	0.0366	0.02856	0.9377	0.7503	1.09	0.7671
470	0.03268	0.02548	0.8381	0.7089	0.9261	0.6663
471	0.03318	0.03485	0.8622	0.8793	1.016	0.911
472	0.03067	0.03294	0.7856	0.855	0.852	0.9829
473	0.02741	0.04276	0.7854	1.15	0.6063	1.196
474	0.03538	0.02728	0.9287	0.7145	0.9502	0.7642
475	0.01481	0.02648	0.3621	0.7399	0.4483	0.7976
476	0.03216	0.03738	0.8177	1.005	0.9642	0.9673
477	0.0358	0.04015	0.9642	1.083	1.061	1.13
478	0.03183	0.02505	0.8156	0.632	0.8661	0.6403
479	0.03391	0.03263	0.9068	0.8301	0.9372	0.9716
480	0.03295	0.04455	0.8626	1.195	0.8781	1.393
481	0.04848	0.03589	1.322	1.139	1.389	1.037
482	0.0292	0.03131	0.7429	0.8215	0.8475	1.021
483	0.03602	0.03813	0.932	0.9603	1.05	1.03
484	0.02978	0.0543	0.9055	2.415	0.8047	1.836
485	0.0326	0.04785	0.8479	1.617	0.7682	1.21
486	0.03785	0.03905	1.0	1.082	1.1	1.166
487	0.04075	0.03872	1.071	0.9926	1.172	1.229
488	0.02248	0.03274	0.5728	0.8992	0.5689	0.9267
489	0.03708	0.03152	1.359	1.232	1.224	0.7594
490	0.03325	0.04098	0.8635	1.139	0.8801	1.315
491	0.05222	0.04057	1.52	1.285	1.31	1.106
492	0.02858	0.04835	0.762	1.325	0.8133	1.523
493	0.04862	0.04295	1.485	1.17	1.378	1.092
494	0.03547	0.02564	0.9361	0.6809	0.9557	0.7074
495	0.04585	0.03479	1.278	0.9777	1.333	0.9632
496	0.02697	0.03371	0.6727	0.9196	0.7177	0.8556
497	0.04658	0.0405	1.503	1.356	1.487	1.231
498	0.05235	0.04996	1.862	1.502	1.277	1.314
499	0.03833	0.04097	0.998	1.077	1.07	1.229
500	0.02702	0.0389	0.6758	0.9762	0.7286	1.13
501	0.03244	0.03189	0.8448	0.815	0.9599	0.9425
502	0.04263	0.03195	1.128	0.816	1.19	1.088
503	0.04209	0.03654	1.136	0.9399	1.224	0.9878
504	0.04298	0.04592	1.136	1.264	1.334	1.289
505	0.03022	0.02569	0.8562	0.783	0.8376	0.6431
506	0.04008	0.03966	1.068	1.07	1.094	1.089
507	0.02047	0.04535	0.5134	1.302	0.5149	1.31
508	0.03831	0.03599	0.9978	0.9415	1.214	1.209
509	0.03495	0.03115	1.034	0.9553	0.8659	0.7538
510	0.03171	0.02621	0.8223	0.6519	0.8999	0.7313
511	0.03417	0.04202	0.8837	1.149	0.9508	1.17
512	0.03232	0.04461	0.8014	1.267	0.9353	1.275
513	0.04424	0.04816	1.254	1.338	1.369	1.36
514	0.04628	0.02037	1.241	0.5034	1.404	0.6217
515	0.04036	0.0482	1.075	1.321	1.184	1.389
516	0.04089	0.03368	1.09	0.8564	1.209	1.042
517	0.02666	0.04729	0.6569	1.365	0.7444	1.721
518	0.02862	0.02574	0.7249	0.688	0.8122	0.7508
519	0.02326	0.02438	0.5811	0.5901	0.7362	0.7988
520	0.03646	0.04193	0.9288	1.125	1.176	1.169
521	0.02979	0.03216	0.7824	0.8661	0.742	0.8832
522	0.02706	0.03178	0.682	0.8094	0.6925	0.8753
523	0.04271	0.02102	1.13	0.5885	1.24	0.5638
524	0.04299	0.04378	1.211	1.172	1.211	1.25
525	0.02864	0.03117	0.7353	0.9045	0.7279	0.7651
526	0.02787	0.0293	0.7099	0.7421	0.7818	0.8616
527	0.02522	0.03073	0.6254	0.8968	0.8955	1.272
528	0.03172	0.03632	0.8421	0.9231	0.8171	1.152
529	0.02498	0.01663	0.635	0.4129	0.6232	0.5205
530	0.05584	0.03301	1.553	0.8839	1.58	0.9518
531	0.0419	0.03755	1.177	0.9979	1.192	1.058
532	0.0294	0.02398	0.7509	0.6025	0.8692	0.6484
533	0.03725	0.03254	0.9797	0.918	1.224	1.206
534	0.03343	0.03976	0.8609	1.134	1.091	1.126
535	0.04078	0.02874	1.137	0.7431	1.428	0.886
536	0.0337	0.04722	0.8383	1.366	0.9277	1.358
537	0.03643	0.04342	0.9411	1.158	1.048	1.416
538	0.02623	0.03705	0.7108	0.9531	0.6689	1.194
539	0.04746	0.03065	1.289	0.7956	1.506	0.8685
540	0.03296	0.02641	0.9866	0.7077	0.8215	0.6279
541	0.03189	0.0338	0.8163	0.8763	0.8953	0.9912
542	0.0437	0.02499	1.138	0.6103	1.343	0.7297
543	0.03885	0.03351	1.0	0.9382	1.216	1.135
544	0.04434	0.04622	1.164	1.291	1.349	1.375
545	0.03449	0.03085	0.911	0.7893	0.9989	0.8426
546	0.02687	0.03334	0.6703	0.8838	0.7167	0.9373
547	0.02931	0.03308	0.7435	0.8478	0.8054	0.9254
548	0.03051	0.02733	0.8671	0.8112	0.7715	0.6887
549	0.03959	0.03085	1.034	0.8185	1.196	0.8139
550	0.04021	0.04518	1.05	1.188	1.224	1.279
551	0.03654	0.02819	0.9502	0.7424	1.092	0.7757
552	0.03523	0.042	0.9144	1.108	0.9553	1.273
553	0.0412	0.04597	1.109	1.249	1.303	1.382
554	0.03159	0.0306	0.8056	0.7851	0.907	0.884
555	0.01841	0.0226	0.4641	0.5569	0.5118	0.6301
556	0.03953	0.02736	1.011	0.7629	1.066	0.7403
557	0.03258	0.0342	0.7812	0.8732	1.246	1.052
558	0.04212	0.03705	1.057	0.9426	1.373	1.218
559	0.0541	0.03464	2.077	1.008	1.383	0.7763
560	0.02652	0.02483	0.6706	0.6137	0.7161	0.6696
561	0.032	0.02768	0.8186	0.6939	0.9193	0.7565
562	0.03556	0.02921	0.9648	0.7544	1.009	0.7347
563	0.03758	0.01818	0.9937	0.454	1.053	0.5078
564	0.0289	0.03	0.7721	0.7881	0.704	0.8407
565	0.05112	0.04361	1.469	1.137	1.457	1.356
566	0.03179	0.03005	0.8738	0.7557	0.9563	1.089
567	0.02802	0.02704	0.6929	0.6918	0.7332	0.7133
568	0.03365	0.02492	0.9492	0.6784	1.021	0.6531
569	0.03631	0.04511	1.004	1.221	1.023	1.283
570	0.02606	0.02814	0.6528	0.7158	0.7108	0.74
571	0.02886	0.04279	0.7167	1.112	0.7888	1.439
572	0.04383	0.04271	1.162	1.169	1.306	1.358
573	0.02895	0.0328	0.7719	0.948	0.7219	0.9439
574	0.02574	0.02892	0.6586	0.7088	0.6481	0.8642
575	0.03795	0.03561	0.9801	0.9606	0.9708	0.9024
576	0.01972	0.02213	0.4814	0.577	0.4782	0.5503
577	0.03597	0.02725	1.095	0.7421	0.8815	0.6486
578	0.04237	0.04297	1.123	1.201	1.282	1.253
579	0.03033	0.03006	0.8058	0.7814	0.9237	0.9607
580	0.04082	0.03666	1.089	0.9456	1.211	0.9821
581	0.04098	0.02387	1.091	0.5938	1.298	0.6454
582	0.02945	0.0336	0.7736	0.855	0.8495	0.9409
583	0.02986	0.03559	0.7713	0.9305	0.8775	1.061
584	0.02918	0.04129	0.7496	1.096	0.8452	1.206
585	0.03826	0.03383	1.088	0.975	1.009	0.8937
586	0.03774	0.03627	1.002	0.9301	1.144	0.9935
587	0.03564	0.02879	0.913	0.71	0.8975	0.7442
588	0.04024	0.03601	1.067	0.9382	1.205	1.086
589	0.02232	0.0314	0.6293	0.8741	0.5666	0.7645
590	0.0362	0.04294	0.9341	1.175	1.04	1.206
591	0.0351	0.04697	0.8829	1.294	0.9406	1.287
592	0.04035	0.04518	1.285	1.418	0.9312	1.125
593	0.01567	0.02058	0.3829	0.5162	0.3862	0.5182
594	0.03836	0.03524	1.061	0.9937	1.184	1.543
595	0.03534	0.03556	0.9207	0.9778	0.9575	0.9718
596	0.04064	0.01202	1.031	0.2942	1.197	0.3195
597	0.04356	0.0401	1.163	1.045	1.157	1.069
598	0.03777	0.03829	0.9956	0.969	1.072	1.127
599	0.04623	0.03547	1.212	0.9537	1.445	1.031
600	0.02964	0.02158	0.7573	0.547	0.8016	0.5988
601	0.0279	0.04673	0.7118	1.294	0.8012	1.204
602	0.03693	0.05323	1.024	1.643	0.9619	1.299
603	0.03912	0.04451	1.028	1.147	1.141	1.469
604	0.03373	0.02726	0.8683	0.6857	0.9171	0.724
605	0.03542	0.04247	0.9272	1.301	1.013	1.704
606	0.02906	0.03897	0.7777	0.9917	0.8684	1.265
607	0.03267	0.03288	0.8312	0.8327	0.8912	0.8785
608	0.03985	0.0511	1.076	1.453	1.11	1.744
609	0.03786	0.04441	0.9751	1.432	1.062	1.236
610	0.0296	0.04559	0.7619	1.195	0.7833	1.306
611	0.02717	0.03782	0.6973	0.9999	0.712	1.247
612	0.03878	0.03122	1.043	0.8878	1.125	1.108
613	0.03666	0.0343	1.082	1.056	0.8998	0.909
614	0.02907	0.02924	0.7469	0.7302	0.8022	0.7792
615	0.02638	0.03972	0.6509	1.026	0.7052	1.113
616	0.03441	0.02499	0.8819	0.6186	1.016	0.7005
617	0.03519	0.0352	0.9596	1.027	0.9791	1.017
618	0.0393	0.02505	1.02	0.6741	1.222	0.5943
619	0.03208	0.02968	0.8202	0.786	0.9465	0.8069
620	0.03246	0.03701	0.8488	0.9637	0.8896	1.106
621	0.03113	0.03389	0.8294	0.8638	0.8501	0.9512
622	0.03189	0.02915	0.8348	0.7445	0.9154	0.8751
623	0.02811	0.03946	0.722	1.077	0.8477	1.128
624	0.03436	0.0254	0.8782	0.6646	1.082	0.7007
625	0.03175	0.02362	0.7996	0.6194	0.8696	0.5792
626	0.02799	0.02207	0.7048	0.5468	0.7266	0.5879
627	0.04174	0.04778	1.097	1.287	1.202	1.51
628	0.05261	0.03855	1.495	1.093	1.642	1.058
629	0.02247	0.03162	0.5587	0.872	0.6005	0.846
630	0.02444	0.02575	0.6089	0.6354	0.6275	0.6987
631	0.0313	0.03102	0.8381	0.7994	1.02	1.282
632	0.03332	0.04353	0.9173	1.175	0.8885	1.209
633	0.03669	0.01848	0.9892	0.4714	1.527	0.5007
634	0.03188	0.03499	0.8512	0.9331	0.919	1.008
635	0.03638	0.03988	0.9499	1.097	0.957	1.229
636	0.02233	0.03196	0.5497	0.7987	0.5327	0.8786
637	0.03494	0.03943	0.927	1.226	1.048	1.278
638	0.02789	0.02872	0.7355	0.764	0.7157	0.9382
639	0.03036	0.02509	0.7721	0.6481	0.9058	0.6519
640	0.04128	0.03991	1.091	1.091	1.215	1.139
641	0.02234	0.03502	0.5654	0.9163	0.5537	1.03
642	0.04524	0.04057	1.325	1.039	1.417	1.243
643	0.04126	0.02468	1.097	0.6049	1.206	0.6718
644	0.04507	0.03309	1.368	0.935	1.218	0.9233
645	0.03576	0.02111	0.9093	0.5312	1.078	0.6392
646	0.04387	0.02328	1.171	0.5816	1.223	0.6552
647	0.05501	0.03467	1.659	0.9225	1.781	1.115
648	0.04226	0.04473	1.101	1.2	1.321	1.278
649	0.03458	0.02873	0.9212	0.7856	0.9091	0.8204
650	0.03414	0.03378	0.8862	0.9235	1.088	1.055
651	0.03746	0.02541	0.9889	0.6301	1.043	0.7061
652	0.02035	0.01854	0.6338	0.5681	0.633	0.438
653	0.03748	0.03981	0.9837	1.135	1.062	1.233
654	0.0427	0.04198	1.215	1.12	1.306	1.326
655	0.0309	0.03443	0.7772	0.8976	0.8041	1.132
656	0.02656	0.03301	0.6965	0.829	0.6683	0.9047
657	0.04902	0.05027	1.344	1.37	1.483	1.572
658	0.04574	0.02595	1.259	0.7178	1.335	0.746
659	0.02856	0.0193	0.7136	0.4671	0.9341	0.4925
660	0.02918	0.04119	0.6999	1.076	0.7685	1.134
661	0.02822	0.03073	0.7084	0.7754	0.7787	0.9447
662	0.02385	0.03317	0.6074	0.8529	0.7935	0.9288
663	0.03642	0.03933	1.02	1.285	0.9542	0.9346
664	0.03219	0.02393	0.8345	0.5741	0.8885	0.6087
665	0.0302	0.02436	0.7919	0.6109	0.8447	0.6781
666	0.03709	0.03474	1.015	0.9187	1.027	1.002
667	0.03565	0.02851	0.9204	0.7735	0.8444	0.819
668	0.02662	0.05753	0.6851	1.696	0.6715	1.628
669	0.04469	0.03774	1.194	0.9978	1.346	1.143
670	0.02947	0.03711	0.8211	0.9394	0.7463	1.08
671	0.02852	0.02393	0.7289	0.5838	0.7424	0.6204
672	0.04073	0.04329	1.115	1.133	1.182	1.315
673	0.04146	0.03438	1.087	0.8895	1.225	0.9099
674	0.03154	0.02623	0.7923	0.6611	0.8532	0.7052
675	0.03571	0.04663	0.9796	1.253	0.9876	1.575
676	0.02526	0.03562	0.6518	0.9816	0.6207	0.9273
677	0.03376	0.03298	0.9199	0.8556	1.023	0.9492
678	0.02801	0.02466	0.711	0.6147	0.6842	0.6519
679	0.02573	0.02402	0.6582	0.6198	0.7331	0.9059
680	0.04009	0.03782	1.042	0.9562	1.275	1.533
681	0.03284	0.04468	1.003	1.581	0.829	1.287
682	0.03146	0.02981	0.8518	0.8241	0.8694	0.8276
683	0.04108	0.03678	1.088	0.9206	1.296	1.036
684	0.03131	0.03392	0.8213	0.8543	0.8623	0.9038
685	0.0353	0.03875	0.9981	1.078	1.127	1.269
686	0.03615	0.02875	0.9702	0.7628	1.014	0.8107
687	0.02913	0.03388	0.7297	0.8531	0.7802	0.9357
688	0.03229	0.03184	0.8229	0.8027	0.8873	0.9014
689	0.03658	0.03922	0.9274	1.053	1.096	1.155
690	0.03025	0.03142	0.7798	0.8011	0.8109	0.884
691	0.03506	0.03002	0.9133	0.7473	0.9872	0.8456
692	0.02262	0.02915	0.573	0.7432	0.7718	0.9015
693	0.02283	0.01761	0.576	0.4469	0.5142	0.9221
694	0.02734	0.03075	0.6922	0.786	0.7332	0.8717
695	0.02979	0.029	0.7708	0.7306	0.8373	0.736
696	0.03462	0.03996	1.042	1.159	0.932	0.9694
697	0.0256	0.02021	0.7826	0.5061	0.6294	0.5238
698	0.03499	0.04636	1.008	1.398	1.28	1.525
699	0.02955	0.03047	0.7828	0.788	0.7838	0.8349
700	0.03014	0.04322	0.8121	1.172	0.8796	1.283
701	0.04039	0.04573	1.07	1.231	1.221	1.297
702	0.039	0.03585	1.051	0.9495	0.982	0.9324
703	0.03744	0.04228	1.033	1.139	1.019	1.33
704	0.02694	0.02635	0.6781	0.676	0.6912	0.703
705	0.03429	0.04011	0.8927	1.046	0.9986	1.2
706	0.03637	0.03277	1.071	0.871	0.8432	0.9
707	0.03473	0.04376	0.886	1.163	0.9852	1.258
708	0.03238	0.02755	0.8628	0.7189	0.881	0.729
709	0.03203	0.0362	0.8633	0.9751	0.8933	1.161
710	0.01479	0.03277	0.3747	0.8856	0.4681	1.076
711	0.03664	0.03167	0.9201	0.7952	1.056	0.9015
712	0.03998	0.03603	1.038	1.068	1.209	1.095
713	0.03881	0.04464	1.005	1.238	1.155	1.453
714	0.03306	0.03953	0.8554	1.077	0.9137	1.264
715	0.03564	0.03818	0.9339	0.9958	1.055	1.086
716	0.04428	0.02848	1.162	0.7229	1.467	0.9577
717	0.03203	0.02901	0.8358	0.8936	0.7848	0.8232
718	0.02802	0.03012	0.7042	0.7993	0.7803	0.8565
719	0.02526	0.03582	0.6992	0.9063	0.6321	1.078
720	0.02312	0.04037	0.5716	1.07	0.5566	1.104
721	0.03773	0.02818	1.01	0.7222	1.104	0.8085
722	0.03155	0.01124	0.8019	0.2693	0.8409	0.3233
723	0.03963	0.04509	1.05	1.209	1.156	1.227
724	0.0339	0.03365	0.8625	0.8588	0.9911	0.9156
725	0.03181	0.02768	0.8689	0.7059	1.103	0.8069
726	0.03219	0.02447	0.8846	0.6359	1.013	0.6426
727	0.03101	0.04912	0.7673	1.345	0.8061	1.735
728	0.03848	0.03997	0.9939	0.9824	1.338	1.448
729	0.03006	0.02088	0.7816	0.5457	0.8039	0.5347
730	0.03624	0.0363	0.9213	0.9593	0.9482	0.9652
731	0.0328	0.03326	0.8393	0.8498	1.006	0.9924
732	0.02474	0.03005	0.6307	0.7881	0.6809	0.8137
733	0.03253	0.03065	0.9716	0.9292	0.8589	0.6734
734	0.03013	0.02784	0.7905	0.6749	0.839	0.8036
735	0.0344	0.04	0.9473	1.037	1.137	1.167
736	0.03828	0.03286	1.024	0.8186	1.064	0.8891
737	0.02719	0.02487	0.6853	0.6369	0.7524	0.5955
738	0.03586	0.05476	0.9097	1.51	1.005	1.549
739	0.04121	0.03081	1.174	0.7784	1.148	0.9613
740	0.0323	0.02555	0.8166	0.6462	0.8724	0.7566
741	0.03279	0.03931	0.8543	1.123	1.023	1.187
742	0.03869	0.03666	1.07	0.9694	1.175	1.208
743	0.02945	0.03889	0.774	1.121	0.8095	1.211
744	0.02598	0.03297	0.6741	0.8513	0.6469	0.9151
745	0.02613	0.03377	0.6584	0.8581	0.6376	0.9869
746	0.04152	0.04621	1.229	1.311	1.149	1.261
747	0.02251	0.03924	0.5657	1.047	0.5287	1.134
748	0.04162	0.03712	1.283	1.108	1.014	0.9155
749	0.03755	0.03552	0.9921	0.9306	1.018	1.076
750	0.02609	0.03302	0.6692	0.8285	0.7501	0.9909
751	0.03469	0.03033	0.8833	0.785	1.132	0.879
752	0.04364	0.04146	1.163	1.103	1.222	1.264
753	0.02818	0.03571	0.7098	0.9848	0.7749	1.108
754	0.02699	0.03002	0.6881	0.7664	0.7534	0.8592
755	0.02872	0.03022	0.7251	0.7773	0.8551	0.8017
756	0.0396	0.02022	1.08	0.503	1.028	0.492
757	0.03971	0.04555	1.069	1.228	1.114	1.289
758	0.04327	0.03943	1.162	1.059	1.307	1.102
759	0.0322	0.02921	0.8188	0.7657	0.8811	0.8035
760	0.02391	0.04196	0.6128	1.128	0.5777	1.215
761	0.03586	0.04262	0.9449	1.113	0.917	1.386
762	0.02809	0.03707	0.7015	0.9948	0.7604	1.084
763	0.03851	0.03413	1.048	0.8921	1.113	0.9449
764	0.03175	0.0319	0.8031	0.856	0.8751	0.8886
765	0.03881	0.03633	1.057	0.9948	1.13	1.173
766	0.02862	0.03289	0.7353	0.8147	0.7794	0.9803
767	0.03397	0.04813	1.048	1.455	0.7983	1.252
768	0.03243	0.03657	0.8459	0.9271	0.8525	1.042
769	0.02452	0.03919	0.6356	1.021	0.6278	1.184
770	0.03897	0.03198	1.03	0.822	1.12	0.7866
771	0.03788	0.04712	1.071	1.285	1.011	1.516
772	0.0238	0.02934	0.6128	0.7584	0.7492	0.7358
773	0.04907	0.03436	1.427	0.9307	1.403	0.9615
774	0.0265	0.02892	0.6755	0.7304	0.7907	0.7242
775	0.03143	0.03085	0.7783	0.7917	0.9573	0.8504
776	0.04165	0.03653	1.107	0.9942	1.249	1.166
777	0.03992	0.03277	1.051	0.8204	1.108	0.983
778	0.03667	0.03209	0.9547	0.8223	1.033	0.9002
779	0.03858	0.02363	1.045	0.5976	1.252	0.8809
780	0.0177	0.02781	0.4984	0.7154	0.5511	0.8032
781	0.03272	0.02447	0.8348	0.6208	0.9442	0.6136
782	0.02815	0.02531	0.7408	0.6337	0.7814	0.7026
783	0.03339	0.03984	0.8815	1.099	0.9617	1.074
784	0.03392	0.03503	0.8479	0.9054	0.9906	0.8988
785	0.03309	0.02823	0.9748	0.8101	0.754	0.7263
786	0.03292	0.03673	0.9892	0.965	0.911	1.144
787	0.039	0.03319	1.001	0.8721	1.083	1.064
788	0.0325	0.03013	0.8112	0.7733	0.9102	0.7733
789	0.04831	0.04665	1.398	1.311	1.605	1.386
790	0.02976	0.02964	0.7477	0.7461	0.7692	0.7833
791	0.0348	0.03322	0.9483	0.8382	1.025	0.8641
792	0.03608	0.02694	0.9085	0.6752	1.096	0.7669
793	0.03108	0.04132	0.8526	1.099	0.8586	1.166
794	0.03686	0.03438	0.951	0.8613	1.047	1.043
795	0.02912	0.02352	0.7379	0.5778	0.7974	0.6104
796	0.03815	0.03655	0.9983	0.9547	1.098	1.107
797	0.02808	0.0359	0.7223	0.9544	0.6902	0.8798
798	0.03719	0.0366	0.9961	0.9212	1.069	1.039
799	0.03891	0.04114	1.048	1.098	1.156	1.111
800	0.03937	0.02868	1.071	0.7425	0.9313	0.7518
801	0.02886	0.02229	0.8375	0.5662	0.6966	0.6474
802	0.03817	0.03179	1.091	0.8665	1.354	1.033
803	0.03569	0.03364	0.9118	1.017	0.9198	0.9506
804	0.03284	0.03733	0.8844	0.9423	1.037	1.122
805	0.03417	0.03565	0.9063	0.937	0.9733	0.9935
806	0.04115	0.03364	1.091	0.8695	1.068	0.9357
807	0.04667	0.04059	1.288	1.108	1.498	1.231
808	0.0341	0.02551	0.9027	0.6594	0.9202	0.6686
809	0.04265	0.04255	1.197	1.139	1.253	1.271
810	0.02762	0.04371	0.7694	1.43	0.6705	1.045
811	0.03621	0.03995	0.9586	1.203	1.04	1.098
812	0.02806	0.0283	0.6969	0.7343	0.7282	0.7593
813	0.03959	0.03826	1.016	0.9899	1.144	1.131
814	0.04065	0.04056	1.086	1.102	1.186	1.201
815	0.02715	0.02036	0.6816	0.5064	0.7422	0.6203
816	0.009432	0.03644	0.2427	0.9753	0.2927	1.295
817	0.04362	0.0225	1.151	0.5703	1.371	0.681
818	0.03451	0.03397	0.9131	0.8965	0.9008	0.8257
819	0.02439	0.03296	0.6133	0.8482	0.6633	0.9721
820	0.0414	0.03116	1.126	0.8252	1.273	1.09
821	0.02631	0.03035	0.7441	0.7991	0.6332	0.8373
822	0.03125	0.02925	0.806	0.7395	0.905	0.7659
823	0.03503	0.0265	0.9765	0.6656	0.938	0.7254
824	0.03244	0.03259	0.8457	0.8736	0.9343	0.8987
825	0.0347	0.041	0.9319	1.15	1.089	1.145
826	0.0401	0.02185	1.05	0.5584	1.203	0.6045
827	0.04053	0.04222	1.064	1.188	1.137	1.201
828	0.02902	0.03752	0.7653	1.037	0.8119	1.047
829	0.03127	0.01979	0.8172	0.4836	0.8742	0.5081
830	0.0334	0.02972	0.8685	0.801	0.8956	0.7967
831	0.03589	0.03382	0.907	0.9372	0.9866	0.832
832	0.02508	0.0333	0.6395	0.8752	0.6286	0.9157
833	0.03699	0.04215	1.011	1.116	1.091	1.293
834	0.02942	0.02845	0.7346	0.7157	0.7767	0.7805
835	0.03075	0.03172	0.8105	0.7924	0.8328	0.9122
836	0.03946	0.04316	1.037	1.16	1.177	1.27
837	0.02877	0.02777	0.8181	0.796	0.7482	0.701
838	0.03129	0.02869	0.8153	0.716	0.9025	0.7895
839	0.03439	0.03833	0.891	1.028	0.9105	1.123
840	0.04104	0.03676	1.085	0.9228	1.16	1.091
841	0.01798	0.01658	0.4879	0.423	0.5065	0.4308
842	0.02487	0.03628	0.6201	1.034	0.6395	1.052
843	0.03403	0.03192	0.9444	0.8222	0.9049	1.019
844	0.02189	0.0328	0.5354	0.8289	0.5957	0.9573
845	0.03703	0.03514	0.9452	0.9419	1.261	1.35
846	0.04811	0.03177	1.339	0.8186	1.538	1.028
847	0.03436	0.02937	0.9146	0.7573	0.8828	0.8283
848	0.02466	0.03516	0.6428	0.8834	0.6373	1.098
849	0.02243	0.02345	0.5497	0.5721	0.5646	0.5906
850	0.03969	0.03396	1.04	0.9097	1.152	0.9845
851	0.03733	0.03771	0.9758	0.9819	1.163	1.064
852	0.03693	0.03775	1.08	1.128	0.9575	0.8727
853	0.03227	0.02633	0.8185	0.6899	0.864	0.7432
854	0.04255	0.03694	1.132	0.9951	1.232	1.018
855	0.02989	0.02953	0.7815	0.7531	0.8049	0.7646
856	0.03997	0.03744	1.066	0.9452	1.127	1.1
857	0.02767	0.02749	0.6859	0.6959	0.7859	0.711
858	0.03099	0.02916	0.838	0.7531	0.9303	0.7717
859	0.03443	0.02676	0.9291	0.6677	1.014	0.7643
860	0.03831	0.02327	1.079	0.6008	1.025	0.5808
861	0.04216	0.02424	1.157	0.6594	1.305	0.6741
862	0.04116	0.03811	1.134	1.017	1.127	1.092
863	0.02833	0.03971	0.726	1.038	0.7807	1.142
864	0.03471	0.02872	0.8853	0.7017	0.9941	0.7343
865	0.04057	0.04567	1.058	1.263	1.165	1.415
866	0.03689	0.04161	0.9688	1.105	1.07	1.194
867	0.02932	0.02484	0.8315	0.6929	0.8572	0.6426
868	0.03814	0.02802	0.9772	0.6878	1.027	0.7343
869	0.04001	0.02754	1.073	0.6731	1.133	0.8243
870	0.02621	0.02938	0.6846	0.696	0.7477	1.063
871	0.04342	0.02494	1.229	0.6028	1.068	0.6431
872	0.02208	0.03603	0.5547	0.9315	0.5466	1.075
873	0.0379	0.03653	0.9962	0.963	0.9805	1.073
874	0.0324	0.02684	0.8727	0.7413	0.9468	0.6731
875	0.03411	0.0255	0.8634	0.66	0.8773	0.6713
876	0.03404	0.03865	0.8993	1.155	0.8887	1.053
877	0.02601	0.03224	0.7147	0.9208	0.7254	0.9486
878	0.03373	0.03258	0.8946	0.8412	0.8827	0.9517
879	0.03139	0.02583	0.7838	0.6529	0.8475	0.7281
880	0.01662	0.02387	0.4119	0.6274	0.5697	0.6678
881	0.02611	0.03892	0.6729	1.075	0.6847	1.126
882	0.02898	0.02625	0.7245	0.6487	0.7302	0.7351
883	0.03797	0.04643	1.114	1.319	1.16	1.435
884	0.0358	0.03472	0.9874	0.9461	1.126	0.9884
885	0.03437	0.02919	0.8803	0.7477	0.9481	0.9779
886	0.03583	0.02691	0.9895	0.6855	1.036	0.6807
887	0.03242	0.03112	0.8548	0.8168	0.9572	0.9702
888	0.03155	0.02107	0.8052	0.516	0.8394	0.5388
889	0.02479	0.02546	0.6562	0.6843	0.5576	0.6073
890	0.04174	0.02864	1.139	0.7304	1.181	0.7944
891	0.03767	0.03354	1.108	0.8968	1.05	0.9387
892	0.03871	0.02624	1.056	0.6641	1.094	0.6433
893	0.0336	0.03139	0.884	0.8422	0.9596	1.07
894	0.03184	0.02771	0.8271	0.6807	0.9229	0.7745
895	0.04129	0.03209	1.138	0.8089	1.226	0.9551
896	0.04192	0.03004	1.089	0.7719	1.315	0.8021
897	0.02765	0.03818	0.7805	1.202	0.7339	1.077
898	0.02793	0.02584	0.7126	0.6633	0.7573	0.7227
899	0.03256	0.03093	0.8104	0.8037	0.8163	0.9141
900	0.0351	0.04099	0.8965	1.087	1.028	1.242
901	0.03909	0.02753	1.194	0.8128	0.8976	0.6683
902	0.02374	0.03503	0.6522	0.9127	0.5982	0.9936
903	0.02955	0.03363	0.7757	0.861	0.7851	0.977
904	0.03351	0.03873	0.9026	1.151	0.8326	0.8937
905	0.03072	0.03676	0.7813	0.9489	0.798	1.114
906	0.04047	0.03686	1.158	1.046	1.253	1.222
907	0.03728	0.03254	0.9634	0.9809	1.277	0.8977
908	0.0372	0.0303	0.9755	0.7893	1.128	0.8224
909	0.04009	0.03754	1.104	1.025	1.16	1.177
910	0.03186	0.04778	0.811	1.403	0.9538	1.505
911	0.04153	0.04065	1.116	1.082	1.172	1.153
912	0.02964	0.0229	0.7601	0.5785	0.8598	0.6331
913	0.02704	0.03401	0.701	0.9201	0.7301	0.8827
914	0.05732	0.03477	1.707	0.9569	1.585	0.8823
915	0.0356	0.02847	0.922	0.718	1.025	0.8062
916	0.03479	0.03784	0.8943	1.104	0.9612	1.066
917	0.0278	0.04079	0.6981	1.134	0.7483	1.247
918	0.02541	0.03641	0.638	0.9446	0.7366	1.123
919	0.03703	0.03505	0.9444	0.9179	0.9729	0.9594
920	0.03825	0.02865	1.011	0.7409	1.039	0.76
921	0.03613	0.04004	0.9285	1.093	1.138	1.197
922	0.03953	0.02907	1.102	0.7232	1.029	0.7879
923	0.02435	0.0343	0.6303	0.8782	0.6415	0.8979
924	0.03579	0.03508	0.8815	0.9022	1.313	1.096
925	0.03756	0.03154	0.9862	0.9471	0.8768	0.8445
926	0.02981	0.02859	0.7583	0.7196	0.8265	0.792
927	0.03032	0.02678	0.7679	0.6461	0.7976	0.6674
928	0.02861	0.03579	0.7245	0.9202	0.7338	1.038
929	0.03908	0.02882	1.05	0.7804	1.149	0.8486
930	0.03503	0.03251	0.8946	0.854	1.072	0.9901
931	0.02212	0.04293	0.5564	1.299	0.549	1.141
932	0.03266	0.02858	0.8312	0.6967	0.9756	0.9065
933	0.02074	0.01897	0.5005	0.4573	0.5158	0.4768
934	0.01866	0.0282	0.4933	0.7249	0.5506	0.7425
935	0.03875	0.03149	1.026	0.8052	1.037	0.9191
936	0.01739	0.03775	0.4556	0.9808	0.6397	0.9927
937	0.02978	0.02775	0.7821	0.7021	0.8922	0.8721
938	0.02323	0.02918	0.5833	0.7793	0.597	0.7771
939	0.0373	0.04014	0.9888	1.081	1.05	1.13
940	0.03987	0.03147	1.111	0.8127	1.141	0.8307
941	0.03116	0.02702	1.027	1.008	0.8365	0.648
942	0.02417	0.02804	0.635	0.7115	0.6343	0.8683
943	0.02965	0.04335	0.8082	1.216	0.8837	1.276
944	0.02867	0.0357	0.7407	0.9236	0.7324	1.007
945	0.02755	0.02438	0.7632	0.6151	0.7194	0.6093
946	0.04853	0.05265	1.295	1.455	1.514	1.42
947	0.0328	0.03202	0.8769	0.8353	0.9153	0.9063
948	0.02429	0.02882	0.5915	0.7192	0.6371	0.7721
949	0.04009	0.03557	1.075	0.9913	1.42	1.22
950	0.03179	0.04358	0.8598	1.287	0.8607	1.314
951	0.02325	0.02788	0.5931	0.7124	0.5708	0.7236
952	0.03496	0.03528	0.9112	0.9655	0.9838	0.9732
953	0.02085	0.03581	0.5095	0.9785	0.5093	1.218
954	0.03742	0.03614	0.9571	0.902	1.121	1.029
955	0.03179	0.03606	0.8567	0.9514	0.8952	1.046
956	0.02483	0.03464	0.665	0.9796	0.6008	0.9131
957	0.03051	0.03949	0.8196	1.055	0.8112	1.255
958	0.03573	0.0278	0.9104	0.71	0.9875	0.8052
959	0.03092	0.04246	0.7919	1.13	0.8727	1.321
960	0.03677	0.03765	0.9755	0.9821	1.038	1.047
961	0.02656	0.02415	0.6694	0.5916	0.7056	0.6478
962	0.03148	0.03093	0.8166	0.7906	0.8531	0.8493
963	0.03532	0.03315	0.9355	0.8371	1.051	0.9693
964	0.03061	0.03201	0.8184	0.8558	0.8193	0.7897
965	0.03666	0.02448	0.9625	0.6648	0.9987	0.7022
966	0.03675	0.04236	1.002	1.163	1.069	1.224
967	0.03219	0.02702	0.8332	0.7155	0.9455	0.8186
968	0.02553	0.0317	0.6371	0.8183	0.6907	0.9317
969	0.03477	0.03452	0.9464	0.9113	0.941	1.145
970	0.03207	0.02359	0.8089	0.5653	0.8887	0.6372
971	0.02392	0.01901	0.6088	0.4871	0.6609	0.4967
972	0.03082	0.03561	0.7779	0.924	0.7999	0.9479
973	0.0297	0.03402	0.7484	0.8761	0.862	1.038
974	0.03714	0.03569	0.987	0.9513	1.112	1.083
975	0.03261	0.0367	1.045	1.185	0.9238	0.8386
976	0.03206	0.02514	0.8814	0.629	0.8128	0.6985
977	0.035	0.02715	0.9415	0.6666	0.9784	0.7398
978	0.03247	0.02213	0.824	0.575	0.8911	0.5574
979	0.03816	0.03407	0.9695	0.905	1.184	1.02
980	0.02953	0.03163	0.7761	0.8695	0.7567	0.8916
981	0.02284	0.03024	0.5893	0.825	0.6393	0.8529
982	0.02839	0.03594	0.7235	0.9384	0.8186	1.046
983	0.02612	0.04149	0.6572	1.116	0.7029	1.211
984	0.03867	0.03725	1.047	0.9687	1.251	1.229
985	0.03301	0.03587	0.8622	0.9105	0.9318	1.132
986	0.03018	0.02239	0.7834	0.5458	0.8206	0.6028
987	0.03192	0.03348	0.8194	0.851	0.8223	1.0
988	0.02419	0.03775	0.6244	0.9488	0.7442	1.202
989	0.0412	0.02612	1.183	0.6521	1.237	0.6687
990	0.02538	0.03999	0.627	1.09	0.6808	1.152
991	0.03465	0.03591	0.8967	1.048	0.8568	1.044
992	0.0348	0.031	0.8925	0.849	1.008	0.9121
993	0.02871	0.03742	0.7702	1.087	0.7075	0.9655
994	0.03442	0.0377	0.8796	0.985	1.032	1.039
995	0.02852	0.03258	0.7741	0.8342	0.8167	0.9129
996	0.03429	0.04744	0.9112	1.321	0.9896	1.406
997	0.03961	0.02749	1.098	0.7	1.271	0.7878
998	0.02367	0.02139	0.597	0.5173	0.588	0.5451
999	0.03781	0.03222	0.9996	0.8315	1.053	0.8793
1000	0.02708	0.0245	0.6966	0.6105	0.7501	0.702
1001	0.0353	0.03343	0.9308	0.8509	0.968	0.9868
1002	0.04224	0.02786	1.161	0.6981	1.182	0.8349
1003	0.02975	0.03118	0.7866	0.8031	0.785	0.8336
1004	0.03833	0.03637	0.9762	0.9256	1.136	1.015
1005	0.02653	0.03817	0.6979	1.14	0.6355	1.227
1006	0.027	0.03305	0.6756	0.8536	0.7757	0.9126
1007	0.02979	0.02706	0.7675	0.7214	0.8678	0.7679
1008	0.0404	0.02271	1.181	0.6095	1.068	0.7557
1009	0.02979	0.02249	0.7823	0.5781	0.9158	0.5444
1010	0.03589	0.04157	0.9651	1.196	1.116	1.277
1011	0.04136	0.03157	1.107	0.9539	1.089	0.8615
1012	0.04076	0.03589	1.065	0.9287	1.178	1.058
1013	0.03064	0.04069	0.8323	1.035	0.7735	1.209
1014	0.02435	0.02381	0.6044	0.5864	0.6502	0.6225
1015	0.04068	0.03052	1.114	0.7882	1.142	0.8216
1016	0.03707	0.02974	1.012	0.7843	1.058	0.8274
1017	0.03336	0.03433	0.8853	1.012	0.9173	0.9706
1018	0.03627	0.03686	0.9429	1.08	0.95	0.962
1019	0.03621	0.04146	0.9334	1.079	1.072	1.301
1020	0.0322	0.03056	0.8177	0.7686	0.9042	0.8125
1021	0.02315	0.02404	0.5933	0.5795	0.6339	0.5934
1022	0.03945	0.02823	1.061	0.6827	1.242	0.8267
1023	0.03508	0.03576	0.9554	0.9705	1.009	0.9691
1024	0.04293	0.04569	1.16	1.229	1.404	1.768
1025	0.03716	0.0297	0.9713	0.7642	1.044	0.8639
1026	0.02915	0.03295	0.7366	0.8777	0.7839	0.9269
1027	0.02206	0.02587	0.5435	0.6925	0.5446	0.7478
1028	0.04348	0.03154	1.143	0.7894	1.358	1.206
1029	0.02646	0.02059	0.6711	0.5203	0.6801	0.603
1030	0.02815	0.0296	0.708	0.761	0.7428	0.8072
1031	0.02869	0.02165	0.7403	0.5765	0.761	0.5136
1032	0.02927	0.02715	0.7213	0.6933	0.8266	0.7055
1033	0.03304	0.03038	0.899	0.8134	0.9907	0.9175
1034	0.026	0.03414	0.6783	0.8632	0.6529	0.9905
1035	0.03582	0.04117	0.9183	1.166	0.9889	1.027
1036	0.0322	0.02825	0.9181	0.6932	0.8735	0.7588
1037	0.02882	0.02647	0.7238	0.7001	0.7714	0.7305
1038	0.02684	0.01886	0.6949	0.4878	0.7319	0.5057
1039	0.03731	0.03832	0.9922	1.015	1.182	1.061
1040	0.04268	0.03642	1.201	1.028	1.201	0.9494
