Step	Loss(S)	Loss(T)	fwd_S	fwd_T	rev_S	rev_T
1	3.12	0.0	3.12	2.648	5.241	3.16
2	2.11	0.0	2.11	3.35	2.415	2.861
3	4.093	0.0	4.093	3.145	3.982	2.248
4	3.361	0.0	3.361	2.844	3.024	2.221
5	5.078	0.0	5.078	2.276	4.868	2.524
6	1.589	0.0	1.589	2.112	1.559	1.949
7	1.304	0.0	1.304	2.028	3.061	3.275
8	2.599	0.0	2.599	1.963	3.665	2.074
9	3.783	0.0	3.783	2.769	4.957	3.232
10	1.412	0.0	1.412	1.885	1.862	1.416
11	1.647	0.0	1.647	1.443	1.93	1.655
12	1.6	0.0	1.6	1.551	1.94	1.52
13	1.383	0.0	1.383	1.168	1.991	1.636
14	2.421	0.0	2.421	2.201	2.638	2.965
15	1.323	0.0	1.323	1.695	1.65	1.94
16	2.065	0.0	2.065	1.64	2.544	1.799
17	1.235	0.0	1.235	1.45	1.637	1.994
18	1.409	0.0	1.409	0.7227	1.951	0.8327
19	1.195	0.0	1.195	1.206	1.604	1.379
20	1.159	0.0	1.159	1.108	1.355	1.286
21	0.5409	0.0	0.5409	0.5239	0.7371	0.956
22	0.9882	0.0	0.9882	1.188	1.189	1.453
23	1.137	0.0	1.137	0.859	1.327	0.9572
24	0.7711	0.0	0.7711	0.5416	1.029	0.6561
25	1.112	0.0	1.112	1.048	1.305	1.13
26	1.238	0.0	1.238	0.8222	1.393	1.038
27	0.6555	0.0	0.6555	1.275	0.9288	1.396
28	0.9339	0.0	0.9339	1.31	1.138	1.507
29	0.7124	0.0	0.7124	0.7927	0.9218	1.018
30	0.7662	0.0	0.7662	1.054	0.8911	1.714
31	0.9548	0.0	0.9548	1.056	1.239	1.398
32	0.9984	0.0	0.9984	0.649	1.09	0.8092
33	0.6838	0.0	0.6838	0.9617	1.014	0.9967
34	0.8779	0.0	0.8779	0.644	0.8821	0.7743
35	0.7083	0.0	0.7083	0.9419	1.014	1.064
36	1.003	0.0	1.003	0.8835	1.41	1.068
37	0.914	0.0	0.914	1.074	1.2	1.283
38	0.7714	0.0	0.7714	1.149	0.9506	1.322
39	1.816	0.0	1.816	1.881	2.183	2.176
40	0.5556	0.0	0.5556	0.5925	0.9669	0.8457
41	0.7647	0.0	0.7647	0.9063	0.9323	1.038
42	0.9384	0.0	0.9384	0.8858	1.16	0.7738
43	0.6808	0.0	0.6808	0.632	1.031	0.8027
44	0.7552	0.0	0.7552	1.044	0.8882	1.31
45	0.7029	0.0	0.7029	0.8325	0.946	0.9985
46	0.8187	0.0	0.8187	0.5829	1.042	0.6766
47	0.4996	0.0	0.4996	0.6416	0.6628	0.8286
48	0.9335	0.0	0.9335	0.6587	1.323	0.7783
49	0.6583	0.0	0.6583	0.9429	0.6462	1.246
50	0.8076	0.0	0.8076	0.8253	0.9345	0.9951
51	0.6737	0.0	0.6737	0.8212	0.7616	0.9273
52	0.7618	0.0	0.7618	0.1559	0.9335	0.1935
53	0.8143	0.0	0.8143	0.7691	0.8832	0.8531
54	0.7101	0.0	0.7101	0.5587	0.8253	0.6051
55	0.8766	0.0	0.8766	0.7898	0.9396	0.9255
56	0.4396	0.0	0.4396	0.7739	0.5259	0.9224
57	0.8513	0.0	0.8513	1.027	1.275	1.213
58	0.6703	0.0	0.6703	0.8746	0.7263	1.1
59	0.6932	0.0	0.6932	0.8892	0.9028	1.17
60	0.9325	0.0	0.9325	0.813	1.308	0.9851
61	0.6249	0.0	0.6249	0.5741	0.7683	0.7975
62	0.5002	0.0	0.5002	0.733	0.5468	0.8762
63	0.8465	0.0	0.8465	0.5627	1.027	0.6925
64	0.8358	0.0	0.8358	0.8369	0.9185	0.957
65	0.2857	0.0	0.2857	0.6944	0.4684	0.8293
66	0.4135	0.0	0.4135	0.6584	0.5007	0.8264
67	0.6936	0.0	0.6936	0.8669	0.9659	1.036
68	0.4512	0.0	0.4512	0.8005	0.6076	0.8434
69	0.5332	0.0	0.5332	0.6459	0.6826	0.7827
70	0.5659	0.0	0.5659	0.3361	0.6918	0.3579
71	0.5244	0.0	0.5244	0.9176	0.5998	1.03
72	0.4091	0.0	0.4091	0.6007	0.624	0.9021
73	0.6132	0.0	0.6132	0.673	0.7592	0.8823
74	0.5428	0.0	0.5428	0.7004	0.8	0.8737
75	0.762	0.0	0.762	1.005	0.8631	1.605
76	0.7977	0.0	0.7977	0.6888	1.186	0.8785
77	0.603	0.0	0.603	0.5877	0.7577	0.8175
78	0.9417	0.0	0.9417	1.023	1.213	1.469
79	0.6463	0.0	0.6463	0.7642	0.7427	1.01
80	0.5408	0.0	0.5408	0.497	0.668	0.61
81	0.6795	0.0	0.6795	0.5468	0.9106	0.7496
82	0.892	0.0	0.892	0.6522	1.234	0.8274
83	0.6823	0.0	0.6823	0.7077	0.8764	0.9533
84	0.7426	0.0	0.7426	0.5825	0.9065	0.65
85	0.6795	0.0	0.6795	0.988	1.241	1.463
86	0.3352	0.0	0.3352	0.722	0.3887	0.9153
87	0.8083	0.0	0.8083	0.5765	0.7918	0.7742
88	0.9738	0.0	0.9738	1.329	1.062	1.494
89	0.6286	0.0	0.6286	0.5828	0.8051	0.92
90	0.7199	0.0	0.7199	0.7326	0.8778	0.884
91	0.4163	0.0	0.4163	0.5342	0.4894	0.7519
92	0.7671	0.0	0.7671	0.7645	0.9759	0.926
93	0.5111	0.0	0.5111	0.5254	0.6227	0.5771
94	0.5728	0.0	0.5728	0.5725	0.7741	0.6689
95	0.678	0.0	0.678	0.6892	0.7259	0.883
96	0.6638	0.0	0.6638	0.5611	0.8843	0.6069
97	0.5935	0.0	0.5935	0.6352	0.7158	0.762
98	0.5621	0.0	0.5621	0.8179	0.8351	0.9721
99	0.8076	0.0	0.8076	0.6277	0.9842	0.7551
100	0.6459	0.0	0.6459	0.7326	0.9074	0.8322
101	0.4988	0.0	0.4988	0.678	0.7505	0.9642
102	0.4159	0.0	0.4159	0.6708	0.4684	0.768
103	0.4236	0.0	0.4236	0.4113	0.5872	0.4915
104	0.5891	0.0	0.5891	0.3018	0.9649	0.5734
105	0.6269	0.0	0.6269	0.5546	0.872	0.6254
106	0.6191	0.0	0.6191	0.7772	0.6824	0.8835
107	0.8173	0.0	0.8173	0.79	0.8509	0.801
108	0.7308	0.0	0.7308	0.7946	0.83	0.9685
109	0.6978	0.0	0.6978	1.088	1.178	1.492
110	0.4201	0.0	0.4201	0.716	0.4373	0.9062
111	0.7902	0.0	0.7902	0.6913	1.3	1.164
112	0.9003	0.0	0.9003	0.7515	1.244	0.9541
113	0.4764	0.0	0.4764	0.783	0.6692	1.002
114	0.642	0.0	0.642	0.3054	0.7629	0.3513
115	0.5381	0.0	0.5381	0.4993	0.7212	0.604
116	0.3172	0.0	0.3172	0.7883	0.3378	0.8649
117	0.5415	0.0	0.5415	0.6829	0.7561	0.8529
118	0.6944	0.0	0.6944	0.6042	0.7831	0.6798
119	0.394	0.0	0.394	0.432	0.4244	0.5311
120	0.6649	0.0	0.6649	0.9997	0.6974	0.9953
121	0.4301	0.0	0.4301	0.6069	0.5027	0.7418
122	0.5066	0.0	0.5066	0.7424	0.5402	0.6728
123	0.6442	0.0	0.6442	0.5311	0.7409	0.6634
124	0.6561	0.0	0.6561	0.2763	0.7851	0.3369
125	0.4005	0.0	0.4005	0.6196	0.6009	0.7877
126	0.5094	0.0	0.5094	0.507	0.588	0.6229
127	0.5784	0.0	0.5784	0.5397	0.726	0.6581
128	0.4883	0.0	0.4883	0.4428	0.6454	0.4823
129	0.5885	0.0	0.5885	0.5178	0.6797	0.5832
130	0.4833	0.0	0.4833	0.4585	0.548	0.4912
131	0.7195	0.0	0.7195	0.6084	0.7225	0.6783
132	0.4752	0.0	0.4752	0.6644	0.5847	0.8077
133	0.47	0.0	0.47	0.6646	0.5772	0.7101
134	0.6678	0.0	0.6678	0.7859	0.6871	1.011
135	0.6022	0.0	0.6022	0.5871	0.6564	0.8522
136	0.3809	0.0	0.3809	0.9968	0.4479	1.167
137	0.313	0.0	0.313	0.5555	0.4117	0.6679
138	0.4572	0.0	0.4572	0.572	0.5362	0.6918
139	0.4919	0.0	0.4919	0.6452	0.6223	0.7231
140	0.7109	0.0	0.7109	0.7359	0.8854	0.8198
141	0.3314	0.0	0.3314	0.7397	0.5417	1.143
142	0.5641	0.0	0.5641	0.7593	0.7763	1.047
143	1.003	0.0	1.003	0.7425	1.144	0.9198
144	0.7267	0.0	0.7267	0.9367	0.8252	1.387
145	0.625	0.0	0.625	0.7248	0.6589	0.8724
146	0.5414	0.0	0.5414	0.6143	0.7183	0.7916
147	0.425	0.0	0.425	0.9331	0.5946	1.005
148	0.8121	0.0	0.8121	0.6765	1.08	0.8393
149	0.5554	0.0	0.5554	0.5229	0.5922	0.6456
150	0.5304	0.0	0.5304	0.3878	0.9007	0.4788
151	0.7599	0.0	0.7599	0.3503	0.8903	0.5102
152	0.4218	0.0	0.4218	0.4678	0.5893	0.4853
153	0.7451	0.0	0.7451	0.6727	0.9066	0.8778
154	0.5057	0.0	0.5057	0.4397	0.6383	0.6083
155	0.6287	0.0	0.6287	0.4331	0.8032	0.5436
156	0.6127	0.0	0.6127	0.6912	0.7326	1.101
157	0.6753	0.0	0.6753	0.7257	0.7758	0.7966
158	0.5589	0.0	0.5589	0.5153	0.5784	0.5592
159	0.505	0.0	0.505	0.6155	0.6378	0.6971
160	0.515	0.0	0.515	0.5617	0.6281	0.6334
161	0.4932	0.0	0.4932	0.5705	0.6577	0.7994
162	0.4289	0.0	0.4289	0.437	0.4048	0.5615
163	0.8473	0.0	0.8473	0.7243	1.043	0.8222
164	0.6499	0.0	0.6499	0.5734	1.056	0.7799
165	0.6851	0.0	0.6851	0.6118	0.8352	0.7904
166	0.5349	0.0	0.5349	0.5439	0.629	0.637
167	0.586	0.0	0.586	0.4111	0.6666	0.4567
168	0.4674	0.0	0.4674	0.4341	0.5753	0.4772
169	0.5792	0.0	0.5792	0.4732	0.7422	0.6508
170	0.5771	0.0	0.5771	0.5941	0.7086	0.6771
171	0.7815	0.0	0.7815	0.7508	0.9562	0.9017
172	0.5063	0.0	0.5063	0.511	0.7206	0.5776
173	0.6854	0.0	0.6854	0.5347	0.7521	0.6892
174	0.4415	0.0	0.4415	0.4111	0.5474	0.5383
175	0.6115	0.0	0.6115	0.3865	0.8085	0.5357
176	0.3846	0.0	0.3846	0.4424	0.419	0.5741
177	0.3999	0.0	0.3999	0.6912	0.5094	0.8475
178	0.4367	0.0	0.4367	0.6196	0.5158	0.7135
179	0.571	0.0	0.571	0.7892	0.9062	1.001
180	0.564	0.0	0.564	0.7323	0.8044	0.9255
181	0.504	0.0	0.504	0.4724	0.6698	0.5785
182	0.7124	0.0	0.7124	0.5467	0.8208	0.5627
183	0.5422	0.0	0.5422	0.3678	0.7641	0.4475
184	0.4289	0.0	0.4289	0.4558	0.5407	0.6227
185	0.4327	0.0	0.4327	0.476	0.4831	0.5701
186	0.5983	0.0	0.5983	0.8988	0.8101	1.077
187	0.5967	0.0	0.5967	0.5801	0.8051	0.6939
188	0.5038	0.0	0.5038	0.4053	0.6752	0.4664
189	0.8345	0.0	0.8345	0.6359	1.029	0.8918
190	0.6147	0.0	0.6147	0.4727	0.7048	0.5624
191	0.9285	0.0	0.9285	0.4309	0.9494	0.4556
192	0.5498	0.0	0.5498	0.5818	0.6088	0.7797
193	0.4222	0.0	0.4222	0.6431	0.5637	0.7958
194	0.6126	0.0	0.6126	0.3554	0.7842	0.4979
195	0.3982	0.0	0.3982	0.5253	0.4581	0.5651
196	0.5037	0.0	0.5037	0.6226	0.5738	0.7632
197	0.4199	0.0	0.4199	0.6115	0.5057	0.6847
198	0.397	0.0	0.397	0.7112	0.4202	0.7927
199	0.6941	0.0	0.6941	0.4852	0.7974	0.5653
200	0.5556	0.0	0.5556	0.39	0.6315	0.4998
201	0.6592	0.0	0.6592	0.4993	0.8215	0.6638
202	0.7032	0.0	0.7032	0.5488	0.848	0.7451
203	0.6065	0.0	0.6065	0.6625	0.6835	0.8189
204	0.5337	0.0	0.5337	0.7643	0.7356	0.9227
205	0.4409	0.0	0.4409	0.3828	0.6146	0.4564
206	0.5105	0.0	0.5105	0.4768	0.6225	0.586
207	0.4113	0.0	0.4113	0.5701	0.4744	0.8309
208	0.4468	0.0	0.4468	0.4369	0.5984	0.4956
209	0.4664	0.0	0.4664	0.5382	0.5816	0.5406
210	0.4988	0.0	0.4988	0.6035	0.583	0.6724
211	0.7087	0.0	0.7087	0.7262	0.8175	0.8575
212	0.6242	0.0	0.6242	0.4965	0.7737	0.6634
213	0.7952	0.0	0.7952	0.7108	1.069	1.214
214	0.3595	0.0	0.3595	0.697	0.4017	0.8156
215	0.2849	0.0	0.2849	0.2535	0.4474	0.3257
216	0.6333	0.0	0.6333	0.4564	0.7579	0.5372
217	1.005	0.0	1.005	0.8948	1.127	0.99
218	0.7079	0.0	0.7079	0.4717	0.8915	0.677
219	0.5262	0.0	0.5262	0.6142	0.5788	0.6982
220	0.4821	0.0	0.4821	0.5531	0.6131	0.6166
221	0.5231	0.0	0.5231	0.5111	0.6609	0.7799
222	0.5166	0.0	0.5166	0.4487	0.6101	0.6283
223	0.6041	0.0	0.6041	0.5785	0.8046	0.6639
224	0.3347	0.0	0.3347	0.4204	0.4257	0.4817
225	0.5127	0.0	0.5127	0.3791	0.8286	0.4484
226	0.362	0.0	0.362	0.4226	0.4041	0.4888
227	0.4852	0.0	0.4852	0.3195	0.7109	0.3832
228	0.3804	0.0	0.3804	0.4127	0.6046	0.473
229	0.6104	0.0	0.6104	0.3887	0.7743	0.5311
230	0.4548	0.0	0.4548	0.4703	0.5065	0.5809
231	0.5119	0.0	0.5119	0.5523	0.6515	0.6677
232	0.4871	0.0	0.4871	0.6489	0.5261	0.7424
233	0.5426	0.0	0.5426	0.4327	0.6248	0.4746
234	0.3937	0.0	0.3937	0.5155	0.4134	0.6124
235	0.4548	0.0	0.4548	0.4287	0.651	0.5538
236	0.4782	0.0	0.4782	0.6234	0.5766	0.7247
237	0.6336	0.0	0.6336	0.4073	0.7559	0.4832
238	0.2903	0.0	0.2903	0.5695	0.678	0.7705
239	0.5184	0.0	0.5184	0.5481	0.7352	0.7403
240	0.6928	0.0	0.6928	0.6189	0.7926	0.75
241	0.4116	0.0	0.4116	0.4088	0.4455	0.5697
242	0.458	0.0	0.458	0.46	0.5287	0.4671
243	0.3885	0.0	0.3885	0.6269	0.4519	0.7167
244	0.7776	0.0	0.7776	0.7456	1.006	0.9266
245	0.5705	0.0	0.5705	0.3709	0.6514	0.4687
246	0.4475	0.0	0.4475	0.3735	0.5366	0.5602
247	0.6528	0.0	0.6528	0.7561	0.763	0.9495
248	0.5383	0.0	0.5383	0.4257	0.6611	0.5058
249	0.6088	0.0	0.6088	0.4252	0.7063	0.4743
250	0.3642	0.0	0.3642	0.5874	0.4012	0.6653
251	0.4731	0.0	0.4731	0.5514	0.5329	0.7063
252	0.515	0.0	0.515	0.481	0.6198	0.5636
253	0.397	0.0	0.397	0.182	0.4533	0.2679
254	0.3916	0.0	0.3916	0.4192	0.4887	0.5098
255	0.4683	0.0	0.4683	0.454	0.6215	0.5652
256	0.5355	0.0	0.5355	0.509	0.5281	0.5293
257	0.5872	0.0	0.5872	0.3529	0.7634	0.3921
258	0.406	0.0	0.406	0.377	0.4712	0.4281
259	0.3372	0.0	0.3372	0.4166	0.4068	0.4738
260	0.2946	0.0	0.2946	0.2433	0.3006	0.2856
261	0.5576	0.0	0.5576	0.4306	0.6723	0.5344
262	0.5889	0.0	0.5889	0.3414	0.6264	0.382
263	0.7084	0.0	0.7084	0.5168	0.8548	0.5356
264	0.6196	0.0	0.6196	0.5511	0.6878	0.6401
265	0.6388	0.0	0.6388	0.6756	0.8121	0.7807
266	0.728	0.0	0.728	0.3598	0.8485	0.388
267	0.4911	0.0	0.4911	0.5434	0.5909	0.8913
268	0.3775	0.0	0.3775	0.6319	0.5122	0.7549
269	0.4967	0.0	0.4967	0.7147	0.606	0.8248
270	0.4591	0.0	0.4591	0.3979	0.5291	0.4585
271	0.4668	0.0	0.4668	0.582	0.6267	0.7132
272	0.5424	0.0	0.5424	0.5538	0.6236	0.5938
273	0.355	0.0	0.355	0.4966	0.4083	0.608
274	0.4579	0.0	0.4579	0.5156	0.5492	0.6475
275	0.5663	0.0	0.5663	0.5814	0.6443	0.6009
276	0.4118	0.0	0.4118	0.6542	0.5418	0.8164
277	0.344	0.0	0.344	0.395	0.4135	0.449
278	0.4926	0.0	0.4926	0.423	0.5464	0.4968
279	0.515	0.0	0.515	0.3258	0.5912	0.343
280	0.4131	0.0	0.4131	0.5676	0.415	0.7599
281	0.5544	0.0	0.5544	0.4666	0.6232	0.5486
282	0.3551	0.0	0.3551	0.4203	0.4304	0.4787
283	0.5728	0.0	0.5728	0.7354	0.664	0.9534
284	0.5946	0.0	0.5946	0.556	0.7632	0.7495
285	0.3564	0.0	0.3564	0.4033	0.5299	0.6073
286	0.7553	0.0	0.7553	0.6803	0.9595	1.045
287	0.4382	0.0	0.4382	0.5628	0.4575	0.6467
288	0.7165	0.0	0.7165	0.3342	0.8477	0.4255
289	0.4536	0.0	0.4536	0.4916	0.5513	0.6639
290	0.5364	0.0	0.5364	0.6587	0.6251	0.8321
291	0.324	0.0	0.324	0.5176	0.5646	0.6285
292	0.4611	0.0	0.4611	0.6533	0.4847	0.7837
293	0.6949	0.0	0.6949	0.542	0.8617	0.7223
294	0.65	0.0	0.65	0.5367	0.7458	0.6379
295	0.4593	0.0	0.4593	0.4128	0.6028	0.5121
296	0.8954	0.0	0.8954	0.7774	1.07	0.8358
297	0.5089	0.0	0.5089	0.4937	0.6627	0.5832
298	0.4463	0.0	0.4463	0.3915	0.5007	0.4724
299	0.5274	0.0	0.5274	0.3688	0.584	0.4306
300	0.4346	0.0	0.4346	0.4617	0.511	0.5601
301	0.3482	0.0	0.3482	0.3691	0.4802	0.599
302	0.467	0.0	0.467	0.5033	0.5204	0.5354
303	0.4717	0.0	0.4717	0.5512	0.5294	0.6021
304	0.5486	0.0	0.5486	0.6341	0.722	0.7702
305	0.5509	0.0	0.5509	0.4493	0.5637	0.4715
306	0.7349	0.0	0.7349	0.3795	0.8494	0.4792
307	0.6492	0.0	0.6492	0.6215	0.805	0.7762
308	0.5384	0.0	0.5384	0.4442	0.7872	0.591
309	0.471	0.0	0.471	0.3266	0.7067	0.5787
310	0.4459	0.0	0.4459	0.5375	0.5374	0.5941
311	0.5077	0.0	0.5077	0.4485	0.706	0.4713
312	0.5432	0.0	0.5432	0.3599	0.7619	0.4942
313	0.5963	0.0	0.5963	0.4635	0.7106	0.5443
314	0.4727	0.0	0.4727	0.5835	0.5923	0.6447
315	0.4769	0.0	0.4769	0.3149	0.5118	0.3463
316	0.3721	0.0	0.3721	0.5971	0.4092	0.7855
317	0.5806	0.0	0.5806	0.5935	0.9566	0.8474
318	0.4117	0.0	0.4117	0.4894	0.4671	0.6191
319	0.2435	0.0	0.2435	0.3818	0.3469	0.4597
320	0.6302	0.0	0.6302	0.7137	0.7984	0.8101
321	0.7463	0.0	0.7463	0.8949	0.9259	1.14
322	0.4021	0.0	0.4021	0.2368	0.4867	0.271
323	0.5575	0.0	0.5575	0.6205	0.6022	0.6453
324	0.4604	0.0	0.4604	0.4994	0.5474	0.5708
325	0.6228	0.0	0.6228	0.5326	0.5986	0.6571
326	0.3691	0.0	0.3691	0.4167	0.391	0.5284
327	0.5433	0.0	0.5433	0.4329	0.5704	0.5069
328	0.339	0.0	0.339	0.5384	0.4081	0.7017
329	0.3573	0.0	0.3573	0.6685	0.434	0.846
330	0.5787	0.0	0.5787	0.6495	0.6152	0.6203
331	0.5511	0.0	0.5511	0.3721	0.7167	0.4365
332	0.3046	0.0	0.3046	0.2474	0.4863	0.391
333	0.4258	0.0	0.4258	0.2994	0.4873	0.4176
334	0.585	0.0	0.585	0.5111	0.751	0.603
335	0.5758	0.0	0.5758	0.6382	0.6909	0.7931
336	0.4244	0.0	0.4244	0.6806	0.5898	0.7206
337	0.3911	0.0	0.3911	0.5471	0.409	0.5996
338	0.3934	0.0	0.3934	0.42	0.4164	0.5512
339	0.4588	0.0	0.4588	0.6007	0.5497	0.7168
340	0.2591	0.0	0.2591	0.4916	0.3344	0.5337
341	0.4622	0.0	0.4622	0.3795	0.5466	0.4231
342	0.524	0.0	0.524	0.6505	0.6122	0.7974
343	0.5615	0.0	0.5615	0.483	0.6483	0.6717
344	0.3713	0.0	0.3713	0.7217	0.398	0.9433
345	0.35	0.0	0.35	0.2676	0.4002	0.3848
346	0.3837	0.0	0.3837	0.392	0.4185	0.4754
347	0.4492	0.0	0.4492	0.3503	0.5181	0.3884
348	0.5983	0.0	0.5983	0.6034	0.7626	0.7288
349	0.2561	0.0	0.2561	0.4622	0.2878	0.4951
350	0.4853	0.0	0.4853	0.3848	0.5174	0.4838
351	0.7107	0.0	0.7107	0.6339	0.8487	0.8409
352	0.5678	0.0	0.5678	0.6567	0.6981	0.7334
353	0.3906	0.0	0.3906	0.4784	0.4198	0.5861
354	0.2555	0.0	0.2555	0.4876	0.2759	0.6034
355	0.5751	0.0	0.5751	0.3021	0.6577	0.3946
356	0.5578	0.0	0.5578	0.5188	0.6381	0.6405
357	0.4474	0.0	0.4474	0.5191	0.5278	0.5415
358	0.4996	0.0	0.4996	0.5598	0.6907	0.6667
359	0.3773	0.0	0.3773	0.4379	0.4899	0.4608
360	0.5445	0.0	0.5445	0.4974	0.653	0.5673
361	0.4931	0.0	0.4931	0.6314	0.71	0.685
362	0.2719	0.0	0.2719	0.2873	0.2965	0.332
363	0.5367	0.0	0.5367	0.5017	0.5894	0.6308
364	0.2526	0.0	0.2526	0.2511	0.2846	0.3315
365	0.5326	0.0	0.5326	0.5262	0.6053	0.6052
366	0.4261	0.0	0.4261	0.5735	0.5454	0.6791
367	0.3952	0.0	0.3952	0.3784	0.5178	0.4249
368	0.5873	0.0	0.5873	0.4359	0.6437	0.5036
369	0.466	0.0	0.466	0.4414	0.5138	0.5759
370	0.3726	0.0	0.3726	0.4871	0.5394	0.5656
371	0.6879	0.0	0.6879	0.4431	0.9247	0.5049
372	0.691	0.0	0.691	0.4613	0.8015	0.67
373	0.3967	0.0	0.3967	0.6553	0.4999	0.8112
374	0.3846	0.0	0.3846	0.476	0.4291	0.5338
375	0.5087	0.0	0.5087	0.4366	0.5684	0.4958
376	0.2915	0.0	0.2915	0.4421	0.3714	0.5315
377	0.4056	0.0	0.4056	0.3563	0.644	0.4122
378	0.4851	0.0	0.4851	0.6692	0.5436	0.8086
379	0.7495	0.0	0.7495	0.7383	0.8982	0.9251
380	0.3058	0.0	0.3058	0.3706	0.3248	0.4061
381	0.5812	0.0	0.5812	0.2852	0.6447	0.3413
382	0.4268	0.0	0.4268	0.5872	0.5784	0.6468
383	0.5371	0.0	0.5371	0.505	0.6701	0.612
384	0.4013	0.0	0.4013	0.3338	0.4352	0.4234
385	0.3737	0.0	0.3737	0.2886	0.4223	0.3546
386	0.3237	0.0	0.3237	0.4543	0.4006	0.5387
387	0.5752	0.0	0.5752	0.7244	0.7719	0.7333
388	0.4221	0.0	0.4221	0.5906	0.6304	0.7114
389	0.6721	0.0	0.6721	0.5798	0.8223	0.6846
390	0.4353	0.0	0.4353	0.553	0.4679	0.6263
391	0.4196	0.0	0.4196	0.1802	0.4834	0.2641
392	0.4879	0.0	0.4879	0.3615	0.6086	0.5025
393	0.3725	0.0	0.3725	0.2158	0.5551	0.3147
394	0.565	0.0	0.565	0.5221	0.7752	0.6635
395	0.4459	0.0	0.4459	0.5441	0.6215	0.6361
396	0.3625	0.0	0.3625	0.3049	0.574	0.3712
397	0.5286	0.0	0.5286	0.729	0.6308	0.875
398	0.6096	0.0	0.6096	0.3421	0.7107	0.4772
399	0.4779	0.0	0.4779	0.5073	0.5126	0.5488
400	0.5476	0.0	0.5476	0.4083	0.6688	0.4569
401	0.3879	0.0	0.3879	0.4605	0.5061	0.443
402	0.3023	0.0	0.3023	0.4847	0.3559	0.524
403	0.3442	0.0	0.3442	0.4879	0.3803	0.5941
404	0.4078	0.0	0.4078	0.6293	0.4855	0.6972
405	0.395	0.0	0.395	0.4515	0.4033	0.4851
406	0.3835	0.0	0.3835	0.4956	0.4119	0.5705
407	0.4525	0.0	0.4525	0.616	0.4947	0.7639
408	0.4352	0.0	0.4352	0.4368	0.4845	0.4551
409	0.5328	0.0	0.5328	0.2999	0.6554	0.3588
410	0.5731	0.0	0.5731	0.5693	0.683	0.687
411	0.5328	0.0	0.5328	0.5723	0.6739	0.7015
412	0.439	0.0	0.439	0.6522	0.5194	0.7055
413	0.4362	0.0	0.4362	0.3578	0.6085	0.684
414	0.5785	0.0	0.5785	0.3025	0.689	0.3275
415	0.6222	0.0	0.6222	0.5086	0.8398	0.6675
416	0.2384	0.0	0.2384	0.4245	0.3628	0.6805
417	0.5706	0.0	0.5706	0.503	0.6898	0.5648
418	0.4987	0.0	0.4987	0.4955	0.565	0.6265
419	0.5606	0.0	0.5606	0.4175	0.6568	0.5006
420	0.6634	0.0	0.6634	0.5346	0.7605	0.5886
421	0.544	0.0	0.544	0.7584	0.6352	0.9349
422	0.5644	0.0	0.5644	0.3441	0.6734	0.4341
423	0.5215	0.0	0.5215	0.3563	0.6312	0.5822
424	0.8006	0.0	0.8006	0.4315	0.9182	0.4714
425	0.7008	0.0	0.7008	0.6539	0.8811	0.7745
426	0.3439	0.0	0.3439	0.3823	0.3795	0.3394
427	0.4443	0.0	0.4443	0.5375	0.5357	0.5834
428	0.4914	0.0	0.4914	0.4132	0.5939	0.4752
429	0.4596	0.0	0.4596	0.4267	0.6364	0.4385
430	0.6185	0.0	0.6185	0.6801	0.6219	0.744
431	0.3225	0.0	0.3225	0.3091	0.3643	0.3078
432	0.5026	0.0	0.5026	0.5211	0.6248	0.589
433	0.3484	0.0	0.3484	0.3874	0.5924	0.5038
434	0.6881	0.0	0.6881	0.5458	0.7292	0.5556
435	0.3073	0.0	0.3073	0.3663	0.3724	0.4177
436	0.2233	0.0	0.2233	0.2327	0.285	0.3287
437	0.3112	0.0	0.3112	0.245	0.3397	0.3589
438	0.5163	0.0	0.5163	0.6678	0.5089	0.7428
439	0.3455	0.0	0.3455	0.4001	0.3853	0.4469
440	0.4677	0.0	0.4677	0.6806	0.575	0.6942
441	0.4888	0.0	0.4888	0.4895	0.5467	0.5286
442	0.3733	0.0	0.3733	0.5773	0.5255	0.663
443	0.5398	0.0	0.5398	0.3508	0.5921	0.4257
444	0.437	0.0	0.437	0.3345	0.479	0.3812
445	0.4776	0.0	0.4776	0.3599	0.518	0.4044
446	0.3228	0.0	0.3228	0.5695	0.378	0.7591
447	0.8957	0.0	0.8957	0.3466	0.9883	0.5149
448	0.4167	0.0	0.4167	0.4074	0.4928	0.4522
449	0.4052	0.0	0.4052	0.687	0.4416	0.7736
450	0.3713	0.0	0.3713	0.3528	0.41	0.4583
451	0.4971	0.0	0.4971	0.5829	0.6065	0.6772
452	0.2939	0.0	0.2939	0.5485	0.4374	0.681
453	0.4968	0.0	0.4968	0.3851	0.6075	0.5071
454	0.2927	0.0	0.2927	0.519	0.3318	0.5944
455	0.4935	0.0	0.4935	0.6142	0.5628	0.8117
456	0.3478	0.0	0.3478	0.6056	0.3908	0.7547
457	0.1498	0.0	0.1498	0.4665	0.1986	0.5041
458	0.427	0.0	0.427	0.3847	0.5632	0.4533
459	0.2873	0.0	0.2873	0.3116	0.4163	0.331
460	0.4178	0.0	0.4178	0.4749	0.5184	0.5309
461	0.4697	0.0	0.4697	0.21	0.6604	0.2578
462	0.3888	0.0	0.3888	0.4434	0.4473	0.5143
463	0.4712	0.0	0.4712	0.394	0.4803	0.4589
464	0.4973	0.0	0.4973	0.5567	0.5399	0.6198
465	0.6912	0.0	0.6912	0.8313	0.7453	1.023
466	0.4424	0.0	0.4424	0.3808	0.5245	0.418
467	0.557	0.0	0.557	0.3359	0.6843	0.3806
468	0.2753	0.0	0.2753	0.4482	0.3586	0.5838
469	0.3759	0.0	0.3759	0.458	0.4496	0.5682
470	0.4474	0.0	0.4474	0.4313	0.4865	0.4644
471	0.6008	0.0	0.6008	0.5452	0.7578	0.7364
472	0.4194	0.0	0.4194	0.3932	0.4648	0.4634
473	0.5626	0.0	0.5626	0.5112	0.6187	0.6058
474	0.4101	0.0	0.4101	0.3217	0.5494	0.3771
475	0.8247	0.0	0.8247	0.5073	1.194	0.5628
476	0.6828	0.0	0.6828	0.5074	0.8499	0.6621
477	0.4905	0.0	0.4905	0.591	0.6622	0.792
478	0.285	0.0	0.285	0.4486	0.3431	0.487
479	0.371	0.0	0.371	0.4556	0.4413	0.5
480	0.47	0.0	0.47	0.6654	0.5308	0.742
481	0.4263	0.0	0.4263	0.6326	0.4557	0.768
482	0.4632	0.0	0.4632	0.7707	0.5532	0.9889
483	0.6234	0.0	0.6234	0.4864	0.7427	0.7137
484	0.3134	0.0	0.3134	0.3259	0.4403	0.4073
485	0.3146	0.0	0.3146	0.295	0.3702	0.3244
486	0.6402	0.0	0.6402	0.4471	0.7768	0.5382
487	0.4934	0.0	0.4934	0.2813	0.5541	0.2956
488	0.5005	0.0	0.5005	0.2526	0.5499	0.2934
489	0.5349	0.0	0.5349	0.4326	0.6961	0.5293
490	0.4398	0.0	0.4398	0.4818	0.512	0.5446
491	0.5144	0.0	0.5144	0.6945	0.6518	0.9421
492	0.4208	0.0	0.4208	0.101	0.4552	0.1535
493	0.4143	0.0	0.4143	0.7401	0.6774	1.02
494	0.5523	0.0	0.5523	0.4958	0.7605	0.6292
495	0.4447	0.0	0.4447	0.5526	0.5309	0.6757
496	0.3036	0.0	0.3036	0.5501	0.4075	0.698
497	0.4025	0.0	0.4025	0.497	0.4855	0.6973
498	0.4759	0.0	0.4759	0.4887	0.5599	0.623
499	0.4751	0.0	0.4751	0.5762	0.5102	0.5849
500	0.3154	0.0	0.3154	0.2283	0.3525	0.3242
501	0.4892	0.0	0.4892	0.4748	0.5432	0.6635
502	0.4247	0.0	0.4247	0.3666	0.488	0.4103
503	0.4448	0.0	0.4448	0.5105	0.5088	0.572
504	0.8247	0.0	0.8247	0.7397	0.9645	0.881
505	0.4366	0.0	0.4366	0.5558	0.4895	0.7739
506	0.2616	0.0	0.2616	0.4597	0.2964	0.4797
507	0.3934	0.0	0.3934	0.3791	0.46	0.4563
508	0.5338	0.0	0.5338	0.317	0.6104	0.3647
509	0.3377	0.0	0.3377	0.6145	0.4589	0.7108
510	0.4111	0.0	0.4111	0.528	0.4563	0.6213
511	0.5021	0.0	0.5021	0.4638	0.5754	0.5182
512	0.5922	0.0	0.5922	0.378	0.7248	0.4658
513	0.3556	0.0	0.3556	0.3686	0.4399	0.4637
514	0.5876	0.0	0.5876	0.587	0.6182	0.6393
515	0.463	0.0	0.463	0.4043	0.6042	0.4637
516	0.5921	0.0	0.5921	0.9206	0.7314	1.008
517	0.3924	0.0	0.3924	0.4111	0.4358	0.5201
518	0.3431	0.0	0.3431	0.4479	0.4185	0.4944
519	0.5198	0.0	0.5198	0.3602	0.6349	0.5758
520	0.4637	0.0	0.4637	0.3001	0.4962	0.3773
521	0.4392	0.0	0.4392	0.5209	0.5723	0.5769
522	0.398	0.0	0.398	0.5701	0.5698	0.662
523	0.5313	0.0	0.5313	0.5949	0.5848	0.6558
524	0.6415	0.0	0.6415	0.6525	0.74	0.8314
525	0.6684	0.0	0.6684	0.7105	0.8603	0.8486
526	0.3802	0.0	0.3802	0.5354	0.4264	0.6086
527	0.204	0.0	0.204	0.2777	0.3342	0.3588
528	0.6202	0.0	0.6202	0.7223	0.7519	0.7895
529	0.5148	0.0	0.5148	0.7189	0.6233	0.8726
530	0.6403	0.0	0.6403	0.3828	0.6254	0.4425
531	0.5436	0.0	0.5436	0.4318	0.6513	0.4632
532	0.7145	0.0	0.7145	0.5257	0.7704	0.592
533	0.4714	0.0	0.4714	0.6136	0.5863	0.6736
534	0.5809	0.0	0.5809	0.3216	0.7142	0.3697
535	0.5619	0.0	0.5619	0.4649	0.6649	0.5827
536	0.6345	0.0	0.6345	0.5982	0.7787	0.7039
537	0.5351	0.0	0.5351	0.4421	0.4797	0.5158
538	0.3865	0.0	0.3865	0.5953	0.4168	0.6302
539	0.4156	0.0	0.4156	0.44	0.5415	0.5363
540	0.3255	0.0	0.3255	0.1889	0.33	0.2108
541	0.3662	0.0	0.3662	0.2918	0.4561	0.3382
542	0.5454	0.0	0.5454	0.6077	0.6317	0.6325
543	0.4127	0.0	0.4127	0.509	0.4443	0.5657
544	0.5459	0.0	0.5459	0.4891	0.643	0.5996
545	0.4284	0.0	0.4284	0.4963	0.5049	0.5672
546	0.6209	0.0	0.6209	0.6454	0.7345	0.7461
547	0.3577	0.0	0.3577	0.5507	0.4184	0.7085
548	0.3745	0.0	0.3745	0.5251	0.4634	0.7156
549	0.4484	0.0	0.4484	0.6449	0.5268	0.7571
550	0.7436	0.0	0.7436	0.3522	1.05	0.4507
551	0.5058	0.0	0.5058	0.5577	0.7531	0.6081
552	0.77	0.0	0.77	0.3685	0.8341	0.3904
553	0.6242	0.0	0.6242	0.547	0.7517	0.5493
554	0.3917	0.0	0.3917	0.5163	0.435	0.5699
555	0.3194	0.0	0.3194	0.3794	0.3537	0.4248
556	0.4527	0.0	0.4527	0.6259	0.6781	0.7289
557	0.5088	0.0	0.5088	0.4683	0.6556	0.516
558	0.5761	0.0	0.5761	0.3172	0.7057	0.379
559	0.7014	0.0	0.7014	0.5927	0.8114	0.7564
560	0.4747	0.0	0.4747	0.7942	0.5735	0.894
561	0.3705	0.0	0.3705	0.3468	0.4155	0.4308
562	0.3859	0.0	0.3859	0.3798	0.4511	0.4056
563	0.2745	0.0	0.2745	0.3404	0.2953	0.387
564	0.5568	0.0	0.5568	0.3529	0.6945	0.4082
565	0.657	0.0	0.657	0.4307	0.8014	0.5738
566	0.3935	0.0	0.3935	0.5312	0.4401	0.6263
567	0.3555	0.0	0.3555	0.4111	0.4731	0.6223
568	0.4019	0.0	0.4019	0.4777	0.4477	0.4863
569	0.3698	0.0	0.3698	0.5005	0.4117	0.5386
570	0.3625	0.0	0.3625	0.5077	0.4144	0.5558
571	0.4623	0.0	0.4623	0.3502	0.5491	0.3895
572	0.3856	0.0	0.3856	0.3575	0.4924	0.4154
573	0.4609	0.0	0.4609	0.478	0.548	0.5681
574	0.307	0.0	0.307	0.3254	0.3225	0.3304
575	0.464	0.0	0.464	0.4171	0.5434	0.4798
576	0.3069	0.0	0.3069	0.4364	0.3231	0.5031
577	0.5118	0.0	0.5118	0.3187	0.6441	0.3794
578	0.5043	0.0	0.5043	0.3907	0.5719	0.4944
579	0.6078	0.0	0.6078	0.9552	0.7066	0.9395
580	0.5273	0.0	0.5273	0.7597	0.6247	0.9603
581	0.526	0.0	0.526	0.6619	0.6455	0.8494
582	0.4674	0.0	0.4674	0.5301	0.5127	0.6007
583	0.3875	0.0	0.3875	0.4434	0.4507	0.538
584	0.412	0.0	0.412	0.334	0.4789	0.4058
585	0.5226	0.0	0.5226	0.4378	0.6377	0.5709
586	0.3717	0.0	0.3717	0.3561	0.4281	0.4041
587	0.6276	0.0	0.6276	0.6046	0.8391	0.7672
588	0.4489	0.0	0.4489	0.5418	0.5171	0.6134
589	0.3125	0.0	0.3125	0.5414	0.3813	0.6624
590	0.3937	0.0	0.3937	0.3479	0.4282	0.3982
591	0.4237	0.0	0.4237	0.5009	0.5315	0.6308
592	0.6839	0.0	0.6839	0.3496	0.7812	0.4337
593	0.5808	0.0	0.5808	0.3816	0.6664	0.4052
594	0.2894	0.0	0.2894	0.4657	0.319	0.6004
595	0.4748	0.0	0.4748	0.6061	0.5864	0.8654
596	0.4863	0.0	0.4863	0.3637	0.6375	0.5885
597	0.5232	0.0	0.5232	0.8094	0.7699	0.8353
598	0.6363	0.0	0.6363	0.5669	0.8363	0.6992
599	0.4264	0.0	0.4264	0.3844	0.548	0.5106
600	0.4164	0.0	0.4164	0.3413	0.4715	0.4225
601	0.4003	0.0	0.4003	0.3457	0.4725	0.3879
602	0.4997	0.0	0.4997	0.5463	0.6544	0.7044
603	0.534	0.0	0.534	0.43	0.6132	0.6007
604	0.2619	0.0	0.2619	0.5875	0.2931	0.6775
605	0.4069	0.0	0.4069	0.6866	0.5069	0.8277
606	0.3968	0.0	0.3968	0.3773	0.4204	0.379
607	0.4378	0.0	0.4378	0.4482	0.528	0.6259
608	1.022	0.0	1.022	0.8288	1.122	1.111
609	0.4721	0.0	0.4721	0.5123	0.5918	0.8215
610	0.431	0.0	0.431	0.4919	0.5354	0.5889
611	0.4924	0.0	0.4924	0.401	0.5651	0.4495
612	0.4426	0.0	0.4426	0.434	0.5075	0.5179
613	0.4529	0.0	0.4529	0.6106	0.483	0.7688
614	0.3805	0.0	0.3805	0.5053	0.4132	0.5754
615	0.483	0.0	0.483	0.4774	0.6102	0.5788
616	0.3268	0.0	0.3268	0.4747	0.3732	0.5365
617	0.4979	0.0	0.4979	0.4791	0.5416	0.6123
618	0.5199	0.0	0.5199	0.6486	0.5796	0.6959
619	0.5177	0.0	0.5177	0.4195	0.6895	0.5121
620	0.5116	0.0	0.5116	0.6426	0.5818	0.8553
621	0.328	0.0	0.328	0.2943	0.4116	0.3483
622	0.3608	0.0	0.3608	0.4408	0.4047	0.5177
623	0.3114	0.0	0.3114	0.485	0.433	0.6917
624	0.3505	0.0	0.3505	0.284	0.6255	0.3936
625	0.5352	0.0	0.5352	0.5679	0.5744	0.6748
626	0.3798	0.0	0.3798	0.2982	0.4012	0.389
627	0.571	0.0	0.571	0.4198	0.6343	0.4791
628	0.4725	0.0	0.4725	0.5801	0.6057	0.7631
629	0.7155	0.0	0.7155	0.5678	1.061	0.5727
630	0.1081	0.0	0.1081	0.2837	0.1423	0.3589
631	0.6413	0.0	0.6413	0.2387	0.7673	0.3928
632	0.4234	0.0	0.4234	0.6561	0.4704	0.7265
633	0.2051	0.0	0.2051	0.2443	0.292	0.313
634	0.4726	0.0	0.4726	0.6553	0.5245	0.7026
635	0.5543	0.0	0.5543	0.4192	0.6265	0.4848
636	0.3602	0.0	0.3602	0.3116	0.3876	0.3381
637	0.7031	0.0	0.7031	0.5229	0.7927	0.6104
638	0.3789	0.0	0.3789	0.445	0.5429	0.5818
639	0.4451	0.0	0.4451	0.4122	0.5931	0.5258
640	0.4064	0.0	0.4064	0.4014	0.4226	0.4444
641	0.4515	0.0	0.4515	0.4958	0.5267	0.5506
642	0.4983	0.0	0.4983	0.4033	0.5603	0.4634
643	0.4755	0.0	0.4755	0.4063	0.5769	0.4964
644	0.2086	0.0	0.2086	0.3128	0.2981	0.4008
645	0.1309	0.0	0.1309	0.3611	0.2409	0.4566
646	0.576	0.0	0.576	0.5923	0.5894	0.7203
647	0.4883	0.0	0.4883	0.6828	0.5637	0.7626
648	0.3931	0.0	0.3931	0.4831	0.4158	0.5884
649	0.3076	0.0	0.3076	0.4195	0.3245	0.4588
650	0.2614	0.0	0.2614	0.3667	0.319	0.3908
651	0.5161	0.0	0.5161	0.3714	0.4928	0.5543
652	0.4906	0.0	0.4906	0.2705	0.6391	0.4371
653	0.6219	0.0	0.6219	0.3542	0.7024	0.4394
654	0.2894	0.0	0.2894	0.6338	0.3353	0.7059
655	0.4215	0.0	0.4215	0.4682	0.5716	0.6208
656	0.5153	0.0	0.5153	0.5627	0.611	0.6363
657	0.3057	0.0	0.3057	0.4746	0.3536	0.4844
658	0.4794	0.0	0.4794	0.6235	0.6074	0.7082
659	0.4348	0.0	0.4348	0.4778	0.5567	0.5663
660	0.4223	0.0	0.4223	0.5522	0.5093	0.6931
661	0.4199	0.0	0.4199	0.6326	0.7441	0.7824
662	0.3324	0.0	0.3324	0.3407	0.4218	0.4493
663	0.618	0.0	0.618	0.5501	0.7952	0.6251
664	0.4936	0.0	0.4936	0.5246	0.6383	0.6827
665	0.4403	0.0	0.4403	0.4011	0.4905	0.4265
666	0.546	0.0	0.546	0.6772	0.6418	0.7193
667	0.5856	0.0	0.5856	0.299	0.6507	0.3201
668	0.3479	0.0	0.3479	0.7216	0.4867	1.008
669	0.3453	0.0	0.3453	0.461	0.4348	0.5572
670	0.1924	0.0	0.1924	0.3225	0.222	0.3189
671	0.2972	0.0	0.2972	0.3545	0.3449	0.458
672	0.5515	0.0	0.5515	0.4897	0.6951	0.5485
673	0.4898	0.0	0.4898	0.5376	0.5258	0.6431
674	0.4239	0.0	0.4239	0.329	0.4965	0.3963
675	0.6623	0.0	0.6623	0.3082	0.8011	0.3818
676	0.2991	0.0	0.2991	0.3011	0.4032	0.3346
677	0.3742	0.0	0.3742	0.5147	0.4196	0.5805
678	0.3135	0.0	0.3135	0.4248	0.3577	0.4735
679	0.4316	0.0	0.4316	0.5783	0.5079	0.7151
680	0.5239	0.0	0.5239	0.4051	0.6007	0.4719
681	0.5386	0.0	0.5386	0.4916	0.6268	0.6321
682	0.3901	0.0	0.3901	0.5435	0.5738	0.6041
683	0.7173	0.0	0.7173	0.4762	0.7855	0.5732
684	0.808	0.0	0.808	0.5189	1.05	0.5945
685	0.6338	0.0	0.6338	0.6191	0.7327	0.8201
686	0.375	0.0	0.375	0.3236	0.4457	0.3529
687	0.355	0.0	0.355	0.2733	0.3807	0.2901
688	0.6088	0.0	0.6088	0.4812	0.7009	0.498
689	0.5528	0.0	0.5528	0.4527	0.5705	0.6166
690	0.4692	0.0	0.4692	0.4365	0.5218	0.5146
691	0.4736	0.0	0.4736	0.7012	0.6766	0.8496
692	0.07817	0.0	0.07817	0.2997	0.1325	0.3352
693	0.3826	0.0	0.3826	0.3251	0.4485	0.4024
694	0.6125	0.0	0.6125	0.3791	0.6585	0.3942
695	0.3429	0.0	0.3429	0.4241	0.3629	0.5043
696	0.5504	0.0	0.5504	0.543	0.6618	0.6597
697	0.439	0.0	0.439	0.3462	0.4618	0.4438
698	0.7162	0.0	0.7162	0.5559	0.7996	0.6091
699	0.5371	0.0	0.5371	0.5713	0.7393	0.7313
700	0.5868	0.0	0.5868	0.394	0.7404	0.5978
701	0.4164	0.0	0.4164	0.2922	0.5113	0.451
702	0.3767	0.0	0.3767	0.6204	0.4329	0.7307
703	0.4681	0.0	0.4681	0.4601	0.4924	0.5549
704	0.3209	0.0	0.3209	0.4587	0.4021	0.5878
705	0.2853	0.0	0.2853	0.3523	0.4587	0.4445
706	0.4356	0.0	0.4356	0.4907	0.5531	0.5999
707	0.3684	0.0	0.3684	0.4196	0.4198	0.4876
708	0.3651	0.0	0.3651	0.2592	0.3712	0.2851
709	0.3504	0.0	0.3504	0.4297	0.4872	0.6449
710	0.3867	0.0	0.3867	0.6628	0.5065	0.7296
711	0.3081	0.0	0.3081	0.4918	0.3525	0.5965
712	0.4542	0.0	0.4542	0.4319	0.6054	0.5172
713	0.3601	0.0	0.3601	0.4242	0.3848	0.4994
714	0.4052	0.0	0.4052	0.5903	0.462	0.6802
715	0.4415	0.0	0.4415	0.5337	0.4812	0.6465
716	0.4054	0.0	0.4054	0.4326	0.5245	0.564
717	0.549	0.0	0.549	0.24	0.5958	0.2891
718	0.4504	0.0	0.4504	0.634	0.5289	0.6394
719	0.4579	0.0	0.4579	0.4716	0.4895	0.5209
720	0.3189	0.0	0.3189	0.3491	0.3514	0.37
721	0.5006	0.0	0.5006	0.3666	0.4919	0.4731
722	0.5166	0.0	0.5166	0.5821	0.6141	0.7539
723	0.488	0.0	0.488	0.4537	0.6446	0.5239
724	0.6074	0.0	0.6074	0.3987	0.9705	0.484
725	0.4488	0.0	0.4488	0.2937	0.548	0.5004
726	0.3785	0.0	0.3785	0.3496	0.463	0.4193
727	0.4133	0.0	0.4133	0.4133	0.5503	0.5396
728	0.4289	0.0	0.4289	0.4337	0.6049	0.7197
729	0.5441	0.0	0.5441	0.4844	0.6627	0.7014
730	0.4876	0.0	0.4876	0.3668	0.5562	0.384
731	0.678	0.0	0.678	0.4941	0.7256	0.5758
732	0.3981	0.0	0.3981	0.5149	0.4604	0.6453
733	0.6862	0.0	0.6862	0.534	0.8821	0.7437
734	0.2881	0.0	0.2881	0.4622	0.3613	0.4931
735	0.3999	0.0	0.3999	0.5096	0.4439	0.6212
736	0.5613	0.0	0.5613	0.636	0.8717	0.6981
737	0.62	0.0	0.62	0.5784	0.727	0.8714
738	0.3669	0.0	0.3669	0.4953	0.4711	0.6573
739	0.4484	0.0	0.4484	0.4361	0.5369	0.5175
740	0.3217	0.0	0.3217	0.5162	0.4067	0.6168
741	0.531	0.0	0.531	0.4998	0.6168	0.6207
742	0.327	0.0	0.327	0.6161	0.391	0.6671
743	0.4458	0.0	0.4458	0.3837	0.5119	0.4145
744	0.6402	0.0	0.6402	0.4701	0.699	0.5295
745	0.4089	0.0	0.4089	0.437	0.4779	0.5211
746	0.6981	0.0	0.6981	0.6547	0.7128	0.6902
747	0.5319	0.0	0.5319	0.4277	0.6763	0.4747
748	0.3731	0.0	0.3731	0.3509	0.521	0.4679
749	0.3219	0.0	0.3219	0.5605	0.3952	0.7099
750	0.2955	0.0	0.2955	0.5524	0.353	0.6312
751	0.4561	0.0	0.4561	0.6366	0.593	0.8275
752	0.4769	0.0	0.4769	0.4566	0.5054	0.6628
753	0.4079	0.0	0.4079	0.4483	0.4399	0.5237
754	0.3092	0.0	0.3092	0.4563	0.4012	0.6484
755	0.5512	0.0	0.5512	0.421	0.6765	0.4848
756	0.543	0.0	0.543	0.3974	0.686	0.4338
757	0.473	0.0	0.473	0.4402	0.5025	0.5129
758	0.6206	0.0	0.6206	0.2972	0.7841	0.3448
759	0.4182	0.0	0.4182	0.3936	0.515	0.4582
760	0.5478	0.0	0.5478	0.2705	0.6765	0.448
761	0.2919	0.0	0.2919	0.4614	0.3746	0.5153
762	0.4264	0.0	0.4264	0.3488	0.4795	0.3785
763	0.4448	0.0	0.4448	0.4522	0.5027	0.5422
764	0.5132	0.0	0.5132	0.5947	0.6781	0.7575
765	0.2497	0.0	0.2497	0.4413	0.2853	0.5533
766	0.6472	0.0	0.6472	0.4375	0.717	0.4813
767	0.589	0.0	0.589	0.5509	0.6981	0.683
768	0.508	0.0	0.508	0.3269	0.6754	0.3796
769	0.3005	0.0	0.3005	0.4968	0.3248	0.5274
770	0.3559	0.0	0.3559	0.4638	0.4994	0.5941
771	0.5184	0.0	0.5184	0.4173	0.598	0.4426
772	0.5069	0.0	0.5069	0.6137	0.6268	0.7551
773	0.272	0.0	0.272	0.5359	0.3324	0.6328
774	0.4525	0.0	0.4525	0.4113	0.532	0.4512
775	0.3016	0.0	0.3016	0.414	0.3493	0.4757
776	0.3948	0.0	0.3948	0.5957	0.4741	0.6337
777	0.495	0.0	0.495	0.4628	0.5522	0.5573
778	0.3521	0.0	0.3521	0.3162	0.4008	0.3631
779	0.7504	0.0	0.7504	0.542	0.7643	0.6332
780	0.1284	0.0	0.1284	0.3755	0.2141	0.4756
781	0.3378	0.0	0.3378	0.4791	0.3699	0.5951
782	0.3007	0.0	0.3007	0.4647	0.3552	0.5593
783	0.5327	0.0	0.5327	0.3829	0.718	0.444
784	0.4561	0.0	0.4561	0.3339	0.5208	0.3439
785	0.4222	0.0	0.4222	0.4612	0.4963	0.5611
786	0.3273	0.0	0.3273	0.4243	0.4133	0.486
787	0.6196	0.0	0.6196	0.5527	0.7771	0.7345
788	0.5598	0.0	0.5598	0.587	0.6249	0.7361
789	0.6277	0.0	0.6277	0.567	0.7723	0.8127
790	0.4307	0.0	0.4307	0.3499	0.506	0.418
791	0.4029	0.0	0.4029	0.5218	0.4638	0.5522
792	0.381	0.0	0.381	0.334	0.4601	0.3733
793	0.4941	0.0	0.4941	0.3685	0.5202	0.3891
794	0.5459	0.0	0.5459	0.4588	0.658	0.4902
795	0.7403	0.0	0.7403	0.6721	0.7899	0.8026
796	0.4494	0.0	0.4494	0.478	0.4784	0.5604
797	0.4164	0.0	0.4164	0.512	0.4555	0.6012
798	0.4491	0.0	0.4491	0.4725	0.4921	0.5753
799	0.5051	0.0	0.5051	0.26	0.5263	0.291
800	0.4923	0.0	0.4923	0.4442	0.5592	0.5825
801	0.3798	0.0	0.3798	0.6057	0.437	0.7245
802	0.4233	0.0	0.4233	0.6222	0.5532	0.7309
803	0.5082	0.0	0.5082	0.6058	0.6209	0.8073
804	0.7642	0.0	0.7642	0.9431	0.9666	1.177
805	0.35	0.0	0.35	0.3257	0.4924	0.4923
806	0.4369	0.0	0.4369	0.6055	0.4543	0.6939
807	0.252	0.0	0.252	0.5949	0.2997	0.6913
808	0.3905	0.0	0.3905	0.3389	0.4951	0.4834
809	0.258	0.0	0.258	0.3774	0.288	0.4376
810	0.5622	0.0	0.5622	0.4342	0.6577	0.5658
811	0.642	0.0	0.642	0.5732	0.7421	0.6832
812	0.38	0.0	0.38	0.3999	0.3974	0.4695
813	0.6715	0.0	0.6715	0.5627	0.8072	0.7111
814	0.2592	0.0	0.2592	0.4492	0.2806	0.57
815	0.376	0.0	0.376	0.4067	0.4362	0.4548
816	0.6103	0.0	0.6103	0.4865	0.8818	0.6796
817	0.3849	0.0	0.3849	0.2854	0.4054	0.3423
818	0.4123	0.0	0.4123	0.5185	0.4224	0.6739
819	0.3869	0.0	0.3869	0.4103	0.48	0.4849
820	0.6228	0.0	0.6228	0.4441	0.7273	0.5111
821	0.3893	0.0	0.3893	0.3151	0.4608	0.3298
822	0.5474	0.0	0.5474	0.6086	0.6201	0.6684
823	0.3878	0.0	0.3878	0.4122	0.4171	0.5579
824	0.401	0.0	0.401	0.5587	0.4263	0.6349
825	0.4244	0.0	0.4244	0.4269	0.5089	0.6667
826	0.4758	0.0	0.4758	0.3404	0.6705	0.4462
827	0.3684	0.0	0.3684	0.2874	0.3745	0.33
828	0.4885	0.0	0.4885	0.3571	0.666	0.5124
829	0.3874	0.0	0.3874	0.4656	0.4675	0.5807
830	0.3431	0.0	0.3431	0.4582	0.3742	0.561
831	0.6347	0.0	0.6347	0.4085	0.7252	0.5462
832	0.3337	0.0	0.3337	0.25	0.4505	0.3768
833	0.4672	0.0	0.4672	0.5549	0.5023	0.7472
834	0.1433	0.0	0.1433	0.4077	0.198	0.4654
835	0.2928	0.0	0.2928	0.3821	0.4932	0.4592
836	0.2718	0.0	0.2718	0.4575	0.4396	0.6095
837	0.5401	0.0	0.5401	0.5412	0.6789	0.6439
838	0.5355	0.0	0.5355	0.538	0.5837	0.6343
839	0.4007	0.0	0.4007	0.3916	0.4244	0.5123
840	0.5576	0.0	0.5576	0.3466	0.8677	0.4626
841	0.4854	0.0	0.4854	0.6519	0.6798	0.8167
842	0.2792	0.0	0.2792	0.3294	0.2778	0.3702
843	0.4106	0.0	0.4106	0.5081	0.4798	0.6438
844	0.4907	0.0	0.4907	0.5687	0.633	0.6425
845	0.3455	0.0	0.3455	0.3669	0.4568	0.4249
846	0.5004	0.0	0.5004	0.4986	0.6006	0.5504
847	0.6694	0.0	0.6694	0.424	0.8412	0.4647
848	0.2421	0.0	0.2421	0.5499	0.2596	0.6225
849	0.3869	0.0	0.3869	0.3592	0.4751	0.399
850	0.5765	0.0	0.5765	0.4715	0.5609	0.495
851	0.376	0.0	0.376	0.2939	0.4609	0.3826
852	0.0861	0.0	0.0861	0.4514	0.1357	0.5812
853	0.3143	0.0	0.3143	0.5638	0.4269	0.7222
854	0.4269	0.0	0.4269	0.3422	0.5163	0.3889
855	0.5443	0.0	0.5443	0.4582	0.6421	0.5017
856	0.4589	0.0	0.4589	0.4263	0.5538	0.4409
857	0.2758	0.0	0.2758	0.4384	0.3151	0.509
858	0.3443	0.0	0.3443	0.5644	0.558	0.7142
859	0.3068	0.0	0.3068	0.3698	0.4727	0.5305
860	0.266	0.0	0.266	0.3579	0.359	0.4099
861	0.5297	0.0	0.5297	0.2714	0.5857	0.3094
862	0.5758	0.0	0.5758	0.5225	0.6812	0.6031
863	0.3217	0.0	0.3217	0.387	0.456	0.442
864	0.3707	0.0	0.3707	0.3019	0.4513	0.3262
865	0.2878	0.0	0.2878	0.5332	0.2885	0.6146
866	0.4605	0.0	0.4605	0.4213	0.5028	0.4737
867	0.5675	0.0	0.5675	0.3805	0.6387	0.4064
868	0.4867	0.0	0.4867	0.4619	0.63	0.5973
869	0.3993	0.0	0.3993	0.3588	0.4491	0.424
870	0.315	0.0	0.315	0.4538	0.3934	0.5564
871	0.4637	0.0	0.4637	0.7006	0.5713	0.8376
872	0.3365	0.0	0.3365	0.3986	0.4641	0.5394
873	0.5061	0.0	0.5061	0.5201	0.5495	0.6141
874	0.2934	0.0	0.2934	0.5431	0.3498	0.6397
875	0.2719	0.0	0.2719	0.3178	0.3205	0.3396
876	0.315	0.0	0.315	0.4379	0.3665	0.5605
877	0.6649	0.0	0.6649	0.3225	0.7966	0.3887
878	0.3967	0.0	0.3967	0.3646	0.4587	0.4878
879	0.2452	0.0	0.2452	0.4574	0.3128	0.5481
880	0.5654	0.0	0.5654	0.509	0.6377	0.606
881	0.611	0.0	0.611	0.4924	0.6606	0.6501
882	0.515	0.0	0.515	0.3591	0.6415	0.4106
883	0.4677	0.0	0.4677	0.3623	0.5486	0.4473
884	0.2078	0.0	0.2078	0.1775	0.329	0.1963
885	0.4446	0.0	0.4446	0.2518	0.4795	0.2787
886	0.3637	0.0	0.3637	0.4505	0.4343	0.5059
887	0.4966	0.0	0.4966	0.5076	0.5726	0.5936
888	0.4608	0.0	0.4608	0.4211	0.4952	0.4782
889	0.4127	0.0	0.4127	0.4621	0.4918	0.5099
890	0.3721	0.0	0.3721	0.5715	0.5224	0.7022
891	0.5892	0.0	0.5892	0.3844	0.6594	0.5653
892	0.5375	0.0	0.5375	0.5934	0.6449	0.663
893	0.4544	0.0	0.4544	0.6371	0.6755	0.9329
894	0.2974	0.0	0.2974	0.4031	0.3517	0.4749
895	0.2817	0.0	0.2817	0.5044	0.3016	0.5713
896	0.5208	0.0	0.5208	0.3799	0.6509	0.4632
897	0.4101	0.0	0.4101	0.3805	0.6401	0.4982
898	0.2661	0.0	0.2661	0.2973	0.2968	0.3242
899	0.6551	0.0	0.6551	0.5408	0.7872	0.6859
900	0.6332	0.0	0.6332	0.3295	0.8025	0.5067
901	0.3526	0.0	0.3526	0.3168	0.3919	0.3679
902	0.337	0.0	0.337	0.4093	0.3853	0.4694
903	0.5094	0.0	0.5094	0.2999	0.5663	0.3755
904	0.4752	0.0	0.4752	0.3549	0.5737	0.4231
905	0.5075	0.0	0.5075	0.312	0.595	0.4017
906	0.2996	0.0	0.2996	0.3274	0.3059	0.3698
907	0.5029	0.0	0.5029	0.5732	0.6387	0.7162
908	0.4245	0.0	0.4245	0.525	0.5886	0.6789
909	0.3958	0.0	0.3958	0.5288	0.515	0.7568
910	0.472	0.0	0.472	0.5079	0.5274	0.7018
911	0.3011	0.0	0.3011	0.5538	0.3253	0.6106
912	0.5323	0.0	0.5323	0.5083	0.757	0.6118
913	0.3127	0.0	0.3127	0.3014	0.3888	0.4115
914	0.5306	0.0	0.5306	0.5867	0.6325	0.7884
915	0.476	0.0	0.476	0.4461	0.5694	0.5158
916	0.3239	0.0	0.3239	0.429	0.4201	0.5246
917	0.3563	0.0	0.3563	0.5779	0.3973	0.7809
918	0.3542	0.0	0.3542	0.5328	0.4217	0.5913
919	0.4716	0.0	0.4716	0.3552	0.5884	0.4041
920	0.7134	0.0	0.7134	0.67	0.8115	0.8714
921	0.3038	0.0	0.3038	0.4692	0.2781	0.5087
922	0.4373	0.0	0.4373	0.2914	0.5336	0.3346
923	0.3322	0.0	0.3322	0.201	0.3534	0.2566
924	0.2853	0.0	0.2853	0.4964	0.3635	0.5823
925	0.1909	0.0	0.1909	0.6208	0.2196	0.5295
926	0.3438	0.0	0.3438	0.3081	0.3825	0.3456
927	0.4066	0.0	0.4066	0.5434	0.4824	0.711
928	0.2692	0.0	0.2692	0.39	0.3425	0.3995
929	0.6063	0.0	0.6063	0.6064	0.6566	0.698
930	0.3206	0.0	0.3206	0.4833	0.3608	0.578
931	0.5324	0.0	0.5324	0.5351	0.6124	0.6693
932	0.3415	0.0	0.3415	0.3737	0.5411	0.4156
933	0.47	0.0	0.47	0.3088	0.5768	0.3682
934	0.4498	0.0	0.4498	0.4116	0.5192	0.4706
935	0.3791	0.0	0.3791	0.3304	0.4445	0.4712
936	0.5425	0.0	0.5425	0.4165	0.737	0.5795
937	0.5821	0.0	0.5821	0.4516	0.6482	0.5334
938	0.3764	0.0	0.3764	0.516	0.3721	0.5458
939	0.6739	0.0	0.6739	0.3523	0.6825	0.4241
940	0.5923	0.0	0.5923	0.5627	0.7211	0.629
941	0.5524	0.0	0.5524	0.4467	0.8182	0.722
942	0.341	0.0	0.341	0.6123	0.3469	0.6951
943	0.2255	0.0	0.2255	0.6505	0.2388	0.728
944	0.4063	0.0	0.4063	0.5331	0.449	0.6446
945	0.8071	0.0	0.8071	0.5208	1.031	0.7291
946	0.3654	0.0	0.3654	0.4371	0.4644	0.4718
947	0.4731	0.0	0.4731	0.4701	0.565	0.5684
948	0.3072	0.0	0.3072	0.4493	0.3416	0.5127
949	0.4913	0.0	0.4913	0.5174	0.5854	0.6342
950	0.3381	0.0	0.3381	0.5621	0.4403	0.5512
951	0.5227	0.0	0.5227	0.2814	0.6182	0.3255
952	0.396	0.0	0.396	0.501	0.4753	0.6103
953	0.4176	0.0	0.4176	0.477	0.4887	0.6168
954	0.4905	0.0	0.4905	0.4994	0.5522	0.6867
955	0.5968	0.0	0.5968	0.5687	0.802	0.6533
956	0.3491	0.0	0.3491	0.3704	0.3644	0.3939
957	0.3214	0.0	0.3214	0.4501	0.3842	0.5142
958	0.5743	0.0	0.5743	0.5763	0.6251	0.6036
959	0.5923	0.0	0.5923	0.5214	0.6996	0.5928
960	0.3576	0.0	0.3576	0.3502	0.3943	0.4444
961	0.4361	0.0	0.4361	0.3529	0.48	0.3828
962	0.3272	0.0	0.3272	0.429	0.3695	0.4957
963	0.3989	0.0	0.3989	0.6472	0.4222	0.7439
964	0.4299	0.0	0.4299	0.6505	0.474	0.7447
965	0.565	0.0	0.565	0.5009	0.6557	0.5922
966	0.3794	0.0	0.3794	0.5006	0.5438	0.649
967	0.6218	0.0	0.6218	0.5634	0.7584	0.6571
968	0.3221	0.0	0.3221	0.3731	0.3756	0.3826
969	0.5365	0.0	0.5365	0.4816	0.5993	0.4973
970	0.5466	0.0	0.5466	0.4999	0.6246	0.5972
971	0.4307	0.0	0.4307	0.6695	0.4949	0.7895
972	0.4712	0.0	0.4712	0.3656	0.5702	0.4098
973	0.3337	0.0	0.3337	0.3907	0.5158	0.4999
974	0.4354	0.0	0.4354	0.3196	0.524	0.3583
975	0.4721	0.0	0.4721	0.6959	0.5855	0.8005
976	0.2075	0.0	0.2075	0.4888	0.2816	0.6546
977	0.4217	0.0	0.4217	0.4149	0.4801	0.4633
978	0.4353	0.0	0.4353	0.5275	0.4627	0.6486
979	0.4035	0.0	0.4035	0.3444	0.4836	0.3944
980	0.4519	0.0	0.4519	0.5	0.5227	0.7115
981	0.378	0.0	0.378	0.4361	0.4418	0.4955
982	0.418	0.0	0.418	0.2861	0.4704	0.3082
983	0.5652	0.0	0.5652	0.328	0.6181	0.4089
984	0.5082	0.0	0.5082	0.4789	0.5891	0.5691
985	0.4302	0.0	0.4302	0.6203	0.4682	0.7016
986	0.4469	0.0	0.4469	0.2548	0.5014	0.2771
987	0.4517	0.0	0.4517	0.517	0.58	0.5926
988	0.05691	0.0	0.05691	0.2054	0.1203	0.3
989	0.3631	0.0	0.3631	0.4188	0.4234	0.5157
990	0.3299	0.0	0.3299	0.3195	0.356	0.3352
991	0.4088	0.0	0.4088	0.5806	0.4838	0.6604
992	0.4194	0.0	0.4194	0.504	0.4895	0.5749
993	0.4735	0.0	0.4735	0.4218	0.5938	0.5059
994	0.3198	0.0	0.3198	0.5374	0.4506	0.6627
995	0.6364	0.0	0.6364	0.6388	0.864	0.7833
996	0.4453	0.0	0.4453	0.5418	0.5487	0.6008
997	0.5195	0.0	0.5195	0.5803	0.6912	0.6926
998	0.3203	0.0	0.3203	0.3271	0.3273	0.3667
999	0.5272	0.0	0.5272	0.3802	0.5673	0.4339
1000	0.4248	0.0	0.4248	0.5105	0.4793	0.6457
1001	0.4475	0.0	0.4475	0.3208	0.4574	0.3935
1002	0.3945	0.0	0.3945	0.4686	0.485	0.5354
1003	0.5358	0.0	0.5358	0.7249	0.7181	0.8234
1004	0.5647	0.0	0.5647	0.559	0.6978	0.6012
1005	0.4229	0.0	0.4229	0.3534	0.4962	0.411
1006	0.3868	0.0	0.3868	0.3158	0.4884	0.4546
1007	0.4411	0.0	0.4411	0.445	0.5092	0.5674
1008	0.3281	0.0	0.3281	0.478	0.4053	0.5549
1009	0.4197	0.0	0.4197	0.2867	0.5263	0.3982
1010	0.4195	0.0	0.4195	0.4584	0.4991	0.4571
1011	0.5642	0.0	0.5642	0.5814	0.714	0.665
1012	0.7907	0.0	0.7907	0.4485	1.016	0.4959
1013	0.4655	0.0	0.4655	0.4961	0.5646	0.6458
1014	0.3497	0.0	0.3497	0.4783	0.3719	0.5581
1015	0.5325	0.0	0.5325	0.3998	0.6688	0.4023
1016	0.5383	0.0	0.5383	0.2738	0.7496	0.3214
1017	0.4068	0.0	0.4068	0.5188	0.52	0.6683
1018	0.5078	0.0	0.5078	0.3866	0.6667	0.4959
1019	0.545	0.0	0.545	0.6218	0.6341	0.8201
1020	0.4294	0.0	0.4294	0.3585	0.5582	0.46
1021	0.5008	0.0	0.5008	0.4333	0.6872	0.5356
1022	0.3186	0.0	0.3186	0.4811	0.3356	0.5649
1023	0.3888	0.0	0.3888	0.3792	0.4615	0.4161
1024	0.4861	0.0	0.4861	0.6526	0.6628	0.8798
1025	0.9121	0.0	0.9121	0.5544	0.9693	0.6246
1026	0.4762	0.0	0.4762	0.5906	0.53	0.6288
1027	0.3741	0.0	0.3741	0.5337	0.417	0.6023
1028	0.4694	0.0	0.4694	0.5338	0.5411	0.6621
1029	0.5056	0.0	0.5056	0.4585	0.6083	0.4773
1030	0.3743	0.0	0.3743	0.462	0.4092	0.503
1031	0.3569	0.0	0.3569	0.3579	0.4383	0.4478
1032	0.4464	0.0	0.4464	0.4656	0.5657	0.5795
1033	0.4206	0.0	0.4206	0.2945	0.6589	0.3884
1034	0.6234	0.0	0.6234	0.3669	0.7683	0.4401
1035	0.5087	0.0	0.5087	0.4435	0.6672	0.5076
1036	0.6276	0.0	0.6276	0.569	0.8138	0.7554
1037	0.4871	0.0	0.4871	0.3923	0.5478	0.4921
1038	0.3054	0.0	0.3054	0.2926	0.3326	0.3401
1039	0.3774	0.0	0.3774	0.5553	0.3857	0.7466
1040	0.5685	0.0	0.5685	0.4846	0.7017	0.5931
