Step	Loss(S)	Loss(T)	fwd_S	fwd_T	rev_S	rev_T
1	0.0	5.316	3.988	5.473	4.051	5.316
2	0.0	2.981	3.139	3.009	2.854	2.981
3	0.0	3.906	2.697	3.866	2.668	3.906
4	0.0	1.638	4.461	1.649	4.387	1.638
5	0.0	2.612	2.334	2.161	2.852	2.612
6	0.0	3.306	2.176	3.203	2.074	3.306
7	0.0	1.49	2.874	1.33	2.626	1.49
8	0.0	1.186	3.104	1.158	3.234	1.186
9	0.0	0.4317	1.177	0.4081	1.31	0.4317
10	0.0	0.8881	1.105	0.8285	1.094	0.8881
11	0.0	2.078	2.414	2.104	2.825	2.078
12	0.0	1.309	1.36	1.156	1.704	1.309
13	0.0	1.753	1.569	1.55	1.562	1.753
14	0.0	1.227	1.516	1.202	1.709	1.227
15	0.0	1.397	1.783	1.457	1.817	1.397
16	0.0	0.5681	1.636	0.6175	1.608	0.5681
17	0.0	1.313	0.5455	1.294	0.5191	1.313
18	0.0	0.4112	0.5102	0.463	0.4703	0.4112
19	0.0	1.59	1.917	1.807	1.826	1.59
20	0.0	0.93	0.8551	1.01	0.7296	0.93
21	0.0	1.797	0.6884	2.02	0.7034	1.797
22	0.0	0.8345	0.894	0.9955	0.9042	0.8345
23	0.0	1.866	1.127	2.029	1.162	1.866
24	0.0	1.552	0.6833	1.596	0.6922	1.552
25	0.0	1.131	1.388	1.302	1.202	1.131
26	0.0	0.6032	1.3	0.618	1.276	0.6032
27	0.0	0.4238	0.6954	0.4577	0.6847	0.4238
28	0.0	0.9556	0.7341	0.9485	0.6762	0.9556
29	0.0	0.4664	0.6713	0.5158	0.6716	0.4664
30	0.0	1.173	0.3344	1.112	0.293	1.173
31	0.0	1.259	1.068	1.31	0.9795	1.259
32	0.0	0.5161	0.5	0.5403	0.4862	0.5161
33	0.0	0.4062	0.542	0.4022	0.5199	0.4062
34	0.0	0.6977	0.9982	0.856	0.8757	0.6977
35	0.0	1.424	1.121	1.579	0.9343	1.424
36	0.0	0.8401	0.648	0.8034	0.6504	0.8401
37	0.0	0.7728	0.648	0.7742	0.6236	0.7728
38	0.0	0.7363	1.113	0.8575	0.9611	0.7363
39	0.0	0.5574	0.5671	0.5989	0.542	0.5574
40	0.0	0.8685	0.7105	0.8439	0.7115	0.8685
41	0.0	1.208	0.6236	1.365	0.5975	1.208
42	0.0	0.4943	0.6852	0.4883	0.6899	0.4943
43	0.0	0.3585	0.8665	0.3763	0.809	0.3585
44	0.0	0.3398	0.3132	0.3517	0.2913	0.3398
45	0.0	0.2528	0.3565	0.2739	0.3155	0.2528
46	0.0	0.3718	0.3012	0.3759	0.3239	0.3718
47	0.0	0.5539	0.7823	0.6345	0.7133	0.5539
48	0.0	0.3296	0.858	0.3551	0.8214	0.3296
49	0.0	0.5961	0.9757	0.6286	1.079	0.5961
50	0.0	1.303	1.421	1.436	1.214	1.303
51	0.0	1.288	0.8782	1.434	0.7891	1.288
52	0.0	0.9779	1.227	1.077	1.07	0.9779
53	0.0	1.039	0.5512	1.14	0.504	1.039
54	0.0	0.892	0.987	0.9807	0.9308	0.892
55	0.0	0.4178	0.6579	0.4315	0.6672	0.4178
56	0.0	0.3461	0.4464	0.3719	0.3675	0.3461
57	0.0	0.5463	0.8845	0.5279	0.9828	0.5463
58	0.0	0.8132	0.2656	0.9254	0.2892	0.8132
59	0.0	0.6348	0.998	0.6898	0.8834	0.6348
60	0.0	0.4064	0.5155	0.3701	0.5651	0.4064
61	0.0	1.124	1.382	1.42	1.154	1.124
62	0.0	0.9176	0.5282	1.043	0.5027	0.9176
63	0.0	1.285	1.452	1.431	1.247	1.285
64	0.0	0.7466	0.87	0.7956	0.7854	0.7466
65	0.0	0.4798	0.592	0.4623	0.6406	0.4798
66	0.0	0.746	1.222	0.8755	1.043	0.746
67	0.0	0.4718	0.6717	0.4923	0.6754	0.4718
68	0.0	0.8337	0.8879	0.9164	0.8591	0.8337
69	0.0	0.9121	0.6218	0.8117	0.6416	0.9121
70	0.0	0.7658	0.9936	0.7703	0.9228	0.7658
71	0.0	0.9847	0.9009	1.029	0.8198	0.9847
72	0.0	0.4494	0.5025	0.403	0.5375	0.4494
73	0.0	0.4172	0.3824	0.3789	0.4373	0.4172
74	0.0	1.249	1.104	1.321	1.014	1.249
75	0.0	0.4908	0.3747	0.4716	0.3536	0.4908
76	0.0	0.8054	1.065	0.8956	0.8096	0.8054
77	0.0	0.4158	0.7912	0.4571	0.7233	0.4158
78	0.0	0.3113	0.4233	0.3405	0.4089	0.3113
79	0.0	0.6732	0.4726	0.6517	0.4669	0.6732
80	0.0	0.615	0.8786	0.6984	0.8079	0.615
81	0.0	1.104	1.013	1.211	0.986	1.104
82	0.0	0.7822	0.517	0.7235	0.584	0.7822
83	0.0	0.6079	1.36	0.6988	1.285	0.6079
84	0.0	0.2821	0.9503	0.2744	0.9017	0.2821
85	0.0	0.5246	0.3252	0.4951	0.3368	0.5246
86	0.0	0.5952	0.3243	0.6077	0.3331	0.5952
87	0.0	0.5725	0.6751	0.5798	0.6606	0.5725
88	0.0	0.1896	0.4135	0.2099	0.3634	0.1896
89	0.0	0.4357	0.5088	0.4698	0.4577	0.4357
90	0.0	0.6477	0.7708	0.7543	0.6867	0.6477
91	0.0	0.466	0.424	0.4612	0.4285	0.466
92	0.0	0.5853	0.6033	0.5629	0.6244	0.5853
93	0.0	0.527	0.3769	0.4287	0.4391	0.527
94	0.0	0.5115	0.8983	0.6082	0.7816	0.5115
95	0.0	0.2558	0.6322	0.2808	0.6276	0.2558
96	0.0	0.8509	0.3713	0.9461	0.3672	0.8509
97	0.0	1.067	0.8512	1.21	0.8624	1.067
98	0.0	0.2286	0.3932	0.2409	0.4647	0.2286
99	0.0	0.3925	0.4922	0.4138	0.4866	0.3925
100	0.0	0.5347	0.9476	0.5289	0.7679	0.5347
101	0.0	1.026	0.6052	1.266	0.552	1.026
102	0.0	0.7287	0.3622	0.6146	0.3393	0.7287
103	0.0	0.8408	1.021	0.9536	0.9786	0.8408
104	0.0	0.9095	1.45	0.9621	1.382	0.9095
105	0.0	0.6364	0.5498	0.6238	0.5489	0.6364
106	0.0	0.5832	0.3635	0.6687	0.3787	0.5832
107	0.0	0.5618	0.5117	0.4778	0.5596	0.5618
108	0.0	0.3827	0.239	0.4196	0.2144	0.3827
109	0.0	0.501	0.3189	0.573	0.2931	0.501
110	0.0	0.9186	0.6576	0.9975	0.6074	0.9186
111	0.0	0.4359	0.3177	0.3801	0.3224	0.4359
112	0.0	0.9355	1.304	1.067	1.242	0.9355
113	0.0	0.5328	1.031	0.5266	0.8661	0.5328
114	0.0	0.2757	0.6816	0.285	0.5595	0.2757
115	0.0	0.9733	0.7108	1.124	0.6369	0.9733
116	0.0	0.5019	0.5954	0.5046	0.5493	0.5019
117	0.0	1.029	1.294	1.202	1.063	1.029
118	0.0	0.4334	0.3292	0.4993	0.3182	0.4334
119	0.0	1.29	1.187	1.469	0.9543	1.29
120	0.0	0.3462	0.5216	0.3729	0.499	0.3462
121	0.0	0.5735	0.6078	0.5052	0.5643	0.5735
122	0.0	0.3868	0.614	0.3994	0.5242	0.3868
123	0.0	0.987	1.104	1.277	0.9194	0.987
124	0.0	0.4589	0.4438	0.4023	0.4011	0.4589
125	0.0	0.8444	0.7666	1.043	0.6789	0.8444
126	0.0	0.5539	0.629	0.6914	0.5932	0.5539
127	0.0	0.9659	1.124	1.244	0.9286	0.9659
128	0.0	0.813	0.9285	0.8657	0.8565	0.813
129	0.0	0.8746	1.105	1.14	0.9385	0.8746
130	0.0	0.7771	0.3359	0.9132	0.3248	0.7771
131	0.0	0.8505	1.09	0.9935	0.9606	0.8505
132	0.0	0.6877	0.4573	0.6098	0.4726	0.6877
133	0.0	0.2427	0.2762	0.2609	0.2536	0.2427
134	0.0	0.7599	0.8123	0.8084	0.6909	0.7599
135	0.0	0.7983	1.132	0.9599	0.9531	0.7983
136	0.0	0.2762	0.3304	0.2609	0.3348	0.2762
137	0.0	0.475	0.3563	0.3742	0.3734	0.475
138	0.0	0.6628	0.3902	0.8204	0.3603	0.6628
139	0.0	0.7437	1.276	0.8243	1.066	0.7437
140	0.0	0.3342	0.2817	0.3541	0.2698	0.3342
141	0.0	0.4046	0.2455	0.372	0.2267	0.4046
142	0.0	0.4937	0.6307	0.5085	0.6069	0.4937
143	0.0	0.4932	0.3895	0.4787	0.4433	0.4932
144	0.0	0.4511	0.5748	0.4347	0.5591	0.4511
145	0.0	0.4935	0.2842	0.5092	0.3422	0.4935
146	0.0	0.5429	0.425	0.4872	0.4517	0.5429
147	0.0	0.6864	0.3851	0.7956	0.3627	0.6864
148	0.0	0.4933	0.3209	0.5023	0.278	0.4933
149	0.0	0.3039	0.541	0.2994	0.5052	0.3039
150	0.0	0.2291	0.1597	0.2323	0.1661	0.2291
151	0.0	1.003	0.7534	1.153	0.7823	1.003
152	0.0	0.3761	0.3289	0.4104	0.2442	0.3761
153	0.0	0.5705	0.6362	0.6438	0.5526	0.5705
154	0.0	0.8785	0.7396	1.109	0.6739	0.8785
155	0.0	1.096	0.9942	1.138	0.9282	1.096
156	0.0	0.5458	0.4528	0.6429	0.4132	0.5458
157	0.0	0.7726	0.7452	0.7784	0.669	0.7726
158	0.0	0.7986	0.3986	0.9369	0.39	0.7986
159	0.0	0.5026	0.4432	0.4692	0.4487	0.5026
160	0.0	0.3894	0.4276	0.3713	0.4282	0.3894
161	0.0	0.5298	0.4236	0.422	0.479	0.5298
162	0.0	0.2883	0.3226	0.2968	0.3386	0.2883
163	0.0	0.5253	0.5042	0.6028	0.4655	0.5253
164	0.0	0.3557	0.3161	0.3504	0.276	0.3557
165	0.0	1.352	0.447	1.55	0.3943	1.352
166	0.0	1.075	0.5475	1.214	0.4707	1.075
167	0.0	0.9345	0.6127	1.007	0.5679	0.9345
168	0.0	0.5221	1.088	0.5975	0.8976	0.5221
169	0.0	0.5896	0.5204	0.6279	0.4772	0.5896
170	0.0	0.4126	0.507	0.4061	0.3946	0.4126
171	0.0	0.5732	0.2746	0.5805	0.2422	0.5732
172	0.0	0.7725	1.033	0.8586	0.9625	0.7725
173	0.0	0.3672	0.3411	0.3859	0.3451	0.3672
174	0.0	1.04	0.8955	0.9827	0.9185	1.04
175	0.0	1.057	1.043	1.065	0.9331	1.057
176	0.0	0.3462	0.2979	0.3081	0.3074	0.3462
177	0.0	0.3034	0.327	0.3319	0.3585	0.3034
178	0.0	0.6384	0.4203	0.6498	0.4425	0.6384
179	0.0	0.3854	0.3947	0.3971	0.4479	0.3854
180	0.0	0.3909	0.7859	0.4166	0.6942	0.3909
181	0.0	0.4261	0.245	0.4155	0.2132	0.4261
182	0.0	0.2994	0.304	0.2987	0.3093	0.2994
183	0.0	0.2672	0.2632	0.2834	0.2243	0.2672
184	0.0	0.5052	0.6307	0.525	0.6155	0.5052
185	0.0	0.7271	0.9782	0.738	0.8001	0.7271
186	0.0	0.3012	0.418	0.2908	0.476	0.3012
187	0.0	1.226	0.9069	1.124	0.7974	1.226
188	0.0	0.6123	0.4573	0.6266	0.4896	0.6123
189	0.0	0.3344	0.4125	0.3459	0.4835	0.3344
190	0.0	0.3204	0.3839	0.3454	0.3708	0.3204
191	0.0	0.3416	0.9137	0.3171	0.8179	0.3416
192	0.0	0.3078	0.6957	0.3094	0.6669	0.3078
193	0.0	0.4337	0.6564	0.5624	0.5948	0.4337
194	0.0	0.8876	1.092	0.9702	0.9968	0.8876
195	0.0	0.3805	0.4964	0.3836	0.5472	0.3805
196	0.0	0.4539	0.6079	0.5242	0.5586	0.4539
197	0.0	0.3999	0.4361	0.3512	0.5385	0.3999
198	0.0	0.5824	0.7845	0.6222	0.6712	0.5824
199	0.0	0.371	0.3479	0.3666	0.3476	0.371
200	0.0	0.5755	0.2859	0.6493	0.2369	0.5755
201	0.0	0.2534	0.2707	0.2762	0.2613	0.2534
202	0.0	0.3291	0.308	0.3647	0.2757	0.3291
203	0.0	0.406	0.3137	0.4197	0.3136	0.406
204	0.0	0.5153	0.5878	0.5336	0.4996	0.5153
205	0.0	0.336	0.517	0.3511	0.4354	0.336
206	0.0	0.4603	0.4956	0.4074	0.5976	0.4603
207	0.0	0.7253	0.3541	0.7183	0.3589	0.7253
208	0.0	1.091	0.7331	1.045	0.6048	1.091
209	0.0	0.4368	0.4871	0.4258	0.4803	0.4368
210	0.0	0.5139	0.7688	0.5496	0.6603	0.5139
211	0.0	0.3337	0.2053	0.3434	0.1832	0.3337
212	0.0	0.5723	0.3536	0.5653	0.3821	0.5723
213	0.0	0.9129	0.4207	1.074	0.4385	0.9129
214	0.0	0.7192	0.8128	0.7373	0.7304	0.7192
215	0.0	0.4561	0.3777	0.3889	0.478	0.4561
216	0.0	1.002	0.5587	0.9836	0.484	1.002
217	0.0	0.505	0.3986	0.5162	0.3907	0.505
218	0.0	0.246	0.3096	0.241	0.2778	0.246
219	0.0	0.9448	0.7136	1.199	0.5942	0.9448
220	0.0	0.3094	0.3867	0.3762	0.3684	0.3094
221	0.0	1.279	1.205	1.421	0.9902	1.279
222	0.0	0.4882	0.6997	0.6253	0.5582	0.4882
223	0.0	0.8587	0.7717	0.9733	0.7335	0.8587
224	0.0	0.5537	0.5242	0.526	0.431	0.5537
225	0.0	0.3283	0.296	0.3124	0.2798	0.3283
226	0.0	0.2094	0.2951	0.2305	0.3139	0.2094
227	0.0	0.6437	0.552	0.749	0.4996	0.6437
228	0.0	0.592	0.3952	0.4741	0.4357	0.592
229	0.0	0.6521	0.4075	0.682	0.3718	0.6521
230	0.0	0.4109	0.7146	0.4908	0.661	0.4109
231	0.0	0.6076	0.6279	0.6855	0.5568	0.6076
232	0.0	0.8374	1.097	0.9331	1.02	0.8374
233	0.0	0.9618	0.6466	1.177	0.6147	0.9618
234	0.0	0.7573	0.7831	0.835	0.6793	0.7573
235	0.0	0.4513	0.7538	0.4636	0.6372	0.4513
236	0.0	0.5311	0.4711	0.4816	0.4851	0.5311
237	0.0	0.2284	0.5	0.2579	0.472	0.2284
238	0.0	0.8367	0.7501	0.9657	0.6938	0.8367
239	0.0	0.5071	0.9844	0.5894	0.8363	0.5071
240	0.0	0.3737	0.359	0.3403	0.3234	0.3737
241	0.0	0.4836	0.4247	0.3904	0.449	0.4836
242	0.0	0.465	0.4524	0.5429	0.4273	0.465
243	0.0	0.9744	0.3231	1.24	0.3109	0.9744
244	0.0	0.5282	0.4671	0.4901	0.4832	0.5282
245	0.0	0.2688	1.009	0.2781	1.027	0.2688
246	0.0	0.3202	0.7266	0.3396	0.6099	0.3202
247	0.0	0.3196	0.3587	0.2904	0.3745	0.3196
248	0.0	0.6816	0.4122	0.6814	0.3798	0.6816
249	0.0	0.1427	0.681	0.158	0.5971	0.1427
250	0.0	0.3418	0.4241	0.4016	0.4428	0.3418
251	0.0	0.7433	0.4713	0.9956	0.4088	0.7433
252	0.0	0.1819	0.2233	0.1956	0.1759	0.1819
253	0.0	0.3763	0.526	0.393	0.4637	0.3763
254	0.0	0.2492	0.4525	0.2579	0.418	0.2492
255	0.0	0.8346	0.6455	0.9567	0.582	0.8346
256	0.0	0.2702	0.3208	0.3149	0.3243	0.2702
257	0.0	0.5894	0.4134	0.5745	0.4002	0.5894
258	0.0	0.8693	0.697	1.153	0.6064	0.8693
259	0.0	0.7044	1.189	0.6799	0.9638	0.7044
260	0.0	0.273	0.6576	0.295	0.6562	0.273
261	0.0	0.2573	0.4934	0.2846	0.443	0.2573
262	0.0	0.6497	0.6219	0.7858	0.5079	0.6497
263	0.0	0.2583	0.3351	0.3054	0.269	0.2583
264	0.0	0.2162	0.6442	0.2286	0.6482	0.2162
265	0.0	0.4093	0.4012	0.3687	0.4726	0.4093
266	0.0	0.2916	0.4344	0.2986	0.4212	0.2916
267	0.0	0.6584	0.9015	0.703	0.7911	0.6584
268	0.0	0.3786	0.2702	0.3529	0.3106	0.3786
269	0.0	0.9199	1.047	1.169	0.865	0.9199
270	0.0	0.505	0.4562	0.5306	0.4536	0.505
271	0.0	0.4214	0.7225	0.4926	0.6943	0.4214
272	0.0	0.8448	0.3943	1.003	0.321	0.8448
273	0.0	0.3407	0.4778	0.3485	0.3825	0.3407
274	0.0	0.559	0.6668	0.56	0.6138	0.559
275	0.0	0.2984	0.3166	0.2915	0.2791	0.2984
276	0.0	0.4698	0.6595	0.5167	0.6038	0.4698
277	0.0	0.5097	0.4681	0.4562	0.486	0.5097
278	0.0	0.932	0.416	0.992	0.3645	0.932
279	0.0	0.8475	0.4748	0.8194	0.4228	0.8475
280	0.0	0.2904	0.3015	0.2963	0.3116	0.2904
281	0.0	0.348	0.5179	0.3737	0.6514	0.348
282	0.0	0.3591	0.6026	0.4499	0.603	0.3591
283	0.0	0.3496	0.429	0.3543	0.4378	0.3496
284	0.0	0.766	0.806	0.9383	0.6135	0.766
285	0.0	0.3468	0.3263	0.3374	0.3287	0.3468
286	0.0	0.1863	0.2446	0.1829	0.2512	0.1863
287	0.0	0.3736	0.3581	0.3561	0.3686	0.3736
288	0.0	0.6815	0.3456	0.7371	0.3723	0.6815
289	0.0	0.9062	0.1316	0.9206	0.1011	0.9062
290	0.0	0.2829	0.503	0.2763	0.5308	0.2829
291	0.0	0.6993	0.6474	0.7548	0.5811	0.6993
292	0.0	0.3022	0.5133	0.3505	0.5247	0.3022
293	0.0	0.4097	0.266	0.443	0.2839	0.4097
294	0.0	0.3174	0.3348	0.3547	0.3186	0.3174
295	0.0	0.2803	0.7099	0.311	0.5634	0.2803
296	0.0	0.3097	0.2609	0.3132	0.2428	0.3097
297	0.0	0.4287	0.2803	0.4348	0.2783	0.4287
298	0.0	0.7501	0.7936	0.8382	0.713	0.7501
299	0.0	0.2359	0.3283	0.2469	0.2976	0.2359
300	0.0	0.3548	0.3998	0.3512	0.3982	0.3548
301	0.0	0.4015	0.2975	0.3571	0.331	0.4015
302	0.0	1.011	0.836	1.273	0.7143	1.011
303	0.0	0.443	0.3651	0.4344	0.3494	0.443
304	0.0	0.2272	0.2863	0.2416	0.2033	0.2272
305	0.0	0.3144	0.4431	0.3505	0.4013	0.3144
306	0.0	0.3224	0.2937	0.3338	0.3152	0.3224
307	0.0	0.3627	0.6848	0.4583	0.6082	0.3627
308	0.0	0.3075	0.2286	0.3575	0.2088	0.3075
309	0.0	0.637	0.3307	0.669	0.3518	0.637
310	0.0	0.4918	0.3535	0.4783	0.4338	0.4918
311	0.0	0.765	0.8038	0.7623	0.7838	0.765
312	0.0	0.8894	0.5214	0.8491	0.5037	0.8894
313	0.0	0.4003	0.4449	0.4385	0.4137	0.4003
314	0.0	0.6155	0.4106	0.6859	0.3826	0.6155
315	0.0	0.3081	0.332	0.3188	0.3011	0.3081
316	0.0	0.3109	0.4595	0.3736	0.4103	0.3109
317	0.0	0.6726	0.2676	0.8247	0.2669	0.6726
318	0.0	0.6614	1.21	0.7776	0.961	0.6614
319	0.0	0.3966	0.2668	0.3352	0.2348	0.3966
320	0.0	0.5368	0.6387	0.5917	0.6071	0.5368
321	0.0	0.2952	0.2889	0.2695	0.3048	0.2952
322	0.0	0.235	0.3472	0.2746	0.3059	0.235
323	0.0	0.8788	0.3598	1.072	0.3292	0.8788
324	0.0	0.2445	0.3137	0.286	0.2616	0.2445
325	0.0	1.051	0.9607	1.266	0.8684	1.051
326	0.0	0.5461	0.736	0.5587	0.6811	0.5461
327	0.0	0.9235	0.1546	0.934	0.162	0.9235
328	0.0	0.3045	0.4311	0.3312	0.4034	0.3045
329	0.0	0.5229	0.2736	0.5237	0.2522	0.5229
330	0.0	0.2136	0.1934	0.2224	0.1845	0.2136
331	0.0	0.9424	0.7052	0.9912	0.6599	0.9424
332	0.0	0.4566	0.2781	0.3804	0.2868	0.4566
333	0.0	0.7923	0.755	0.9913	0.6304	0.7923
334	0.0	0.3963	0.4198	0.4289	0.3836	0.3963
335	0.0	0.7531	0.7606	0.7801	0.6918	0.7531
336	0.0	0.8089	0.6286	0.8198	0.5746	0.8089
337	0.0	0.8422	0.1595	1.03	0.1146	0.8422
338	0.0	0.7911	0.9516	0.857	0.8523	0.7911
339	0.0	0.3227	0.6296	0.4215	0.6316	0.3227
340	0.0	0.5554	0.4297	0.4884	0.4763	0.5554
341	0.0	0.2587	0.8445	0.2778	0.7759	0.2587
342	0.0	0.6613	0.3922	0.6976	0.3821	0.6613
343	0.0	0.6975	0.9772	0.8348	0.8436	0.6975
344	0.0	0.3556	0.2896	0.333	0.2918	0.3556
345	0.0	0.4944	0.3341	0.3604	0.3214	0.4944
346	0.0	0.7456	0.7965	0.8286	0.6774	0.7456
347	0.0	0.8069	0.4053	0.9562	0.436	0.8069
348	0.0	0.3323	0.5572	0.3342	0.5762	0.3323
349	0.0	0.4994	0.5059	0.473	0.4183	0.4994
350	0.0	0.4511	0.2979	0.4627	0.2714	0.4511
351	0.0	0.2736	0.3146	0.2607	0.3629	0.2736
352	0.0	0.4951	0.3541	0.4011	0.3434	0.4951
353	0.0	0.2134	0.5923	0.2348	0.5137	0.2134
354	0.0	0.4094	0.3792	0.4222	0.3958	0.4094
355	0.0	0.5318	0.5678	0.5809	0.5351	0.5318
356	0.0	0.3443	0.3719	0.3523	0.436	0.3443
357	0.0	0.1957	0.3092	0.2124	0.3019	0.1957
358	0.0	0.231	0.2937	0.2031	0.2775	0.231
359	0.0	0.807	0.5413	0.9746	0.4538	0.807
360	0.0	0.4073	0.2573	0.3962	0.2613	0.4073
361	0.0	0.6981	0.5254	0.7122	0.4992	0.6981
362	0.0	1.031	1.036	1.189	0.8023	1.031
363	0.0	0.6568	0.9774	0.6895	0.9407	0.6568
364	0.0	0.6121	0.4033	0.7024	0.3645	0.6121
365	0.0	0.33	0.7812	0.3237	0.7972	0.33
366	0.0	0.8083	0.5642	0.8467	0.4505	0.8083
367	0.0	0.2934	0.5914	0.3552	0.5349	0.2934
368	0.0	0.2576	0.1448	0.2454	0.1164	0.2576
369	0.0	0.4223	0.3363	0.3357	0.3338	0.4223
370	0.0	0.3725	0.5898	0.3544	0.6051	0.3725
371	0.0	0.7032	0.6713	0.7198	0.6572	0.7032
372	0.0	0.4307	0.2848	0.4215	0.304	0.4307
373	0.0	1.018	0.8112	1.175	0.7026	1.018
374	0.0	0.5427	0.7197	0.5251	0.6459	0.5427
375	0.0	0.3852	0.63	0.3807	0.5487	0.3852
376	0.0	0.6422	0.8688	0.6824	0.9066	0.6422
377	0.0	0.2297	0.2583	0.2503	0.2448	0.2297
378	0.0	0.9594	0.5077	1.052	0.3326	0.9594
379	0.0	0.3665	0.2868	0.3531	0.2619	0.3665
380	0.0	0.5431	0.3171	0.6138	0.2978	0.5431
381	0.0	0.3475	0.4442	0.3216	0.4654	0.3475
382	0.0	0.2757	0.5257	0.3162	0.4773	0.2757
383	0.0	0.373	0.607	0.3965	0.6026	0.373
384	0.0	0.2687	0.2993	0.2733	0.3218	0.2687
385	0.0	0.3373	0.2789	0.3483	0.2686	0.3373
386	0.0	0.5046	0.9568	0.5235	0.7904	0.5046
387	0.0	0.4859	0.3386	0.4415	0.3488	0.4859
388	0.0	0.5035	0.8881	0.5496	0.7496	0.5035
389	0.0	0.5083	0.2121	0.4449	0.2075	0.5083
390	0.0	0.1886	0.2597	0.2113	0.3076	0.1886
391	0.0	0.2965	0.4291	0.2729	0.4486	0.2965
392	0.0	0.6504	0.7691	0.8027	0.6459	0.6504
393	0.0	0.5558	0.2494	0.5737	0.2454	0.5558
394	0.0	0.3945	0.3722	0.4048	0.4009	0.3945
395	0.0	0.6383	0.3712	0.6896	0.4108	0.6383
396	0.0	0.2741	0.3209	0.2918	0.3366	0.2741
397	0.0	0.3127	0.4477	0.3187	0.4839	0.3127
398	0.0	0.3992	0.2924	0.4265	0.2489	0.3992
399	0.0	0.4281	0.6179	0.3571	0.6379	0.4281
400	0.0	0.3349	0.2804	0.313	0.2026	0.3349
401	0.0	0.4257	0.5258	0.4524	0.5029	0.4257
402	0.0	0.5704	0.7745	0.7378	0.7059	0.5704
403	0.0	0.5028	0.3695	0.5073	0.3598	0.5028
404	0.0	0.2549	0.3383	0.258	0.3323	0.2549
405	0.0	0.2628	0.2469	0.258	0.2697	0.2628
406	0.0	0.6035	0.9416	0.6595	0.7885	0.6035
407	0.0	0.3797	0.4559	0.3444	0.4773	0.3797
408	0.0	0.3452	0.214	0.3292	0.2182	0.3452
409	0.0	0.371	0.7328	0.4125	0.6216	0.371
410	0.0	0.2149	0.217	0.2239	0.2096	0.2149
411	0.0	0.3407	0.6706	0.3437	0.6751	0.3407
412	0.0	0.3381	0.6774	0.3508	0.7069	0.3381
413	0.0	0.8753	0.6434	1.162	0.553	0.8753
414	0.0	0.3682	0.5379	0.3484	0.568	0.3682
415	0.0	0.3301	0.6857	0.3905	0.7242	0.3301
416	0.0	0.6835	0.7358	0.7839	0.6558	0.6835
417	0.0	0.4436	0.4259	0.4793	0.3731	0.4436
418	0.0	0.9795	0.6192	1.143	0.5684	0.9795
419	0.0	0.3643	0.2592	0.3235	0.2562	0.3643
420	0.0	0.264	0.3025	0.2669	0.3015	0.264
421	0.0	0.3231	0.2741	0.2861	0.2975	0.3231
422	0.0	0.7136	0.7775	0.8146	0.6772	0.7136
423	0.0	0.4007	0.6947	0.3322	0.6276	0.4007
424	0.0	0.6611	1.143	0.669	1.026	0.6611
425	0.0	0.6434	0.2773	0.7812	0.3086	0.6434
426	0.0	0.3901	0.3398	0.4323	0.3048	0.3901
427	0.0	0.7837	0.4877	0.9616	0.4495	0.7837
428	0.0	0.4236	0.3059	0.4187	0.2665	0.4236
429	0.0	0.8318	0.6647	0.9499	0.58	0.8318
430	0.0	0.7836	0.6813	0.9807	0.5978	0.7836
431	0.0	0.5984	0.5212	0.7226	0.4895	0.5984
432	0.0	0.5057	0.3021	0.5536	0.2832	0.5057
433	0.0	0.7113	0.5144	0.6835	0.5294	0.7113
434	0.0	0.273	0.2417	0.2992	0.2561	0.273
435	0.0	0.5792	0.3435	0.7304	0.2664	0.5792
436	0.0	0.303	0.418	0.3061	0.498	0.303
437	0.0	0.8478	0.5387	0.9903	0.4608	0.8478
438	0.0	0.4484	0.4844	0.4624	0.4323	0.4484
439	0.0	0.9946	0.626	0.9876	0.5967	0.9946
440	0.0	0.8552	0.7918	0.8438	0.6948	0.8552
441	0.0	0.7647	0.8327	0.9019	0.681	0.7647
442	0.0	0.3879	0.4408	0.4033	0.4132	0.3879
443	0.0	0.5032	0.6223	0.4815	0.5714	0.5032
444	0.0	0.3983	0.347	0.3256	0.3941	0.3983
445	0.0	0.2605	0.3166	0.2517	0.3144	0.2605
446	0.0	0.6649	0.5711	0.7096	0.5293	0.6649
447	0.0	0.8653	0.826	1.063	0.7669	0.8653
448	0.0	0.2653	0.2947	0.2483	0.2683	0.2653
449	0.0	0.3267	0.1897	0.3101	0.1583	0.3267
450	0.0	0.2683	0.1755	0.3181	0.1426	0.2683
451	0.0	0.6041	0.2885	0.6239	0.2708	0.6041
452	0.0	0.4337	0.2618	0.4333	0.2643	0.4337
453	0.0	0.5578	0.8514	0.4753	0.6939	0.5578
454	0.0	0.744	0.547	0.8691	0.556	0.744
455	0.0	0.3451	0.3029	0.2999	0.3219	0.3451
456	0.0	0.4222	0.4484	0.4025	0.5117	0.4222
457	0.0	0.3495	0.3173	0.3167	0.3055	0.3495
458	0.0	0.4674	0.4533	0.4578	0.4913	0.4674
459	0.0	0.501	0.2977	0.5342	0.2673	0.501
460	0.0	0.3774	0.3251	0.3868	0.2977	0.3774
461	0.0	0.3475	0.2777	0.3149	0.2518	0.3475
462	0.0	0.1937	0.382	0.1782	0.3822	0.1937
463	0.0	0.7943	0.5324	0.9255	0.4754	0.7943
464	0.0	0.1968	0.3936	0.2086	0.4264	0.1968
465	0.0	0.7175	0.3997	0.7141	0.3905	0.7175
466	0.0	1.075	0.6782	1.306	0.6249	1.075
467	0.0	0.6235	0.9643	0.7141	0.9494	0.6235
468	0.0	0.9063	0.4362	1.147	0.4031	0.9063
469	0.0	0.8089	0.3888	0.8495	0.395	0.8089
470	0.0	0.5382	0.3045	0.5638	0.2977	0.5382
471	0.0	0.4499	0.4061	0.4247	0.3915	0.4499
472	0.0	0.1855	0.1962	0.2064	0.2109	0.1855
473	0.0	0.6772	0.3368	0.5714	0.3534	0.6772
474	0.0	0.2689	0.2366	0.3047	0.2344	0.2689
475	0.0	0.5625	1.031	0.5903	0.9567	0.5625
476	0.0	0.4267	0.2591	0.3689	0.2591	0.4267
477	0.0	0.8648	0.8164	1.074	0.7656	0.8648
478	0.0	0.4689	0.4332	0.517	0.3987	0.4689
479	0.0	0.8663	0.8016	1.003	0.6992	0.8663
480	0.0	0.582	0.6395	0.6888	0.5307	0.582
481	0.0	0.4313	0.2651	0.4437	0.2448	0.4313
482	0.0	0.6338	0.7643	0.7557	0.7202	0.6338
483	0.0	0.2897	0.2539	0.2746	0.2549	0.2897
484	0.0	1.048	0.6591	1.199	0.6495	1.048
485	0.0	0.6464	0.4324	0.5993	0.4766	0.6464
486	0.0	0.7357	0.2503	0.8801	0.2289	0.7357
487	0.0	0.7757	0.3282	0.7406	0.3144	0.7757
488	0.0	0.3398	0.2356	0.2896	0.249	0.3398
489	0.0	0.3803	0.2283	0.3526	0.2264	0.3803
490	0.0	0.3041	0.6455	0.3719	0.6441	0.3041
491	0.0	0.213	0.2904	0.2275	0.2514	0.213
492	0.0	0.3917	0.4958	0.4321	0.4507	0.3917
493	0.0	0.3096	0.2062	0.3398	0.1954	0.3096
494	0.0	0.203	0.207	0.2079	0.2078	0.203
495	0.0	0.2949	0.6918	0.3341	0.7565	0.2949
496	0.0	0.9584	0.8264	1.139	0.7297	0.9584
497	0.0	0.7262	0.3197	0.7647	0.2657	0.7262
498	0.0	0.2059	0.2957	0.2171	0.3498	0.2059
499	0.0	0.6778	0.1466	0.6917	0.1433	0.6778
500	0.0	0.2573	0.1625	0.2385	0.1773	0.2573
501	0.0	0.3554	0.2855	0.3361	0.3128	0.3554
502	0.0	0.2544	0.3511	0.2793	0.3331	0.2544
503	0.0	0.3326	0.3343	0.3624	0.295	0.3326
504	0.0	0.5359	0.4422	0.4828	0.4116	0.5359
505	0.0	0.3776	0.3057	0.3718	0.2889	0.3776
506	0.0	0.4707	0.462	0.538	0.3948	0.4707
507	0.0	0.42	0.5968	0.4525	0.5499	0.42
508	0.0	0.3868	0.7469	0.4086	0.7604	0.3868
509	0.0	0.4332	0.2661	0.3487	0.2826	0.4332
510	0.0	0.5462	0.6069	0.6463	0.6008	0.5462
511	0.0	0.3683	0.256	0.3243	0.2638	0.3683
512	0.0	0.4803	0.2467	0.5118	0.2522	0.4803
513	0.0	0.7324	0.4043	0.7776	0.3722	0.7324
514	0.0	0.2691	0.5036	0.3097	0.4736	0.2691
515	0.0	0.4708	0.2846	0.5293	0.2625	0.4708
516	0.0	0.2426	0.4104	0.27	0.3704	0.2426
517	0.0	0.6743	0.5121	0.748	0.4662	0.6743
518	0.0	0.3505	0.3583	0.2951	0.3459	0.3505
519	0.0	0.5706	0.6593	0.6173	0.5642	0.5706
520	0.0	1.133	0.7674	1.152	0.6671	1.133
521	0.0	0.5188	0.37	0.47	0.3699	0.5188
522	0.0	0.4153	0.6483	0.484	0.5779	0.4153
523	0.0	0.2822	0.2708	0.2891	0.2846	0.2822
524	0.0	0.2539	0.3056	0.2807	0.287	0.2539
525	0.0	0.3425	0.3542	0.3154	0.3392	0.3425
526	0.0	0.6769	0.4651	0.7225	0.4627	0.6769
527	0.0	0.319	0.3238	0.2827	0.3109	0.319
528	0.0	0.6051	0.7144	0.7229	0.705	0.6051
529	0.0	0.5902	0.4214	0.5722	0.4357	0.5902
530	0.0	0.1986	0.3456	0.1973	0.317	0.1986
531	0.0	0.6067	0.699	0.6729	0.6137	0.6067
532	0.0	0.267	0.3025	0.2857	0.3036	0.267
533	0.0	0.6889	0.5799	0.7344	0.5389	0.6889
534	0.0	0.5745	0.7324	0.6184	0.7518	0.5745
535	0.0	0.8889	0.5592	0.977	0.4925	0.8889
536	0.0	0.3651	0.4203	0.391	0.41	0.3651
537	0.0	0.4851	0.2905	0.5067	0.2672	0.4851
538	0.0	0.2163	0.2761	0.2482	0.2646	0.2163
539	0.0	0.4271	0.3234	0.483	0.3052	0.4271
540	0.0	0.3536	0.3047	0.3314	0.3041	0.3536
541	0.0	0.4626	0.5549	0.5132	0.5022	0.4626
542	0.0	0.221	0.5848	0.2363	0.5326	0.221
543	0.0	0.8484	0.7035	0.9132	0.5986	0.8484
544	0.0	0.8154	0.7236	0.9721	0.8176	0.8154
545	0.0	0.8785	0.7292	1.095	0.6835	0.8785
546	0.0	0.5244	1.01	0.5641	0.962	0.5244
547	0.0	0.5965	0.3034	0.5882	0.2681	0.5965
548	0.0	0.3031	0.412	0.3025	0.4592	0.3031
549	0.0	0.1933	0.3413	0.1952	0.3541	0.1933
550	0.0	0.6817	0.5593	0.7524	0.4662	0.6817
551	0.0	0.709	0.9899	0.8137	0.8224	0.709
552	0.0	0.2896	0.2824	0.323	0.2749	0.2896
553	0.0	0.3572	0.3466	0.3379	0.4173	0.3572
554	0.0	0.2632	0.4468	0.2851	0.4455	0.2632
555	0.0	0.51	0.6904	0.5978	0.6291	0.51
556	0.0	0.4434	0.3322	0.4449	0.3268	0.4434
557	0.0	0.307	0.3469	0.2942	0.3041	0.307
558	0.0	0.5509	0.4369	0.6058	0.4889	0.5509
559	0.0	0.3472	0.2478	0.3024	0.2754	0.3472
560	0.0	0.2736	0.2837	0.257	0.2964	0.2736
561	0.0	0.4389	0.5989	0.4551	0.5155	0.4389
562	0.0	0.5374	0.3606	0.4961	0.3436	0.5374
563	0.0	0.6529	0.8196	0.7324	0.7194	0.6529
564	0.0	0.2093	0.1944	0.2034	0.1964	0.2093
565	0.0	0.1975	0.2844	0.1875	0.2682	0.1975
566	0.0	0.1491	0.1609	0.1434	0.1666	0.1491
567	0.0	0.595	0.6618	0.6069	0.5592	0.595
568	0.0	0.276	0.2998	0.3032	0.2759	0.276
569	0.0	0.4449	0.3869	0.533	0.3186	0.4449
570	0.0	0.4168	0.8019	0.4369	0.6613	0.4168
571	0.0	0.6044	0.8321	0.6057	0.7969	0.6044
572	0.0	0.564	0.4802	0.6548	0.4812	0.564
573	0.0	0.7149	1.012	0.7765	0.8449	0.7149
574	0.0	0.631	0.6118	0.7857	0.5594	0.631
575	0.0	0.2925	0.5768	0.2882	0.5732	0.2925
576	0.0	0.2725	0.2137	0.2756	0.207	0.2725
577	0.0	0.2553	0.3131	0.2444	0.3105	0.2553
578	0.0	0.2458	0.3237	0.2651	0.2809	0.2458
579	0.0	0.545	0.6928	0.5592	0.6738	0.545
580	0.0	0.3213	0.3369	0.3264	0.3344	0.3213
581	0.0	0.6804	0.5956	0.8488	0.5892	0.6804
582	0.0	0.5683	1.016	0.6596	0.844	0.5683
583	0.0	0.6133	0.6989	0.6375	0.615	0.6133
584	0.0	0.7773	0.7353	0.9049	0.7817	0.7773
585	0.0	0.2444	0.3805	0.2533	0.3684	0.2444
586	0.0	0.6677	0.6638	0.6858	0.6085	0.6677
587	0.0	0.2493	0.2722	0.2299	0.3158	0.2493
588	0.0	0.5604	0.7073	0.6029	0.6473	0.5604
589	0.0	0.4807	0.4166	0.3747	0.405	0.4807
590	0.0	0.4784	0.5595	0.5317	0.5532	0.4784
591	0.0	0.9291	0.9362	0.9972	0.8444	0.9291
592	0.0	0.2845	0.2939	0.2594	0.3415	0.2845
593	0.0	0.3571	0.3225	0.3579	0.3319	0.3571
594	0.0	0.8754	0.6189	0.913	0.4631	0.8754
595	0.0	0.3062	0.3214	0.2999	0.3082	0.3062
596	0.0	0.7265	0.9263	0.8034	0.751	0.7265
597	0.0	0.4626	0.3024	0.4662	0.3395	0.4626
598	0.0	0.1783	0.1432	0.1905	0.1173	0.1783
599	0.0	0.2438	0.3662	0.2496	0.3831	0.2438
600	0.0	0.4309	0.5608	0.5219	0.5321	0.4309
601	0.0	0.5485	0.7556	0.602	0.7521	0.5485
602	0.0	0.4298	0.6137	0.4192	0.7784	0.4298
603	0.0	0.654	0.6752	0.6348	0.6034	0.654
604	0.0	0.2545	0.466	0.2624	0.3841	0.2545
605	0.0	0.2207	0.5021	0.2462	0.5846	0.2207
606	0.0	0.3073	0.489	0.3433	0.4415	0.3073
607	0.0	0.4827	0.4018	0.5508	0.3793	0.4827
608	0.0	0.2395	0.2051	0.2602	0.218	0.2395
609	0.0	0.4544	0.3677	0.4601	0.3264	0.4544
610	0.0	0.3896	0.6504	0.4427	0.5602	0.3896
611	0.0	0.3276	0.4606	0.3604	0.4436	0.3276
612	0.0	0.5855	0.6561	0.601	0.598	0.5855
613	0.0	0.2778	0.2666	0.2409	0.3291	0.2778
614	0.0	0.336	0.5237	0.3564	0.5246	0.336
615	0.0	0.2466	0.2943	0.2445	0.2797	0.2466
616	0.0	0.2827	0.3136	0.284	0.3142	0.2827
617	0.0	0.2102	0.236	0.221	0.2153	0.2102
618	0.0	0.3958	0.4042	0.3791	0.4558	0.3958
619	0.0	0.2849	0.4783	0.3186	0.4459	0.2849
620	0.0	0.5645	0.4731	0.5656	0.411	0.5645
621	0.0	0.3332	0.6641	0.3555	0.5701	0.3332
622	0.0	0.3215	0.3607	0.3286	0.3912	0.3215
623	0.0	0.8665	0.5001	1.025	0.4499	0.8665
624	0.0	0.7946	0.1046	0.847	0.07097	0.7946
625	0.0	0.3757	0.4334	0.3627	0.3962	0.3757
626	0.0	0.417	0.4421	0.5309	0.4052	0.417
627	0.0	0.3308	0.3241	0.2981	0.3091	0.3308
628	0.0	0.3808	0.3697	0.3563	0.3592	0.3808
629	0.0	0.3436	0.2834	0.3635	0.3156	0.3436
630	0.0	0.7589	0.322	0.7528	0.303	0.7589
631	0.0	0.3993	0.3591	0.3365	0.4211	0.3993
632	0.0	0.6914	0.7273	0.7928	0.6381	0.6914
633	0.0	0.3614	0.8636	0.4921	0.7592	0.3614
634	0.0	0.3411	0.3858	0.3643	0.3646	0.3411
635	0.0	0.9066	0.4956	1.112	0.4487	0.9066
636	0.0	0.3265	0.2437	0.3603	0.2407	0.3265
637	0.0	0.9262	0.9161	1.103	0.7493	0.9262
638	0.0	0.7339	0.5348	0.8009	0.5773	0.7339
639	0.0	0.8666	0.7973	0.9982	0.6724	0.8666
640	0.0	0.2902	0.2577	0.3097	0.2537	0.2902
641	0.0	0.281	0.3252	0.2953	0.3186	0.281
642	0.0	0.2918	0.3696	0.2804	0.4278	0.2918
643	0.0	0.6686	0.3352	0.6851	0.2519	0.6686
644	0.0	0.3183	0.4397	0.3272	0.3904	0.3183
645	0.0	0.9111	0.837	1.029	0.6578	0.9111
646	0.0	0.3706	0.4127	0.4104	0.3774	0.3706
647	0.0	0.607	0.6703	0.6283	0.6278	0.607
648	0.0	0.7197	0.42	0.7873	0.4346	0.7197
649	0.0	0.4833	0.2405	0.5138	0.2247	0.4833
650	0.0	0.6625	0.7629	0.7078	0.6882	0.6625
651	0.0	0.3734	0.3282	0.3673	0.2946	0.3734
652	0.0	0.3625	0.4134	0.317	0.4412	0.3625
653	0.0	0.1612	0.3203	0.1721	0.325	0.1612
654	0.0	0.7257	0.2621	0.7552	0.2366	0.7257
655	0.0	0.5383	0.7175	0.6025	0.6256	0.5383
656	0.0	0.3746	0.3439	0.3855	0.3456	0.3746
657	0.0	0.5448	0.3692	0.5534	0.3252	0.5448
658	0.0	0.6913	0.701	0.8564	0.6119	0.6913
659	0.0	0.78	0.6493	0.8923	0.5862	0.78
660	0.0	0.274	0.356	0.2777	0.3494	0.274
661	0.0	0.3504	0.4589	0.4084	0.4508	0.3504
662	0.0	0.7105	0.5198	0.7247	0.4696	0.7105
663	0.0	0.2952	0.2691	0.2841	0.2848	0.2952
664	0.0	0.4322	0.2292	0.39	0.222	0.4322
665	0.0	0.3075	0.3766	0.3169	0.3819	0.3075
666	0.0	0.3451	0.4299	0.3352	0.4943	0.3451
667	0.0	0.4638	0.8411	0.4711	0.7457	0.4638
668	0.0	0.2255	0.2242	0.2347	0.2307	0.2255
669	0.0	0.2102	0.296	0.2074	0.2904	0.2102
670	0.0	0.1631	0.1789	0.1619	0.1666	0.1631
671	0.0	0.606	0.6642	0.6922	0.5438	0.606
672	0.0	0.2467	0.2455	0.3016	0.2057	0.2467
673	0.0	0.57	0.5635	0.6956	0.5294	0.57
674	0.0	0.8308	0.7829	0.8795	0.6423	0.8308
675	0.0	0.7609	0.8183	0.7295	0.7612	0.7609
676	0.0	0.6554	0.3509	0.7799	0.3047	0.6554
677	0.0	0.256	0.5831	0.27	0.526	0.256
678	0.0	0.3894	0.598	0.3976	0.5373	0.3894
679	0.0	0.625	0.3052	0.594	0.3051	0.625
680	0.0	0.1689	0.1518	0.1962	0.1441	0.1689
681	0.0	0.4559	0.3245	0.3701	0.372	0.4559
682	0.0	0.2834	0.3126	0.2823	0.2838	0.2834
683	0.0	0.5363	0.5077	0.5841	0.493	0.5363
684	0.0	0.2455	0.5188	0.2359	0.5328	0.2455
685	0.0	0.9759	0.7266	1.196	0.638	0.9759
686	0.0	0.4782	0.6469	0.4439	0.6231	0.4782
687	0.0	0.6749	0.7981	0.7404	0.7336	0.6749
688	0.0	0.6574	1.462	0.7788	1.539	0.6574
689	0.0	0.2853	0.3187	0.296	0.3917	0.2853
690	0.0	0.5834	0.6891	0.6093	0.6615	0.5834
691	0.0	0.294	0.3476	0.2588	0.3583	0.294
692	0.0	0.5386	0.3385	0.5392	0.327	0.5386
693	0.0	0.3557	0.4801	0.3215	0.51	0.3557
694	0.0	0.3508	0.7499	0.3957	0.6677	0.3508
695	0.0	0.7396	0.6055	0.8281	0.574	0.7396
696	0.0	0.1967	0.3364	0.1969	0.3641	0.1967
697	0.0	0.3799	0.3226	0.3874	0.346	0.3799
698	0.0	0.2592	0.7388	0.2891	0.6206	0.2592
699	0.0	0.4143	0.3238	0.3505	0.2877	0.4143
700	0.0	0.4639	0.5109	0.5022	0.5017	0.4639
701	0.0	0.559	0.4378	0.5903	0.4513	0.559
702	0.0	0.2105	0.2692	0.212	0.2936	0.2105
703	0.0	0.2366	0.2977	0.2387	0.2794	0.2366
704	0.0	0.7647	0.3897	0.9543	0.3868	0.7647
705	0.0	0.6488	0.5679	0.6278	0.5576	0.6488
706	0.0	0.5902	0.282	0.5063	0.3089	0.5902
707	0.0	0.3113	0.4481	0.3231	0.4379	0.3113
708	0.0	0.346	0.4119	0.3171	0.473	0.346
709	0.0	0.3237	0.3237	0.3113	0.3867	0.3237
710	0.0	0.2999	0.2891	0.3631	0.2688	0.2999
711	0.0	0.4156	0.5138	0.4222	0.4675	0.4156
712	0.0	0.2992	0.2773	0.33	0.2981	0.2992
713	0.0	0.3734	0.3036	0.3959	0.3051	0.3734
714	0.0	0.6566	0.6346	0.7337	0.575	0.6566
715	0.0	0.4388	0.4251	0.4602	0.381	0.4388
716	0.0	0.2974	0.4607	0.3893	0.453	0.2974
717	0.0	0.3987	0.2853	0.4082	0.3041	0.3987
718	0.0	0.9515	0.6004	1.104	0.5508	0.9515
719	0.0	0.3338	0.3436	0.3317	0.3662	0.3338
720	0.0	0.4237	0.3452	0.446	0.31	0.4237
721	0.0	0.369	0.2642	0.4236	0.2278	0.369
722	0.0	0.4484	0.5958	0.4523	0.5529	0.4484
723	0.0	0.3142	0.3132	0.3681	0.3023	0.3142
724	0.0	0.3489	0.3769	0.3412	0.3697	0.3489
725	0.0	0.6165	0.5548	0.6907	0.5312	0.6165
726	0.0	0.2926	0.6736	0.2656	0.8077	0.2926
727	0.0	0.6687	0.7889	0.6694	0.6753	0.6687
728	0.0	0.7512	0.1017	0.8833	0.07021	0.7512
729	0.0	0.2979	0.6564	0.2556	0.5969	0.2979
730	0.0	0.6295	0.4447	0.6539	0.4351	0.6295
731	0.0	0.3382	0.3308	0.327	0.3397	0.3382
732	0.0	0.3679	0.2764	0.3517	0.2907	0.3679
733	0.0	0.295	0.3693	0.2777	0.4014	0.295
734	0.0	0.5189	0.462	0.5875	0.4746	0.5189
735	0.0	0.287	0.3842	0.2841	0.4081	0.287
736	0.0	0.5233	0.7497	0.5876	0.7743	0.5233
737	0.0	0.5886	0.3092	0.622	0.2873	0.5886
738	0.0	0.1662	0.3278	0.1823	0.3254	0.1662
739	0.0	0.5195	1.043	0.5826	0.9687	0.5195
740	0.0	0.259	0.3094	0.2656	0.3069	0.259
741	0.0	0.8067	0.3571	0.9048	0.3094	0.8067
742	0.0	0.4947	0.3258	0.6453	0.2929	0.4947
743	0.0	0.5847	0.07789	0.6376	0.04062	0.5847
744	0.0	0.4734	0.2928	0.5597	0.2791	0.4734
745	0.0	0.2379	0.3674	0.2604	0.2045	0.2379
746	0.0	0.2716	0.204	0.27	0.19	0.2716
747	0.0	0.7984	0.8068	0.9367	0.7149	0.7984
748	0.0	0.3326	0.2102	0.313	0.2117	0.3326
749	0.0	0.5144	0.7593	0.5472	0.6392	0.5144
750	0.0	0.3518	0.4439	0.3681	0.4087	0.3518
751	0.0	0.6514	0.6307	0.6985	0.5701	0.6514
752	0.0	0.7832	0.3929	0.9597	0.3417	0.7832
753	0.0	0.718	0.424	0.897	0.4513	0.718
754	0.0	0.7268	0.3659	0.7735	0.3529	0.7268
755	0.0	0.3171	0.6355	0.3335	0.5705	0.3171
756	0.0	0.453	0.3232	0.399	0.3135	0.453
757	0.0	0.1865	0.3069	0.2206	0.2627	0.1865
758	0.0	0.7053	0.4256	0.6848	0.4225	0.7053
759	0.0	0.2247	0.4108	0.2386	0.3786	0.2247
760	0.0	0.4053	0.291	0.3837	0.3007	0.4053
761	0.0	0.4023	0.3216	0.404	0.3157	0.4023
762	0.0	0.6731	0.9938	0.8983	0.8414	0.6731
763	0.0	0.7972	0.5904	0.8358	0.547	0.7972
764	0.0	0.2545	0.321	0.2736	0.3052	0.2545
765	0.0	0.3133	0.3512	0.3547	0.3264	0.3133
766	0.0	0.9233	0.564	1.106	0.5359	0.9233
767	0.0	0.4526	0.3209	0.3892	0.3863	0.4526
768	0.0	0.4051	0.3854	0.3522	0.3949	0.4051
769	0.0	0.1964	0.4114	0.1939	0.4128	0.1964
770	0.0	0.3717	0.2569	0.3446	0.2766	0.3717
771	0.0	0.5436	0.4837	0.6743	0.4394	0.5436
772	0.0	0.3648	0.2209	0.3451	0.2227	0.3648
773	0.0	0.2549	0.2183	0.2621	0.2172	0.2549
774	0.0	0.197	0.4097	0.198	0.417	0.197
775	0.0	0.7559	0.5951	0.8365	0.5275	0.7559
776	0.0	0.2441	0.4402	0.2865	0.3864	0.2441
777	0.0	0.6819	0.4943	0.6629	0.4981	0.6819
778	0.0	0.7793	0.4254	0.886	0.4199	0.7793
779	0.0	0.6368	0.7325	0.658	0.7153	0.6368
780	0.0	0.3995	0.6515	0.4676	0.5968	0.3995
781	0.0	0.4028	0.5172	0.4591	0.5171	0.4028
782	0.0	0.6479	0.4093	0.6715	0.3889	0.6479
783	0.0	0.332	0.7013	0.3716	0.6797	0.332
784	0.0	0.1319	0.1371	0.1265	0.1318	0.1319
785	0.0	0.4697	0.3513	0.4039	0.3966	0.4697
786	0.0	0.2226	0.3936	0.2387	0.3548	0.2226
787	0.0	0.3439	0.5632	0.3855	0.5468	0.3439
788	0.0	0.292	0.3223	0.2679	0.3512	0.292
789	0.0	0.8123	1.046	1.034	0.8405	0.8123
790	0.0	0.9052	0.525	1.126	0.5	0.9052
791	0.0	0.716	0.3103	0.733	0.3193	0.716
792	0.0	0.3291	0.1493	0.3535	0.1528	0.3291
793	0.0	0.1808	0.2316	0.1905	0.2271	0.1808
794	0.0	0.3865	0.8136	0.4326	0.7502	0.3865
795	0.0	0.2113	0.3075	0.1956	0.2499	0.2113
796	0.0	0.7612	0.8078	0.7874	0.7465	0.7612
797	0.0	0.4273	0.2975	0.4198	0.3116	0.4273
798	0.0	0.6802	0.4484	0.7399	0.4207	0.6802
799	0.0	0.6918	0.6109	0.7433	0.5608	0.6918
800	0.0	0.2469	0.2219	0.2344	0.22	0.2469
801	0.0	0.2725	0.2925	0.2884	0.3166	0.2725
802	0.0	0.605	0.3051	0.6227	0.2576	0.605
803	0.0	0.3265	0.4129	0.311	0.3975	0.3265
804	0.0	0.4234	0.5158	0.4621	0.4383	0.4234
805	0.0	0.4102	0.3713	0.4182	0.4211	0.4102
806	0.0	0.1843	0.2271	0.2045	0.2425	0.1843
807	0.0	0.3465	0.3399	0.3753	0.3268	0.3465
808	0.0	0.6264	0.7302	0.7719	0.7198	0.6264
809	0.0	0.6656	1.434	0.6836	1.051	0.6656
810	0.0	0.2888	0.2842	0.243	0.3028	0.2888
811	0.0	0.8059	0.6142	0.7905	0.5903	0.8059
812	0.0	0.2027	0.3825	0.2164	0.4042	0.2027
813	0.0	0.2854	0.3071	0.2723	0.3161	0.2854
814	0.0	0.6252	0.4561	0.6018	0.3814	0.6252
815	0.0	0.1586	0.4785	0.1822	0.48	0.1586
816	0.0	0.316	0.3812	0.3175	0.3416	0.316
817	0.0	0.4045	0.5004	0.4188	0.4422	0.4045
818	0.0	0.6963	0.723	0.7397	0.6077	0.6963
819	0.0	0.3259	0.1905	0.2915	0.1658	0.3259
820	0.0	0.4985	0.2857	0.5168	0.2825	0.4985
821	0.0	0.6606	0.3526	0.643	0.4191	0.6606
822	0.0	0.5442	0.7464	0.6373	0.6697	0.5442
823	0.0	0.3699	0.3206	0.3492	0.3505	0.3699
824	0.0	0.5413	0.3251	0.5307	0.3081	0.5413
825	0.0	0.5472	0.5306	0.5838	0.5254	0.5472
826	0.0	0.5847	0.2987	0.6432	0.3507	0.5847
827	0.0	0.4556	0.489	0.4611	0.4737	0.4556
828	0.0	0.4404	0.4195	0.4009	0.409	0.4404
829	0.0	0.3959	0.2269	0.4454	0.1049	0.3959
830	0.0	0.3664	0.2929	0.3706	0.3356	0.3664
831	0.0	0.5793	0.3747	0.5656	0.3732	0.5793
832	0.0	0.6919	0.3261	0.7532	0.3045	0.6919
833	0.0	0.4682	0.4182	0.4977	0.3668	0.4682
834	0.0	0.7101	0.6269	0.6938	0.6243	0.7101
835	0.0	0.2797	0.4929	0.3028	0.5367	0.2797
836	0.0	0.3456	0.2948	0.3566	0.2796	0.3456
837	0.0	0.4849	0.3031	0.4474	0.3152	0.4849
838	0.0	0.733	0.7613	0.8741	0.6342	0.733
839	0.0	0.2682	0.2791	0.2699	0.2448	0.2682
840	0.0	0.7078	0.5539	0.7579	0.4737	0.7078
841	0.0	0.5215	0.2085	0.6147	0.197	0.5215
842	0.0	0.1289	0.3008	0.1234	0.2703	0.1289
843	0.0	0.7445	0.495	0.9788	0.4901	0.7445
844	0.0	0.3131	0.3355	0.3188	0.3606	0.3131
845	0.0	1.015	0.6341	1.075	0.6492	1.015
846	0.0	0.556	0.5884	0.8331	0.4917	0.556
847	0.0	0.6262	0.4307	0.6852	0.3522	0.6262
848	0.0	0.2881	0.2664	0.3145	0.2553	0.2881
849	0.0	0.5021	0.4057	0.5175	0.3928	0.5021
850	0.0	0.2316	0.2308	0.2189	0.2557	0.2316
851	0.0	0.7371	0.5369	0.7921	0.5018	0.7371
852	0.0	0.336	0.2247	0.2788	0.2436	0.336
853	0.0	0.8482	0.799	0.8786	0.7128	0.8482
854	0.0	0.363	0.4881	0.3829	0.4056	0.363
855	0.0	0.4836	0.3596	0.5553	0.3608	0.4836
856	0.0	0.7327	0.1983	0.8429	0.1691	0.7327
857	0.0	0.4196	0.3476	0.4391	0.3553	0.4196
858	0.0	0.3388	0.5063	0.3536	0.4457	0.3388
859	0.0	0.4329	0.8519	0.4272	0.7569	0.4329
860	0.0	0.3736	0.3423	0.3122	0.3754	0.3736
861	0.0	0.1569	0.1886	0.1759	0.1801	0.1569
862	0.0	0.4448	0.1859	0.51	0.1415	0.4448
863	0.0	0.4507	0.8504	0.5168	0.7182	0.4507
864	0.0	0.319	0.3703	0.2966	0.3563	0.319
865	0.0	0.3305	0.1971	0.3046	0.182	0.3305
866	0.0	0.5316	0.316	0.6147	0.3141	0.5316
867	0.0	0.8746	1.0	0.9217	0.7804	0.8746
868	0.0	0.2985	0.3635	0.2911	0.337	0.2985
869	0.0	0.2612	0.5042	0.2818	0.4293	0.2612
870	0.0	0.589	0.5956	0.6954	0.5168	0.589
871	0.0	0.2955	0.266	0.2629	0.3008	0.2955
872	0.0	0.3828	0.4778	0.3743	0.5116	0.3828
873	0.0	0.2347	0.4231	0.2281	0.4231	0.2347
874	0.0	0.428	0.27	0.3941	0.279	0.428
875	0.0	0.5239	0.5039	0.5779	0.5142	0.5239
876	0.0	0.3506	0.2922	0.3658	0.2845	0.3506
877	0.0	0.2902	0.1843	0.3076	0.1859	0.2902
878	0.0	0.1529	0.2885	0.1728	0.2442	0.1529
879	0.0	0.5989	0.3278	0.6433	0.3178	0.5989
880	0.0	0.3282	0.2457	0.4231	0.2238	0.3282
881	0.0	0.3606	0.5149	0.4254	0.4898	0.3606
882	0.0	0.6621	0.3668	0.8034	0.3332	0.6621
883	0.0	0.405	0.5963	0.4607	0.5544	0.405
884	0.0	0.7097	0.3484	0.8365	0.3153	0.7097
885	0.0	0.8298	0.7576	0.9933	0.6929	0.8298
886	0.0	0.626	0.6534	0.7792	0.6026	0.626
887	0.0	0.5611	0.2615	0.6339	0.2562	0.5611
888	0.0	0.2179	0.4095	0.2316	0.4165	0.2179
889	0.0	0.4295	0.3309	0.3674	0.383	0.4295
890	0.0	0.3426	0.2729	0.3396	0.2534	0.3426
891	0.0	0.4039	0.7148	0.439	0.7681	0.4039
892	0.0	0.2201	0.3411	0.2068	0.3639	0.2201
893	0.0	0.6103	0.8926	0.7145	0.7173	0.6103
894	0.0	0.8659	0.5086	1.051	0.4481	0.8659
895	0.0	0.3634	0.6003	0.4066	0.5329	0.3634
896	0.0	0.4893	0.5184	0.5191	0.4654	0.4893
897	0.0	0.3266	0.3555	0.3594	0.3226	0.3266
898	0.0	0.7883	0.4194	0.8124	0.2992	0.7883
899	0.0	0.2735	0.2537	0.272	0.2847	0.2735
900	0.0	0.6387	0.5198	0.7101	0.4473	0.6387
901	0.0	0.3179	0.3145	0.291	0.3317	0.3179
902	0.0	0.8834	0.1314	1.029	0.1171	0.8834
903	0.0	0.7667	0.3327	0.8263	0.3225	0.7667
904	0.0	0.3363	0.4433	0.3257	0.5266	0.3363
905	0.0	0.4045	0.3333	0.398	0.3287	0.4045
906	0.0	0.7028	0.4364	0.7996	0.3895	0.7028
907	0.0	0.2404	0.2666	0.2544	0.2831	0.2404
908	0.0	0.6077	0.3334	0.7246	0.316	0.6077
909	0.0	0.3244	0.2203	0.3234	0.2216	0.3244
910	0.0	0.1759	0.2509	0.196	0.282	0.1759
911	0.0	0.2396	0.2492	0.2579	0.2257	0.2396
912	0.0	0.5782	0.3138	0.6942	0.2787	0.5782
913	0.0	0.6934	0.5736	0.6782	0.5273	0.6934
914	0.0	0.2414	0.4642	0.2425	0.5516	0.2414
915	0.0	0.6859	0.452	0.7166	0.4631	0.6859
916	0.0	0.3356	0.4504	0.3349	0.5195	0.3356
917	0.0	0.5392	0.4333	0.483	0.5057	0.5392
918	0.0	0.2863	0.3133	0.354	0.3029	0.2863
919	0.0	0.1792	0.2623	0.2431	0.229	0.1792
920	0.0	0.4674	0.23	0.4008	0.206	0.4674
921	0.0	0.3991	0.2541	0.4245	0.213	0.3991
922	0.0	0.4893	0.7312	0.6493	0.5991	0.4893
923	0.0	0.3043	0.319	0.289	0.3183	0.3043
924	0.0	0.6885	0.4274	0.6873	0.4686	0.6885
925	0.0	0.343	0.2402	0.2899	0.2661	0.343
926	0.0	0.6669	0.98	0.7395	0.8868	0.6669
927	0.0	0.3976	0.2437	0.35	0.2539	0.3976
928	0.0	0.446	0.3322	0.4655	0.2945	0.446
929	0.0	0.5803	0.7949	0.6053	0.7537	0.5803
930	0.0	0.3696	0.3227	0.3718	0.3498	0.3696
931	0.0	0.4404	0.5008	0.4944	0.4995	0.4404
932	0.0	0.4094	0.568	0.469	0.5514	0.4094
933	0.0	0.5841	1.024	0.6633	0.8797	0.5841
934	0.0	0.3463	0.3056	0.2717	0.3264	0.3463
935	0.0	0.4365	0.9371	0.4779	0.8648	0.4365
936	0.0	0.4474	0.5101	0.5044	0.4148	0.4474
937	0.0	0.483	0.3705	0.4956	0.3099	0.483
938	0.0	0.7094	0.2667	0.718	0.2403	0.7094
939	0.0	0.2877	0.2789	0.2749	0.2558	0.2877
940	0.0	0.3502	0.3067	0.3423	0.291	0.3502
941	0.0	0.4508	0.2126	0.384	0.2076	0.4508
942	0.0	0.4688	0.7702	0.6124	0.6642	0.4688
943	0.0	0.2521	0.4057	0.2216	0.549	0.2521
944	0.0	0.5641	0.985	0.6614	0.873	0.5641
945	0.0	0.6362	0.3903	0.7701	0.3819	0.6362
946	0.0	0.1764	0.2158	0.1806	0.184	0.1764
947	0.0	0.8096	0.9204	0.8377	0.7828	0.8096
948	0.0	0.2467	0.2586	0.27	0.2372	0.2467
949	0.0	0.4732	0.7589	0.5214	0.6688	0.4732
950	0.0	0.4157	0.588	0.4963	0.5573	0.4157
951	0.0	0.4781	0.9842	0.5405	0.7362	0.4781
952	0.0	0.3197	0.391	0.3067	0.341	0.3197
953	0.0	0.2906	0.3581	0.3161	0.3421	0.2906
954	0.0	0.2381	0.2206	0.2292	0.2095	0.2381
955	0.0	0.7623	0.6353	0.8905	0.5556	0.7623
956	0.0	0.3272	0.3717	0.3383	0.212	0.3272
957	0.0	0.4128	0.2685	0.499	0.2537	0.4128
958	0.0	0.3836	0.1773	0.396	0.1651	0.3836
959	0.0	0.843	0.7991	0.9364	0.7363	0.843
960	0.0	0.4202	0.176	0.4648	0.1481	0.4202
961	0.0	0.5851	0.5659	0.6768	0.4845	0.5851
962	0.0	0.7514	0.6168	0.7999	0.5324	0.7514
963	0.0	0.4661	0.7404	0.4758	0.5898	0.4661
964	0.0	0.352	0.3211	0.3435	0.306	0.352
965	0.0	0.1543	0.4381	0.1814	0.427	0.1543
966	0.0	0.7418	0.5361	0.81	0.5174	0.7418
967	0.0	0.5259	0.2465	0.5727	0.2156	0.5259
968	0.0	0.2248	0.2617	0.2932	0.2224	0.2248
969	0.0	0.2424	0.166	0.218	0.1502	0.2424
970	0.0	0.6125	0.5537	0.7431	0.5187	0.6125
971	0.0	0.5736	0.7217	0.6956	0.6586	0.5736
972	0.0	0.3197	0.322	0.3083	0.3073	0.3197
973	0.0	0.1873	0.3517	0.2022	0.3369	0.1873
974	0.0	0.3996	0.563	0.4461	0.5	0.3996
975	0.0	0.3445	0.3557	0.313	0.3174	0.3445
976	0.0	0.3956	0.3785	0.368	0.3704	0.3956
977	0.0	0.2947	0.2879	0.312	0.2902	0.2947
978	0.0	0.3839	0.2402	0.3955	0.2438	0.3839
979	0.0	0.6341	0.4779	0.8027	0.1147	0.6341
980	0.0	0.371	0.2139	0.3633	0.2011	0.371
981	0.0	0.3198	0.224	0.3718	0.2196	0.3198
982	0.0	0.1772	0.1894	0.1558	0.1796	0.1772
983	0.0	0.598	0.7895	0.7719	0.7773	0.598
984	0.0	0.2509	0.3031	0.2758	0.3132	0.2509
985	0.0	0.4628	0.5984	0.563	0.5654	0.4628
986	0.0	0.8421	0.7787	1.039	0.6709	0.8421
987	0.0	0.5751	0.5923	0.6035	0.535	0.5751
988	0.0	0.4977	0.434	0.5668	0.3729	0.4977
989	0.0	0.609	0.3466	0.614	0.29	0.609
990	0.0	0.5218	0.5034	0.6099	0.4497	0.5218
991	0.0	0.4917	0.3939	0.4617	0.358	0.4917
992	0.0	0.1076	0.1685	0.1416	0.1494	0.1076
993	0.0	0.5005	0.4556	0.421	0.4686	0.5005
994	0.0	0.2595	0.2554	0.2856	0.2329	0.2595
995	0.0	0.412	0.3619	0.434	0.3367	0.412
996	0.0	0.3271	0.2839	0.3145	0.2941	0.3271
997	0.0	0.6881	0.4565	0.8173	0.4262	0.6881
998	0.0	0.3357	0.672	0.36	0.5789	0.3357
999	0.0	0.3361	0.3642	0.3752	0.3867	0.3361
1000	0.0	0.576	0.8114	0.7306	0.7534	0.576
1001	0.0	0.3328	0.3159	0.3374	0.3078	0.3328
1002	0.0	0.4162	0.3107	0.4508	0.2824	0.4162
1003	0.0	0.2329	0.2205	0.216	0.2439	0.2329
1004	0.0	0.8405	0.5254	0.8157	0.49	0.8405
1005	0.0	0.3367	0.3277	0.3326	0.4037	0.3367
1006	0.0	0.5982	0.3202	0.6318	0.2951	0.5982
1007	0.0	0.6951	0.6838	0.7286	0.6393	0.6951
1008	0.0	0.2924	0.2724	0.2813	0.2666	0.2924
1009	0.0	0.3668	0.2778	0.3932	0.2739	0.3668
1010	0.0	0.1509	0.3365	0.1902	0.3183	0.1509
1011	0.0	0.4248	0.3669	0.4184	0.3794	0.4248
1012	0.0	0.5859	0.3657	0.7424	0.3437	0.5859
1013	0.0	0.4278	0.2709	0.4639	0.2654	0.4278
1014	0.0	0.1494	0.2355	0.1665	0.2529	0.1494
1015	0.0	0.5583	0.4705	0.5487	0.4967	0.5583
1016	0.0	0.6483	0.4356	0.7558	0.3761	0.6483
1017	0.0	0.8172	0.2719	0.9805	0.2626	0.8172
1018	0.0	0.2762	0.2751	0.2997	0.2975	0.2762
1019	0.0	0.4819	0.9528	0.528	0.8319	0.4819
1020	0.0	0.379	0.2595	0.3218	0.303	0.379
1021	0.0	0.2949	0.2837	0.2782	0.2443	0.2949
1022	0.0	0.5095	0.3966	0.5324	0.3498	0.5095
1023	0.0	0.3757	0.1801	0.4039	0.1585	0.3757
1024	0.0	0.2247	0.08301	0.2398	0.06401	0.2247
1025	0.0	0.2928	0.4021	0.3095	0.3929	0.2928
1026	0.0	0.8092	1.037	0.8868	0.9352	0.8092
1027	0.0	0.3621	0.3226	0.3418	0.329	0.3621
1028	0.0	0.3366	0.436	0.3173	0.4006	0.3366
1029	0.0	0.2563	0.3434	0.2201	0.4091	0.2563
1030	0.0	0.5824	0.6652	0.6345	0.5759	0.5824
1031	0.0	0.4569	0.3645	0.4955	0.3389	0.4569
1032	0.0	0.2665	0.3761	0.3039	0.3466	0.2665
1033	0.0	0.4213	0.532	0.4677	0.5438	0.4213
1034	0.0	0.3529	0.3248	0.3391	0.3178	0.3529
1035	0.0	0.2736	0.4478	0.3423	0.4171	0.2736
1036	0.0	0.3358	0.5377	0.3234	0.4973	0.3358
1037	0.0	0.4917	0.4897	0.5511	0.4627	0.4917
1038	0.0	0.407	0.4249	0.3472	0.4555	0.407
1039	0.0	0.7842	0.1274	0.8896	0.09689	0.7842
1040	0.0	0.4371	0.6256	0.4813	0.136	0.4371
