Step	Loss(S)	Loss(T)	fwd_S	fwd_T	rev_S	rev_T
1	0.06427	0.09803	2.903	4.859	3.044	4.396
2	0.07142	0.07999	2.474	3.472	2.697	3.196
3	0.1135	0.1065	4.91	5.786	4.677	5.451
4	0.132	0.05177	6.807	2.062	6.105	2.257
5	0.1205	0.1119	6.733	5.256	5.925	4.782
6	0.06597	0.05892	2.235	2.021	2.656	2.22
7	0.04896	0.05511	1.5	1.76	1.524	2.723
8	0.07289	0.06876	2.522	2.339	2.829	2.757
9	0.0653	0.04264	2.101	1.441	2.409	1.541
10	0.05489	0.05929	1.651	1.98	1.935	2.519
11	0.05824	0.06709	1.853	2.243	2.136	2.594
12	0.05467	0.06324	1.594	1.947	1.775	2.558
13	0.06667	0.05598	2.274	1.905	3.233	3.106
14	0.08026	0.05706	2.489	1.868	3.985	2.356
15	0.04616	0.0551	1.446	1.571	1.388	2.079
16	0.07485	0.09525	2.383	3.14	2.7	4.662
17	0.04411	0.03666	1.279	0.9661	1.459	1.093
18	0.03969	0.08714	1.132	2.849	1.256	3.74
19	0.0671	0.05135	2.022	1.455	2.032	1.605
20	0.08936	0.0909	2.807	2.965	3.753	3.713
21	0.05429	0.04373	1.571	1.278	1.908	1.431
22	0.0651	0.06482	1.86	1.866	2.626	2.249
23	0.05875	0.05509	1.731	1.616	2.064	1.998
24	0.06459	0.06248	1.819	1.804	2.337	2.074
25	0.06121	0.05453	1.792	1.737	2.214	1.644
26	0.0566	0.06579	1.627	2.108	1.985	2.448
27	0.0527	0.06038	1.499	1.773	1.655	2.182
28	0.04482	0.04305	1.218	1.186	1.245	1.453
29	0.04544	0.05222	1.207	1.486	1.461	1.752
30	0.03568	0.0445	0.9311	1.188	1.024	1.602
31	0.06408	0.05487	1.998	1.654	2.637	2.135
32	0.02857	0.05674	0.7188	1.675	0.79	2.334
33	0.03348	0.04364	0.8668	1.097	0.9026	1.681
34	0.03109	0.05821	0.8014	1.687	0.861	2.371
35	0.05373	0.0462	1.59	1.363	1.871	1.935
36	0.06684	0.04382	1.851	1.153	2.554	1.378
37	0.0608	0.04626	1.838	1.222	2.098	1.676
38	0.06228	0.06802	1.897	2.156	2.775	2.802
39	0.04236	0.05784	1.067	1.512	1.42	2.287
40	0.03731	0.05039	1.063	1.531	1.086	1.552
41	0.04134	0.04851	1.161	1.391	1.209	1.821
42	0.02912	0.03625	0.7519	0.9273	0.8117	1.153
43	0.04462	0.04773	1.24	1.479	1.289	1.466
44	0.04707	0.0568	1.253	1.551	1.608	2.285
45	0.03573	0.02783	0.9014	0.6976	1.247	0.8231
46	0.03718	0.04907	1.016	1.463	1.214	1.647
47	0.05422	0.03088	1.574	0.8158	1.67	0.9835
48	0.03101	0.02909	0.8227	0.7038	0.82	1.229
49	0.05776	0.03334	1.518	0.936	2.399	1.262
50	0.04077	0.05232	1.116	1.494	1.092	1.856
51	0.05268	0.0556	1.546	1.796	1.641	1.883
52	0.03904	0.05247	1.079	1.582	1.412	1.512
53	0.06078	0.05611	1.978	1.737	2.221	1.841
54	0.03038	0.03721	0.8461	1.016	0.8224	1.117
55	0.04439	0.0293	1.185	0.7492	1.358	0.7714
56	0.05946	0.05161	1.975	1.577	1.88	1.61
57	0.0438	0.03464	1.254	0.8785	1.19	0.9612
58	0.02866	0.04184	0.7133	1.181	0.8185	1.215
59	0.0516	0.03597	1.582	0.9591	1.555	1.125
60	0.03787	0.04746	1.076	1.313	1.16	1.628
61	0.06141	0.04413	2.015	1.289	2.167	1.377
62	0.04046	0.04214	1.125	1.181	1.272	1.341
63	0.03782	0.05562	1.005	1.677	1.133	1.736
64	0.04893	0.04848	1.503	1.405	1.655	1.637
65	0.03986	0.02633	1.104	0.6764	1.151	0.7999
66	0.05092	0.04032	1.459	1.059	1.694	1.75
67	0.05092	0.04165	1.469	1.153	1.566	1.282
68	0.0601	0.04236	1.596	1.163	2.211	1.429
69	0.03062	0.03394	0.7639	0.8175	0.799	1.274
70	0.01959	0.03835	0.5384	1.061	0.7864	1.337
71	0.03703	0.05176	0.9747	1.381	1.064	1.843
72	0.03166	0.03099	0.7809	0.7847	0.9461	1.043
73	0.02933	0.03268	0.7709	0.8019	0.834	0.9212
74	0.04693	0.04073	1.341	1.606	1.626	2.099
75	0.0383	0.03733	1.04	1.072	1.029	1.381
76	0.04194	0.03885	1.136	0.9883	1.223	1.081
77	0.02678	0.02607	0.697	0.6359	0.791	0.8273
78	0.0379	0.04738	1.046	1.413	1.205	1.534
79	0.03633	0.02438	0.9771	0.6725	1.127	0.8893
80	0.04119	0.03464	1.205	0.9703	1.262	0.8827
81	0.03962	0.04884	1.005	1.323	1.276	1.445
82	0.0295	0.02559	0.7601	0.6359	0.8818	0.8916
83	0.04139	0.0408	1.111	1.179	1.139	1.246
84	0.04208	0.04598	1.138	1.282	1.146	1.253
85	0.05299	0.04998	1.67	1.458	1.599	2.054
86	0.02764	0.03012	0.7515	0.818	0.8191	0.8829
87	0.05005	0.04517	1.401	1.32	1.375	1.292
88	0.04193	0.04391	1.209	1.338	1.212	1.628
89	0.03365	0.03108	0.9279	0.8555	1.077	0.983
90	0.05357	0.03298	1.598	0.8631	1.91	0.8931
91	0.04505	0.05372	1.365	1.687	1.386	1.801
92	0.03785	0.04339	1.032	1.189	1.137	1.621
93	0.02733	0.02144	0.6958	0.5258	0.8446	0.6376
94	0.0396	0.0318	1.102	0.8217	1.101	0.8481
95	0.0249	0.02405	0.6091	0.6092	0.6461	0.6059
96	0.03127	0.03688	0.769	1.015	0.99	1.004
97	0.04677	0.05204	1.338	1.676	1.492	1.492
98	0.01865	0.01322	0.453	0.3124	0.5644	0.3536
99	0.05095	0.02252	1.488	0.643	1.508	0.6881
100	0.04929	0.04414	1.442	1.175	1.301	1.266
101	0.04409	0.04966	1.318	1.463	1.2	1.705
102	0.03524	0.03777	0.9493	1.088	0.9415	1.072
103	0.03165	0.03362	0.9228	0.8602	1.082	0.9622
104	0.05253	0.04503	1.412	1.396	1.811	1.622
105	0.03174	0.02496	0.7838	0.6597	0.9895	0.7873
106	0.02027	0.03851	0.4953	1.087	0.4752	1.129
107	0.01502	0.03529	0.3831	0.8739	0.4561	1.166
108	0.02592	0.02429	0.6866	0.6136	0.6311	0.6998
109	0.02441	0.02155	0.609	0.5112	0.6859	0.691
110	0.03342	0.04138	0.8592	1.16	0.8739	1.151
111	0.05193	0.05206	1.546	1.818	2.19	1.847
112	0.0416	0.04936	1.135	1.542	1.216	1.771
113	0.03911	0.03041	1.06	0.8289	1.218	1.012
114	0.04934	0.05362	1.422	1.756	1.402	1.629
115	0.04268	0.04366	1.309	1.257	1.227	1.509
116	0.01844	0.03136	0.4424	0.8074	0.4206	0.9034
117	0.05518	0.0497	1.865	1.463	1.83	1.807
118	0.02849	0.02085	0.8813	0.6406	0.8685	0.8764
119	0.05276	0.06207	1.661	2.058	1.662	2.353
120	0.02942	0.01768	0.7539	0.4736	0.9825	0.4816
121	0.03516	0.04315	0.9611	1.293	0.8438	1.27
122	0.02162	0.03307	0.5394	0.8587	0.5144	0.9832
123	0.03258	0.04356	0.8637	1.411	0.8958	1.366
124	0.03841	0.02577	1.128	0.6633	1.323	1.034
125	0.03581	0.05116	1.025	1.559	0.9785	2.629
126	0.04196	0.03237	1.163	0.952	1.348	0.8479
127	0.03671	0.04331	1.09	1.296	1.016	1.56
128	0.03077	0.03596	0.8072	0.9425	0.8659	1.065
129	0.03287	0.04232	0.891	1.187	0.8146	1.182
130	0.03872	0.04222	1.1	1.179	1.017	1.244
131	0.02412	0.02757	0.6279	0.748	0.6182	0.8036
132	0.02669	0.0259	0.7008	0.802	0.7843	0.7911
133	0.01554	0.01402	0.4132	0.3328	0.5259	0.3874
134	0.02734	0.03473	0.7556	0.9732	0.7878	1.269
135	0.03537	0.0469	0.9481	1.389	1.041	1.636
136	0.03747	0.04718	1.027	1.322	1.23	1.356
137	0.03003	0.029	0.8094	0.7898	0.8153	1.631
138	0.03491	0.04487	0.9501	1.377	0.9133	1.456
139	0.04228	0.0435	1.327	1.255	1.131	1.351
140	0.01967	0.03038	0.4929	0.7842	0.6077	1.111
141	0.04596	0.02829	1.242	0.6953	1.331	0.9985
142	0.01813	0.04215	0.4677	1.296	0.5744	1.356
143	0.02439	0.01939	0.5894	0.4402	0.6863	0.6541
144	0.03499	0.02878	0.8964	0.7137	1.111	0.7808
145	0.03498	0.04992	0.9758	1.449	0.9398	1.487
146	0.03788	0.02732	0.9626	0.7111	1.169	0.8152
147	0.02445	0.03344	0.6929	0.9515	0.6509	0.8504
148	0.02619	0.03176	0.6752	0.8465	0.7682	1.164
149	0.02685	0.01535	0.6995	0.3889	0.6802	0.506
150	0.04342	0.05165	1.277	1.54	1.253	1.911
151	0.04024	0.05093	1.101	1.561	1.159	1.601
152	0.01695	0.02213	0.447	0.5645	0.4747	0.6602
153	0.04328	0.035	1.249	1.063	1.188	1.328
154	0.0356	0.03577	0.9723	0.9494	0.9281	1.002
155	0.04025	0.05437	1.092	1.605	1.129	1.777
156	0.05519	0.02794	1.803	0.7736	1.514	0.8395
157	0.0331	0.04807	0.8693	1.432	0.8466	1.51
158	0.04387	0.03534	1.275	1.028	1.305	0.9421
159	0.02678	0.0366	0.702	1.034	0.6994	0.9509
160	0.04511	0.03744	1.274	1.051	1.185	1.161
161	0.02034	0.02533	0.5003	0.6139	0.5971	0.8047
162	0.02572	0.01422	0.6686	0.3294	0.8818	0.45
163	0.01657	0.02608	0.4197	0.7019	0.5577	0.8371
164	0.03545	0.05764	0.978	1.98	1.161	1.814
165	0.03528	0.04598	0.9679	1.439	0.9219	1.5
166	0.02648	0.04246	0.7162	1.165	0.7281	1.226
167	0.02826	0.0383	0.7268	1.064	0.7688	1.114
168	0.03674	0.02844	1.024	0.7744	0.9539	0.6751
169	0.02034	0.02265	0.5228	0.6619	0.5319	0.6355
170	0.02693	0.04274	0.7613	1.234	0.7456	1.495
171	0.04972	0.03103	1.531	0.8835	1.292	0.7951
172	0.03751	0.02776	1.079	0.7201	1.24	0.7818
173	0.0291	0.02102	0.7455	0.4995	0.9629	0.7244
174	0.02939	0.0499	0.7922	1.381	0.8927	1.586
175	0.02124	0.04279	0.5321	1.165	0.544	1.404
176	0.02218	0.02215	0.5561	0.5192	0.6773	0.8666
177	0.03224	0.02434	0.867	0.6098	0.9712	0.7548
178	0.05403	0.04699	1.75	1.333	1.636	1.463
179	0.02529	0.02776	0.6539	0.71	0.689	0.7737
180	0.03533	0.02922	0.9598	0.7523	0.8962	0.8229
181	0.02363	0.01577	0.5886	0.4312	0.7088	0.58
182	0.03264	0.04176	0.8392	1.173	0.8784	1.219
183	0.02541	0.01582	0.6516	0.4458	0.7777	0.5799
184	0.04904	0.02928	1.568	0.8216	1.211	0.8736
185	0.02523	0.04048	0.6502	1.018	0.6419	1.343
186	0.02595	0.01728	0.6514	0.4311	0.8229	0.5135
187	0.04238	0.03191	1.109	0.8538	1.593	1.127
188	0.04601	0.0308	1.309	0.7889	1.264	0.8078
189	0.03317	0.03286	0.9216	0.8899	0.9849	0.9845
190	0.02996	0.02659	0.8229	0.8102	0.9146	0.8476
191	0.02263	0.02943	0.6377	0.8115	0.6196	0.7498
192	0.01674	0.05745	0.4343	1.846	0.4389	1.97
193	0.04671	0.0146	1.376	0.3826	1.243	0.4795
194	0.03318	0.05264	0.8813	1.575	0.9877	1.664
195	0.02912	0.03498	0.7549	0.9174	0.7108	0.8848
196	0.0308	0.02701	1.201	0.7739	1.037	1.006
197	0.02281	0.02362	0.6092	0.5849	0.8468	0.8585
198	0.04244	0.03668	1.201	1.002	1.148	1.037
199	0.02252	0.02307	0.5809	0.5847	0.6339	0.6856
200	0.02217	0.035	0.6	0.9942	0.7246	0.9893
201	0.01796	0.01891	0.4705	0.5138	0.5424	0.6045
202	0.01308	0.01918	0.3335	0.5406	0.3554	0.6037
203	0.02207	0.02546	0.5552	0.7252	0.5686	0.8639
204	0.02979	0.061	0.8888	1.931	0.8526	2.056
205	0.0423	0.03013	1.224	0.8096	1.134	0.8837
206	0.02215	0.03338	0.6311	0.9256	0.6614	1.072
207	0.04123	0.03896	1.066	0.9814	1.43	1.548
208	0.01345	0.0491	0.3418	1.302	0.408	1.746
209	0.009295	0.01633	0.2139	0.4192	0.3183	0.4998
210	0.03115	0.04209	0.7907	1.145	0.9507	1.291
211	0.03119	0.0242	0.8002	0.6176	1.015	0.8209
212	0.02736	0.02514	0.7245	0.6587	0.6977	0.8442
213	0.02064	0.02415	0.505	0.5797	0.5349	0.8137
214	0.02761	0.0364	0.7182	0.9981	0.7678	0.9903
215	0.03465	0.05498	0.9225	2.077	0.9561	1.982
216	0.02872	0.04152	0.7545	1.151	0.8412	1.114
217	0.03201	0.03167	0.8714	0.8691	0.978	0.9222
218	0.04439	0.04521	1.242	1.276	1.203	1.291
219	0.04105	0.04393	1.152	1.281	1.099	1.311
220	0.03106	0.03711	0.821	0.9688	0.8584	1.124
221	0.01006	0.04767	0.2676	1.405	0.4541	1.878
222	0.03331	0.02581	1.089	0.8355	1.131	0.9949
223	0.03438	0.03841	0.9731	1.248	0.9147	1.422
224	0.03496	0.01777	0.9592	0.4672	0.9339	0.5013
225	0.048	0.04228	1.433	1.293	1.239	1.262
226	0.03779	0.04205	0.9465	1.14	1.189	1.428
227	0.03276	0.03761	0.8303	1.06	1.025	1.066
228	0.02266	0.02764	0.5505	0.7072	0.7178	1.103
229	0.02486	0.05012	0.675	1.475	0.6242	1.924
230	0.02306	0.02975	0.5985	0.8065	0.8355	0.7623
231	0.0321	0.02845	0.8647	0.7285	0.7963	0.7413
232	0.0338	0.03331	0.9058	0.8681	0.9939	0.963
233	0.02858	0.04279	0.7343	1.227	0.8162	1.334
234	0.03133	0.03015	0.8307	0.7729	0.7753	0.8651
235	0.03566	0.03537	0.9661	0.9572	0.9714	0.995
236	0.02055	0.02342	0.5222	0.592	0.5979	0.7349
237	0.02557	0.01229	0.6326	0.3293	0.7189	0.431
238	0.03837	0.03843	0.9744	1.094	1.218	1.088
239	0.04142	0.04462	1.215	1.327	1.102	1.388
240	0.02484	0.03131	0.6245	0.8003	0.7439	0.8986
241	0.02306	0.02805	0.5955	0.8005	0.7462	1.251
242	0.03743	0.04338	1.091	1.311	0.9749	1.268
243	0.02814	0.04681	0.7536	1.438	0.7567	1.288
244	0.03374	0.0258	0.8965	0.6871	0.9652	0.7735
245	0.02033	0.01905	0.5249	0.4597	0.7056	0.6586
246	0.05082	0.04832	1.559	1.412	1.561	1.545
247	0.0225	0.02145	0.5577	0.5258	0.6948	0.659
248	0.032	0.03315	0.8194	0.916	0.9202	0.8519
249	0.02965	0.05049	0.7974	1.45	0.755	1.545
250	0.02126	0.01948	0.5534	0.4987	0.5866	0.5002
251	0.03435	0.03232	0.9029	0.9222	0.8992	0.8063
252	0.02475	0.01513	0.6257	0.3944	0.7219	0.4539
253	0.0214	0.01869	0.5307	0.4614	0.7118	0.6749
254	0.03482	0.03814	0.9344	1.048	0.9078	1.084
255	0.03125	0.03989	0.7995	1.148	0.8859	1.198
256	0.02674	0.01102	0.6544	0.2755	0.8425	0.3558
257	0.04402	0.02766	1.292	0.7693	1.21	0.9591
258	0.0391	0.03446	1.069	0.9232	1.123	0.8852
259	0.03757	0.04974	1.011	1.514	1.038	1.576
260	0.04035	0.01199	1.234	0.3176	1.149	0.3913
261	0.04139	0.04317	1.235	1.335	1.196	1.335
262	0.02561	0.03559	0.6919	0.9481	0.661	0.9692
263	0.03979	0.04256	1.093	1.187	1.056	1.157
264	0.04665	0.03809	1.465	1.037	1.29	1.042
265	0.02092	0.02367	0.489	0.5886	0.6107	0.6982
266	0.01703	0.01421	0.4448	0.3498	0.5167	0.4087
267	0.04412	0.02634	1.391	0.7085	1.24	0.6843
268	0.03543	0.03713	0.9893	1.034	1.126	1.028
269	0.03098	0.03987	0.8262	1.137	0.7437	1.161
270	0.03068	0.03194	0.8012	0.8321	0.9207	0.9812
271	0.04798	0.02974	1.507	0.8144	1.357	0.828
272	0.04073	0.04365	1.204	1.252	1.056	1.234
273	0.02382	0.01613	0.7351	0.4081	0.6504	0.4007
274	0.03707	0.04167	1.078	1.144	1.051	1.35
275	0.02756	0.04076	0.7102	1.193	0.6433	1.092
276	0.03692	0.03026	0.9889	0.7953	1.113	0.8949
277	0.01405	0.02947	0.3466	0.7798	0.5308	1.132
278	0.02224	0.04195	0.5728	1.096	0.5496	1.276
279	0.02189	0.04012	0.5629	0.9983	0.5336	1.37
280	0.01895	0.0159	0.4821	0.3759	0.5931	0.4687
281	0.02617	0.02402	0.6758	0.6122	0.7066	0.7174
282	0.0446	0.05418	1.321	1.922	1.41	2.247
283	0.02007	0.02397	0.5525	0.6033	0.597	0.7084
284	0.02731	0.03973	0.7322	1.09	0.773	1.075
285	0.03189	0.01054	0.9057	0.2485	0.8546	0.3145
286	0.04074	0.03463	1.192	0.9629	1.13	0.9119
287	0.03105	0.02395	0.8617	0.6138	0.8791	0.7694
288	0.03848	0.03146	1.122	0.9265	1.036	0.7944
289	0.02622	0.04367	0.6577	1.097	0.7035	1.653
290	0.02016	0.01792	0.5303	0.4816	0.5212	0.6107
291	0.04205	0.0374	1.067	0.9649	1.341	1.061
292	0.03877	0.03064	1.028	0.767	1.14	0.7716
293	0.03951	0.03991	1.134	1.077	1.001	1.385
294	0.02311	0.02364	0.6547	0.6226	0.7103	0.7124
295	0.02553	0.02942	0.6549	0.7668	0.7467	0.6817
296	0.06712	0.04064	2.394	1.17	2.096	1.677
297	0.0151	0.03068	0.3962	0.8396	0.4455	0.9339
298	0.03713	0.05961	1.035	1.855	1.086	1.956
299	0.01894	0.03464	0.4655	0.9411	0.5038	0.9721
300	0.01382	0.02786	0.4185	0.8331	0.4347	1.031
301	0.02546	0.02044	0.6158	0.4604	0.8409	0.7548
302	0.03529	0.03388	0.9568	0.9078	0.9254	0.9469
303	0.0199	0.02323	0.4791	0.5662	0.5375	0.6653
304	0.0331	0.01611	0.9236	0.4021	0.8955	0.4683
305	0.02019	0.01884	0.5942	0.5352	0.5783	0.6398
306	0.01309	0.01793	0.3085	0.4699	0.3821	0.5001
307	0.03285	0.0184	0.8179	0.5837	1.002	0.6281
308	0.03293	0.04677	0.8779	1.315	0.8074	1.372
309	0.04846	0.03632	1.513	1.031	1.455	1.087
310	0.0285	0.02852	0.7503	0.755	0.8418	0.8087
311	0.02051	0.03652	0.5223	0.9786	0.6204	1.188
312	0.01968	0.04824	0.5426	1.486	0.6205	1.933
313	0.03371	0.02345	0.8725	0.5889	1.175	0.669
314	0.02113	0.02559	0.527	0.6893	0.5552	0.728
315	0.01763	0.01396	0.4872	0.3497	0.5088	0.4425
316	0.01655	0.01748	0.4176	0.4406	0.4743	0.4832
317	0.0227	0.02234	0.5434	0.5122	0.7872	0.7382
318	0.03656	0.04157	0.9974	1.274	0.8931	1.194
319	0.04932	0.05258	1.485	1.582	1.528	1.934
320	0.03074	0.0476	0.7903	1.357	0.8557	1.356
321	0.03208	0.02472	0.9192	0.6239	0.9639	0.8017
322	0.03959	0.06035	1.108	1.886	1.104	1.862
323	0.03531	0.04496	1.04	1.292	0.9568	1.356
324	0.0277	0.03612	0.703	0.9467	0.7386	1.195
325	0.04515	0.04454	1.4	1.408	1.612	1.949
326	0.04245	0.02974	1.436	0.8773	1.522	0.8903
327	0.02604	0.05061	0.6995	1.621	0.6836	1.727
328	0.02212	0.01633	0.5527	0.435	0.676	0.4516
329	0.03403	0.03736	0.9315	1.036	0.9104	0.9991
330	0.03222	0.0416	0.8168	1.098	0.9178	1.297
331	0.05903	0.03874	1.866	1.046	1.929	1.079
332	0.01984	0.0223	0.4745	0.581	0.622	0.8655
333	0.03885	0.03834	1.124	1.087	1.22	1.792
334	0.03053	0.01966	0.814	0.4935	0.9099	0.6664
335	0.05319	0.04363	1.64	1.255	1.642	1.499
336	0.03744	0.03519	0.9182	0.8901	1.279	1.218
337	0.03712	0.04571	1.033	1.418	1.219	1.283
338	0.04144	0.04367	1.157	1.278	1.075	1.271
339	0.03499	0.05583	0.9515	1.73	0.8695	1.726
340	0.02829	0.02654	0.7226	0.7482	0.7984	0.8414
341	0.02111	0.01129	0.536	0.2787	0.6848	0.3103
342	0.03371	0.03581	0.837	0.8787	0.9997	1.199
343	0.03614	0.0423	0.9922	1.244	0.9256	1.255
344	0.04112	0.03426	1.218	0.9305	1.16	0.8387
345	0.0247	0.02766	0.6559	0.7259	0.7093	1.499
346	0.04098	0.04708	1.188	1.306	1.152	1.35
347	0.03352	0.02833	0.9054	0.8156	0.9396	0.7021
348	0.0296	0.01894	0.7943	0.4686	0.8706	0.5888
349	0.0205	0.02241	0.4947	0.5349	0.7474	0.8967
350	0.04466	0.04757	1.302	1.465	1.525	1.514
351	0.0187	0.01686	0.4218	0.3942	0.5243	0.5476
352	0.04136	0.028	1.193	0.6983	1.153	0.736
353	0.02844	0.04528	0.7429	1.378	0.7094	1.274
354	0.02296	0.01431	0.5786	0.36	0.6266	0.3857
355	0.02275	0.05617	0.561	1.828	0.5554	1.96
356	0.02955	0.02342	0.7782	0.5764	0.8481	0.7277
357	0.01114	0.01352	0.2894	0.3582	0.389	0.6346
358	0.03218	0.05196	0.8855	1.65	0.8433	1.439
359	0.03582	0.0415	0.9995	1.18	1.101	1.17
360	0.01955	0.03177	0.547	0.8247	0.5789	1.051
361	0.03507	0.03503	1.001	0.9134	1.255	1.066
362	0.03888	0.0539	1.097	1.657	0.983	1.676
363	0.04325	0.04667	1.23	1.411	1.166	1.425
364	0.01186	0.03527	0.2823	1.105	0.4839	1.095
365	0.02584	0.04512	0.6717	1.266	0.7293	1.467
366	0.03401	0.03486	0.9406	0.9115	0.8535	0.979
367	0.033	0.01724	0.9619	0.4383	0.9064	0.4253
368	0.03827	0.03794	1.169	1.007	1.041	1.102
369	0.02584	0.01789	0.598	0.4109	0.9046	0.5903
370	0.02231	0.01635	0.6068	0.3884	0.935	0.559
371	0.04354	0.038	1.268	1.127	1.146	1.231
372	0.03483	0.02053	0.9066	0.5118	0.9488	0.6171
373	0.02989	0.03884	0.7732	1.138	0.748	1.269
374	0.03377	0.0273	0.9181	0.7365	0.8482	0.9429
375	0.03037	0.02323	0.8079	0.5789	0.7528	0.6177
376	0.02554	0.03715	0.6811	1.055	0.7004	0.8864
377	0.01745	0.01455	0.5109	0.3918	0.4705	0.3901
378	0.04352	0.03952	1.271	1.136	1.371	1.653
379	0.02913	0.03159	0.8136	0.8747	0.8341	0.8279
380	0.02934	0.02354	0.8165	0.5925	1.124	0.8576
381	0.02039	0.02296	0.5019	0.6083	0.6474	0.8092
382	0.02616	0.02132	0.6985	0.5925	0.7678	0.6432
383	0.04917	0.02713	1.498	0.7281	1.397	0.7875
384	0.0238	0.01635	0.6016	0.4053	0.6205	0.5506
385	0.02617	0.02031	0.7509	0.5239	0.8113	0.6811
386	0.04049	0.05601	1.183	2.407	1.117	2.232
387	0.02215	0.02258	0.5782	0.5615	0.673	0.6261
388	0.02369	0.02873	0.6314	0.7464	0.6275	0.8076
389	0.01496	0.01266	0.3712	0.3182	0.396	0.4838
390	0.02896	0.04529	0.8315	1.315	0.7344	1.277
391	0.0221	0.01312	0.5623	0.3507	0.6429	0.4204
392	0.03659	0.03394	1.174	0.934	1.01	0.9286
393	0.04144	0.02901	1.185	0.7833	1.144	0.9474
394	0.02361	0.01578	0.6567	0.4366	0.7765	0.4889
395	0.02807	0.02578	0.6795	0.6609	0.8103	0.7041
396	0.03559	0.0315	0.9841	0.8236	0.9387	0.8164
397	0.03205	0.04431	0.8601	1.344	0.9242	1.501
398	0.02042	0.02728	0.5489	0.7427	0.5481	0.8735
399	0.03256	0.04004	0.8816	1.076	0.9	1.098
400	0.03653	0.04638	1.091	1.278	1.118	1.775
401	0.01326	0.01589	0.3606	0.4053	0.3701	0.5011
402	0.04284	0.03974	1.221	1.099	1.143	1.125
403	0.03173	0.04377	0.8298	1.295	0.7959	1.322
404	0.05016	0.02189	1.496	0.6202	1.396	0.7217
405	0.03268	0.01451	0.8862	0.3273	0.8479	0.6413
406	0.04274	0.03912	1.249	1.09	1.268	1.047
407	0.01408	0.02373	0.3477	0.5995	0.3843	0.7048
408	0.03566	0.02274	0.878	0.5839	1.257	0.7594
409	0.03536	0.01924	0.9492	0.5046	0.967	0.7092
410	0.01319	0.01154	0.3407	0.27	0.4497	0.3669
411	0.02863	0.01446	0.7273	0.3749	0.7503	0.5144
412	0.03533	0.02641	0.8925	0.6689	1.051	0.6353
413	0.04192	0.03988	1.227	1.142	1.27	1.056
414	0.02781	0.02152	0.699	0.5238	0.8025	0.6011
415	0.02515	0.04095	0.6842	1.091	0.6546	1.25
416	0.03782	0.04009	1.145	1.212	1.348	1.606
417	0.01961	0.02239	0.5287	0.6058	0.5225	0.7103
418	0.04419	0.03953	1.298	1.121	1.569	1.06
419	0.0209	0.02011	0.5537	0.5158	0.5536	0.608
420	0.03229	0.01413	0.8625	0.342	0.8689	0.484
421	0.0223	0.01648	0.5512	0.4042	0.5866	0.4632
422	0.03439	0.03268	0.9941	0.8816	0.9554	0.9187
423	0.05612	0.05857	1.624	1.834	1.639	1.934
424	0.03	0.02792	0.7648	0.7076	0.8103	0.8232
425	0.02996	0.04005	0.7966	1.549	0.9835	1.417
426	0.03632	0.06706	0.9707	1.914	0.9607	2.821
427	0.04889	0.03704	1.413	1.063	1.418	1.178
428	0.0241	0.0373	0.6168	1.007	0.6845	1.069
429	0.04212	0.04608	1.396	1.456	1.605	1.497
430	0.02033	0.0466	0.6285	1.857	0.8864	1.727
431	0.0301	0.05183	0.8603	1.646	0.8832	2.514
432	0.02293	0.01956	0.6279	0.4991	0.6858	0.5629
433	0.03522	0.02567	0.9397	0.6359	1.025	0.7164
434	0.03712	0.04501	1.086	1.201	0.9914	1.358
435	0.0255	0.03493	0.6244	0.9691	0.6395	1.013
436	0.02096	0.03029	0.5983	0.8964	0.7751	1.101
437	0.03405	0.03734	0.904	1.063	0.9549	1.131
438	0.03066	0.03129	0.8721	0.78	0.7646	0.9586
439	0.04441	0.04483	1.243	1.436	1.198	1.992
440	0.02496	0.03892	0.6431	0.981	0.7384	1.287
441	0.0398	0.02452	1.143	0.6168	1.045	0.6428
442	0.03949	0.02634	1.108	0.6829	1.061	0.6979
443	0.02413	0.02858	0.6312	0.7523	0.6763	0.7952
444	0.02806	0.02189	0.701	0.545	0.7928	0.6587
445	0.01083	0.0139	0.2831	0.3708	0.3538	0.3943
446	0.04935	0.0207	1.52	0.4972	1.324	0.5369
447	0.03661	0.03277	0.9993	0.8792	0.9606	0.9205
448	0.03698	0.02469	1.035	0.6195	0.9666	0.6386
449	0.01972	0.02063	0.5144	0.5682	0.6043	0.9217
450	0.03517	0.04833	0.92	1.446	0.9256	1.449
451	0.03664	0.03382	1.008	0.9948	1.093	1.112
452	0.02091	0.01843	0.5381	0.5163	0.5664	0.6067
453	0.02275	0.02466	0.5499	0.6095	0.8652	0.9701
454	0.0368	0.03842	1.02	1.046	0.9851	1.229
455	0.01866	0.0226	0.4223	0.5571	0.5782	0.694
456	0.02553	0.02904	0.6743	0.7351	0.7114	0.8867
457	0.02586	0.04539	0.6844	1.266	0.7104	1.336
458	0.02242	0.01916	0.5612	0.523	0.6097	0.5767
459	0.03174	0.04642	0.9015	1.369	0.9385	1.227
460	0.02227	0.02396	0.5241	0.6197	0.6578	0.7218
461	0.01452	0.01382	0.3759	0.3334	0.4335	0.6257
462	0.03073	0.04612	0.9139	1.316	0.7991	1.401
463	0.01999	0.03872	0.519	1.105	0.54	1.24
464	0.03141	0.0254	0.8134	0.6958	0.9194	0.783
465	0.03531	0.04012	1.03	1.064	1.129	1.415
466	0.05035	0.03893	1.48	1.099	1.529	1.077
467	0.03302	0.04355	0.8768	1.341	0.9153	1.533
468	0.026	0.03549	0.6757	1.052	0.7003	0.8838
469	0.04363	0.03988	1.296	1.099	1.18	1.319
470	0.02381	0.0422	0.6133	1.194	0.6359	1.331
471	0.03905	0.0392	1.119	1.104	0.977	0.9912
472	0.03847	0.03124	1.07	0.8652	1.044	0.826
473	0.02224	0.0246	0.5228	0.6056	0.7726	0.8865
474	0.02058	0.01265	0.5626	0.3129	0.6874	0.4063
475	0.0206	0.02679	0.536	0.6975	0.506	0.73
476	0.03593	0.03971	0.9115	1.096	1.014	1.151
477	0.04283	0.04113	1.323	1.21	1.431	1.393
478	0.02095	0.02867	0.5441	0.7443	0.534	0.8178
479	0.03541	0.04367	0.9553	1.266	0.8866	1.294
480	0.03593	0.03591	1.029	0.9985	0.8686	1.028
481	0.01889	0.0221	0.5017	0.5777	0.5032	0.6539
482	0.0406	0.03968	1.131	1.2	1.153	1.6
483	0.03137	0.04014	0.8761	1.134	0.7856	1.133
484	0.03313	0.02872	0.8245	0.9104	1.016	0.9384
485	0.02315	0.02209	0.5568	0.5601	0.8645	0.8006
486	0.04061	0.04016	1.14	1.214	1.015	1.174
487	0.03031	0.04129	0.8004	1.063	0.9626	1.365
488	0.02171	0.01609	0.605	0.3781	0.7649	0.4278
489	0.02118	0.0191	0.51	0.4552	0.6567	0.5868
490	0.04715	0.03998	1.413	1.246	1.322	1.424
491	0.02566	0.02269	0.6448	0.5673	0.6889	0.7079
492	0.04003	0.02744	1.131	0.7139	1.043	0.8237
493	0.01439	0.01165	0.3526	0.2851	0.4151	0.411
494	0.03399	0.05056	0.9931	1.531	0.9878	1.61
495	0.02301	0.02023	0.5838	0.5533	0.623	0.6114
496	0.03087	0.03206	0.8859	0.9148	0.9319	1.113
497	0.02692	0.03114	0.7203	0.8164	0.705	0.9641
498	0.02014	0.01701	0.505	0.4589	0.6971	0.5283
499	0.0258	0.03163	0.6574	0.7924	0.6556	0.9255
500	0.02946	0.03779	0.7788	1.017	0.8226	0.97
501	0.03208	0.03285	0.8662	0.9834	0.8875	1.141
502	0.02721	0.01991	0.7057	0.5296	0.7911	0.6538
503	0.03324	0.02423	0.8277	0.6099	0.9211	0.6057
504	0.04119	0.05262	1.211	1.652	1.285	1.771
505	0.01449	0.01852	0.3609	0.5302	0.4947	0.6779
506	0.04045	0.03621	1.151	0.9484	1.217	1.095
507	0.03481	0.02924	0.928	0.7331	0.8772	0.8411
508	0.02247	0.02511	0.572	0.6714	0.7287	0.8523
509	0.01932	0.01878	0.4581	0.4527	0.7579	0.6462
510	0.03021	0.03835	0.7709	1.061	0.7644	1.08
511	0.02318	0.02137	0.5645	0.5161	0.5744	0.642
512	0.02305	0.02737	0.6263	0.7378	0.6308	0.7184
513	0.03462	0.02762	0.9013	0.8198	1.038	0.9533
514	0.01764	0.0148	0.425	0.3989	0.6873	0.4576
515	0.01479	0.0347	0.3681	0.9015	0.4058	1.019
516	0.05106	0.04151	1.477	1.11	1.36	1.234
517	0.03132	0.03007	0.8416	0.7729	0.8309	0.8002
518	0.02345	0.0385	0.6109	1.09	0.6693	1.201
519	0.03566	0.04059	1.003	1.03	1.204	1.65
520	0.042	0.04695	1.174	1.473	1.304	1.68
521	0.02408	0.02393	0.6198	0.6088	0.58	0.7583
522	0.0325	0.0226	0.8752	0.5583	0.8559	0.6036
523	0.02047	0.02553	0.5767	0.6363	0.632	0.7949
524	0.01877	0.01805	0.4511	0.4774	0.5703	0.5161
525	0.01792	0.01717	0.413	0.4119	0.5478	0.5086
526	0.03629	0.03001	1.036	0.774	0.9957	0.7751
527	0.03216	0.03701	0.9096	1.018	1.045	1.24
528	0.03553	0.04095	0.8875	1.128	1.015	1.197
529	0.02609	0.03127	0.6924	0.8909	0.7207	1.083
530	0.0273	0.05158	0.7198	1.553	0.7224	1.602
531	0.0312	0.04378	0.8565	1.296	0.9254	1.289
532	0.03156	0.03539	0.8185	0.9676	0.7908	1.082
533	0.03368	0.03587	0.9278	1.118	1.193	1.305
534	0.02695	0.03702	0.7355	1.17	0.7308	1.343
535	0.05097	0.04144	1.658	1.189	1.779	1.24
536	0.01468	0.02454	0.3927	0.6277	0.4382	0.7491
537	0.02815	0.03403	0.7265	0.9493	0.769	0.8822
538	0.04613	0.03349	1.316	0.8718	1.298	0.869
539	0.03437	0.03039	0.9288	0.7537	0.9972	0.8482
540	0.01787	0.02024	0.4251	0.5398	0.548	0.7338
541	0.03219	0.04527	0.8644	1.248	0.8977	1.806
542	0.01976	0.007149	0.484	0.1614	0.5606	0.2318
543	0.05206	0.04016	1.536	1.266	1.516	1.435
544	0.02042	0.03763	0.5661	1.05	0.6263	0.9819
545	0.02875	0.04419	0.7319	1.288	0.6875	1.244
546	0.03082	0.04619	0.8147	1.312	0.8099	1.389
547	0.03251	0.03652	0.8809	1.011	0.8465	1.09
548	0.01266	0.02021	0.2962	0.5005	0.3465	0.5906
549	0.02529	0.009298	0.6807	0.2497	0.6765	0.2714
550	0.0392	0.0267	1.113	0.7146	1.168	0.8769
551	0.04137	0.03735	1.164	1.006	1.185	1.179
552	0.02581	0.02803	0.6659	0.7436	0.7578	0.8451
553	0.01945	0.02187	0.4918	0.5841	0.5271	0.9007
554	0.03595	0.0382	0.9782	1.032	1.083	1.092
555	0.04017	0.02394	1.151	0.715	1.184	0.6472
556	0.02211	0.02508	0.5549	0.6579	0.6728	0.693
557	0.02735	0.0218	0.6592	0.5177	0.8896	0.7357
558	0.03748	0.0424	1.064	1.154	1.095	1.195
559	0.01827	0.01902	0.4312	0.4276	0.5607	0.604
560	0.03883	0.03109	1.068	0.8454	1.116	0.8648
561	0.03484	0.04385	0.9087	1.277	0.9878	1.288
562	0.02025	0.02656	0.4953	0.6715	0.5752	0.7762
563	0.02736	0.03942	0.6903	1.052	0.6964	1.17
564	0.01933	0.01576	0.5331	0.3832	0.5332	0.5654
565	0.01684	0.0167	0.4014	0.408	0.4742	0.5871
566	0.03435	0.04405	0.9327	1.288	0.8759	1.272
567	0.02434	0.0327	0.6083	0.8422	0.5871	1.038
568	0.01748	0.0177	0.4354	0.4468	0.5287	0.6006
569	0.02364	0.03451	0.632	0.9784	0.6928	1.173
570	0.03544	0.02977	0.9285	0.7575	0.9371	0.801
571	0.03841	0.04099	1.063	1.118	0.9854	1.225
572	0.02514	0.03221	0.6304	0.8992	0.7461	0.8573
573	0.03776	0.04329	1.039	1.176	1.053	1.43
574	0.03143	0.03143	0.8267	0.8065	0.848	0.892
575	0.03165	0.03468	0.8959	0.9573	0.8424	0.8841
576	0.0353	0.03842	1.003	1.072	0.9806	1.077
577	0.01724	0.01271	0.3967	0.2848	0.5476	0.4141
578	0.01855	0.00946	0.4715	0.2281	0.6398	0.293
579	0.03948	0.02293	1.119	0.6524	1.098	0.6314
580	0.03428	0.01954	0.9263	0.492	0.8905	0.5601
581	0.02974	0.03634	0.8444	0.9884	0.8774	1.005
582	0.02829	0.03365	0.7352	0.9086	0.7117	0.9237
583	0.03301	0.03766	0.898	1.016	0.8968	1.144
584	0.03439	0.03937	0.9343	1.091	0.9597	1.079
585	0.02038	0.01711	0.5637	0.4508	0.5538	0.4204
586	0.03024	0.03913	0.8251	1.199	0.8405	1.111
587	0.03994	0.0295	1.157	0.7524	1.005	0.7711
588	0.03822	0.02518	1.031	0.6365	1.144	0.7377
589	0.02513	0.0219	0.6915	0.5552	0.8451	0.7668
590	0.02484	0.03169	0.6206	0.8788	0.7386	1.07
591	0.02891	0.04898	0.7471	1.44	0.7675	1.472
592	0.01954	0.01712	0.4844	0.4111	0.655	0.4873
593	0.004948	0.02308	0.1274	0.5576	0.1604	0.7491
594	0.04719	0.06013	1.509	2.134	1.437	2.127
595	0.02091	0.01905	0.5176	0.4817	0.5246	0.5396
596	0.04469	0.03445	1.263	0.902	1.172	0.8989
597	0.01747	0.01167	0.4469	0.2841	0.4981	0.3521
598	0.03714	0.05509	1.105	1.723	1.091	1.607
599	0.0255	0.01672	0.6497	0.4304	0.833	0.6039
600	0.02755	0.02958	0.7198	0.7847	0.8131	0.9594
601	0.03938	0.02259	1.074	0.5807	1.095	0.6021
602	0.02757	0.01412	0.711	0.4911	0.7985	0.4303
603	0.0313	0.02699	0.7937	0.7133	0.9514	0.7752
604	0.02587	0.02515	0.6343	0.6198	0.6082	0.6495
605	0.03758	0.05246	1.069	1.95	1.206	1.896
606	0.02895	0.02017	0.8277	0.5953	0.8253	0.7017
607	0.03019	0.02776	0.7623	0.738	0.8107	0.8154
608	0.01606	0.04037	0.491	1.333	0.4166	1.151
609	0.01913	0.02655	0.4795	0.7155	0.5907	0.8447
610	0.04707	0.04734	1.375	1.414	1.274	1.525
611	0.03286	0.03983	0.9029	1.119	0.8357	1.152
612	0.03185	0.0304	1.021	0.8376	0.9114	0.978
613	0.01721	0.01508	0.4065	0.3368	0.6952	0.5632
614	0.03149	0.02462	0.8364	0.6313	0.785	0.6985
615	0.01995	0.01416	0.5161	0.3617	0.5269	0.3892
616	0.02159	0.01786	0.5472	0.4595	0.638	0.5058
617	0.01368	0.01798	0.3526	0.5247	0.4938	0.5515
618	0.02456	0.02646	0.676	0.7024	0.5973	0.8624
619	0.01943	0.01309	0.5482	0.3269	0.5331	0.3684
620	0.02448	0.03396	0.6326	0.9164	0.622	0.948
621	0.03778	0.03465	1.117	0.9062	1.272	0.9472
622	0.03511	0.03405	0.9541	0.9856	0.9392	0.9238
623	0.03911	0.05071	1.054	1.498	1.219	1.533
624	0.01621	0.04003	0.4046	1.066	0.4782	1.384
625	0.02534	0.02195	0.6472	0.5529	0.7224	0.6486
626	0.02052	0.03351	0.5251	0.8672	0.567	1.0
627	0.02401	0.0109	0.6026	0.2638	0.6557	0.3534
628	0.01508	0.01928	0.3692	0.4751	0.4399	0.5574
629	0.02018	0.01859	0.4909	0.4492	0.602	0.5574
630	0.02542	0.04161	0.6581	1.274	0.6454	1.192
631	0.04882	0.03504	1.487	0.9288	1.623	1.018
632	0.0481	0.04182	1.379	1.166	1.243	1.326
633	0.01941	0.01772	0.5047	0.5206	0.5583	0.5585
634	0.03185	0.04016	0.8093	1.091	0.9363	1.073
635	0.03017	0.04069	0.786	1.141	0.8206	1.188
636	0.03827	0.03712	1.044	1.007	1.002	1.079
637	0.04518	0.04431	1.382	1.278	1.445	1.691
638	0.02973	0.04044	0.7987	1.471	0.8227	1.649
639	0.02869	0.04493	0.7399	1.359	0.7594	1.558
640	0.02871	0.0173	0.7662	0.4383	0.8541	0.5215
641	0.03032	0.03791	0.7774	1.032	0.7911	1.093
642	0.03652	0.04762	1.055	1.4	0.9074	1.398
643	0.03577	0.03559	0.9709	0.9782	0.9978	1.131
644	0.01617	0.01839	0.4089	0.4261	0.5057	0.5985
645	0.02741	0.03947	0.7618	1.216	0.7479	1.188
646	0.03473	0.02239	0.9871	0.5722	0.9151	0.661
647	0.02926	0.04442	0.764	1.291	0.7455	1.54
648	0.03526	0.02711	0.9642	0.6928	0.9623	0.8628
649	0.04163	0.03133	1.128	0.7947	1.174	0.8862
650	0.03551	0.033	0.9247	0.8508	1.04	0.9217
651	0.03278	0.03689	0.9096	0.988	0.9349	1.095
652	0.01615	0.0182	0.379	0.4236	0.5215	0.5408
653	0.02485	0.01096	0.641	0.2843	0.6343	0.3703
654	0.03417	0.02342	0.8726	0.5772	0.9439	0.6183
655	0.04015	0.03466	1.133	0.9549	1.133	1.047
656	0.02377	0.0241	0.6088	0.6033	0.7115	1.009
657	0.02868	0.03468	0.738	0.9307	0.8579	1.347
658	0.03933	0.03414	1.107	0.9177	1.007	1.125
659	0.03114	0.0223	0.8518	0.5568	0.9407	0.6042
660	0.03228	0.01728	0.9095	0.4555	0.8004	0.5402
661	0.02808	0.01708	0.7034	0.3884	0.8727	0.661
662	0.02603	0.04317	0.6553	1.133	0.7542	1.401
663	0.01679	0.01844	0.3908	0.4671	0.4561	0.6621
664	0.009636	0.04028	0.2711	1.164	0.3633	1.083
665	0.02647	0.03539	0.6829	0.9322	0.6554	1.02
666	0.02105	0.02006	0.5339	0.5194	0.6161	0.6078
667	0.03977	0.04034	1.113	1.203	1.18	1.149
668	0.02563	0.01844	0.7254	0.4936	0.7383	0.655
669	0.02475	0.008167	0.5903	0.1875	0.7507	0.2628
670	0.02817	0.03481	0.7267	0.942	0.7961	1.243
671	0.02572	0.03388	0.6452	0.9199	0.6573	1.253
672	0.01963	0.01043	0.4626	0.2742	0.5859	0.3249
673	0.02637	0.03106	0.6771	0.9092	0.6827	1.036
674	0.06046	0.03823	1.995	1.099	2.289	1.13
675	0.0283	0.03807	0.7875	1.131	0.7891	1.216
676	0.04016	0.02903	1.076	0.7571	1.192	0.9085
677	0.04618	0.04283	1.333	1.416	1.319	1.418
678	0.02551	0.04374	0.6287	1.285	0.6696	1.269
679	0.02325	0.03495	0.6078	0.952	0.6469	1.038
680	0.03244	0.03023	0.8767	0.8237	0.9011	0.7915
681	0.01874	0.02431	0.4742	0.5814	0.6087	0.8
682	0.02016	0.008814	0.5652	0.2021	0.9602	0.2569
683	0.03216	0.02889	0.8413	0.7969	0.8999	0.8836
684	0.02447	0.02863	0.6436	0.7651	0.6627	0.9425
685	0.03036	0.03459	0.816	0.9998	0.8126	1.207
686	0.03004	0.02875	0.8064	0.7384	0.8802	0.8832
687	0.03369	0.03248	0.9154	0.823	0.8886	0.8753
688	0.03403	0.02585	0.9406	0.7418	0.8383	0.6783
689	0.02448	0.01656	0.6499	0.4558	0.6874	0.439
690	0.02856	0.03214	0.7513	0.9245	0.7527	1.306
691	0.02409	0.03761	0.6226	1.048	0.7242	0.999
692	0.02847	0.03349	0.8306	0.9834	0.897	1.092
693	0.01857	0.02168	0.4308	0.504	0.647	0.7455
694	0.03056	0.02428	0.7975	0.6306	0.8468	0.6675
695	0.02718	0.03919	0.6838	1.082	0.7079	1.033
696	0.01816	0.0131	0.4156	0.3163	0.5745	0.4488
697	0.02131	0.02089	0.5121	0.4785	0.65	0.7159
698	0.04157	0.05205	1.261	2.254	1.262	2.032
699	0.02943	0.0189	0.7688	0.4615	0.7847	0.5203
700	0.02908	0.02322	0.8127	0.5541	0.8222	0.5715
701	0.02335	0.0189	0.573	0.5093	0.6709	0.5787
702	0.03656	0.03729	1.053	1.007	1.094	1.053
703	0.02605	0.0133	0.7371	0.3337	0.6965	0.4847
704	0.02351	0.03109	0.6212	0.8482	0.6196	1.138
705	0.03584	0.03695	0.9558	0.9203	1.003	1.15
706	0.02257	0.01735	0.5852	0.4637	0.5719	0.5263
707	0.02214	0.02815	0.5546	0.7214	0.6844	0.77
708	0.03731	0.02784	0.9689	0.6987	1.08	0.7747
709	0.03632	0.04939	1.011	1.598	1.017	1.61
710	0.02696	0.02362	0.7329	0.618	0.796	0.7777
711	0.02925	0.03769	0.7801	0.9885	0.7637	1.103
712	0.02836	0.05108	0.9152	1.674	0.7999	1.692
713	0.009196	0.01393	0.2092	0.3449	0.3525	0.4087
714	0.03726	0.0309	1.045	0.8335	1.128	0.9124
715	0.0432	0.02703	1.194	0.7004	1.275	0.7698
716	0.04872	0.02768	1.417	0.7028	1.545	1.005
717	0.01949	0.01966	0.4587	0.4674	0.7348	0.8911
718	0.03223	0.03431	0.8308	0.9058	0.8581	0.9452
719	0.0164	0.02462	0.4009	0.6241	0.4489	0.715
720	0.01435	0.01399	0.3766	0.3584	0.3751	0.3919
721	0.03169	0.02357	0.9007	0.6473	1.026	0.7503
722	0.0105	0.02045	0.2637	0.5089	0.2956	0.5326
723	0.02929	0.019	0.7424	0.4951	0.7555	0.5027
724	0.02397	0.04384	0.619	1.208	0.6699	1.25
725	0.03779	0.03013	1.008	0.7725	1.054	0.7888
726	0.01665	0.03881	0.4187	1.082	0.4677	1.03
727	0.02706	0.03377	0.6645	0.8811	0.6739	1.134
728	0.03945	0.04359	1.141	1.28	1.137	1.491
729	0.02252	0.01535	0.6685	0.4034	0.5766	0.4962
730	0.02564	0.02808	0.6441	0.7111	0.6424	0.7244
731	0.009171	0.02093	0.2286	0.5333	0.2601	0.6629
732	0.01511	0.01693	0.3973	0.454	0.4168	0.514
733	0.01686	0.01907	0.3895	0.4672	0.4547	0.7029
734	0.02888	0.03561	0.7488	0.9693	0.72	1.108
735	0.04073	0.04912	1.23	1.414	1.267	1.555
736	0.0295	0.0365	0.788	1.011	0.8494	1.477
737	0.02685	0.0323	0.6849	0.903	0.8362	0.995
738	0.04743	0.04366	1.39	1.331	1.394	1.187
739	0.0368	0.03152	0.9823	0.8692	1.039	1.021
740	0.02155	0.0293	0.5384	0.7324	0.5225	0.8274
741	0.04197	0.04276	1.2	1.164	1.649	1.321
742	0.04106	0.03895	1.407	1.397	1.255	1.455
743	0.04548	0.03512	1.447	1.01	1.364	1.305
744	0.02562	0.01482	0.6764	0.3999	0.7244	0.4249
745	0.03227	0.03301	0.836	0.8875	0.8736	0.9134
746	0.02292	0.03209	0.5781	0.7973	0.6512	0.9854
747	0.04505	0.04313	1.255	1.208	1.224	1.222
748	0.02037	0.0159	0.5538	0.3781	0.7741	0.4853
749	0.04849	0.0408	1.448	1.199	1.525	1.761
750	0.0187	0.02166	0.5132	0.607	0.4714	0.7047
751	0.03714	0.03092	0.9713	0.7944	1.032	0.7759
752	0.02394	0.03171	0.6039	0.9397	0.7873	0.9762
753	0.01643	0.03723	0.4272	1.024	0.4139	1.062
754	0.03483	0.03498	0.9114	0.8992	0.9262	1.006
755	0.02875	0.03737	0.7465	0.9944	0.7953	1.068
756	0.02466	0.02425	0.6791	0.5994	0.6785	0.743
757	0.02914	0.01078	0.7838	0.2842	0.7805	0.3034
758	0.02059	0.02607	0.6129	0.6803	0.6331	0.8619
759	0.03345	0.0203	0.9047	0.525	0.9045	0.5765
760	0.03734	0.03519	1.03	0.964	0.9559	1.074
761	0.02277	0.02273	0.6304	0.6625	0.6567	0.7612
762	0.03851	0.02904	1.06	0.7472	1.014	0.8767
763	0.03114	0.03048	0.8959	0.833	0.8615	0.8465
764	0.01867	0.01524	0.5098	0.3647	0.5657	0.4322
765	0.02548	0.01914	0.6315	0.4547	0.7391	0.6767
766	0.02635	0.03549	0.6966	0.9093	0.858	1.285
767	0.01685	0.01722	0.4215	0.4191	0.4773	0.5249
768	0.03278	0.02515	0.8673	0.6268	0.8672	0.6665
769	0.03179	0.041	0.851	1.111	0.8322	1.158
770	0.01638	0.02034	0.4093	0.5063	0.5002	0.6181
771	0.02639	0.03512	0.6938	0.932	0.7067	0.934
772	0.01787	0.02178	0.4593	0.5745	0.4703	0.7239
773	0.0257	0.01377	0.6854	0.3359	0.7386	0.4253
774	0.03391	0.03984	0.9202	1.116	0.9094	1.149
775	0.03227	0.03613	0.8565	0.9849	0.9374	1.089
776	0.0283	0.02689	0.7892	0.6795	0.8098	0.8285
777	0.03555	0.02623	0.9519	0.6447	1.04	0.8135
778	0.0259	0.03687	0.6614	0.9899	0.6563	0.9999
779	0.03766	0.04374	1.047	1.21	1.074	1.325
780	0.02046	0.02241	0.5241	0.5696	0.6709	0.6584
781	0.0313	0.03645	0.8443	1.013	0.9625	1.162
782	0.03229	0.03858	0.8506	1.083	0.838	1.194
783	0.03563	0.02428	0.9835	0.6309	0.904	0.6731
784	0.04038	0.03572	1.122	1.001	1.245	0.9812
785	0.01782	0.02061	0.4234	0.4801	0.5402	0.6531
786	0.01253	0.01045	0.3536	0.2475	0.4271	0.3142
787	0.03419	0.02704	0.9681	0.7739	1.058	0.8025
788	0.02622	0.03734	0.6483	1.04	0.68	1.038
789	0.02941	0.03455	0.764	0.9469	0.7556	1.102
790	0.02512	0.03835	0.6459	1.064	0.6198	1.066
791	0.03916	0.04528	1.088	1.248	1.167	1.273
792	0.0414	0.02748	1.136	0.725	1.151	0.8051
793	0.01476	0.01075	0.3723	0.262	0.3944	0.2795
794	0.04274	0.03232	1.234	0.87	1.323	0.9346
795	0.03144	0.02497	0.8725	0.7084	1.019	0.6783
796	0.01833	0.02403	0.4408	0.6238	0.4935	0.7682
797	0.01513	0.02318	0.3495	0.6071	0.4239	0.7106
798	0.02435	0.03032	0.6375	0.7592	0.7267	0.7978
799	0.0281	0.03344	0.7194	0.8357	0.7004	0.946
800	0.01235	0.01507	0.28	0.3598	0.3686	0.4969
801	0.01645	0.02246	0.3727	0.5264	0.5159	0.7408
802	0.04159	0.03982	1.202	1.062	1.181	1.283
803	0.02503	0.01858	0.6355	0.4532	0.6192	0.5436
804	0.03965	0.02222	1.125	0.5454	1.273	0.6005
805	0.01485	0.01641	0.3622	0.4184	0.4178	0.5559
806	0.03657	0.04263	0.9908	1.237	1.029	1.343
807	0.01455	0.0161	0.3962	0.435	0.4164	0.4874
808	0.03469	0.03316	0.9837	0.9231	0.9964	0.9541
809	0.03279	0.0358	0.8248	0.9055	1.003	1.162
810	0.01806	0.01526	0.4468	0.3747	0.5341	0.522
811	0.02142	0.03484	0.6025	0.9269	0.6496	1.228
812	0.03686	0.0214	1.04	0.5319	1.066	0.6225
813	0.04048	0.03553	1.087	0.9934	1.291	1.178
814	0.02498	0.02111	0.6958	0.5903	0.73	0.5852
815	0.02067	0.03341	0.5327	0.9232	0.5431	0.8571
816	0.01562	0.04724	0.3938	1.341	0.4507	1.46
817	0.02166	0.02776	0.5557	0.7186	0.6307	0.7947
818	0.03591	0.03183	0.9872	0.8774	0.9875	0.9002
819	0.03121	0.03202	0.8193	0.8136	0.766	0.9054
820	0.02105	0.02448	0.5531	0.7263	0.6514	0.7907
821	0.01587	0.01566	0.3625	0.3559	0.6494	0.5355
822	0.03313	0.03364	0.8715	0.8961	0.9312	0.9203
823	0.01644	0.02196	0.4059	0.5871	0.4442	0.6173
824	0.0222	0.02507	0.5688	0.6143	0.5936	0.8053
825	0.02746	0.0212	0.7219	0.5949	0.9194	0.7313
826	0.02329	0.0179	0.58	0.4256	0.6604	0.5392
827	0.03824	0.0199	1.029	0.5523	1.031	0.5393
828	0.02871	0.02884	0.7242	0.7267	0.7703	0.7598
829	0.02753	0.02947	0.7096	0.7403	0.7009	0.781
830	0.02557	0.03325	0.6766	0.9595	0.6983	1.195
831	0.0368	0.02955	0.9636	0.8023	1.038	0.9136
832	0.03072	0.03889	0.8763	1.094	0.952	1.282
833	0.03143	0.02386	0.9641	0.6495	0.9438	0.7123
834	0.03225	0.02776	0.8516	0.7071	0.8082	0.7398
835	0.01579	0.02864	0.3888	0.8323	0.4118	0.9256
836	0.01894	0.02213	0.458	0.5642	0.5769	0.6264
837	0.01912	0.02489	0.4679	0.6414	0.6366	0.7771
838	0.02381	0.04045	0.5951	1.131	0.6783	1.156
839	0.03481	0.05519	0.9651	1.788	0.9926	1.921
840	0.03847	0.02559	1.045	0.658	1.04	0.7101
841	0.00665	0.0332	0.158	0.9645	0.2063	1.053
842	0.03781	0.05453	1.021	1.706	1.116	2.04
843	0.04518	0.04678	1.306	1.355	1.444	1.394
844	0.03034	0.02681	0.8073	0.6952	0.7869	0.744
845	0.02471	0.04172	0.6843	1.366	0.6181	1.584
846	0.03775	0.0345	1.088	1.308	1.199	1.05
847	0.03002	0.04906	0.8094	1.579	0.795	1.782
848	0.01597	0.007333	0.3934	0.1863	0.633	0.1818
849	0.02386	0.03222	0.6025	0.8745	0.6595	0.8953
850	0.02701	0.04067	0.6762	1.174	0.769	1.193
851	0.02719	0.0243	0.7099	0.6153	0.7646	0.5867
852	0.01753	0.0216	0.4302	0.5852	0.5917	0.8634
853	0.0222	0.04105	0.5853	1.147	0.5761	1.821
854	0.03851	0.02123	1.053	0.5559	1.299	0.6185
855	0.02922	0.04133	0.8	1.177	0.8791	1.788
856	0.02353	0.02538	0.6356	0.6334	0.711	0.8606
857	0.03786	0.03092	1.063	0.7994	1.169	0.9686
858	0.03049	0.02648	0.7878	0.7164	0.7751	0.8724
859	0.02927	0.031	0.767	0.7933	0.7461	0.7819
860	0.02881	0.02069	0.7178	0.4906	0.944	0.6555
861	0.01803	0.01167	0.4399	0.3331	0.5084	0.3805
862	0.03045	0.02953	0.801	0.7772	0.8491	0.8818
863	0.02306	0.03951	0.5937	1.1	0.599	1.241
864	0.032	0.02577	0.8658	0.6731	0.849	0.6292
865	0.02525	0.02135	0.6595	0.5606	0.8363	0.7348
866	0.03678	0.03148	1.03	0.8329	0.9912	0.878
867	0.03159	0.02476	0.8906	0.7089	0.867	0.7481
868	0.02645	0.02178	0.7279	0.5465	0.7594	0.6595
869	0.02126	0.01728	0.5449	0.3957	0.6558	0.6204
870	0.02059	0.03344	0.4937	0.8807	0.5817	1.137
871	0.01993	0.01486	0.4751	0.3551	0.6214	0.4404
872	0.03966	0.02474	1.126	0.6296	1.053	0.7258
873	0.03877	0.0397	1.094	1.08	1.029	1.103
874	0.01454	0.01791	0.3549	0.4819	0.4121	0.5659
875	0.01918	0.01917	0.482	0.4543	0.4681	0.489
876	0.02312	0.02234	0.6593	0.59	0.6745	0.7007
877	0.01451	0.01573	0.4045	0.4093	0.4115	0.5127
878	0.02806	0.03534	0.6879	0.9875	0.7955	1.175
879	0.02267	0.03323	0.6036	0.8742	0.6192	0.9495
880	0.01287	0.01188	0.2965	0.3183	0.5476	0.3615
881	0.02367	0.02332	0.645	0.5851	0.7396	0.6831
882	0.03928	0.02665	1.065	0.6668	1.093	0.7031
883	0.03747	0.03543	1.002	0.9267	0.9773	0.9446
884	0.02375	0.02777	0.5989	0.7533	0.6441	0.7518
885	0.03426	0.03175	0.9979	0.8402	0.9535	0.8963
886	0.02775	0.03692	0.7006	1.01	0.8081	1.099
887	0.02745	0.02287	0.684	0.5664	0.7741	0.53
888	0.03228	0.0325	0.8655	0.9124	0.9243	0.8709
889	0.01948	0.02279	0.4533	0.5508	0.612	0.7519
890	0.03147	0.01298	0.8532	0.3433	0.9035	0.4461
891	0.02057	0.02981	0.5243	0.7776	0.5646	0.8397
892	0.02472	0.02927	0.6094	0.7632	0.6206	0.7671
893	0.03362	0.04304	1.047	1.308	1.051	1.254
894	0.03652	0.03784	1.023	1.112	1.077	1.011
895	0.03933	0.02428	1.132	0.6331	1.134	0.6717
896	0.033	0.02766	0.9267	0.7551	0.8908	0.8231
897	0.02371	0.02252	0.593	0.6311	0.6423	0.6277
898	0.03592	0.03145	1.009	0.8378	0.9751	1.19
899	0.03698	0.0346	1.007	0.9613	1.05	1.048
900	0.02479	0.02618	0.6356	0.6763	0.6251	0.6769
901	0.02344	0.01468	0.6023	0.3918	0.678	0.4164
902	0.02135	0.0396	0.5364	1.081	0.679	1.035
903	0.02962	0.02232	0.8582	0.5261	0.8582	0.6398
904	0.01784	0.01807	0.4215	0.4641	0.6044	0.5951
905	0.02091	0.01759	0.4931	0.4117	0.7012	0.5116
906	0.03405	0.04177	1.013	1.202	0.979	1.453
907	0.02013	0.02411	0.507	0.6686	0.5946	0.7773
908	0.0182	0.03034	0.4561	0.7594	0.4476	0.7603
909	0.01804	0.0258	0.438	0.6196	0.5207	0.9193
910	0.02857	0.0342	0.7425	0.9085	0.8087	1.068
911	0.02605	0.01411	0.6705	0.3397	0.7552	0.4189
912	0.03907	0.03818	1.18	1.089	1.612	1.24
913	0.01716	0.0297	0.4371	0.7249	0.4595	0.9865
914	0.02196	0.02083	0.5498	0.6154	0.6789	0.6902
915	0.01862	0.02747	0.47	0.6984	0.5349	0.7468
916	0.03055	0.02729	0.7781	0.6921	0.7692	0.6835
917	0.02976	0.03915	0.7603	1.096	0.8216	1.459
918	0.02196	0.02051	0.5742	0.5453	0.5784	0.605
919	0.03606	0.03469	0.9705	0.9	0.9413	1.007
920	0.01576	0.03723	0.4025	1.126	0.4322	1.38
921	0.0329	0.01822	0.9285	0.5429	0.8712	0.561
922	0.0312	0.04209	0.8676	1.162	0.8245	1.178
923	0.03295	0.03212	0.8764	0.8767	0.9003	0.9237
924	0.03715	0.02786	1.017	0.7976	1.221	0.7929
925	0.01259	0.01382	0.2886	0.3091	0.3794	0.4828
926	0.02738	0.03536	0.713	0.9139	0.6728	0.8953
927	0.01899	0.02547	0.4529	0.6514	0.508	0.7776
928	0.01908	0.02387	0.515	0.6251	0.507	0.6966
929	0.04849	0.02225	1.467	0.5851	1.436	0.7088
930	0.02509	0.01969	0.6485	0.4918	0.6495	0.612
931	0.02091	0.01907	0.55	0.5224	0.5324	0.5609
932	0.02803	0.04261	0.6825	1.111	0.7858	1.348
933	0.03387	0.02766	0.8858	0.7266	0.8554	0.7668
934	0.02044	0.02923	0.542	0.7564	0.5734	0.9232
935	0.03401	0.02345	1.005	0.588	1.216	0.6994
936	0.03343	0.02732	0.9341	0.8096	1.026	0.9427
937	0.03151	0.0191	0.8753	0.4805	0.9491	0.5142
938	0.01924	0.03776	0.4981	0.999	0.4543	1.093
939	0.02884	0.01523	0.7471	0.3958	0.7466	0.3986
940	0.0193	0.01826	0.4755	0.4591	0.4837	0.5774
941	0.01371	0.02354	0.3478	0.6028	0.6101	0.8717
942	0.01925	0.03026	0.4693	0.8136	0.4983	0.7473
943	0.03536	0.03721	1.034	1.068	1.019	1.179
944	0.02041	0.04373	0.5351	1.199	0.5377	1.306
945	0.02557	0.03546	0.7273	1.169	0.7923	1.245
946	0.03316	0.06308	0.953	2.078	0.8725	2.164
947	0.0302	0.04717	0.8227	1.358	0.826	1.261
948	0.03596	0.05016	0.9531	1.434	0.9378	1.522
949	0.04077	0.03229	1.23	0.8752	1.298	1.262
950	0.04074	0.02557	1.157	0.8399	1.246	0.9077
951	0.03997	0.04753	1.127	1.465	1.095	1.557
952	0.02696	0.01517	0.7113	0.3649	0.8542	0.462
953	0.03458	0.03692	0.8953	0.9772	0.9166	1.088
954	0.02167	0.02496	0.5548	0.6903	0.5407	0.8409
955	0.02627	0.03418	0.6597	0.9414	0.674	0.8773
956	0.01722	0.02268	0.3913	0.5983	0.5507	0.8973
957	0.02527	0.05169	0.6425	1.679	0.6071	2.848
958	0.01574	0.01286	0.3833	0.3188	0.4203	0.2954
959	0.03086	0.04843	0.8175	1.55	0.8163	1.448
960	0.0198	0.02057	0.5085	0.4994	0.4909	0.7426
961	0.02364	0.03645	0.6138	0.9666	0.6109	1.104
962	0.03599	0.03129	1.004	0.8108	0.9769	0.8833
963	0.03742	0.03502	1.025	0.9257	1.011	0.9433
964	0.02069	0.01826	0.5391	0.453	0.6083	0.5305
965	0.01884	0.008912	0.448	0.267	0.5495	0.2238
966	0.0277	0.02614	0.7367	0.6885	0.9211	0.7387
967	0.03138	0.03133	0.8326	0.8446	0.8388	0.9568
968	0.0219	0.02691	0.5605	0.6782	0.5668	0.7397
969	0.02058	0.01814	0.5646	0.5008	0.5969	0.7729
970	0.03207	0.04292	0.9009	1.322	0.8402	1.508
971	0.03611	0.03305	1.036	0.8587	0.9961	0.917
972	0.02775	0.02384	0.7107	0.6455	0.7971	0.7829
973	0.02149	0.01639	0.5511	0.4326	0.5783	0.5749
974	0.03675	0.03058	1.069	0.7575	1.12	1.039
975	0.01571	0.02242	0.3625	0.5344	0.5024	0.8201
976	0.02909	0.02687	0.7363	0.6925	0.8603	0.7451
977	0.04155	0.0333	1.178	0.883	1.189	0.8868
978	0.01111	0.02882	0.2633	0.7851	0.3497	0.9069
979	0.03167	0.01906	0.8729	0.4686	0.8263	0.4771
980	0.02094	0.02092	0.5518	0.5014	0.6086	0.6118
981	0.02503	0.01367	0.6116	0.3612	0.8574	0.4302
982	0.03285	0.03734	0.9111	1.082	0.8661	1.198
983	0.03106	0.02991	0.8466	0.8045	0.8023	0.928
984	0.02393	0.0101	0.6114	0.2527	0.7588	0.3118
985	0.02623	0.02165	0.6522	0.5597	0.8635	0.5777
986	0.02755	0.04481	0.7184	1.292	0.7412	1.235
987	0.02721	0.0323	0.761	0.8498	0.745	0.8783
988	0.01669	0.03721	0.4468	1.064	0.5041	1.121
989	0.03862	0.03499	1.128	0.9622	1.112	1.012
990	0.02277	0.03967	0.5745	1.123	0.6168	1.346
991	0.02952	0.03417	0.7849	0.9319	0.786	1.032
992	0.02365	0.03573	0.6262	0.9842	0.6557	0.9769
993	0.01795	0.021	0.4189	0.4961	0.5288	0.7401
994	0.02332	0.01165	0.5816	0.2764	0.5548	0.4021
995	0.02375	0.01809	0.6389	0.4787	0.7071	0.5795
996	0.03432	0.02959	0.9232	0.7334	0.9834	0.8416
997	0.04338	0.03346	1.213	0.9403	1.212	1.006
998	0.03368	0.02258	0.9026	0.5874	0.8848	0.6178
999	0.02841	0.02578	0.7564	0.6696	0.7991	0.679
1000	0.03916	0.03907	1.07	1.111	1.079	0.9931
1001	0.01289	0.02414	0.3105	0.6504	0.3722	0.8338
1002	0.02487	0.02604	0.6627	0.6687	0.8134	0.699
1003	0.03499	0.03974	0.9451	1.14	0.9044	1.157
1004	0.02794	0.01436	0.7041	0.3773	0.7929	0.5349
1005	0.02255	0.02227	0.5692	0.5938	0.9395	0.7623
1006	0.02435	0.03103	0.6008	0.8332	0.702	0.9362
1007	0.02811	0.03852	0.7223	0.9807	0.7589	1.124
1008	0.02055	0.0156	0.5351	0.3658	0.6522	0.4741
1009	0.01854	0.01827	0.5043	0.4496	0.499	0.524
1010	0.04803	0.0407	1.417	1.466	1.45	1.605
1011	0.02001	0.0248	0.4743	0.7179	0.6223	0.7567
1012	0.02916	0.0301	0.7397	0.7798	0.7306	0.766
1013	0.01772	0.01146	0.4523	0.2977	0.4814	0.3247
1014	0.02628	0.02993	0.6944	0.8104	0.6905	0.7953
1015	0.0222	0.01537	0.5971	0.4014	0.5723	0.5162
1016	0.02087	0.02865	0.5217	0.7818	0.5199	0.9685
1017	0.02819	0.03887	0.7077	1.065	0.8248	1.043
1018	0.01695	0.02071	0.4285	0.5855	0.4514	0.61
1019	0.02875	0.02089	0.7718	0.5098	0.8339	0.5322
1020	0.03694	0.02931	0.9582	0.781	1.078	0.8156
1021	0.03021	0.04187	0.8184	1.397	0.7794	1.597
1022	0.02813	0.01741	0.7959	0.4925	0.8369	0.4996
1023	0.03024	0.03584	0.8212	0.9338	0.783	1.056
1024	0.04111	0.04049	1.114	1.281	1.329	1.348
1025	0.01945	0.01621	0.5202	0.4145	0.4923	0.52
1026	0.03434	0.04011	0.9244	1.161	0.935	1.359
1027	0.0315	0.02875	0.8694	0.771	0.7963	0.7902
1028	0.0115	0.02623	0.312	0.6945	0.3022	0.936
1029	0.01716	0.01053	0.3885	0.2357	0.6319	0.408
1030	0.03673	0.03157	1.017	0.8531	0.9851	0.8097
1031	0.02254	0.02768	0.5531	0.7425	0.6542	0.7383
1032	0.02592	0.01964	0.6533	0.5093	0.6131	0.523
1033	0.0277	0.0195	0.745	0.5553	0.9178	0.6397
1034	0.01355	0.01555	0.376	0.3983	0.3708	0.4434
1035	0.02664	0.02139	0.6811	0.6038	0.8478	0.6086
1036	0.01931	0.04211	0.5047	1.094	0.5272	1.33
1037	0.02777	0.03152	0.7387	0.8417	0.6854	0.8876
1038	0.01978	0.03842	0.498	1.07	0.543	1.049
1039	0.02888	0.0394	0.7902	1.112	0.7665	1.263
1040	0.01116	0.03032	0.3427	0.8573	0.4337	0.9558
