Step	Loss(S)	Loss(T)	fwd_S	fwd_T	rev_S	rev_T
1	0.0	2.926	5.053	3.242	4.086	2.926
2	0.0	4.826	3.782	5.315	3.417	4.826
3	0.0	4.946	3.364	5.477	2.833	4.946
4	0.0	3.147	4.388	3.107	4.469	3.147
5	0.0	2.71	5.894	2.248	5.784	2.71
6	0.0	3.194	3.892	3.524	3.688	3.194
7	0.0	3.985	3.898	3.259	6.106	3.985
8	0.0	2.78	3.401	3.298	3.083	2.78
9	0.0	3.074	4.221	3.554	3.86	3.074
10	0.0	2.331	3.577	2.387	4.088	2.331
11	0.0	2.037	2.489	2.826	1.865	2.037
12	0.0	1.767	2.408	2.019	2.607	1.767
13	0.0	2.21	3.45	3.051	2.573	2.21
14	0.0	2.695	2.354	4.046	0.9544	2.695
15	0.0	1.8	2.016	3.746	1.149	1.8
16	0.0	1.607	3.559	3.245	1.685	1.607
17	0.0	1.858	2.406	3.6	1.336	1.858
18	0.0	0.5531	5.436	0.8746	2.839	0.5531
19	0.0	2.043	2.97	2.537	1.904	2.043
20	0.0	1.313	2.831	2.684	1.775	1.313
21	0.0	0.4345	1.228	1.01	0.8268	0.4345
22	0.0	2.282	4.137	4.11	2.68	2.282
23	0.0	1.202	2.85	1.325	2.182	1.202
24	0.0	0.6353	3.812	0.589	2.429	0.6353
25	0.0	1.426	2.43	2.198	1.755	1.426
26	0.0	1.343	2.851	2.095	1.689	1.343
27	0.0	1.286	3.856	2.228	1.724	1.286
28	0.0	1.816	2.557	3.24	1.488	1.816
29	0.0	1.064	1.883	1.477	1.213	1.064
30	0.0	4.118	1.368	5.057	0.8781	4.118
31	0.0	2.307	3.827	3.254	2.754	2.307
32	0.0	0.6364	2.167	0.7402	1.151	0.6364
33	0.0	1.304	2.486	2.102	1.412	1.304
34	0.0	0.6396	1.883	1.005	0.9145	0.6396
35	0.0	1.401	1.843	2.075	1.429	1.401
36	0.0	1.457	3.858	1.734	1.905	1.457
37	0.0	1.83	3.049	2.429	0.8613	1.83
38	0.0	1.995	1.65	2.661	0.8797	1.995
39	0.0	2.444	3.266	3.26	2.817	2.444
40	0.0	0.9534	0.8143	1.835	0.5838	0.9534
41	0.0	1.501	2.071	2.811	1.091	1.501
42	0.0	1.15	1.213	2.278	0.8023	1.15
43	0.0	1.157	0.6371	1.355	0.3343	1.157
44	0.0	1.315	0.9753	1.554	0.9928	1.315
45	0.0	1.376	1.66	2.23	1.188	1.376
46	0.0	1.057	2.776	1.253	2.034	1.057
47	0.0	0.9168	0.9701	1.174	0.5412	0.9168
48	0.0	0.8768	2.304	1.238	1.335	0.8768
49	0.0	2.082	2.431	3.03	1.634	2.082
50	0.0	1.206	0.7347	1.472	0.5463	1.206
51	0.0	1.197	1.662	1.688	1.034	1.197
52	0.0	0.2494	0.246	0.5218	0.2334	0.2494
53	0.0	1.196	1.679	1.433	1.25	1.196
54	0.0	0.6957	1.209	0.973	0.9631	0.6957
55	0.0	1.213	1.187	2.79	0.5862	1.213
56	0.0	1.475	1.151	2.047	0.9744	1.475
57	0.0	1.59	2.131	2.566	1.611	1.59
58	0.0	1.393	1.363	2.258	0.4947	1.393
59	0.0	2.096	3.101	3.202	2.465	2.096
60	0.0	1.174	1.233	1.531	0.9086	1.174
61	0.0	0.9354	3.231	1.086	2.522	0.9354
62	0.0	1.275	1.266	1.809	1.11	1.275
63	0.0	0.7103	1.134	0.9203	0.6837	0.7103
64	0.0	1.522	1.687	1.891	1.365	1.522
65	0.0	0.9184	2.084	1.827	1.22	0.9184
66	0.0	1.163	1.892	1.401	1.216	1.163
67	0.0	1.667	2.609	2.164	1.732	1.667
68	0.0	1.121	2.048	1.806	0.9545	1.121
69	0.0	0.8909	1.127	1.259	0.8127	0.8909
70	0.0	0.4741	1.641	0.7826	1.045	0.4741
71	0.0	1.055	1.608	1.403	0.5767	1.055
72	0.0	1.006	1.685	1.722	1.031	1.006
73	0.0	1.04	0.6492	1.455	0.5908	1.04
74	0.0	1.127	1.946	2.45	1.279	1.127
75	0.0	2.283	1.891	2.855	1.437	2.283
76	0.0	0.9429	1.906	1.63	0.8319	0.9429
77	0.0	2.647	1.985	3.016	1.665	2.647
78	0.0	1.863	1.47	2.642	1.524	1.863
79	0.0	1.271	1.62	1.841	0.7852	1.271
80	0.0	0.5557	1.397	0.9645	1.188	0.5557
81	0.0	0.725	2.046	1.099	1.468	0.725
82	0.0	1.068	1.917	1.4	1.56	1.068
83	0.0	1.389	1.989	1.826	1.319	1.389
84	0.0	0.9332	1.516	1.48	0.9309	0.9332
85	0.0	1.532	1.403	2.206	1.045	1.532
86	0.0	1.224	1.502	1.608	0.7221	1.224
87	0.0	0.6409	2.08	1.204	1.325	0.6409
88	0.0	1.582	3.879	3.004	1.62	1.582
89	0.0	0.7242	3.658	1.715	1.574	0.7242
90	0.0	1.127	0.9691	1.499	0.7142	1.127
91	0.0	0.7562	1.087	0.7532	0.8561	0.7562
92	0.0	1.271	1.846	1.614	1.341	1.271
93	0.0	0.5639	1.595	0.7598	1.092	0.5639
94	0.0	0.9024	1.908	1.368	1.612	0.9024
95	0.0	0.9394	1.371	1.414	1.124	0.9394
96	0.0	0.8141	1.748	1.565	1.288	0.8141
97	0.0	0.8378	1.165	1.128	0.8156	0.8378
98	0.0	1.723	2.312	2.183	2.152	1.723
99	0.0	1.095	1.047	1.281	0.9286	1.095
100	0.0	1.245	2.154	1.756	2.131	1.245
101	0.0	1.115	1.455	1.408	0.706	1.115
102	0.0	1.07	1.047	1.345	0.8439	1.07
103	0.0	0.6903	2.18	1.155	1.67	0.6903
104	0.0	1.021	1.265	1.176	1.008	1.021
105	0.0	0.8042	1.696	1.048	1.622	0.8042
106	0.0	1.177	2.885	1.935	1.835	1.177
107	0.0	1.026	1.578	2.211	0.9165	1.026
108	0.0	1.425	1.17	1.876	1.005	1.425
109	0.0	2.034	2.646	2.863	2.338	2.034
110	0.0	1.281	0.7044	1.614	0.594	1.281
111	0.0	1.057	1.122	1.612	1.09	1.057
112	0.0	1.224	1.809	1.767	1.206	1.224
113	0.0	2.425	2.117	2.468	1.937	2.425
114	0.0	0.2664	1.052	0.8197	0.3591	0.2664
115	0.0	0.7597	1.589	0.9729	1.245	0.7597
116	0.0	1.161	1.404	1.509	1.103	1.161
117	0.0	1.169	1.395	1.438	1.149	1.169
118	0.0	0.7402	1.444	1.117	1.218	0.7402
119	0.0	0.6186	1.011	0.7453	0.8057	0.6186
120	0.0	1.541	1.797	2.641	1.159	1.541
121	0.0	1.324	1.577	1.854	1.075	1.324
122	0.0	0.9585	0.7096	2.065	0.6324	0.9585
123	0.0	1.23	1.104	1.346	0.7732	1.23
124	0.0	0.425	1.267	1.149	0.9386	0.425
125	0.0	0.9228	0.957	1.039	0.7176	0.9228
126	0.0	0.5454	1.328	0.6711	0.9479	0.5454
127	0.0	0.725	1.036	1.047	0.9623	0.725
128	0.0	0.5899	1.663	0.8394	1.212	0.5899
129	0.0	0.7726	1.421	1.057	1.039	0.7726
130	0.0	0.5608	0.8064	0.8356	0.5598	0.5608
131	0.0	0.9734	1.679	1.641	1.178	0.9734
132	0.0	0.9971	1.149	1.698	0.5897	0.9971
133	0.0	1.006	1.06	1.412	0.8534	1.006
134	0.0	1.249	1.163	1.491	1.081	1.249
135	0.0	1.015	0.6233	1.27	0.5421	1.015
136	0.0	1.901	1.526	2.295	0.9111	1.901
137	0.0	1.261	1.147	1.109	0.8544	1.261
138	0.0	0.7753	1.23	0.9758	0.9268	0.7753
139	0.0	0.7963	0.944	0.9447	0.8537	0.7963
140	0.0	0.995	1.762	1.451	1.041	0.995
141	0.0	1.64	1.408	2.15	0.8005	1.64
142	0.0	1.071	0.4266	1.344	0.3825	1.071
143	0.0	1.406	2.022	2.111	1.636	1.406
144	0.0	1.389	2.013	1.994	1.603	1.389
145	0.0	1.237	1.847	1.769	1.099	1.237
146	0.0	1.001	1.93	1.375	1.336	1.001
147	0.0	1.115	0.5061	1.519	0.383	1.115
148	0.0	1.319	1.169	1.854	0.8918	1.319
149	0.0	0.8587	1.952	1.563	1.106	0.8587
150	0.0	0.5385	1.64	0.5742	1.261	0.5385
151	0.0	0.4139	1.052	0.5376	0.7452	0.4139
152	0.0	0.6566	1.68	1.086	0.9846	0.6566
153	0.0	1.222	1.61	1.248	0.8671	1.222
154	0.0	0.5822	0.9718	0.6762	0.8062	0.5822
155	0.0	0.6169	0.6762	0.7181	0.5737	0.6169
156	0.0	0.9754	0.7143	1.132	0.4481	0.9754
157	0.0	0.8829	0.8038	1.384	0.6838	0.8829
158	0.0	0.5823	0.6709	0.7148	0.5475	0.5823
159	0.0	0.9404	1.446	1.168	0.7022	0.9404
160	0.0	0.7447	1.163	0.9976	0.8142	0.7447
161	0.0	1.015	1.38	1.544	0.8909	1.015
162	0.0	0.5355	0.5199	0.7503	0.3856	0.5355
163	0.0	0.8608	2.021	1.409	2.241	0.8608
164	0.0	0.8842	3.615	1.425	2.193	0.8842
165	0.0	0.8121	1.218	1.101	0.9313	0.8121
166	0.0	0.8014	0.9257	0.9726	0.8103	0.8014
167	0.0	0.4678	0.8736	0.5322	0.695	0.4678
168	0.0	0.5719	1.006	0.7468	0.8689	0.5719
169	0.0	0.6298	0.8718	0.8073	0.8564	0.6298
170	0.0	0.7577	1.02	0.8926	0.8619	0.7577
171	0.0	1.554	2.297	1.946	1.836	1.554
172	0.0	0.898	1.416	1.531	0.7902	0.898
173	0.0	0.7536	1.11	0.9098	0.844	0.7536
174	0.0	0.5985	0.9084	0.7474	0.707	0.5985
175	0.0	0.605	0.808	0.9069	0.6468	0.605
176	0.0	0.5337	0.3688	0.899	0.3331	0.5337
177	0.0	0.8782	1.058	1.153	0.9659	0.8782
178	0.0	0.762	0.8821	1.125	0.4625	0.762
179	0.0	1.206	1.835	1.671	1.408	1.206
180	0.0	0.8739	1.077	1.327	0.9145	0.8739
181	0.0	1.588	1.53	1.606	2.21	1.588
182	0.0	0.6642	1.608	1.15	0.9807	0.6642
183	0.0	0.5762	0.9319	0.9946	0.6051	0.5762
184	0.0	0.6403	0.6527	0.6799	0.6461	0.6403
185	0.0	0.6618	0.8772	1.001	0.7459	0.6618
186	0.0	1.76	1.545	2.442	1.117	1.76
187	0.0	0.8229	1.321	1.093	1.068	0.8229
188	0.0	0.481	1.179	0.5846	0.7723	0.481
189	0.0	1.096	0.7632	1.629	0.5776	1.096
190	0.0	0.6955	0.6948	0.9986	0.5668	0.6955
191	0.0	0.7336	1.855	1.368	1.412	0.7336
192	0.0	1.58	1.605	2.028	1.16	1.58
193	0.0	1.126	1.781	1.979	1.137	1.126
194	0.0	0.4469	0.674	0.4989	0.5844	0.4469
195	0.0	0.7079	1.179	1.029	0.8313	0.7079
196	0.0	0.9888	0.8853	1.256	0.7352	0.9888
197	0.0	0.8876	1.109	1.122	0.8406	0.8876
198	0.0	0.9846	0.7307	1.299	0.5429	0.9846
199	0.0	0.7737	1.186	1.055	0.8888	0.7737
200	0.0	0.6487	1.261	0.952	0.981	0.6487
201	0.0	0.9783	0.9135	1.665	0.6886	0.9783
202	0.0	1.175	1.08	1.062	0.8382	1.175
203	0.0	0.9047	0.9495	1.218	0.8019	0.9047
204	0.0	1.109	1.126	1.301	0.9032	1.109
205	0.0	0.3752	1.233	0.4178	0.9058	0.3752
206	0.0	0.6644	0.9766	0.7581	0.7515	0.6644
207	0.0	0.9265	1.1	1.355	0.866	0.9265
208	0.0	0.5964	0.5552	0.9844	0.4878	0.5964
209	0.0	0.6454	1.2	0.8506	0.8181	0.6454
210	0.0	0.7961	1.33	1.199	0.9295	0.7961
211	0.0	1.113	1.934	1.413	1.512	1.113
212	0.0	0.8021	0.7085	0.9512	0.6964	0.8021
213	0.0	2.025	1.652	1.997	1.823	2.025
214	0.0	0.8934	0.7651	1.252	0.5569	0.8934
215	0.0	0.3467	1.312	0.343	1.089	0.3467
216	0.0	0.7071	1.367	0.9538	0.9206	0.7071
217	0.0	0.9671	1.558	1.361	1.496	0.9671
218	0.0	0.5318	0.8108	1.079	0.3679	0.5318
219	0.0	0.8086	1.041	1.044	0.8136	0.8086
220	0.0	0.7135	0.7129	0.9331	0.6331	0.7135
221	0.0	0.7028	0.8359	0.7396	0.8116	0.7028
222	0.0	0.5372	0.9333	0.6834	0.6725	0.5372
223	0.0	0.7584	0.6075	1.012	0.502	0.7584
224	0.0	0.528	1.205	0.9645	1.022	0.528
225	0.0	0.5588	1.977	0.8156	1.148	0.5588
226	0.0	0.528	1.45	0.6229	0.9068	0.528
227	0.0	0.4597	0.746	0.4904	0.6395	0.4597
228	0.0	0.4809	0.8959	0.6032	0.6937	0.4809
229	0.0	0.573	0.6305	0.614	0.5391	0.573
230	0.0	0.6058	1.062	0.7854	0.5647	0.6058
231	0.0	0.8966	0.8173	1.072	0.6054	0.8966
232	0.0	0.9215	0.9141	1.379	0.6353	0.9215
233	0.0	0.638	0.5171	0.8401	0.4565	0.638
234	0.0	0.7049	0.9625	0.9342	0.7774	0.7049
235	0.0	0.6425	1.279	0.9443	0.8701	0.6425
236	0.0	1.06	1.253	1.346	0.9213	1.06
237	0.0	0.4373	0.8989	0.5621	0.66	0.4373
238	0.0	0.8867	0.6928	1.181	0.7016	0.8867
239	0.0	0.9531	0.5001	1.122	0.5471	0.9531
240	0.0	0.8381	1.31	1.074	0.9383	0.8381
241	0.0	0.6741	0.8359	0.7526	0.6216	0.6741
242	0.0	0.5255	1.122	0.6441	0.9138	0.5255
243	0.0	0.8303	1.151	0.9653	0.9026	0.8303
244	0.0	1.118	1.397	1.622	1.119	1.118
245	0.0	0.5134	1.35	0.8199	1.063	0.5134
246	0.0	0.5058	0.4689	0.5076	0.4398	0.5058
247	0.0	1.211	1.937	1.756	1.364	1.211
248	0.0	0.3801	0.622	0.5229	0.4056	0.3801
249	0.0	0.718	1.12	1.273	0.7451	0.718
250	0.0	0.8273	1.102	1.159	0.7633	0.8273
251	0.0	0.8391	1.029	1.081	0.7921	0.8391
252	0.0	0.7357	1.362	0.8279	1.091	0.7357
253	0.0	0.2177	1.011	0.3398	0.7834	0.2177
254	0.0	0.5326	0.5573	0.6605	0.4925	0.5326
255	0.0	0.5123	0.8411	0.5475	0.6747	0.5123
256	0.0	0.7018	1.017	1.26	0.8605	0.7018
257	0.0	0.4672	1.053	0.7385	0.7394	0.4672
258	0.0	0.4856	0.8876	0.5566	0.7777	0.4856
259	0.0	0.5672	1.179	0.751	0.852	0.5672
260	0.0	0.2421	0.2459	0.3331	0.118	0.2421
261	0.0	0.665	0.7968	0.8502	0.6341	0.665
262	0.0	0.4199	0.9089	0.5915	0.7793	0.4199
263	0.0	0.6235	0.4151	0.8563	0.4113	0.6235
264	0.0	0.6425	0.9581	0.8117	0.7784	0.6425
265	0.0	0.7477	1.521	0.951	1.099	0.7477
266	0.0	0.3834	0.9378	0.4231	0.7102	0.3834
267	0.0	0.9583	1.178	1.022	0.7813	0.9583
268	0.0	1.136	0.9339	1.417	0.8557	1.136
269	0.0	0.9478	0.6145	1.166	0.5772	0.9478
270	0.0	0.5102	0.8374	0.5946	0.6176	0.5102
271	0.0	0.8694	1.246	1.006	1.018	0.8694
272	0.0	0.6456	1.002	0.7857	0.8355	0.6456
273	0.0	0.7269	0.6511	1.156	0.4955	0.7269
274	0.0	0.6624	0.9309	0.729	0.8137	0.6624
275	0.0	0.7185	1.252	0.948	0.9332	0.7185
276	0.0	0.8517	0.8767	1.144	0.6536	0.8517
277	0.0	0.4859	0.8433	0.6265	0.7314	0.4859
278	0.0	0.5515	0.815	0.8404	0.5543	0.5515
279	0.0	0.3958	1.031	0.6926	0.6613	0.3958
280	0.0	0.8027	1.28	0.9267	1.014	0.8027
281	0.0	0.6327	1.047	0.9778	0.657	0.6327
282	0.0	0.5351	0.5828	0.8849	0.4688	0.5351
283	0.0	1.47	1.335	1.923	0.9105	1.47
284	0.0	0.8041	1.163	0.9126	0.7736	0.8041
285	0.0	0.5384	1.041	0.6005	0.8431	0.5384
286	0.0	1.582	1.634	1.923	1.21	1.582
287	0.0	0.7255	0.785	1.042	0.5981	0.7255
288	0.0	0.4267	0.7862	0.4651	0.682	0.4267
289	0.0	0.5868	0.7388	0.7474	0.5174	0.5868
290	0.0	1.299	1.502	1.787	1.135	1.299
291	0.0	0.732	1.028	0.9768	0.859	0.732
292	0.0	0.8844	0.5206	1.295	0.2425	0.8844
293	0.0	1.247	0.9596	1.783	1.022	1.247
294	0.0	0.6829	0.5896	0.7797	0.4396	0.6829
295	0.0	0.5399	0.5362	0.8104	0.3764	0.5399
296	0.0	1.464	2.347	1.861	2.09	1.464
297	0.0	1.212	1.146	1.581	0.7748	1.212
298	0.0	0.4843	0.9553	0.5492	0.7838	0.4843
299	0.0	0.4658	0.7629	0.5777	0.6071	0.4658
300	0.0	0.5914	1.052	0.6935	0.937	0.5914
301	0.0	0.4701	0.415	0.5491	0.288	0.4701
302	0.0	0.6574	0.6861	0.8445	0.5756	0.6574
303	0.0	0.7798	1.7	1.012	1.259	0.7798
304	0.0	0.9053	0.807	0.9758	0.6533	0.9053
305	0.0	0.701	0.9434	0.968	0.5745	0.701
306	0.0	0.5397	1.056	0.6409	0.7658	0.5397
307	0.0	0.93	0.7454	1.151	0.6934	0.93
308	0.0	0.5124	0.7029	0.5876	0.5763	0.5124
309	0.0	0.5407	0.5016	0.7249	0.3986	0.5407
310	0.0	0.7358	0.5211	0.9856	0.4275	0.7358
311	0.0	0.5418	1.14	0.7927	0.8452	0.5418
312	0.0	0.5048	0.9185	0.7563	0.5551	0.5048
313	0.0	0.6755	0.6266	0.8709	0.5546	0.6755
314	0.0	0.8238	1.12	1.251	0.8865	0.8238
315	0.0	0.4258	1.076	0.6668	0.5637	0.4258
316	0.0	0.6931	0.8601	0.9206	0.6003	0.6931
317	0.0	0.8296	0.7276	1.136	0.6146	0.8296
318	0.0	0.7692	0.8056	0.869	0.6593	0.7692
319	0.0	0.5901	0.3037	0.4727	0.2979	0.5901
320	0.0	0.9824	0.8463	1.311	0.6065	0.9824
321	0.0	1.169	1.19	1.453	0.9217	1.169
322	0.0	0.2701	1.152	0.3938	0.6216	0.2701
323	0.0	0.8067	0.7421	1.149	0.5953	0.8067
324	0.0	0.7207	0.656	0.8456	0.5914	0.7207
325	0.0	0.6185	0.8376	0.7954	0.6862	0.6185
326	0.0	0.6287	0.9623	0.8094	0.6498	0.6287
327	0.0	0.6582	0.9097	0.8209	0.6538	0.6582
328	0.0	0.5614	1.161	1.024	0.8171	0.5614
329	0.0	0.9291	0.7051	1.122	0.518	0.9291
330	0.0	0.6549	1.023	1.181	0.7259	0.6549
331	0.0	0.4298	0.7783	0.5166	0.6673	0.4298
332	0.0	0.3126	0.5926	0.4188	0.4566	0.3126
333	0.0	0.3578	0.6834	0.4115	0.5706	0.3578
334	0.0	0.6181	0.9768	0.9043	0.7283	0.6181
335	0.0	1.004	0.3728	1.18	0.3265	1.004
336	0.0	0.8778	0.8893	1.089	0.6848	0.8778
337	0.0	0.6754	0.5706	0.8399	0.4858	0.6754
338	0.0	0.5779	0.7768	0.6914	0.646	0.5779
339	0.0	0.8045	1.102	0.9657	1.061	0.8045
340	0.0	0.6544	0.6091	0.8925	0.4635	0.6544
341	0.0	0.4374	0.7114	0.5888	0.5931	0.4374
342	0.0	0.9058	1.052	1.096	0.8267	0.9058
343	0.0	0.4368	0.4925	0.6223	0.375	0.4368
344	0.0	1.071	1.097	1.333	0.8369	1.071
345	0.0	0.4336	0.5418	0.4185	0.4309	0.4336
346	0.0	0.465	0.7714	0.4931	0.641	0.465
347	0.0	0.4132	0.6713	0.4922	0.5672	0.4132
348	0.0	1.016	0.9701	1.438	0.718	1.016
349	0.0	0.5329	0.4638	1.053	0.4505	0.5329
350	0.0	0.6014	1.294	0.6295	1.098	0.6014
351	0.0	1.204	1.341	1.41	1.116	1.204
352	0.0	0.7285	0.812	1.075	0.7869	0.7285
353	0.0	0.7595	0.6881	0.9202	0.4961	0.7595
354	0.0	0.6663	1.353	0.8723	1.113	0.6663
355	0.0	0.5474	0.6665	0.4578	0.6918	0.5474
356	0.0	1.002	0.7995	1.309	0.6675	1.002
357	0.0	0.7042	1.241	1.121	0.7459	0.7042
358	0.0	0.7808	1.334	0.9761	0.9878	0.7808
359	0.0	0.6582	0.6754	0.783	0.6134	0.6582
360	0.0	0.6838	0.6913	1.137	0.548	0.6838
361	0.0	0.7352	1.153	1.035	0.8409	0.7352
362	0.0	0.3151	0.8315	0.3971	0.6847	0.3151
363	0.0	0.7213	0.6996	0.8733	0.5179	0.7213
364	0.0	0.2343	0.3271	0.5929	0.2023	0.2343
365	0.0	0.7496	0.9875	0.8387	0.6721	0.7496
366	0.0	0.7741	0.62	0.9223	0.5415	0.7741
367	0.0	0.4156	0.8911	0.4603	0.6501	0.4156
368	0.0	0.5843	0.8738	0.6517	0.7476	0.5843
369	0.0	1.005	0.9924	1.09	0.8509	1.005
370	0.0	0.7627	0.845	0.9256	0.6923	0.7627
371	0.0	0.595	0.6837	0.6352	0.595	0.595
372	0.0	1.335	2.194	1.739	1.651	1.335
373	0.0	1.035	1.083	1.39	0.8407	1.035
374	0.0	0.6239	0.9069	0.6885	0.7515	0.6239
375	0.0	0.5642	0.4897	0.7614	0.3458	0.5642
376	0.0	0.5221	0.7961	0.5939	0.6387	0.5221
377	0.0	0.5146	0.7897	0.8007	0.5861	0.5146
378	0.0	0.9637	0.9765	1.144	0.7031	0.9637
379	0.0	1.159	1.14	1.445	0.9066	1.159
380	0.0	0.4962	0.7588	0.7073	0.5722	0.4962
381	0.0	0.3451	0.5271	0.3314	0.4284	0.3451
382	0.0	0.7528	0.703	0.9836	0.4931	0.7528
383	0.0	0.7266	0.7693	0.905	0.6389	0.7266
384	0.0	0.348	0.8447	0.373	0.7524	0.348
385	0.0	0.4156	0.7078	0.4469	0.6643	0.4156
386	0.0	0.6544	0.9975	0.9095	0.6103	0.6544
387	0.0	1.253	1.671	1.976	1.241	1.253
388	0.0	0.6479	0.6967	0.6642	0.3193	0.6479
389	0.0	0.7941	0.8667	1.109	0.7435	0.7941
390	0.0	0.7539	1.346	1.285	1.059	0.7539
391	0.0	0.2244	0.3806	0.4426	0.1764	0.2244
392	0.0	0.4662	0.8399	0.5017	0.7447	0.4662
393	0.0	0.3081	1.013	0.3468	0.8562	0.3081
394	0.0	1.1	1.499	1.368	1.132	1.1
395	0.0	0.6296	0.7777	0.9436	0.5541	0.6296
396	0.0	0.4508	1.175	0.7474	0.9412	0.4508
397	0.0	1.344	1.605	1.55	1.258	1.344
398	0.0	0.3653	0.4189	0.5365	0.3153	0.3653
399	0.0	0.6035	0.9467	1.141	0.6138	0.6035
400	0.0	0.4947	1.771	0.7031	1.713	0.4947
401	0.0	0.5511	0.6912	1.067	0.5203	0.5511
402	0.0	0.5892	0.4326	0.6625	0.4149	0.5892
403	0.0	0.7368	0.8875	0.7545	0.6859	0.7368
404	0.0	0.7993	0.3965	0.9578	0.3529	0.7993
405	0.0	0.5409	1.051	0.7296	0.7639	0.5409
406	0.0	0.7481	0.6415	0.9172	0.551	0.7481
407	0.0	0.9232	0.886	1.225	0.7044	0.9232
408	0.0	0.5211	1.134	0.8636	0.7038	0.5211
409	0.0	0.3406	0.8671	0.6526	0.5733	0.3406
410	0.0	0.7277	0.2733	0.9091	0.1895	0.7277
411	0.0	0.8817	0.8264	1.051	0.6447	0.8817
412	0.0	0.672	0.4217	1.131	0.3285	0.672
413	0.0	0.4285	0.5145	0.4983	0.4569	0.4285
414	0.0	0.3472	0.5504	0.3698	0.5116	0.3472
415	0.0	0.7692	0.4754	1.069	0.3783	0.7692
416	0.0	0.574	0.7506	0.5985	0.4507	0.574
417	0.0	0.6095	0.9754	0.798	0.891	0.6095
418	0.0	0.7595	0.7588	1.025	0.6831	0.7595
419	0.0	0.6036	1.337	0.7635	0.8078	0.6036
420	0.0	0.7092	0.7835	1.0	0.629	0.7092
421	0.0	1.089	1.474	1.629	1.077	1.089
422	0.0	0.4477	1.007	0.5077	0.8281	0.4477
423	0.0	0.8125	0.5678	1.229	0.5003	0.8125
424	0.0	0.6155	0.8928	0.7877	0.6148	0.6155
425	0.0	0.7814	0.8736	1.092	0.6954	0.7814
426	0.0	0.499	0.7156	0.8842	0.4204	0.499
427	0.0	0.6112	0.9096	0.7562	0.687	0.6112
428	0.0	0.4995	0.4108	0.532	0.3804	0.4995
429	0.0	0.4983	0.9772	0.6147	0.8411	0.4983
430	0.0	0.816	0.4005	0.9576	0.2512	0.816
431	0.0	0.3122	0.4112	0.4377	0.3503	0.3122
432	0.0	0.6547	0.5142	0.8683	0.5005	0.6547
433	0.0	0.5154	0.803	0.5826	0.5669	0.5154
434	0.0	0.6432	0.9649	1.148	0.7411	0.6432
435	0.0	0.4612	0.4698	0.5672	0.3286	0.4612
436	0.0	0.3173	0.5689	0.3572	0.2954	0.3173
437	0.0	0.2573	0.2744	0.3071	0.2574	0.2573
438	0.0	0.7859	1.154	1.259	0.728	0.7859
439	0.0	0.4042	1.097	0.5103	0.8992	0.4042
440	0.0	0.7744	0.7752	1.049	0.6309	0.7744
441	0.0	0.5677	0.4278	0.6906	0.3843	0.5677
442	0.0	0.6768	0.7602	0.9105	0.5969	0.6768
443	0.0	0.5006	0.7635	0.6796	0.5115	0.5006
444	0.0	0.4259	1.11	0.4983	0.8945	0.4259
445	0.0	0.3752	0.7168	0.4849	0.5937	0.3752
446	0.0	0.8354	1.229	0.9767	0.9477	0.8354
447	0.0	0.5064	0.7406	0.6044	0.6025	0.5064
448	0.0	0.5093	0.9993	0.8442	0.7299	0.5093
449	0.0	0.7467	0.6793	0.9925	0.4668	0.7467
450	0.0	0.4609	0.8855	0.5352	0.7437	0.4609
451	0.0	0.7139	0.4856	0.9465	0.3619	0.7139
452	0.0	0.7276	0.9885	1.056	0.7275	0.7276
453	0.0	0.5019	0.6202	0.6013	0.5228	0.5019
454	0.0	0.6971	0.4573	0.9451	0.4179	0.6971
455	0.0	1.197	1.336	1.62	1.058	1.197
456	0.0	1.066	0.8982	1.055	0.7107	1.066
457	0.0	0.5925	0.8026	0.8764	0.5557	0.5925
458	0.0	0.638	0.9975	0.7987	0.7199	0.638
459	0.0	0.3404	0.4171	0.44	0.4002	0.3404
460	0.0	0.6421	0.6672	0.7728	0.6148	0.6421
461	0.0	0.2613	0.6829	0.4311	0.3068	0.2613
462	0.0	0.5369	0.3892	0.6872	0.3654	0.5369
463	0.0	0.5335	0.3928	0.5443	0.3909	0.5335
464	0.0	0.7153	0.8878	0.984	0.6282	0.7153
465	0.0	1.005	1.107	1.204	0.8656	1.005
466	0.0	0.4941	0.4869	0.5575	0.4714	0.4941
467	0.0	0.3465	0.5149	0.4534	0.4092	0.3465
468	0.0	0.6004	0.4321	0.7102	0.2958	0.6004
469	0.0	0.5757	0.6085	0.6981	0.5149	0.5757
470	0.0	0.5653	0.5537	0.686	0.4864	0.5653
471	0.0	0.6987	0.813	0.8882	0.6223	0.6987
472	0.0	0.4863	0.6995	0.5596	0.6438	0.4863
473	0.0	0.8102	0.9628	0.9729	0.8146	0.8102
474	0.0	0.4522	0.4336	0.6459	0.3451	0.4522
475	0.0	0.5455	1.198	0.6764	0.8251	0.5455
476	0.0	0.8237	0.9713	1.033	0.798	0.8237
477	0.0	0.8653	0.1775	1.078	0.1373	0.8653
478	0.0	0.5311	0.5303	0.607	0.4489	0.5311
479	0.0	0.5029	0.381	0.5981	0.3313	0.5029
480	0.0	0.8432	0.7918	0.9961	0.6391	0.8432
481	0.0	0.8292	0.5195	1.145	0.3684	0.8292
482	0.0	1.033	0.4213	1.093	0.3489	1.033
483	0.0	0.8087	1.109	1.088	0.8144	0.8087
484	0.0	0.356	0.8623	0.6081	0.7926	0.356
485	0.0	0.324	0.5429	0.3769	0.4711	0.324
486	0.0	0.5119	0.683	0.6119	0.5802	0.5119
487	0.0	0.2871	0.7706	0.4685	0.5077	0.2871
488	0.0	0.2912	0.5208	0.4809	0.3554	0.2912
489	0.0	0.4986	0.2968	0.5915	0.2765	0.4986
490	0.0	0.5464	0.6208	0.8702	0.407	0.5464
491	0.0	1.312	1.319	1.7	1.041	1.312
492	0.0	0.08992	0.6835	0.1608	0.5112	0.08992
493	0.0	1.053	1.109	1.355	0.7049	1.053
494	0.0	0.8468	0.9561	1.052	0.7026	0.8468
495	0.0	0.7119	0.8015	0.7483	0.6674	0.7119
496	0.0	0.7091	0.3946	0.8638	0.3527	0.7091
497	0.0	0.7698	0.5397	0.9586	0.4827	0.7698
498	0.0	0.9183	1.054	1.132	0.9123	0.9183
499	0.0	0.5656	0.8548	1.015	0.6441	0.5656
500	0.0	0.4615	0.6348	0.5199	0.4844	0.4615
501	0.0	0.8442	0.9236	0.7172	0.6921	0.8442
502	0.0	0.4388	0.4294	0.4877	0.3532	0.4388
503	0.0	0.7373	1.016	1.11	0.756	0.7373
504	0.0	1.048	1.461	1.821	1.038	1.048
505	0.0	0.899	1.33	1.032	0.88	0.899
506	0.0	0.5124	0.6617	0.6334	0.5637	0.5124
507	0.0	0.5831	0.6839	0.6696	0.5518	0.5831
508	0.0	0.4255	0.7112	0.5853	0.6187	0.4255
509	0.0	0.7432	0.8218	0.8918	0.6393	0.7432
510	0.0	0.615	1.023	0.7384	0.7714	0.615
511	0.0	0.661	0.8944	0.8924	0.6186	0.661
512	0.0	0.4832	0.8158	0.6966	0.6339	0.4832
513	0.0	0.5191	0.8508	0.7013	0.702	0.5191
514	0.0	0.6799	1.051	0.815	0.8574	0.6799
515	0.0	0.4818	0.4178	0.5331	0.3898	0.4818
516	0.0	1.038	0.7931	1.469	0.6599	1.038
517	0.0	0.4938	0.9109	0.5444	0.7035	0.4938
518	0.0	0.4779	0.3118	0.5839	0.275	0.4779
519	0.0	0.5149	0.4851	0.6428	0.3482	0.5149
520	0.0	0.3537	0.5804	0.3863	0.3976	0.3537
521	0.0	0.6202	1.185	0.859	0.8163	0.6202
522	0.0	0.7378	1.147	1.069	0.9136	0.7378
523	0.0	0.7125	0.6103	0.986	0.5058	0.7125
524	0.0	1.014	0.8538	1.185	0.6588	1.014
525	0.0	1.005	0.9499	1.229	0.7257	1.005
526	0.0	0.636	0.6497	0.6947	0.5575	0.636
527	0.0	0.5182	0.2717	0.5125	0.4592	0.5182
528	0.0	0.7937	0.5071	1.204	0.4332	0.7937
529	0.0	0.9806	0.8336	1.177	0.6536	0.9806
530	0.0	0.5476	1.064	0.641	0.8531	0.5476
531	0.0	0.5495	0.8976	0.7431	0.7101	0.5495
532	0.0	0.7107	0.5723	0.8225	0.5445	0.7107
533	0.0	0.7467	0.58	1.107	0.512	0.7467
534	0.0	0.286	0.817	0.3967	0.6205	0.286
535	0.0	0.5004	0.3991	0.6849	0.3405	0.5004
536	0.0	0.8471	0.9206	1.154	0.7084	0.8471
537	0.0	0.5607	0.7659	0.719	0.6897	0.5607
538	0.0	0.7694	1.2	1.103	0.7063	0.7694
539	0.0	0.5437	0.6967	0.7624	0.6724	0.5437
540	0.0	0.1967	0.6903	0.3446	0.658	0.1967
541	0.0	0.2674	0.6204	0.3276	0.4882	0.2674
542	0.0	0.6438	0.5757	0.8197	0.5509	0.6438
543	0.0	0.6317	0.8736	0.7188	0.6427	0.6317
544	0.0	0.6638	0.9868	0.7597	0.7349	0.6638
545	0.0	0.549	0.7618	0.6368	0.6406	0.549
546	0.0	0.7902	0.5849	0.9294	0.5614	0.7902
547	0.0	0.7477	0.9603	0.946	0.6865	0.7477
548	0.0	0.6622	0.955	0.9334	0.6795	0.6622
549	0.0	0.7776	0.6648	0.9917	0.5403	0.7776
550	0.0	0.6451	0.5612	0.5292	0.4898	0.6451
551	0.0	0.611	0.7963	0.8502	0.6491	0.611
552	0.0	0.5385	0.4554	0.7248	0.3187	0.5385
553	0.0	0.6114	0.37	0.8756	0.3895	0.6114
554	0.0	0.6104	0.5903	0.7304	0.4855	0.6104
555	0.0	0.4498	0.7082	0.5315	0.6139	0.4498
556	0.0	0.8062	0.4151	0.9535	0.3621	0.8062
557	0.0	0.6964	0.5799	1.108	0.5204	0.6964
558	0.0	0.3621	1.376	0.3626	1.05	0.3621
559	0.0	1.009	1.406	1.216	1.204	1.009
560	0.0	0.8068	0.6666	1.406	0.5297	0.8068
561	0.0	0.4897	0.6904	0.5637	0.5261	0.4897
562	0.0	0.4621	1.092	0.6066	0.9258	0.4621
563	0.0	0.3935	0.583	0.4778	0.4682	0.3935
564	0.0	0.4711	1.065	0.6231	0.7352	0.4711
565	0.0	0.51	0.5834	0.7325	0.5576	0.51
566	0.0	0.7799	1.052	0.8466	0.7965	0.7799
567	0.0	0.4833	0.5739	0.6469	0.4322	0.4833
568	0.0	0.6081	0.9339	0.8632	0.7501	0.6081
569	0.0	0.6734	0.4743	0.9213	0.4606	0.6734
570	0.0	0.625	0.5801	0.7141	0.4876	0.625
571	0.0	0.4211	0.4999	0.5054	0.4028	0.4211
572	0.0	0.4371	0.3559	0.6363	0.2311	0.4371
573	0.0	0.6658	0.6865	0.7872	0.6051	0.6658
574	0.0	0.3521	0.5487	0.4832	0.4833	0.3521
575	0.0	0.4873	1.205	0.5735	0.68	0.4873
576	0.0	0.6088	0.6801	0.7165	0.5653	0.6088
577	0.0	0.5189	1.152	0.5678	0.8483	0.5189
578	0.0	0.5204	0.7436	0.6606	0.6047	0.5204
579	0.0	1.105	0.8798	1.567	0.699	1.105
580	0.0	1.135	0.9322	1.274	0.6981	1.135
581	0.0	0.7752	0.2737	0.8071	0.1921	0.7752
582	0.0	0.7007	0.6493	0.7817	0.514	0.7007
583	0.0	0.4999	0.5454	0.6145	0.5237	0.4999
584	0.0	0.3602	0.5729	0.403	0.5353	0.3602
585	0.0	0.6167	0.6208	0.7369	0.4447	0.6167
586	0.0	0.4034	0.5875	0.5152	0.4669	0.4034
587	0.0	0.8897	1.128	1.073	0.8641	0.8897
588	0.0	0.8148	0.6195	1.046	0.5138	0.8148
589	0.0	0.596	0.4437	0.6594	0.3706	0.596
590	0.0	0.506	0.5459	0.6216	0.4144	0.506
591	0.0	0.588	0.6723	0.704	0.5726	0.588
592	0.0	0.4303	0.7035	0.6208	0.6489	0.4303
593	0.0	0.4859	0.5247	0.4989	0.452	0.4859
594	0.0	0.6269	0.7459	0.7575	0.6238	0.6269
595	0.0	1.217	1.531	1.596	1.351	1.217
596	0.0	0.3547	0.5452	0.51	0.4216	0.3547
597	0.0	0.7835	1.086	1.537	0.9051	0.7835
598	0.0	1.155	1.788	1.534	1.094	1.155
599	0.0	0.4788	0.7618	0.6171	0.5732	0.4788
600	0.0	0.4104	0.6982	0.4183	0.5168	0.4104
601	0.0	0.39	0.9184	0.4756	0.5228	0.39
602	0.0	0.7941	1.051	0.9681	0.8197	0.7941
603	0.0	0.5148	0.5902	0.7417	0.5049	0.5148
604	0.0	0.779	0.5523	1.032	0.4146	0.779
605	0.0	1.059	2.08	1.483	1.271	1.059
606	0.0	0.3642	0.6943	0.5929	0.6148	0.3642
607	0.0	0.6211	0.544	0.8573	0.3728	0.6211
608	0.0	0.9526	1.096	1.651	0.9604	0.9526
609	0.0	0.768	1.22	0.9409	0.9916	0.768
610	0.0	0.6488	0.6363	0.7986	0.5313	0.6488
611	0.0	0.468	0.7683	0.5621	0.6498	0.468
612	0.0	0.4939	0.7297	0.633	0.6288	0.4939
613	0.0	0.755	0.5816	0.9069	0.473	0.755
614	0.0	0.5994	0.7685	0.7788	0.6467	0.5994
615	0.0	0.556	0.7283	0.7558	0.5577	0.556
616	0.0	0.5875	0.5717	0.7575	0.3681	0.5875
617	0.0	0.7008	0.7014	0.7796	0.6277	0.7008
618	0.0	0.7588	0.5248	0.9476	0.4769	0.7588
619	0.0	0.529	0.5875	0.5965	0.5045	0.529
620	0.0	0.7614	1.479	0.9102	0.8926	0.7614
621	0.0	0.3216	1.024	0.3841	0.719	0.3216
622	0.0	0.5488	0.6464	0.6646	0.6006	0.5488
623	0.0	0.6305	0.7908	0.9142	0.4452	0.6305
624	0.0	0.4684	0.5531	0.5484	0.4655	0.4684
625	0.0	0.6518	0.7321	0.8712	0.6928	0.6518
626	0.0	0.392	0.4871	0.4067	0.3888	0.392
627	0.0	0.5251	1.24	0.6551	0.6303	0.5251
628	0.0	0.7237	0.4864	0.8368	0.4424	0.7237
629	0.0	0.6822	0.8513	1.104	0.7156	0.6822
630	0.0	0.3485	0.7701	0.3898	0.598	0.3485
631	0.0	0.4979	0.2998	0.3452	0.3137	0.4979
632	0.0	0.7127	0.6945	0.927	0.5914	0.7127
633	0.0	0.3392	0.9801	0.407	0.9186	0.3392
634	0.0	0.754	0.4452	0.9794	0.3496	0.754
635	0.0	0.4518	0.5778	0.503	0.454	0.4518
636	0.0	0.3561	0.3393	0.3772	0.2705	0.3561
637	0.0	0.7499	0.6598	0.8588	0.5868	0.7499
638	0.0	0.5194	0.6819	0.7488	0.5821	0.5194
639	0.0	0.4583	0.6895	0.5182	0.6202	0.4583
640	0.0	0.3881	1.091	0.466	0.7782	0.3881
641	0.0	0.6305	0.4652	1.07	0.3489	0.6305
642	0.0	0.4477	1.06	0.4747	0.8206	0.4477
643	0.0	0.4056	0.7391	0.5234	0.5765	0.4056
644	0.0	0.4632	0.5704	0.5721	0.3507	0.4632
645	0.0	0.4289	0.5789	0.4533	0.3706	0.4289
646	0.0	0.6742	0.8325	0.947	0.6346	0.6742
647	0.0	0.7931	0.4457	0.961	0.3883	0.7931
648	0.0	0.5555	0.6898	0.7372	0.62	0.5555
649	0.0	0.488	0.3078	0.6075	0.2554	0.488
650	0.0	0.3804	0.6141	0.4425	0.5353	0.3804
651	0.0	0.5856	0.8464	0.6656	0.6541	0.5856
652	0.0	0.2629	0.9766	0.5113	0.639	0.2629
653	0.0	0.3471	0.8901	0.3983	0.8317	0.3471
654	0.0	0.7635	0.3039	1.054	0.3445	0.7635
655	0.0	0.5842	0.4231	0.8496	0.3104	0.5842
656	0.0	0.5682	0.4936	0.6482	0.3186	0.5682
657	0.0	0.5494	0.5576	0.7042	0.4707	0.5494
658	0.0	0.6751	0.795	0.9644	0.7703	0.6751
659	0.0	0.708	0.3395	0.8415	0.2846	0.708
660	0.0	0.6638	0.7066	0.8543	0.4353	0.6638
661	0.0	0.6486	0.5413	0.8605	0.4014	0.6486
662	0.0	0.3678	0.851	0.3784	0.6875	0.3678
663	0.0	0.9456	1.519	1.284	1.073	0.9456
664	0.0	0.5857	0.829	0.8587	0.587	0.5857
665	0.0	0.4528	0.7668	0.628	0.6447	0.4528
666	0.0	0.7806	1.008	1.099	0.9352	0.7806
667	0.0	0.3264	0.4212	0.3805	0.358	0.3264
668	0.0	0.7598	0.5381	0.9339	0.3953	0.7598
669	0.0	0.6487	0.927	1.136	0.643	0.6487
670	0.0	0.3445	0.4264	0.5058	0.3439	0.3445
671	0.0	0.5304	0.4343	0.5585	0.4077	0.5304
672	0.0	0.6367	0.8412	0.817	0.6341	0.6367
673	0.0	0.7107	0.768	0.8093	0.6343	0.7107
674	0.0	0.3475	0.473	0.4304	0.3962	0.3475
675	0.0	0.3566	0.5605	0.3645	0.4575	0.3566
676	0.0	0.3339	0.4011	0.4397	0.3977	0.3339
677	0.0	0.6071	0.6483	0.7416	0.6282	0.6071
678	0.0	0.4812	0.4029	0.5547	0.3947	0.4812
679	0.0	0.98	0.8268	1.343	0.7409	0.98
680	0.0	0.5107	0.3613	0.5737	0.3164	0.5107
681	0.0	0.7721	1.055	0.8274	0.8366	0.7721
682	0.0	0.7262	0.7658	0.9468	0.5921	0.7262
683	0.0	0.5592	0.9549	0.6988	0.8621	0.5592
684	0.0	0.6867	0.9202	0.7396	0.6784	0.6867
685	0.0	0.7868	0.7081	0.9771	0.5718	0.7868
686	0.0	0.385	0.1691	0.4048	0.1217	0.385
687	0.0	0.2777	0.6374	0.3252	0.5188	0.2777
688	0.0	0.5007	0.6269	0.6718	0.5266	0.5007
689	0.0	0.5404	0.8914	0.7297	0.6212	0.5404
690	0.0	0.5515	0.9295	0.6592	0.8768	0.5515
691	0.0	0.8391	1.162	0.932	0.954	0.8391
692	0.0	0.3979	0.458	0.7183	0.2402	0.3979
693	0.0	0.3734	0.3845	0.4076	0.3492	0.3734
694	0.0	0.3907	0.5427	0.5847	0.3992	0.3907
695	0.0	0.4671	0.7877	0.6266	0.628	0.4671
696	0.0	0.5722	0.4696	0.7038	0.4713	0.5722
697	0.0	0.3415	0.6099	0.4136	0.5354	0.3415
698	0.0	0.6936	0.7253	0.909	0.6152	0.6936
699	0.0	0.9622	1.545	1.403	1.017	0.9622
700	0.0	0.468	1.604	0.5254	0.8894	0.468
701	0.0	0.4338	0.6996	0.556	0.5137	0.4338
702	0.0	0.8487	1.639	1.126	0.957	0.8487
703	0.0	0.5383	0.7966	0.7672	0.6522	0.5383
704	0.0	0.5981	0.4316	0.7085	0.3448	0.5981
705	0.0	0.4419	0.8222	0.6075	0.6902	0.4419
706	0.0	0.8559	1.534	0.9378	1.164	0.8559
707	0.0	0.513	0.5468	0.5764	0.4317	0.513
708	0.0	0.2601	0.5158	0.4229	0.3971	0.2601
709	0.0	0.5408	0.5941	0.8647	0.4324	0.5408
710	0.0	0.7322	0.8112	0.8759	0.6595	0.7322
711	0.0	0.7876	0.6595	0.9094	0.5488	0.7876
712	0.0	0.5606	1.27	0.649	0.9143	0.5606
713	0.0	0.5391	0.542	0.7446	0.4059	0.5391
714	0.0	0.6767	0.6422	0.8098	0.5771	0.6767
715	0.0	0.5943	0.6687	0.6687	0.5563	0.5943
716	0.0	0.5251	0.7474	0.7118	0.6344	0.5251
717	0.0	0.3069	1.099	0.4397	0.8489	0.3069
718	0.0	0.6921	0.3644	0.8895	0.2865	0.6921
719	0.0	0.689	0.5486	0.8698	0.4701	0.689
720	0.0	0.3811	0.9241	0.4382	0.6972	0.3811
721	0.0	0.3447	0.9912	0.5205	0.5489	0.3447
722	0.0	0.6822	0.7684	0.8789	0.7219	0.6822
723	0.0	0.571	0.5983	0.6336	0.5788	0.571
724	0.0	0.5006	0.6275	0.5417	0.4917	0.5006
725	0.0	0.2914	0.4058	0.3831	0.3551	0.2914
726	0.0	0.5562	0.3821	0.5622	0.3334	0.5562
727	0.0	0.7352	0.4211	0.9194	0.2976	0.7352
728	0.0	0.7896	0.9472	0.6581	0.6366	0.7896
729	0.0	0.6022	0.909	0.6717	0.6407	0.6022
730	0.0	0.411	0.9317	0.6146	0.7579	0.411
731	0.0	0.6079	0.8679	0.9101	0.5511	0.6079
732	0.0	0.6312	0.4151	0.6974	0.3566	0.6312
733	0.0	0.7468	1.016	0.711	0.8415	0.7468
734	0.0	0.5535	0.6901	0.6937	0.6213	0.5535
735	0.0	0.9607	1.097	0.9894	0.8682	0.9607
736	0.0	0.7303	0.828	1.028	0.5533	0.7303
737	0.0	0.7812	0.8565	0.8591	0.6319	0.7812
738	0.0	0.6389	0.7299	0.9019	0.4646	0.6389
739	0.0	0.5579	0.551	0.666	0.489	0.5579
740	0.0	0.6651	0.3867	0.7143	0.331	0.6651
741	0.0	0.6663	0.6577	0.7255	0.5106	0.6663
742	0.0	0.6562	0.4745	1.018	0.2954	0.6562
743	0.0	0.4229	0.8635	0.4603	0.7251	0.4229
744	0.0	0.5862	0.8358	0.796	0.6767	0.5862
745	0.0	0.4875	0.6804	0.6652	0.5184	0.4875
746	0.0	0.7725	0.9336	1.015	0.5644	0.7725
747	0.0	0.4993	0.4107	0.6388	0.4056	0.4993
748	0.0	0.3861	0.8567	0.4688	0.7219	0.3861
749	0.0	0.855	0.8442	0.9589	0.7537	0.855
750	0.0	0.5733	0.3709	0.8791	0.2368	0.5733
751	0.0	0.756	0.5221	0.8139	0.4621	0.756
752	0.0	0.5884	0.8988	0.6656	0.7166	0.5884
753	0.0	0.6506	0.6821	0.7268	0.5919	0.6506
754	0.0	0.627	0.6092	0.7204	0.5128	0.627
755	0.0	0.5897	0.8152	0.6912	0.6807	0.5897
756	0.0	0.5749	0.3954	0.7603	0.2906	0.5749
757	0.0	0.5413	0.7683	0.6796	0.5574	0.5413
758	0.0	0.3999	1.078	0.533	0.8837	0.3999
759	0.0	0.4784	0.6574	0.654	0.547	0.4784
760	0.0	0.283	0.712	0.4637	0.5039	0.283
761	0.0	0.5636	0.5252	0.682	0.3876	0.5636
762	0.0	0.405	0.4731	0.5622	0.3764	0.405
763	0.0	0.5374	0.4867	0.6088	0.4644	0.5374
764	0.0	0.8143	0.8392	0.8921	0.7572	0.8143
765	0.0	0.6392	0.4231	0.8166	0.432	0.6392
766	0.0	0.5343	0.6759	0.6241	0.6275	0.5343
767	0.0	0.8823	1.476	1.151	1.103	0.8823
768	0.0	0.4005	0.6155	0.4834	0.6401	0.4005
769	0.0	0.5775	0.4325	0.7835	0.3787	0.5775
770	0.0	0.5515	0.7329	0.7141	0.5466	0.5515
771	0.0	0.4555	0.5541	0.5435	0.4718	0.4555
772	0.0	0.9718	0.8064	1.056	0.6268	0.9718
773	0.0	0.7535	0.6021	0.8825	0.5222	0.7535
774	0.0	0.4863	0.6041	0.607	0.5047	0.4863
775	0.0	0.5177	0.3702	0.6743	0.3072	0.5177
776	0.0	0.7444	0.9864	1.051	0.7245	0.7444
777	0.0	0.5682	0.9204	0.6367	0.8053	0.5682
778	0.0	0.3823	0.4621	0.446	0.3981	0.3823
779	0.0	0.6277	0.4047	0.8385	0.3684	0.6277
780	0.0	0.5045	0.2755	0.6072	0.1577	0.5045
781	0.0	0.5631	0.4738	0.7464	0.3636	0.5631
782	0.0	0.5496	0.3035	0.626	0.2739	0.5496
783	0.0	0.4759	0.4264	0.7436	0.3474	0.4759
784	0.0	0.3881	0.7666	0.4493	0.6206	0.3881
785	0.0	0.8776	0.9224	1.195	0.7586	0.8776
786	0.0	0.5293	0.6651	0.6456	0.5223	0.5293
787	0.0	0.732	1.278	0.9722	0.8793	0.732
788	0.0	0.9147	1.406	1.061	1.351	0.9147
789	0.0	0.5137	1.018	0.5996	0.8543	0.5137
790	0.0	0.385	0.473	0.4255	0.4361	0.385
791	0.0	0.572	0.743	0.688	0.6178	0.572
792	0.0	0.369	0.6281	0.381	0.5454	0.369
793	0.0	0.4045	0.7947	0.551	0.552	0.4045
794	0.0	0.5417	0.7911	0.7299	0.622	0.5417
795	0.0	0.7301	0.7702	1.015	0.5546	0.7301
796	0.0	0.6385	0.8383	0.9352	0.5658	0.6385
797	0.0	0.6511	0.7655	0.8031	0.7119	0.6511
798	0.0	0.5558	0.7949	0.6245	0.6795	0.5558
799	0.0	0.2919	0.6929	0.3291	0.6133	0.2919
800	0.0	0.585	0.6942	0.6865	0.4776	0.585
801	0.0	0.7837	0.7535	0.9514	0.6555	0.7837
802	0.0	0.6267	0.5628	1.032	0.3951	0.6267
803	0.0	0.8257	1.164	0.9772	0.9086	0.8257
804	0.0	1.038	1.652	1.232	1.449	1.038
805	0.0	0.5159	0.8177	0.8716	0.5653	0.5159
806	0.0	0.882	1.558	1.357	0.9994	0.882
807	0.0	0.6494	1.171	0.9828	0.8788	0.6494
808	0.0	0.5355	0.3229	0.5327	0.4318	0.5355
809	0.0	0.4058	0.5474	0.5363	0.4735	0.4058
810	0.0	0.7136	0.5524	0.9104	0.4244	0.7136
811	0.0	0.6396	0.9413	0.8968	0.6604	0.6396
812	0.0	0.5588	0.7627	0.9504	0.5037	0.5588
813	0.0	0.7454	0.619	0.8867	0.554	0.7454
814	0.0	0.5578	0.4183	0.7334	0.397	0.5578
815	0.0	0.5262	0.5583	0.7642	0.4087	0.5262
816	0.0	1.111	0.743	0.9837	0.6373	1.111
817	0.0	0.3689	0.3599	0.4916	0.2707	0.3689
818	0.0	0.7635	0.793	0.898	0.6649	0.7635
819	0.0	0.5377	0.3972	0.6127	0.3472	0.5377
820	0.0	0.5889	0.8136	0.7136	0.6288	0.5889
821	0.0	0.3536	0.6174	0.4082	0.4894	0.3536
822	0.0	0.7458	0.9438	0.8167	0.7926	0.7458
823	0.0	0.6121	0.5703	0.7774	0.4986	0.6121
824	0.0	0.6799	0.6766	0.8837	0.5292	0.6799
825	0.0	0.5835	0.3217	0.8003	0.2208	0.5835
826	0.0	0.411	1.143	0.4668	0.9321	0.411
827	0.0	0.4006	0.5987	0.4351	0.4517	0.4006
828	0.0	0.5664	2.017	0.6275	1.196	0.5664
829	0.0	0.6402	0.9642	0.837	0.6315	0.6402
830	0.0	0.5535	0.5621	0.6875	0.5244	0.5535
831	0.0	0.524	0.47	0.6145	0.3787	0.524
832	0.0	0.2948	0.9553	0.3189	0.3646	0.2948
833	0.0	0.6146	0.5703	0.6719	0.5222	0.6146
834	0.0	0.4582	0.8064	0.5493	0.4882	0.4582
835	0.0	0.3925	0.6155	0.5455	0.4498	0.3925
836	0.0	0.6684	0.6291	0.7004	0.5309	0.6684
837	0.0	0.8424	0.5328	1.028	0.5023	0.8424
838	0.0	0.5916	0.8126	0.7004	0.6156	0.5916
839	0.0	0.675	0.8294	0.836	0.6228	0.675
840	0.0	0.6713	1.034	0.8211	0.6483	0.6713
841	0.0	0.7391	0.8016	0.8712	0.7079	0.7391
842	0.0	0.3634	0.6149	0.5628	0.2522	0.3634
843	0.0	0.5905	0.7032	0.6507	0.6182	0.5905
844	0.0	0.6285	0.5552	0.6983	0.4728	0.6285
845	0.0	0.3885	0.9086	0.4474	0.8501	0.3885
846	0.0	0.6458	0.6299	0.7586	0.5146	0.6458
847	0.0	0.494	0.826	0.6461	0.6557	0.494
848	0.0	0.6785	0.7349	0.9866	0.6514	0.6785
849	0.0	0.4012	0.7119	0.5211	0.6056	0.4012
850	0.0	0.536	0.9677	0.7725	0.8792	0.536
851	0.0	0.3071	0.6957	0.3537	0.5937	0.3071
852	0.0	0.6294	0.315	0.6817	0.2034	0.6294
853	0.0	0.7372	0.2916	0.7885	0.2503	0.7372
854	0.0	0.3818	0.8297	0.5434	0.572	0.3818
855	0.0	0.4831	0.5458	0.5715	0.5079	0.4831
856	0.0	0.4834	0.7839	0.6658	0.596	0.4834
857	0.0	0.5425	0.5429	0.5908	0.5199	0.5425
858	0.0	0.7394	0.415	0.9188	0.2868	0.7394
859	0.0	0.4718	0.49	0.5702	0.3891	0.4718
860	0.0	0.4413	0.5317	0.6191	0.4824	0.4413
861	0.0	0.3283	0.3648	0.3882	0.3068	0.3283
862	0.0	0.716	0.8708	0.8875	0.7592	0.716
863	0.0	0.4951	0.8905	0.6964	0.6789	0.4951
864	0.0	0.3533	0.6663	0.518	0.3816	0.3533
865	0.0	0.5494	0.9011	0.7284	0.7421	0.5494
866	0.0	0.5111	0.5198	0.5804	0.396	0.5111
867	0.0	0.4206	0.7072	0.5427	0.5684	0.4206
868	0.0	0.627	0.7656	0.7103	0.728	0.627
869	0.0	0.4374	0.593	0.5989	0.4171	0.4374
870	0.0	0.5777	0.5298	0.693	0.4305	0.5777
871	0.0	1.083	1.042	1.287	0.9061	1.083
872	0.0	0.2462	0.4026	0.4287	0.3788	0.2462
873	0.0	0.6849	0.5859	0.7022	0.448	0.6849
874	0.0	0.6832	0.7525	0.8903	0.6563	0.6832
875	0.0	0.3138	0.5425	0.3788	0.3116	0.3138
876	0.0	0.7453	0.5989	0.9988	0.3831	0.7453
877	0.0	0.4373	0.2509	0.7049	0.1204	0.4373
878	0.0	0.4755	0.6531	0.4981	0.629	0.4755
879	0.0	0.5279	0.5855	0.7104	0.4906	0.5279
880	0.0	0.5914	0.8056	0.7892	0.6379	0.5914
881	0.0	0.6058	0.7558	0.7036	0.6089	0.6058
882	0.0	0.4415	0.2864	0.4947	0.2338	0.4415
883	0.0	0.4379	0.7375	0.5019	0.6945	0.4379
884	0.0	0.2277	0.3506	0.3388	0.2062	0.2277
885	0.0	0.2818	0.6523	0.3083	0.5725	0.2818
886	0.0	0.5484	0.5845	0.6178	0.4788	0.5484
887	0.0	0.6541	1.034	0.8602	0.7739	0.6541
888	0.0	0.5192	0.4231	0.6111	0.4072	0.5192
889	0.0	0.7587	0.8063	0.9506	0.6727	0.7587
890	0.0	0.6697	0.6006	0.7364	0.5536	0.6697
891	0.0	0.5933	1.242	0.5779	0.7158	0.5933
892	0.0	0.8311	0.7536	1.089	0.65	0.8311
893	0.0	0.7154	0.8237	0.7647	0.6255	0.7154
894	0.0	0.4787	0.6679	0.5222	0.5939	0.4787
895	0.0	0.5864	0.4415	0.6839	0.3533	0.5864
896	0.0	0.4198	0.6094	0.5446	0.5342	0.4198
897	0.0	0.4849	0.4131	0.5068	0.3935	0.4849
898	0.0	0.3608	0.5251	0.4157	0.4431	0.3608
899	0.0	0.6449	1.249	0.8548	0.9841	0.6449
900	0.0	0.4244	0.6769	0.5176	0.5479	0.4244
901	0.0	0.3424	0.4814	0.3773	0.4472	0.3424
902	0.0	0.4711	0.7529	0.5851	0.5487	0.4711
903	0.0	0.3663	0.476	0.5401	0.3645	0.3663
904	0.0	0.4447	0.6573	0.5444	0.5697	0.4447
905	0.0	0.375	0.6732	0.4058	0.5167	0.375
906	0.0	0.4293	0.686	0.702	0.4274	0.4293
907	0.0	0.8901	0.921	1.194	0.735	0.8901
908	0.0	0.631	0.3521	0.6829	0.3146	0.631
909	0.0	0.6878	0.5431	0.9071	0.372	0.6878
910	0.0	0.9402	1.147	1.064	0.9326	0.9402
911	0.0	0.6136	0.7576	0.8462	0.4981	0.6136
912	0.0	0.6172	0.4472	0.6941	0.3652	0.6172
913	0.0	0.3019	0.8512	0.4008	0.5468	0.3019
914	0.0	0.9528	1.267	1.075	0.932	0.9528
915	0.0	0.493	0.5382	0.6842	0.432	0.493
916	0.0	0.543	0.6845	0.704	0.4951	0.543
917	0.0	0.8467	1.021	1.174	0.8856	0.8467
918	0.0	0.6485	0.3787	0.732	0.3248	0.6485
919	0.0	0.4866	0.5354	0.6184	0.3447	0.4866
920	0.0	1.132	1.115	1.407	0.7162	1.132
921	0.0	0.5447	0.3645	0.6772	0.2513	0.5447
922	0.0	0.2874	0.3583	0.3593	0.3334	0.2874
923	0.0	0.2219	0.4139	0.2274	0.3601	0.2219
924	0.0	0.6246	0.5416	0.6937	0.4797	0.6246
925	0.0	0.5596	0.6936	0.8567	0.5554	0.5596
926	0.0	0.3221	0.6116	0.4242	0.5401	0.3221
927	0.0	0.7441	0.7182	0.9647	0.5959	0.7441
928	0.0	0.4799	0.7611	0.6797	0.592	0.4799
929	0.0	0.7139	0.4806	0.8896	0.3468	0.7139
930	0.0	0.576	0.6967	0.6874	0.5325	0.576
931	0.0	0.605	0.701	0.6804	0.5306	0.605
932	0.0	0.4519	0.8213	0.6179	0.5895	0.4519
933	0.0	0.3971	0.5475	0.3972	0.4465	0.3971
934	0.0	0.443	0.4687	0.5215	0.4392	0.443
935	0.0	0.5476	0.5777	0.9094	0.5535	0.5476
936	0.0	0.443	0.3916	0.7222	0.3544	0.443
937	0.0	0.6201	0.78	0.7293	0.5929	0.6201
938	0.0	0.6308	0.9768	0.8394	0.7473	0.6308
939	0.0	0.4739	1.02	0.5723	0.8066	0.4739
940	0.0	0.6564	1.057	0.777	0.7616	0.6564
941	0.0	0.6981	0.413	0.7596	0.3805	0.6981
942	0.0	0.7674	0.7062	0.884	0.6351	0.7674
943	0.0	0.7846	0.9144	0.942	0.7746	0.7846
944	0.0	0.8191	0.5306	0.9684	0.3926	0.8191
945	0.0	0.5796	0.9472	0.6864	0.6487	0.5796
946	0.0	0.4315	0.441	0.4865	0.2597	0.4315
947	0.0	0.5292	0.6151	0.6409	0.499	0.5292
948	0.0	0.5315	0.5866	0.5444	0.5157	0.5315
949	0.0	0.6863	0.764	0.796	0.6789	0.6863
950	0.0	0.5679	0.6303	0.8626	0.5198	0.5679
951	0.0	0.3132	0.6834	0.3632	0.5587	0.3132
952	0.0	0.7309	0.9091	0.9809	0.688	0.7309
953	0.0	0.6338	0.7929	0.8382	0.4794	0.6338
954	0.0	0.7454	0.6405	0.8741	0.4538	0.7454
955	0.0	0.7835	0.5571	0.9448	0.4962	0.7835
956	0.0	0.4118	0.2547	0.5244	0.1898	0.4118
957	0.0	0.5484	0.3859	0.6257	0.3077	0.5484
958	0.0	0.6482	0.7474	0.8029	0.5286	0.6482
959	0.0	0.6269	0.545	0.7489	0.4666	0.6269
960	0.0	0.3332	0.4844	0.4252	0.4125	0.3332
961	0.0	0.3879	0.5039	0.4232	0.4081	0.3879
962	0.0	0.5125	0.7599	0.6194	0.6184	0.5125
963	0.0	0.8001	0.5087	1.027	0.4836	0.8001
964	0.0	0.7467	0.5022	1.088	0.2736	0.7467
965	0.0	0.6609	0.3923	0.754	0.336	0.6609
966	0.0	0.7022	0.3705	0.9106	0.2731	0.7022
967	0.0	0.6988	0.6052	0.7724	0.423	0.6988
968	0.0	0.4617	0.4079	0.5761	0.3594	0.4617
969	0.0	0.5311	0.7144	0.6547	0.5994	0.5311
970	0.0	0.6603	0.6294	0.7695	0.5429	0.6603
971	0.0	1.028	0.61	1.377	0.4194	1.028
972	0.0	0.4268	0.7178	0.4926	0.4956	0.4268
973	0.0	0.5389	0.4753	0.567	0.3606	0.5389
974	0.0	0.3674	0.8187	0.4709	0.7058	0.3674
975	0.0	0.921	0.9803	1.029	0.8215	0.921
976	0.0	0.5948	0.2849	0.6448	0.2284	0.5948
977	0.0	0.5497	0.4416	0.688	0.3422	0.5497
978	0.0	0.6789	0.6994	0.8399	0.5543	0.6789
979	0.0	0.3621	0.7786	0.3989	0.5711	0.3621
980	0.0	0.7607	0.5109	0.8311	0.4285	0.7607
981	0.0	0.4755	0.4542	0.594	0.328	0.4755
982	0.0	0.3061	0.8737	0.3228	0.7419	0.3061
983	0.0	0.3704	0.5453	0.3815	0.453	0.3704
984	0.0	0.6754	0.7173	0.7897	0.541	0.6754
985	0.0	0.6911	0.6542	0.8296	0.5997	0.6911
986	0.0	0.2789	0.6644	0.3461	0.6073	0.2789
987	0.0	0.6372	0.5977	0.7142	0.4194	0.6372
988	0.0	0.2765	0.2565	0.331	0.221	0.2765
989	0.0	0.4735	0.4791	0.56	0.4351	0.4735
990	0.0	0.3197	0.394	0.3712	0.3611	0.3197
991	0.0	0.6835	0.562	0.8146	0.4643	0.6835
992	0.0	0.6054	0.6633	0.6857	0.6124	0.6054
993	0.0	0.6337	0.7423	0.7377	0.6238	0.6337
994	0.0	0.7067	0.4984	0.8522	0.3965	0.7067
995	0.0	0.8661	0.4914	1.014	0.3155	0.8661
996	0.0	0.7174	1.037	0.9395	0.8538	0.7174
997	0.0	0.6362	1.469	0.7725	1.209	0.6362
998	0.0	0.4109	0.478	0.4492	0.4381	0.4109
999	0.0	0.423	0.5345	0.5031	0.492	0.423
1000	0.0	0.7872	0.4609	0.845	0.3725	0.7872
1001	0.0	0.5358	0.5509	0.7243	0.4649	0.5358
1002	0.0	0.502	0.8692	0.6149	0.5707	0.502
1003	0.0	1.108	0.7552	1.376	0.6258	1.108
1004	0.0	0.6102	0.8615	0.7533	0.6434	0.6102
1005	0.0	0.4152	0.4933	0.4415	0.4316	0.4152
1006	0.0	0.3484	0.4794	0.5779	0.3387	0.3484
1007	0.0	0.5334	0.434	0.7005	0.346	0.5334
1008	0.0	0.6358	0.5792	0.7578	0.4973	0.6358
1009	0.0	0.2365	0.4187	0.2855	0.348	0.2365
1010	0.0	0.5123	0.8253	0.793	0.6796	0.5123
1011	0.0	0.88	0.9798	1.136	0.866	0.88
1012	0.0	0.4576	0.3641	0.5943	0.2588	0.4576
1013	0.0	0.6126	0.5554	0.7459	0.5782	0.6126
1014	0.0	0.6792	1.293	0.8863	0.93	0.6792
1015	0.0	0.411	0.3422	0.7586	0.2466	0.411
1016	0.0	0.3102	1.151	0.3678	0.7674	0.3102
1017	0.0	0.6993	0.815	0.8407	0.6902	0.6993
1018	0.0	0.502	1.052	0.5144	0.8619	0.502
1019	0.0	0.8377	0.4448	1.045	0.3644	0.8377
1020	0.0	0.582	0.6162	0.6738	0.5142	0.582
1021	0.0	0.6891	0.6475	0.9617	0.4959	0.6891
1022	0.0	0.5768	0.4782	0.6387	0.3963	0.5768
1023	0.0	0.4877	0.9745	0.813	0.5389	0.4877
1024	0.0	0.8564	1.105	1.126	0.8111	0.8564
1025	0.0	0.6523	0.75	0.8927	0.5324	0.6523
1026	0.0	0.6928	0.7568	0.8484	0.6965	0.6928
1027	0.0	0.6338	0.4256	0.7258	0.381	0.6338
1028	0.0	0.6692	0.4928	0.7611	0.3955	0.6692
1029	0.0	0.5258	0.7418	0.6731	0.5979	0.5258
1030	0.0	0.5549	0.7427	0.634	0.6189	0.5549
1031	0.0	0.4841	0.6811	0.5567	0.5677	0.4841
1032	0.0	0.5985	0.6389	0.7706	0.5001	0.5985
1033	0.0	0.5192	0.5286	0.7107	0.3837	0.5192
1034	0.0	0.496	0.6305	0.5697	0.5993	0.496
1035	0.0	0.544	0.4364	0.6191	0.4039	0.544
1036	0.0	0.721	1.211	0.8253	0.7602	0.721
1037	0.0	0.632	0.7893	0.9116	0.5148	0.632
1038	0.0	0.3304	0.4958	0.3548	0.4565	0.3304
1039	0.0	0.5288	0.5377	0.6777	0.4145	0.5288
1040	0.0	0.723	0.9225	0.8363	0.7285	0.723
