Step	Loss(S)	Loss(T)	fwd_S	fwd_T	rev_S	rev_T
1	0.0	4.305	3.246	4.163	3.96	4.305
2	0.0	3.808	1.231	3.754	1.214	3.808
3	0.0	2.334	3.143	2.29	3.717	2.334
4	0.0	3.794	2.92	3.72	2.751	3.794
5	0.0	3.167	3.669	4.347	3.128	3.167
6	0.0	2.935	1.786	2.753	1.483	2.935
7	0.0	1.814	4.03	3.057	2.285	1.814
8	0.0	1.795	2.706	2.689	1.918	1.795
9	0.0	1.822	2.556	2.384	1.929	1.822
10	0.0	3.509	4.126	6.895	2.416	3.509
11	0.0	1.595	1.805	1.829	1.79	1.595
12	0.0	1.227	1.633	1.38	1.428	1.227
13	0.0	1.743	2.034	1.722	2.559	1.743
14	0.0	1.366	2.414	2.013	1.677	1.366
15	0.0	1.022	1.568	1.144	1.542	1.022
16	0.0	1.399	2.867	2.107	2.297	1.399
17	0.0	1.137	2.102	1.492	1.45	1.137
18	0.0	2.071	2.681	2.742	1.784	2.071
19	0.0	1.473	1.924	1.858	1.546	1.473
20	0.0	1.456	2.225	2.427	1.999	1.456
21	0.0	0.8802	0.6977	0.9925	0.6973	0.8802
22	0.0	1.642	1.402	1.597	1.167	1.642
23	0.0	1.04	1.744	1.144	1.41	1.04
24	0.0	2.169	0.8342	2.181	0.6693	2.169
25	0.0	1.239	1.496	1.492	1.369	1.239
26	0.0	1.899	2.343	2.129	1.825	1.899
27	0.0	1.706	2.041	2.631	1.435	1.706
28	0.0	1.557	1.929	2.175	1.419	1.557
29	0.0	0.8955	0.8769	1.182	0.6563	0.8955
30	0.0	0.8427	1.044	1.21	0.6932	0.8427
31	0.0	2.478	1.731	2.49	1.379	2.478
32	0.0	1.863	1.463	2.72	0.9724	1.863
33	0.0	1.377	1.362	1.789	1.157	1.377
34	0.0	0.8514	1.326	1.121	1.017	0.8514
35	0.0	0.8123	1.079	0.9123	0.8608	0.8123
36	0.0	1.553	2.206	2.836	1.491	1.553
37	0.0	1.752	1.894	2.536	1.555	1.752
38	0.0	1.017	1.037	1.101	0.9646	1.017
39	0.0	1.471	1.99	2.113	1.019	1.471
40	0.0	0.6268	0.9792	0.9208	0.7048	0.6268
41	0.0	1.013	1.801	1.37	1.437	1.013
42	0.0	0.6622	1.445	0.8553	0.853	0.6622
43	0.0	0.4398	1.483	0.6524	1.068	0.4398
44	0.0	0.689	0.7451	0.9765	0.5425	0.689
45	0.0	0.9927	1.178	1.357	0.7991	0.9927
46	0.0	1.208	1.818	1.464	1.591	1.208
47	0.0	0.5308	0.5651	0.6468	0.4904	0.5308
48	0.0	0.8457	1.92	1.298	1.553	0.8457
49	0.0	1.355	1.337	1.636	1.065	1.355
50	0.0	0.6233	1.264	0.7199	1.199	0.6233
51	0.0	0.9796	1.199	1.052	1.146	0.9796
52	0.0	0.209	1.265	0.2705	1.217	0.209
53	0.0	0.9817	1.23	1.169	1.063	0.9817
54	0.0	0.8059	1.233	0.9223	1.08	0.8059
55	0.0	1.108	1.404	1.609	1.221	1.108
56	0.0	0.978	0.7161	1.096	0.573	0.978
57	0.0	0.6925	1.506	1.184	0.8547	0.6925
58	0.0	0.7358	1.426	1.29	1.103	0.7358
59	0.0	1.528	1.891	2.118	1.436	1.528
60	0.0	0.4699	1.519	0.6918	0.8911	0.4699
61	0.0	1.623	1.242	1.968	1.121	1.623
62	0.0	0.7651	1.113	0.8507	0.944	0.7651
63	0.0	0.5292	1.372	0.7332	1.305	0.5292
64	0.0	1.199	1.044	1.36	0.8807	1.199
65	0.0	1.124	0.7925	1.658	0.5915	1.124
66	0.0	0.932	0.4936	1.108	0.4097	0.932
67	0.0	1.054	1.099	1.223	0.7156	1.054
68	0.0	1.204	1.474	1.367	0.9712	1.204
69	0.0	0.8308	0.9062	1.062	0.7316	0.8308
70	0.0	0.8638	1.035	1.152	0.8244	0.8638
71	0.0	1.056	1.192	1.264	0.9638	1.056
72	0.0	1.111	0.8626	1.22	0.6991	1.111
73	0.0	0.5569	1.031	0.5355	1.033	0.5569
74	0.0	1.45	1.576	1.85	1.124	1.45
75	0.0	1.036	0.6961	1.913	0.4898	1.036
76	0.0	0.9065	1.401	1.2	1.086	0.9065
77	0.0	1.589	1.584	1.576	1.249	1.589
78	0.0	0.6176	1.084	0.9873	0.6664	0.6176
79	0.0	1.423	1.683	1.776	1.457	1.423
80	0.0	0.8804	0.9079	1.007	0.7342	0.8804
81	0.0	1.432	1.791	1.587	1.349	1.432
82	0.0	0.8653	1.331	1.699	0.7742	0.8653
83	0.0	1.318	1.56	1.636	1.497	1.318
84	0.0	0.5493	0.9977	0.8781	0.774	0.5493
85	0.0	1.206	0.9073	1.513	0.5752	1.206
86	0.0	0.974	0.8466	1.308	0.6374	0.974
87	0.0	1.375	2.061	1.588	1.595	1.375
88	0.0	1.172	0.7887	1.687	0.5202	1.172
89	0.0	0.9096	1.101	1.02	0.9411	0.9096
90	0.0	0.7247	1.12	0.8605	0.9957	0.7247
91	0.0	0.7173	0.6871	0.7857	0.5665	0.7173
92	0.0	1.076	1.169	1.316	1.122	1.076
93	0.0	1.055	1.043	1.23	0.8478	1.055
94	0.0	0.8408	0.971	0.8914	0.9683	0.8408
95	0.0	0.7683	0.9414	1.058	0.6502	0.7683
96	0.0	0.8944	1.182	1.121	1.032	0.8944
97	0.0	0.5899	0.9375	0.7388	0.7981	0.5899
98	0.0	1.346	1.511	1.463	1.484	1.346
99	0.0	0.9138	1.178	0.8702	1.255	0.9138
100	0.0	0.8006	1.061	0.999	0.8049	0.8006
101	0.0	0.5161	0.8073	0.5928	0.7599	0.5161
102	0.0	0.6632	0.3902	0.6745	0.3375	0.6632
103	0.0	0.8639	0.769	0.991	0.5417	0.8639
104	0.0	1.202	1.213	1.543	1.073	1.202
105	0.0	1.065	1.009	1.361	0.6886	1.065
106	0.0	1.263	1.526	1.535	1.337	1.263
107	0.0	1.132	0.8732	1.36	0.6032	1.132
108	0.0	1.313	0.8365	1.676	0.6689	1.313
109	0.0	1.251	1.639	1.871	1.046	1.251
110	0.0	0.7867	0.7788	0.8578	0.7287	0.7867
111	0.0	0.8855	1.865	1.181	0.9352	0.8855
112	0.0	1.243	1.288	1.688	1.039	1.243
113	0.0	0.6983	1.137	0.8507	1.071	0.6983
114	0.0	1.401	1.944	2.364	1.49	1.401
115	0.0	0.8068	1.04	0.8643	0.9248	0.8068
116	0.0	0.3598	0.8866	0.4502	0.8273	0.3598
117	0.0	0.6294	0.8234	0.7505	0.7519	0.6294
118	0.0	1.265	0.92	1.472	0.6304	1.265
119	0.0	0.4202	0.4561	0.5463	0.3804	0.4202
120	0.0	1.44	1.337	1.607	1.166	1.44
121	0.0	0.8535	1.251	1.02	1.199	0.8535
122	0.0	1.25	1.303	1.404	1.096	1.25
123	0.0	0.5789	0.8581	0.6405	0.8119	0.5789
124	0.0	1.29	1.173	1.48	1.194	1.29
125	0.0	0.9605	1.14	1.145	1.016	0.9605
126	0.0	0.9234	1.008	1.098	0.8932	0.9234
127	0.0	0.6073	0.9175	0.7201	0.7385	0.6073
128	0.0	1.054	1.348	1.18	1.078	1.054
129	0.0	0.4527	0.8878	0.5435	0.7557	0.4527
130	0.0	1.123	0.4936	1.346	0.3662	1.123
131	0.0	1.012	1.576	1.373	1.25	1.012
132	0.0	1.265	1.32	1.669	1.029	1.265
133	0.0	0.5204	1.017	0.5838	0.9154	0.5204
134	0.0	1.262	0.7058	1.512	0.4663	1.262
135	0.0	1.237	1.127	1.411	1.082	1.237
136	0.0	1.382	1.81	1.918	1.238	1.382
137	0.0	1.021	0.7471	1.164	0.6114	1.021
138	0.0	0.9059	0.8227	0.9339	0.8379	0.9059
139	0.0	0.9419	0.9333	1.129	0.8255	0.9419
140	0.0	1.141	1.404	1.267	1.209	1.141
141	0.0	1.03	1.178	1.291	1.114	1.03
142	0.0	0.3934	0.7122	0.4934	0.5693	0.3934
143	0.0	0.8269	1.663	1.255	0.9063	0.8269
144	0.0	0.5633	1.035	0.7669	0.6624	0.5633
145	0.0	1.349	1.418	1.713	1.131	1.349
146	0.0	0.6323	1.263	0.8839	1.014	0.6323
147	0.0	0.5726	0.765	0.6077	0.6369	0.5726
148	0.0	0.8387	0.8315	1.439	0.5834	0.8387
149	0.0	0.6382	1.119	1.036	0.6709	0.6382
150	0.0	1.082	0.5389	1.147	0.4253	1.082
151	0.0	0.7328	0.605	0.9098	0.4736	0.7328
152	0.0	0.9502	1.223	1.121	1.063	0.9502
153	0.0	0.9033	0.9308	1.104	0.7756	0.9033
154	0.0	0.5785	0.9545	0.6441	0.8548	0.5785
155	0.0	0.7117	0.9521	0.8435	0.7942	0.7117
156	0.0	0.4586	0.871	0.6951	0.6535	0.4586
157	0.0	0.7557	0.9091	0.933	0.8205	0.7557
158	0.0	0.6611	0.6674	0.7544	0.5714	0.6611
159	0.0	1.21	1.184	1.459	1.075	1.21
160	0.0	0.6882	0.6916	0.852	0.631	0.6882
161	0.0	0.535	1.342	0.9823	0.8478	0.535
162	0.0	0.6691	1.373	0.9386	1.042	0.6691
163	0.0	1.126	0.6317	1.31	0.5278	1.126
164	0.0	0.5852	0.4989	1.099	0.402	0.5852
165	0.0	1.48	1.364	1.508	1.076	1.48
166	0.0	0.7255	0.7614	0.7979	0.6968	0.7255
167	0.0	0.8413	0.6753	0.9706	0.5128	0.8413
168	0.0	0.8892	1.096	0.9447	0.9863	0.8892
169	0.0	0.864	0.7994	1.277	0.6643	0.864
170	0.0	0.6374	0.8048	0.631	0.6781	0.6374
171	0.0	0.9373	0.6182	1.194	0.4086	0.9373
172	0.0	1.123	0.96	1.149	0.8085	1.123
173	0.0	0.7185	0.9274	0.8333	0.8063	0.7185
174	0.0	0.5868	0.669	0.6763	0.6416	0.5868
175	0.0	1.103	1.023	1.368	0.8964	1.103
176	0.0	0.7967	0.9974	0.804	0.9727	0.7967
177	0.0	0.6842	0.7126	0.6047	0.6047	0.6842
178	0.0	1.025	0.9093	1.313	0.8043	1.025
179	0.0	1.036	1.769	2.119	0.9257	1.036
180	0.0	0.9178	0.6972	0.8171	0.586	0.9178
181	0.0	0.9727	1.146	1.186	0.9226	0.9727
182	0.0	0.5524	1.555	0.989	0.7941	0.5524
183	0.0	0.9753	1.455	1.313	1.396	0.9753
184	0.0	1.27	0.9158	1.238	0.8277	1.27
185	0.0	0.5415	1.094	0.7552	1.072	0.5415
186	0.0	0.9922	1.391	1.553	0.781	0.9922
187	0.0	1.229	1.035	1.34	0.9528	1.229
188	0.0	0.4498	1.047	0.6013	0.8387	0.4498
189	0.0	0.8381	1.7	1.106	0.7261	0.8381
190	0.0	0.7198	1.086	0.8158	0.8982	0.7198
191	0.0	1.047	1.602	1.213	1.361	1.047
192	0.0	0.5369	1.128	0.7468	0.6164	0.5369
193	0.0	0.5085	1.084	0.6804	0.9425	0.5085
194	0.0	0.7259	1.036	0.8763	0.8687	0.7259
195	0.0	0.6755	0.8478	0.7923	0.7365	0.6755
196	0.0	0.8684	0.9594	1.063	0.7728	0.8684
197	0.0	0.7536	1.009	0.9115	0.7816	0.7536
198	0.0	0.6664	0.6414	0.7297	0.6331	0.6664
199	0.0	1.214	0.4469	1.391	0.4053	1.214
200	0.0	0.3993	0.7211	0.5611	0.6091	0.3993
201	0.0	0.725	1.093	0.9063	0.861	0.725
202	0.0	1.02	1.054	1.212	1.034	1.02
203	0.0	0.6338	1.038	0.6775	0.9133	0.6338
204	0.0	0.6831	1.004	0.893	0.7377	0.6831
205	0.0	0.5883	0.5845	0.5957	0.5286	0.5883
206	0.0	0.532	0.6241	0.5827	0.5734	0.532
207	0.0	0.8575	0.7061	0.7516	0.5248	0.8575
208	0.0	0.6145	1.006	0.7803	0.8936	0.6145
209	0.0	1.174	0.8387	1.261	0.6367	1.174
210	0.0	1.06	1.376	1.244	1.174	1.06
211	0.0	1.149	1.331	1.449	1.187	1.149
212	0.0	0.7784	0.5482	0.9206	0.401	0.7784
213	0.0	1.364	1.299	1.625	0.9737	1.364
214	0.0	0.7382	1.045	0.7801	0.9795	0.7382
215	0.0	0.4601	0.6842	1.127	0.4839	0.4601
216	0.0	1.287	1.444	1.355	1.234	1.287
217	0.0	0.835	0.6875	0.961	0.5721	0.835
218	0.0	1.252	1.61	1.803	1.137	1.252
219	0.0	0.5774	0.862	0.6317	0.7043	0.5774
220	0.0	0.8314	0.8291	0.9449	0.7486	0.8314
221	0.0	0.9123	0.8399	0.8359	1.227	0.9123
222	0.0	0.9777	1.16	1.097	0.9412	0.9777
223	0.0	0.4856	0.7775	0.5854	0.7676	0.4856
224	0.0	0.5397	0.5072	0.7009	0.3179	0.5397
225	0.0	1.209	0.6518	1.464	0.4234	1.209
226	0.0	0.8753	1.115	0.888	0.94	0.8753
227	0.0	0.342	0.64	0.385	0.6286	0.342
228	0.0	0.8726	0.7575	0.9479	0.6911	0.8726
229	0.0	0.647	0.8074	0.7323	0.6542	0.647
230	0.0	0.8531	0.6481	1.05	0.585	0.8531
231	0.0	0.6477	0.88	0.7984	0.8024	0.6477
232	0.0	0.6027	1.351	0.7158	1.176	0.6027
233	0.0	0.5147	0.9115	0.5705	0.7905	0.5147
234	0.0	1.034	1.127	1.146	1.092	1.034
235	0.0	0.9169	1.34	0.9805	1.111	0.9169
236	0.0	0.7879	1.131	1.037	0.9658	0.7879
237	0.0	0.4395	0.7735	0.5142	0.7631	0.4395
238	0.0	1.156	1.316	1.185	1.152	1.156
239	0.0	1.218	1.334	1.247	1.217	1.218
240	0.0	1.123	1.035	1.373	0.8823	1.123
241	0.0	0.861	0.7933	0.9103	0.7956	0.861
242	0.0	0.6554	0.6459	0.6766	0.6396	0.6554
243	0.0	0.4567	0.7351	0.5067	0.6693	0.4567
244	0.0	0.6353	0.7153	0.678	0.6351	0.6353
245	0.0	0.8666	1.027	1.129	0.8576	0.8666
246	0.0	0.4269	0.8378	0.441	0.8376	0.4269
247	0.0	0.7388	0.787	1.212	0.5229	0.7388
248	0.0	0.3845	0.7123	0.5606	0.5105	0.3845
249	0.0	0.811	1.159	0.8838	1.024	0.811
250	0.0	0.4119	1.186	0.6111	0.9513	0.4119
251	0.0	0.3886	0.8206	0.4426	0.7099	0.3886
252	0.0	0.4966	0.6961	0.7812	0.4647	0.4966
253	0.0	0.5403	1.027	0.7816	0.8546	0.5403
254	0.0	0.8388	0.8749	0.8518	0.8461	0.8388
255	0.0	0.4877	0.4472	0.5103	0.3915	0.4877
256	0.0	1.066	1.159	1.142	1.078	1.066
257	0.0	1.004	0.9464	1.166	0.7619	1.004
258	0.0	0.576	0.6366	0.6799	0.5579	0.576
259	0.0	0.6115	0.7674	0.7279	0.731	0.6115
260	0.0	0.2095	0.6667	0.2517	0.5449	0.2095
261	0.0	0.6941	0.7321	0.8076	0.7368	0.6941
262	0.0	0.6151	0.6738	0.6889	0.6256	0.6151
263	0.0	0.9065	1.133	0.9885	1.022	0.9065
264	0.0	0.7029	0.7416	0.769	0.7227	0.7029
265	0.0	0.6533	0.7724	1.019	0.508	0.6533
266	0.0	0.877	1.009	1.009	0.863	0.877
267	0.0	1.01	1.092	1.18	0.9433	1.01
268	0.0	0.5638	1.118	0.774	0.9535	0.5638
269	0.0	1.317	0.676	1.308	0.5023	1.317
270	0.0	0.6948	0.7974	0.7295	0.6998	0.6948
271	0.0	0.7384	0.745	0.7427	0.6805	0.7384
272	0.0	0.7549	1.067	1.008	0.9672	0.7549
273	0.0	0.8859	0.8114	1.162	0.6729	0.8859
274	0.0	0.5905	0.6035	0.6017	0.5821	0.5905
275	0.0	0.3016	0.6048	0.4153	0.4571	0.3016
276	0.0	0.9367	0.8385	0.9651	0.8541	0.9367
277	0.0	0.5005	0.6485	0.5472	0.5647	0.5005
278	0.0	0.6846	0.4766	0.7508	0.3521	0.6846
279	0.0	0.7413	0.9734	0.7874	0.8798	0.7413
280	0.0	0.8889	0.7334	0.9735	0.6274	0.8889
281	0.0	0.853	0.7754	1.157	0.8022	0.853
282	0.0	0.7387	1.061	0.8917	0.9187	0.7387
283	0.0	0.9768	1.691	1.815	0.8569	0.9768
284	0.0	0.7052	0.878	0.7645	0.7223	0.7052
285	0.0	0.8632	1.003	1.079	0.9332	0.8632
286	0.0	1.076	1.142	1.781	0.7274	1.076
287	0.0	1.101	1.283	1.282	1.391	1.101
288	0.0	0.8172	0.7852	0.9128	0.8251	0.8172
289	0.0	0.9369	0.6196	0.9503	0.5094	0.9369
290	0.0	0.5513	1.267	0.8239	0.7125	0.5513
291	0.0	0.8796	0.9896	0.8803	0.9287	0.8796
292	0.0	0.2879	0.4571	0.3994	0.3042	0.2879
293	0.0	0.9457	0.7823	1.172	0.529	0.9457
294	0.0	0.7913	0.9842	0.8339	0.8719	0.7913
295	0.0	0.9822	1.13	1.18	1.041	0.9822
296	0.0	1.057	1.095	1.19	1.014	1.057
297	0.0	0.8096	1.068	0.8997	0.8369	0.8096
298	0.0	0.5308	0.5636	0.5275	0.4774	0.5308
299	0.0	0.6981	0.3996	0.7497	0.406	0.6981
300	0.0	0.918	0.3834	1.022	0.3826	0.918
301	0.0	0.9638	1.051	1.167	0.9061	0.9638
302	0.0	0.6669	0.8842	0.7246	0.7695	0.6669
303	0.0	0.9737	0.5993	1.09	0.4806	0.9737
304	0.0	0.466	0.5897	0.5592	0.4464	0.466
305	0.0	0.4594	0.7886	0.438	0.7313	0.4594
306	0.0	1.018	0.528	1.001	0.498	1.018
307	0.0	0.8395	0.8372	0.7926	0.7711	0.8395
308	0.0	0.1654	0.7527	0.2045	0.6288	0.1654
309	0.0	0.7661	0.4899	0.7439	0.4177	0.7661
310	0.0	0.5927	0.5334	0.629	0.5382	0.5927
311	0.0	0.5964	0.7073	0.6964	0.571	0.5964
312	0.0	0.6474	1.013	0.8154	0.8841	0.6474
313	0.0	0.669	1.254	0.721	0.9204	0.669
314	0.0	1.088	0.5362	1.342	0.3979	1.088
315	0.0	0.9133	1.05	1.198	0.8435	0.9133
316	0.0	0.8558	1.251	0.9848	0.9628	0.8558
317	0.0	1.159	1.28	1.442	0.9589	1.159
318	0.0	0.54	0.8143	0.6121	0.6921	0.54
319	0.0	0.5808	1.177	1.035	0.5747	0.5808
320	0.0	0.9187	1.151	1.144	1.004	0.9187
321	0.0	0.8838	0.8417	1.254	0.6554	0.8838
322	0.0	1.329	1.243	1.734	0.983	1.329
323	0.0	0.6731	0.8946	0.7089	0.8344	0.6731
324	0.0	0.6626	0.8018	0.751	0.7281	0.6626
325	0.0	0.6074	0.8895	0.7246	1.136	0.6074
326	0.0	0.8897	0.8332	0.9929	0.7725	0.8897
327	0.0	0.8009	0.7743	0.8824	0.7565	0.8009
328	0.0	0.7126	0.9956	0.8066	0.869	0.7126
329	0.0	1.057	0.9235	1.169	0.852	1.057
330	0.0	0.8619	0.9592	1.012	0.9018	0.8619
331	0.0	0.67	0.7411	0.745	0.6283	0.67
332	0.0	0.8284	0.6693	0.9187	0.6036	0.8284
333	0.0	0.7999	0.5124	0.9166	0.4664	0.7999
334	0.0	0.7559	1.453	0.9097	1.234	0.7559
335	0.0	0.6348	0.8358	0.6983	0.7423	0.6348
336	0.0	1.107	1.078	1.266	0.864	1.107
337	0.0	0.652	0.6733	0.7362	0.6472	0.652
338	0.0	0.9356	0.5762	0.9504	0.4921	0.9356
339	0.0	0.8557	0.8007	1.134	0.6959	0.8557
340	0.0	0.6859	0.8897	0.8591	0.7662	0.6859
341	0.0	0.4689	0.7795	0.5473	0.599	0.4689
342	0.0	1.41	1.599	1.551	1.402	1.41
343	0.0	0.8648	0.8586	0.9353	0.8128	0.8648
344	0.0	0.7891	1.467	1.195	1.327	0.7891
345	0.0	0.3819	0.3945	0.4346	0.35	0.3819
346	0.0	0.8469	0.8856	0.9593	0.7839	0.8469
347	0.0	0.7334	0.6388	0.8291	0.5114	0.7334
348	0.0	0.7426	0.5661	0.7819	0.4318	0.7426
349	0.0	1.006	0.8744	1.081	0.8978	1.006
350	0.0	0.9924	0.4915	1.087	0.422	0.9924
351	0.0	0.9667	1.198	1.518	0.719	0.9667
352	0.0	0.5484	0.7457	0.7652	0.5037	0.5484
353	0.0	1.113	1.084	1.437	1.0	1.113
354	0.0	0.5378	0.8637	0.7208	0.6603	0.5378
355	0.0	0.3088	0.4972	0.3424	0.4952	0.3088
356	0.0	0.3465	1.518	0.4106	1.022	0.3465
357	0.0	0.5714	1.01	0.7661	0.8262	0.5714
358	0.0	0.9924	0.6971	0.9907	0.6489	0.9924
359	0.0	0.51	0.6364	0.5072	0.4061	0.51
360	0.0	1.117	1.075	1.326	0.9724	1.117
361	0.0	0.5659	0.9053	0.8543	0.7598	0.5659
362	0.0	0.4853	0.7865	0.5193	0.7038	0.4853
363	0.0	0.7306	0.8509	0.8646	0.756	0.7306
364	0.0	0.3905	1.08	0.4598	0.9331	0.3905
365	0.0	0.6268	0.8635	0.7255	0.7547	0.6268
366	0.0	0.5599	0.891	0.6028	0.7248	0.5599
367	0.0	1.256	1.062	1.707	0.9932	1.256
368	0.0	0.6252	0.7931	0.6726	0.6365	0.6252
369	0.0	0.7463	0.5534	0.9427	0.5689	0.7463
370	0.0	0.6717	0.6213	0.8933	0.4529	0.6717
371	0.0	1.036	1.616	1.177	1.328	1.036
372	0.0	0.548	1.039	0.7793	0.7247	0.548
373	0.0	0.6737	0.7133	0.8849	0.6352	0.6737
374	0.0	0.6358	0.404	0.6773	0.3966	0.6358
375	0.0	0.6932	0.487	0.6893	0.4493	0.6932
376	0.0	0.9233	0.7033	1.069	0.6479	0.9233
377	0.0	0.6856	0.762	0.8972	0.6004	0.6856
378	0.0	0.5435	0.5794	0.5893	0.5513	0.5435
379	0.0	0.6304	0.5576	0.8142	0.4455	0.6304
380	0.0	0.9895	0.9264	1.176	0.7096	0.9895
381	0.0	0.5891	0.7332	0.6427	0.6579	0.5891
382	0.0	0.6932	0.8947	0.7575	0.8609	0.6932
383	0.0	0.7356	1.04	0.7361	0.9537	0.7356
384	0.0	0.5865	0.5406	0.6215	0.4506	0.5865
385	0.0	0.6849	0.6651	0.6596	0.6482	0.6849
386	0.0	0.869	1.063	0.9553	0.8685	0.869
387	0.0	0.6392	1.193	1.144	0.761	0.6392
388	0.0	0.8148	0.3622	1.065	0.3734	0.8148
389	0.0	1.001	1.312	1.084	1.221	1.001
390	0.0	0.6263	1.223	0.995	0.6364	0.6263
391	0.0	0.7221	0.8598	0.9665	0.719	0.7221
392	0.0	0.5899	0.6192	0.7703	0.6517	0.5899
393	0.0	1.089	1.106	1.183	1.058	1.089
394	0.0	0.5616	1.02	0.9048	0.6653	0.5616
395	0.0	1.112	1.332	1.109	1.088	1.112
396	0.0	1.061	0.9769	1.239	0.733	1.061
397	0.0	0.5423	0.552	0.6454	0.4556	0.5423
398	0.0	0.933	1.01	0.7879	1.04	0.933
399	0.0	1.031	1.131	0.9958	1.104	1.031
400	0.0	0.6854	0.5675	1.083	0.4426	0.6854
401	0.0	0.9188	0.6322	1.172	0.5059	0.9188
402	0.0	0.6587	0.9278	0.7764	0.7737	0.6587
403	0.0	0.5165	0.4127	0.5885	0.3822	0.5165
404	0.0	0.8058	0.8488	0.7864	0.7522	0.8058
405	0.0	0.658	0.9147	0.7223	0.829	0.658
406	0.0	0.8242	0.7715	0.9421	0.6714	0.8242
407	0.0	0.7478	0.4055	0.861	0.3483	0.7478
408	0.0	1.037	0.5968	1.131	0.5762	1.037
409	0.0	0.6963	1.06	0.803	0.8633	0.6963
410	0.0	0.9762	0.8024	1.002	0.7343	0.9762
411	0.0	0.6136	0.6915	0.714	0.5941	0.6136
412	0.0	0.4844	1.064	0.6555	0.8376	0.4844
413	0.0	0.5863	0.3832	0.4559	0.3246	0.5863
414	0.0	0.4732	0.4613	0.5339	0.4565	0.4732
415	0.0	0.967	1.375	1.199	1.176	0.967
416	0.0	0.7518	0.8255	0.8914	0.7633	0.7518
417	0.0	0.8079	0.8336	0.882	0.6289	0.8079
418	0.0	0.9438	1.079	1.022	0.9372	0.9438
419	0.0	1.248	0.9724	1.575	0.8305	1.248
420	0.0	0.7593	1.073	0.8583	1.074	0.7593
421	0.0	0.7871	1.883	1.082	1.207	0.7871
422	0.0	0.7977	0.5912	0.9695	0.527	0.7977
423	0.0	0.4376	1.028	0.6397	0.5308	0.4376
424	0.0	0.872	1.295	1.039	1.057	0.872
425	0.0	0.7161	0.8935	0.843	0.7923	0.7161
426	0.0	0.8648	0.923	1.021	0.7872	0.8648
427	0.0	0.8965	0.8738	0.9101	0.7537	0.8965
428	0.0	0.5591	0.5795	0.6145	0.5385	0.5591
429	0.0	0.8591	0.5901	0.8186	0.5449	0.8591
430	0.0	0.8219	1.419	1.002	1.239	0.8219
431	0.0	0.5191	0.4878	0.53	0.4367	0.5191
432	0.0	0.9531	1.021	0.9714	0.8742	0.9531
433	0.0	1.029	1.003	1.15	0.8872	1.029
434	0.0	0.7504	0.8527	0.8657	0.7869	0.7504
435	0.0	0.4417	0.7956	0.4736	0.5952	0.4417
436	0.0	0.7169	0.7282	0.8141	0.6524	0.7169
437	0.0	0.411	0.5449	0.467	0.502	0.411
438	0.0	0.6977	0.6085	0.8017	0.4605	0.6977
439	0.0	0.7501	0.7174	0.9267	0.5647	0.7501
440	0.0	0.6686	0.9688	0.8309	0.8436	0.6686
441	0.0	0.481	0.5568	0.5484	0.4982	0.481
442	0.0	0.6675	0.8084	0.7635	0.7537	0.6675
443	0.0	1.185	1.116	1.48	0.9224	1.185
444	0.0	1.028	1.201	1.228	0.9418	1.028
445	0.0	0.4069	0.5089	0.4679	0.4812	0.4069
446	0.0	1.026	0.9948	1.434	0.915	1.026
447	0.0	0.8059	0.9981	0.8289	1.0	0.8059
448	0.0	0.7861	0.3944	0.9657	0.3456	0.7861
449	0.0	0.7414	0.5204	0.8629	0.4517	0.7414
450	0.0	0.6077	0.4922	0.714	0.4736	0.6077
451	0.0	0.8277	0.6853	0.9396	0.5763	0.8277
452	0.0	0.5615	0.5629	0.5862	0.5477	0.5615
453	0.0	0.9679	1.118	1.078	0.9617	0.9679
454	0.0	0.7625	0.6815	0.8841	0.6435	0.7625
455	0.0	0.9392	1.094	1.333	0.6571	0.9392
456	0.0	0.775	1.057	0.8693	0.7781	0.775
457	0.0	0.8154	0.3672	0.8725	0.261	0.8154
458	0.0	0.7276	0.4893	0.9305	0.4105	0.7276
459	0.0	0.5918	0.4345	0.6737	0.399	0.5918
460	0.0	0.3585	0.5695	0.3988	0.5149	0.3585
461	0.0	0.5121	0.4912	0.5247	0.3781	0.5121
462	0.0	0.8771	0.3079	1.042	0.2931	0.8771
463	0.0	0.3688	0.5311	0.4453	0.4746	0.3688
464	0.0	0.9317	1.012	1.024	0.9241	0.9317
465	0.0	0.7376	0.4936	0.8564	0.5117	0.7376
466	0.0	0.6082	0.7285	0.6513	0.662	0.6082
467	0.0	0.7692	0.6996	0.7844	0.6134	0.7692
468	0.0	0.7094	0.942	0.8628	0.823	0.7094
469	0.0	0.5789	0.7293	0.7311	0.6967	0.5789
470	0.0	0.3356	0.4426	0.4016	0.4008	0.3356
471	0.0	1.079	1.364	1.246	1.043	1.079
472	0.0	0.6371	0.7619	0.6581	0.6833	0.6371
473	0.0	0.4927	0.9143	0.6473	0.7447	0.4927
474	0.0	0.5668	0.5539	0.6315	0.4274	0.5668
475	0.0	0.9926	1.391	1.227	1.019	0.9926
476	0.0	0.5256	0.8369	0.6304	0.6235	0.5256
477	0.0	0.5806	1.001	0.6034	0.8824	0.5806
478	0.0	0.6433	0.6424	0.6734	0.5793	0.6433
479	0.0	0.4193	0.9813	0.4339	0.8613	0.4193
480	0.0	0.9221	0.5924	1.061	0.5152	0.9221
481	0.0	0.3757	0.9743	0.5198	0.8326	0.3757
482	0.0	0.5192	0.648	0.5801	0.5191	0.5192
483	0.0	0.4991	0.8323	0.6088	0.7438	0.4991
484	0.0	1.129	0.6827	1.109	0.5958	1.129
485	0.0	0.5194	0.6016	0.553	0.5382	0.5194
486	0.0	0.9217	0.9862	1.046	0.8806	0.9217
487	0.0	0.678	0.5497	0.7415	0.5106	0.678
488	0.0	0.3151	0.6865	0.3709	0.5538	0.3151
489	0.0	1.265	0.7562	1.526	0.7088	1.265
490	0.0	0.7791	0.9597	0.8812	0.8367	0.7791
491	0.0	0.8617	1.91	1.353	1.022	0.8617
492	0.0	1.25	0.6599	1.27	0.6631	1.25
493	0.0	1.098	0.9281	1.148	0.8146	1.098
494	0.0	0.6101	0.6046	0.9477	0.4316	0.6101
495	0.0	0.5125	0.9394	0.6795	0.8604	0.5125
496	0.0	0.4714	0.5011	0.5232	0.4325	0.4714
497	0.0	0.9211	1.127	0.9844	1.103	0.9211
498	0.0	0.7493	1.22	1.259	0.7474	0.7493
499	0.0	0.9771	0.9048	1.028	0.7938	0.9771
500	0.0	0.3399	1.067	0.5752	1.138	0.3399
501	0.0	0.8777	0.7261	0.9701	0.5735	0.8777
502	0.0	0.8047	0.8624	0.787	0.85	0.8047
503	0.0	0.9031	1.13	1.048	1.015	0.9031
504	0.0	0.8351	0.757	1.059	0.6977	0.8351
505	0.0	0.5624	0.7846	0.7211	0.6674	0.5624
506	0.0	0.5379	0.8369	0.6265	0.8703	0.5379
507	0.0	0.6475	0.7789	0.7456	0.7479	0.6475
508	0.0	0.5533	1.012	0.6008	0.9571	0.5533
509	0.0	0.8455	0.8831	0.9219	0.7868	0.8455
510	0.0	1.142	0.4839	0.9215	0.422	1.142
511	0.0	0.9062	0.5306	1.029	0.401	0.9062
512	0.0	0.7087	0.6997	0.8512	0.6584	0.7087
513	0.0	0.8776	0.77	1.003	0.7079	0.8776
514	0.0	0.8483	0.4984	0.8001	0.4736	0.8483
515	0.0	0.7278	0.7024	0.838	0.61	0.7278
516	0.0	0.5699	0.5554	0.6475	0.561	0.5699
517	0.0	0.599	0.4284	0.7228	0.4525	0.599
518	0.0	0.6254	0.3896	0.5939	0.3433	0.6254
519	0.0	0.2826	0.421	0.3586	0.3405	0.2826
520	0.0	0.7987	0.9138	0.956	0.8237	0.7987
521	0.0	0.9977	0.9541	1.2	0.8078	0.9977
522	0.0	1.034	1.107	1.145	1.134	1.034
523	0.0	0.5546	0.9059	0.6398	0.708	0.5546
524	0.0	0.8679	1.023	0.9647	0.951	0.8679
525	0.0	0.4901	1.819	0.7018	1.227	0.4901
526	0.0	0.8203	0.7108	0.8881	0.6187	0.8203
527	0.0	0.6675	0.7381	1.17	0.5459	0.6675
528	0.0	0.8415	1.425	0.8753	1.395	0.8415
529	0.0	0.4007	0.7728	0.485	0.615	0.4007
530	0.0	0.6701	0.6671	0.8135	0.5223	0.6701
531	0.0	0.705	0.8256	0.762	0.7735	0.705
532	0.0	0.6691	0.7696	0.7064	0.7226	0.6691
533	0.0	0.6629	0.8718	0.6807	0.9283	0.6629
534	0.0	0.9236	0.9139	0.9029	0.9692	0.9236
535	0.0	0.5318	0.4755	0.6451	0.4216	0.5318
536	0.0	0.8569	0.9123	0.9632	0.8465	0.8569
537	0.0	0.9965	1.006	1.027	0.8735	0.9965
538	0.0	0.6707	0.9881	0.7261	0.821	0.6707
539	0.0	0.4499	1.015	0.4549	0.8889	0.4499
540	0.0	0.8341	0.8661	0.9794	0.7824	0.8341
541	0.0	0.5342	0.7415	0.6174	0.6198	0.5342
542	0.0	0.3333	0.77	0.3775	0.6662	0.3333
543	0.0	0.701	1.065	0.7487	1.019	0.701
544	0.0	0.935	0.7573	1.075	0.7751	0.935
545	0.0	0.6172	0.75	0.67	0.7034	0.6172
546	0.0	0.8938	1.027	0.9069	0.9639	0.8938
547	0.0	1.024	1.541	1.063	1.22	1.024
548	0.0	0.799	0.7221	0.9882	0.5224	0.799
549	0.0	0.723	0.5472	0.7356	0.4688	0.723
550	0.0	0.7816	0.9171	0.9712	0.9	0.7816
551	0.0	0.7492	0.7677	0.767	0.6963	0.7492
552	0.0	0.6291	0.6947	0.7733	0.7011	0.6291
553	0.0	0.4555	0.6825	0.5349	0.6702	0.4555
554	0.0	0.5779	0.9426	0.5878	0.8041	0.5779
555	0.0	0.4824	0.5676	0.5507	0.5118	0.4824
556	0.0	0.3951	0.5561	0.4746	0.5431	0.3951
557	0.0	0.9451	1.075	1.151	0.8728	0.9451
558	0.0	0.6038	0.614	0.6307	0.561	0.6038
559	0.0	0.5333	0.8844	0.7034	0.5513	0.5333
560	0.0	0.3476	0.8471	0.4437	0.5785	0.3476
561	0.0	0.6875	0.8524	0.8328	0.7457	0.6875
562	0.0	0.4514	0.6888	0.5923	0.498	0.4514
563	0.0	0.655	0.7808	0.6468	0.7556	0.655
564	0.0	0.4467	0.7232	0.5198	0.4615	0.4467
565	0.0	1.046	1.252	1.083	0.9779	1.046
566	0.0	0.695	0.4671	0.8937	0.3944	0.695
567	0.0	0.8957	0.3971	0.8929	0.3477	0.8957
568	0.0	0.5975	0.499	0.7348	0.3932	0.5975
569	0.0	0.7433	0.9424	0.7524	0.7312	0.7433
570	0.0	0.7678	0.6409	0.8543	0.58	0.7678
571	0.0	0.5737	0.7566	0.7181	0.6256	0.5737
572	0.0	0.5749	0.7866	0.7851	0.6473	0.5749
573	0.0	0.5655	0.7806	0.6387	0.7101	0.5655
574	0.0	0.6892	0.7104	0.6638	0.6142	0.6892
575	0.0	1.12	1.303	1.134	1.191	1.12
576	0.0	0.5665	0.5621	0.6624	0.5323	0.5665
577	0.0	0.4851	0.5613	0.6727	0.4864	0.4851
578	0.0	0.8665	1.226	1.003	0.942	0.8665
579	0.0	0.999	1.317	1.064	1.129	0.999
580	0.0	1.006	0.9295	1.103	0.6474	1.006
581	0.0	0.7746	1.016	0.7645	0.8399	0.7746
582	0.0	0.6121	0.5651	0.7229	0.5203	0.6121
583	0.0	0.7597	0.6599	0.7828	0.5742	0.7597
584	0.0	0.1912	0.6961	0.2939	0.6437	0.1912
585	0.0	0.4999	0.7121	0.627	0.5162	0.4999
586	0.0	0.3665	0.3097	0.3574	0.311	0.3665
587	0.0	0.8047	0.6812	1.248	0.5767	0.8047
588	0.0	0.7319	0.92	0.8711	0.7576	0.7319
589	0.0	0.3522	0.3139	0.4066	0.2782	0.3522
590	0.0	0.844	0.6972	0.9912	0.6246	0.844
591	0.0	0.8321	0.8258	0.9094	0.6531	0.8321
592	0.0	0.9093	0.7578	0.8961	0.7142	0.9093
593	0.0	0.7205	0.5616	0.7533	0.5067	0.7205
594	0.0	0.8502	0.9386	0.9242	0.9099	0.8502
595	0.0	0.9142	1.361	1.32	0.8246	0.9142
596	0.0	0.6774	0.6648	0.7327	0.5386	0.6774
597	0.0	0.8673	0.5719	0.9153	0.5426	0.8673
598	0.0	0.5346	0.7069	0.7695	0.4678	0.5346
599	0.0	0.4281	0.8394	0.5683	0.7951	0.4281
600	0.0	0.4002	0.7732	0.4714	0.697	0.4002
601	0.0	0.572	0.9951	0.5091	0.9144	0.572
602	0.0	0.6759	0.9805	1.113	0.5936	0.6759
603	0.0	1.209	1.022	1.176	0.8648	1.209
604	0.0	0.3743	0.9158	0.483	0.9274	0.3743
605	0.0	0.5953	0.4642	0.8428	0.3903	0.5953
606	0.0	0.5396	0.8681	0.6402	0.7252	0.5396
607	0.0	0.9311	0.9921	1.027	0.8116	0.9311
608	0.0	0.6071	0.4356	0.6881	0.3722	0.6071
609	0.0	0.4498	0.7264	0.5524	0.5682	0.4498
610	0.0	0.479	0.7927	0.5424	0.6905	0.479
611	0.0	0.6386	0.6095	0.6268	0.5359	0.6386
612	0.0	0.4238	0.9544	0.4649	0.8835	0.4238
613	0.0	0.6993	0.9356	0.8092	0.7733	0.6993
614	0.0	0.6394	0.4557	0.6875	0.4306	0.6394
615	0.0	0.8178	0.7386	0.7797	0.6642	0.8178
616	0.0	0.4107	0.599	0.4818	0.5389	0.4107
617	0.0	0.3283	0.8366	0.3975	0.7614	0.3283
618	0.0	0.9976	0.9898	0.9856	0.8867	0.9976
619	0.0	0.7232	0.6738	0.7189	0.6389	0.7232
620	0.0	0.6178	0.7434	0.7637	0.7029	0.6178
621	0.0	0.3756	1.378	0.4279	0.9942	0.3756
622	0.0	0.5269	0.5205	0.6003	0.4243	0.5269
623	0.0	1.389	0.5945	1.171	0.5432	1.389
624	0.0	0.3967	0.6935	0.4571	0.5774	0.3967
625	0.0	0.8424	0.8671	0.8048	0.6872	0.8424
626	0.0	1.037	1.254	1.152	1.178	1.037
627	0.0	1.069	0.421	1.109	0.2423	1.069
628	0.0	0.2542	0.9579	0.3356	0.8802	0.2542
629	0.0	0.5879	1.036	0.7489	0.8144	0.5879
630	0.0	0.7379	0.9931	0.7976	0.8741	0.7379
631	0.0	0.5663	1.146	0.8245	0.6376	0.5663
632	0.0	1.185	1.157	1.222	0.9043	1.185
633	0.0	0.443	0.8634	0.6285	0.6824	0.443
634	0.0	0.3026	1.114	0.3101	0.8895	0.3026
635	0.0	0.4811	0.6058	0.5798	0.5545	0.4811
636	0.0	0.6006	0.5143	0.6043	0.5249	0.6006
637	0.0	0.6544	1.096	1.134	0.9779	0.6544
638	0.0	0.709	1.0	0.7773	0.9134	0.709
639	0.0	0.6092	0.6842	0.6914	0.631	0.6092
640	0.0	0.3983	0.5511	0.4872	0.4772	0.3983
641	0.0	0.8961	0.9139	0.9233	0.8589	0.8961
642	0.0	0.8303	0.9885	0.8712	0.9579	0.8303
643	0.0	0.4652	1.078	0.5304	1.068	0.4652
644	0.0	0.3059	0.8098	0.3477	0.8599	0.3059
645	0.0	0.7098	0.9403	0.8156	0.9225	0.7098
646	0.0	0.2835	0.4945	0.3207	0.4335	0.2835
647	0.0	0.6232	0.8127	0.703	0.7465	0.6232
648	0.0	0.9492	0.4822	1.017	0.5161	0.9492
649	0.0	0.6155	0.5561	0.7182	0.5476	0.6155
650	0.0	0.571	0.7694	0.66	0.695	0.571
651	0.0	0.8901	0.8542	0.9861	0.787	0.8901
652	0.0	0.6764	1.122	0.9348	0.9213	0.6764
653	0.0	0.3052	0.8943	0.3429	0.7783	0.3052
654	0.0	1.137	1.176	1.158	1.031	1.137
655	0.0	0.8486	0.5383	0.8584	0.5164	0.8486
656	0.0	0.5685	0.8525	0.7793	0.7339	0.5685
657	0.0	0.5002	0.6831	0.5659	0.6706	0.5002
658	0.0	0.4304	0.4815	0.5013	0.4416	0.4304
659	0.0	0.3049	0.398	0.3359	0.3184	0.3049
660	0.0	0.7474	0.6725	0.9196	0.5901	0.7474
661	0.0	0.8417	1.005	0.9407	0.9727	0.8417
662	0.0	0.4163	0.4476	0.4773	0.4406	0.4163
663	0.0	0.2754	1.216	0.3627	0.8255	0.2754
664	0.0	0.5844	0.5314	0.7302	0.4294	0.5844
665	0.0	0.9719	0.8479	1.095	0.7623	0.9719
666	0.0	0.7127	0.5247	0.9125	0.4363	0.7127
667	0.0	0.5622	0.8616	0.7108	0.6733	0.5622
668	0.0	0.7914	0.5789	1.329	0.4257	0.7914
669	0.0	0.8548	0.7025	0.9727	0.4642	0.8548
670	0.0	0.4863	0.8438	0.597	0.6594	0.4863
671	0.0	0.3389	0.4808	0.3587	0.443	0.3389
672	0.0	0.9898	0.8537	1.057	0.7376	0.9898
673	0.0	0.9303	0.5648	1.066	0.583	0.9303
674	0.0	0.7679	0.7415	0.7963	0.6926	0.7679
675	0.0	0.777	0.6341	0.8522	0.6075	0.777
676	0.0	0.8967	0.4427	1.056	0.3675	0.8967
677	0.0	0.7366	0.5709	0.749	0.5271	0.7366
678	0.0	0.3788	0.6631	0.3866	0.5538	0.3788
679	0.0	0.402	1.122	0.4608	0.9536	0.402
680	0.0	0.5417	0.3329	0.5716	0.3013	0.5417
681	0.0	1.256	0.8902	2.248	0.6617	1.256
682	0.0	0.6161	0.6925	0.6972	0.544	0.6161
683	0.0	0.6397	0.3843	0.7941	0.3285	0.6397
684	0.0	0.8911	0.8723	1.407	0.66	0.8911
685	0.0	0.5831	0.7948	0.6673	0.8784	0.5831
686	0.0	0.2629	0.8757	0.2894	0.7749	0.2629
687	0.0	0.6531	0.7614	0.6811	0.738	0.6531
688	0.0	0.476	0.7371	0.5103	0.7142	0.476
689	0.0	0.6124	0.5085	0.7702	0.501	0.6124
690	0.0	0.3829	0.7931	0.3849	0.6684	0.3829
691	0.0	0.5869	0.7171	0.7929	0.4902	0.5869
692	0.0	0.4762	0.8668	0.493	0.8714	0.4762
693	0.0	0.4156	0.7675	0.4592	0.6484	0.4156
694	0.0	0.7849	0.776	0.8825	0.6804	0.7849
695	0.0	0.9922	0.9439	1.117	0.8593	0.9922
696	0.0	0.7364	0.8402	0.7857	0.7824	0.7364
697	0.0	0.7929	0.7368	0.7837	0.6783	0.7929
698	0.0	0.7311	0.8021	0.8023	0.7	0.7311
699	0.0	0.6954	1.043	1.101	0.6761	0.6954
700	0.0	0.9428	1.064	0.9207	0.945	0.9428
701	0.0	0.9041	1.049	1.128	0.9517	0.9041
702	0.0	0.6677	1.305	1.007	0.7866	0.6677
703	0.0	1.044	0.9148	1.023	0.922	1.044
704	0.0	0.9613	0.9807	1.025	0.8719	0.9613
705	0.0	0.9873	1.032	1.042	0.9531	0.9873
706	0.0	0.6958	1.222	0.9404	0.7032	0.6958
707	0.0	0.8025	0.7866	0.9124	0.6502	0.8025
708	0.0	0.2559	0.3754	0.3505	0.2785	0.2559
709	0.0	0.4754	0.4105	0.6251	0.3579	0.4754
710	0.0	0.7376	0.8096	0.7074	0.8128	0.7376
711	0.0	1.041	0.9129	1.147	0.7606	1.041
712	0.0	0.5439	0.7914	0.6292	0.6199	0.5439
713	0.0	1.071	0.982	1.228	0.8005	1.071
714	0.0	0.5679	0.7343	0.6662	0.6865	0.5679
715	0.0	0.6769	0.547	0.6904	0.4874	0.6769
716	0.0	0.5559	0.7115	0.6108	0.6269	0.5559
717	0.0	0.6073	0.4134	0.559	0.2691	0.6073
718	0.0	0.7085	0.3225	0.7342	0.2507	0.7085
719	0.0	0.7102	0.6871	0.7409	0.5894	0.7102
720	0.0	0.316	0.8562	0.3329	0.9062	0.316
721	0.0	0.5725	0.9725	0.6632	0.8368	0.5725
722	0.0	0.8635	0.958	0.8632	0.8594	0.8635
723	0.0	0.7206	0.9424	0.7844	0.9774	0.7206
724	0.0	0.3895	0.8658	0.4679	0.7523	0.3895
725	0.0	0.3895	0.4292	0.4099	0.4195	0.3895
726	0.0	0.5335	0.5485	0.577	0.55	0.5335
727	0.0	0.7587	1.057	1.078	0.9059	0.7587
728	0.0	0.8395	0.882	1.038	0.8854	0.8395
729	0.0	0.5165	0.316	0.6395	0.2903	0.5165
730	0.0	1.09	1.138	1.216	1.001	1.09
731	0.0	0.8282	0.859	0.9086	0.8034	0.8282
732	0.0	0.4894	0.8954	0.5466	0.7696	0.4894
733	0.0	0.5349	1.546	0.8137	1.109	0.5349
734	0.0	0.5477	0.736	0.5468	0.6481	0.5477
735	0.0	0.5386	0.9007	0.8473	0.5651	0.5386
736	0.0	0.81	0.9901	0.8905	0.7455	0.81
737	0.0	0.7346	0.7376	0.8108	0.5955	0.7346
738	0.0	0.958	1.219	1.001	1.094	0.958
739	0.0	0.8202	0.8986	0.8497	0.8915	0.8202
740	0.0	0.4936	0.4786	0.5297	0.4425	0.4936
741	0.0	0.6486	0.4904	0.8715	0.5253	0.6486
742	0.0	0.8625	0.3936	0.9493	0.3417	0.8625
743	0.0	0.6656	1.248	0.7537	1.075	0.6656
744	0.0	0.6072	1.24	0.6839	1.077	0.6072
745	0.0	0.383	0.7999	0.4184	0.7273	0.383
746	0.0	0.7902	1.149	0.8296	1.035	0.7902
747	0.0	0.3639	0.3512	0.3461	0.354	0.3639
748	0.0	0.8447	0.9372	0.8762	0.9258	0.8447
749	0.0	0.5438	0.6817	0.6982	0.5685	0.5438
750	0.0	0.6619	0.5792	0.6829	0.5598	0.6619
751	0.0	0.4169	0.6578	0.4969	0.5997	0.4169
752	0.0	0.8463	0.9936	0.8855	0.9553	0.8463
753	0.0	0.5595	0.62	0.6079	0.5725	0.5595
754	0.0	0.7486	0.8757	0.7768	0.8301	0.7486
755	0.0	0.8175	0.5802	0.8541	0.5279	0.8175
756	0.0	0.5769	1.121	0.6063	0.9814	0.5769
757	0.0	0.8643	1.225	0.8353	1.034	0.8643
758	0.0	0.9209	1.066	0.8663	0.9271	0.9209
759	0.0	0.6117	0.7997	0.7195	0.7541	0.6117
760	0.0	0.8347	0.5387	1.06	0.4937	0.8347
761	0.0	0.3222	0.7446	0.3324	0.6843	0.3222
762	0.0	0.8411	0.8551	1.004	0.7678	0.8411
763	0.0	0.312	0.9779	0.347	0.9529	0.312
764	0.0	0.7146	1.009	0.8206	0.9011	0.7146
765	0.0	0.7717	0.8542	0.7849	0.7131	0.7717
766	0.0	1.037	0.6699	1.177	0.6202	1.037
767	0.0	0.7051	1.21	1.021	0.8652	0.7051
768	0.0	0.3959	0.7551	0.5481	0.6173	0.3959
769	0.0	0.5806	0.9101	0.661	0.7761	0.5806
770	0.0	0.5421	0.5479	0.6183	0.5199	0.5421
771	0.0	0.8892	0.6952	0.9675	0.7732	0.8892
772	0.0	0.4431	1.034	0.5792	0.717	0.4431
773	0.0	0.5993	0.5496	0.8461	0.3746	0.5993
774	0.0	0.5592	0.8241	0.5767	0.6766	0.5592
775	0.0	0.4852	0.4628	0.5694	0.4109	0.4852
776	0.0	1.013	0.8921	1.05	0.7921	1.013
777	0.0	0.5809	0.8818	0.6693	0.6465	0.5809
778	0.0	0.5494	0.6171	0.6114	0.5955	0.5494
779	0.0	0.5085	0.617	0.4856	0.5536	0.5085
780	0.0	0.3876	0.5969	0.4717	0.5048	0.3876
781	0.0	0.6662	0.7539	0.7103	0.7307	0.6662
782	0.0	0.4578	0.4571	0.4855	0.4169	0.4578
783	0.0	0.3969	0.7292	0.4759	0.5981	0.3969
784	0.0	0.4595	0.7419	0.4948	0.5925	0.4595
785	0.0	0.5052	0.4069	0.8693	0.3607	0.5052
786	0.0	0.5623	0.8453	0.7214	0.7173	0.5623
787	0.0	0.994	1.177	1.023	0.9918	0.994
788	0.0	0.5215	1.071	0.6857	0.7691	0.5215
789	0.0	0.8307	0.8399	1.061	0.8028	0.8307
790	0.0	0.5495	0.6244	0.6129	0.5733	0.5495
791	0.0	0.565	0.5821	0.6314	0.5725	0.565
792	0.0	0.4338	0.7185	0.4635	0.6911	0.4338
793	0.0	0.6313	0.4844	0.722	0.3717	0.6313
794	0.0	0.7142	0.6284	0.7753	0.5701	0.7142
795	0.0	0.4178	0.7077	0.4796	0.5358	0.4178
796	0.0	0.8268	0.9526	0.8652	0.8219	0.8268
797	0.0	0.894	0.6209	0.9982	0.5625	0.894
798	0.0	0.6981	0.8362	0.7103	0.8042	0.6981
799	0.0	0.7367	0.6809	0.788	0.6677	0.7367
800	0.0	0.4534	0.7945	0.4601	0.7528	0.4534
801	0.0	0.5269	0.6111	0.5019	0.5357	0.5269
802	0.0	0.8115	1.065	0.9006	0.9696	0.8115
803	0.0	0.6334	1.149	0.9841	0.7133	0.6334
804	0.0	0.6979	1.209	0.8756	1.1	0.6979
805	0.0	0.7407	1.026	0.8144	0.9731	0.7407
806	0.0	0.7501	0.7228	1.251	0.4584	0.7501
807	0.0	0.8537	0.9282	0.9398	0.9207	0.8537
808	0.0	0.4711	0.8351	0.5596	0.7806	0.4711
809	0.0	0.9673	0.9657	1.036	0.8727	0.9673
810	0.0	0.6659	0.6924	1.223	0.4736	0.6659
811	0.0	0.8605	1.09	0.916	1.134	0.8605
812	0.0	0.3799	0.6098	0.446	0.5804	0.3799
813	0.0	0.3772	0.7472	0.4871	0.5345	0.3772
814	0.0	0.8627	0.8157	0.8826	0.677	0.8627
815	0.0	0.4826	0.7575	0.5651	0.5788	0.4826
816	0.0	0.6078	1.05	0.6499	0.7989	0.6078
817	0.0	0.7082	0.8511	0.5786	0.6647	0.7082
818	0.0	0.4716	0.8942	0.5764	0.733	0.4716
819	0.0	0.665	0.6348	0.7491	0.6014	0.665
820	0.0	0.8258	0.7267	0.8168	0.6482	0.8258
821	0.0	0.8458	0.7522	0.9475	0.6991	0.8458
822	0.0	0.5164	0.7902	0.5563	0.7451	0.5164
823	0.0	0.7292	0.5642	0.7332	0.4281	0.7292
824	0.0	0.4263	0.889	0.4689	0.7483	0.4263
825	0.0	0.7311	0.9585	0.7905	0.8099	0.7311
826	0.0	0.8448	1.015	0.9171	1.047	0.8448
827	0.0	0.5497	0.8388	0.5711	0.7737	0.5497
828	0.0	0.5228	1.077	0.5435	0.9273	0.5228
829	0.0	0.847	0.518	1.213	0.4143	0.847
830	0.0	0.6255	0.4892	0.7993	0.4043	0.6255
831	0.0	0.6802	0.3909	0.8541	0.3273	0.6802
832	0.0	0.5845	0.6694	0.8302	0.5459	0.5845
833	0.0	0.9005	0.9322	1.053	0.8112	0.9005
834	0.0	1.025	1.161	1.241	0.9264	1.025
835	0.0	0.5418	0.9224	0.6082	0.8842	0.5418
836	0.0	0.7431	0.4174	0.792	0.3599	0.7431
837	0.0	0.3087	1.142	0.4136	0.9711	0.3087
838	0.0	0.699	0.4438	0.7722	0.3962	0.699
839	0.0	0.488	0.7766	0.6763	0.4889	0.488
840	0.0	0.8762	0.544	0.8751	0.4811	0.8762
841	0.0	0.5441	0.7575	0.7059	0.6403	0.5441
842	0.0	0.3351	1.306	0.4399	0.9579	0.3351
843	0.0	0.7253	0.668	0.8664	0.5841	0.7253
844	0.0	0.713	0.7622	0.7586	0.7849	0.713
845	0.0	0.9788	0.905	0.902	0.8418	0.9788
846	0.0	0.949	0.7978	1.108	0.6434	0.949
847	0.0	0.4094	0.6142	0.4162	0.5286	0.4094
848	0.0	0.95	0.7657	1.003	0.6908	0.95
849	0.0	0.7584	0.6649	0.8443	0.5975	0.7584
850	0.0	0.7309	0.8715	0.7951	0.8167	0.7309
851	0.0	0.6009	0.5978	0.5878	0.5719	0.6009
852	0.0	0.628	0.6351	0.6938	0.565	0.628
853	0.0	0.4766	0.7636	0.525	0.6883	0.4766
854	0.0	0.7564	0.3141	0.7709	0.2324	0.7564
855	0.0	0.5923	0.6415	0.6351	0.5286	0.5923
856	0.0	0.7527	0.6333	0.8996	0.5397	0.7527
857	0.0	0.4626	0.6155	0.5033	0.5342	0.4626
858	0.0	0.9001	0.9194	1.039	0.7979	0.9001
859	0.0	0.5556	0.8188	0.6211	0.7643	0.5556
860	0.0	0.7375	1.082	0.8292	0.9148	0.7375
861	0.0	0.7794	0.585	0.8613	0.4998	0.7794
862	0.0	0.9433	1.382	0.9287	1.104	0.9433
863	0.0	0.6595	0.752	0.697	0.7792	0.6595
864	0.0	0.5369	0.4032	0.6169	0.3659	0.5369
865	0.0	1.02	0.6987	1.051	0.5619	1.02
866	0.0	0.5264	0.6727	0.5925	0.6027	0.5264
867	0.0	0.3667	0.7587	0.4072	0.6762	0.3667
868	0.0	0.752	0.9317	0.8823	0.8145	0.752
869	0.0	0.4369	0.905	0.5619	0.8102	0.4369
870	0.0	0.4311	0.723	0.5003	0.6479	0.4311
871	0.0	0.36	0.6126	0.4014	0.5092	0.36
872	0.0	0.4482	0.8759	0.6304	0.5762	0.4482
873	0.0	0.8289	0.9539	1.043	0.845	0.8289
874	0.0	0.3553	0.7225	0.4736	0.5904	0.3553
875	0.0	0.5474	0.9746	0.5995	0.8061	0.5474
876	0.0	0.3911	0.9316	0.5299	0.595	0.3911
877	0.0	0.7482	0.376	0.8578	0.2774	0.7482
878	0.0	0.7669	1.025	1.01	0.8336	0.7669
879	0.0	0.4152	0.4026	0.4278	0.3909	0.4152
880	0.0	0.5728	0.541	0.6384	0.4932	0.5728
881	0.0	0.7246	0.8563	0.7443	0.8043	0.7246
882	0.0	0.634	0.4513	0.693	0.4573	0.634
883	0.0	0.6629	0.7744	0.7189	0.7279	0.6629
884	0.0	0.2483	0.4588	0.2961	0.3867	0.2483
885	0.0	0.5208	0.6753	0.5698	0.611	0.5208
886	0.0	0.4554	0.5675	0.5136	0.51	0.4554
887	0.0	0.8711	0.9135	1.046	0.7924	0.8711
888	0.0	0.586	0.6152	0.7508	0.5237	0.586
889	0.0	0.4304	0.4927	0.5695	0.3669	0.4304
890	0.0	0.5178	0.5046	0.6457	0.4206	0.5178
891	0.0	1.03	0.9415	1.256	0.8436	1.03
892	0.0	0.532	0.6045	0.6653	0.4661	0.532
893	0.0	0.7228	0.6403	0.8197	0.6148	0.7228
894	0.0	0.6502	0.4972	0.7018	0.438	0.6502
895	0.0	0.5154	0.5941	0.4846	0.6024	0.5154
896	0.0	0.5184	0.8155	0.6185	0.7094	0.5184
897	0.0	0.4001	0.8385	0.4868	0.7841	0.4001
898	0.0	0.6136	0.3252	0.6312	0.2986	0.6136
899	0.0	0.5207	0.8626	0.5909	0.6786	0.5207
900	0.0	0.5084	0.8887	0.5038	0.8903	0.5084
901	0.0	0.3504	0.6182	0.3953	0.61	0.3504
902	0.0	0.7549	0.7584	0.8268	0.7263	0.7549
903	0.0	0.7117	0.6571	0.7895	0.5823	0.7117
904	0.0	0.6787	0.476	0.797	0.504	0.6787
905	0.0	0.4056	0.9379	0.4393	0.8677	0.4056
906	0.0	0.6015	0.8149	0.7687	0.6748	0.6015
907	0.0	0.5045	1.635	0.7657	0.9422	0.5045
908	0.0	0.2524	0.8573	0.3187	0.8084	0.2524
909	0.0	0.8762	1.092	1.03	0.9183	0.8762
910	0.0	0.2759	0.5132	0.3145	0.333	0.2759
911	0.0	0.7037	0.8421	0.8182	0.8149	0.7037
912	0.0	0.5013	0.5105	0.5992	0.4512	0.5013
913	0.0	0.847	1.092	0.8733	0.9859	0.847
914	0.0	0.5333	0.9077	0.7197	0.6016	0.5333
915	0.0	0.5402	0.9689	0.5597	0.9124	0.5402
916	0.0	0.5453	0.3637	0.8091	0.2996	0.5453
917	0.0	0.499	0.5093	0.6062	0.2639	0.499
918	0.0	0.6692	0.5076	0.7933	0.4605	0.6692
919	0.0	0.7693	0.9943	0.9076	0.8879	0.7693
920	0.0	0.4819	0.9974	0.5765	0.8539	0.4819
921	0.0	0.5155	0.4387	0.6164	0.3279	0.5155
922	0.0	0.5471	0.8996	0.5697	0.7958	0.5471
923	0.0	0.606	0.5799	0.6311	0.559	0.606
924	0.0	0.5445	0.3801	0.5836	0.3543	0.5445
925	0.0	0.5031	0.5393	0.5496	0.5024	0.5031
926	0.0	0.5769	0.5687	0.6038	0.535	0.5769
927	0.0	0.4403	0.9702	0.4884	0.8229	0.4403
928	0.0	0.4249	0.5581	0.4192	0.4655	0.4249
929	0.0	0.5726	0.6915	0.5873	0.6533	0.5726
930	0.0	0.8586	1.383	1.035	1.174	0.8586
931	0.0	0.7546	0.7714	0.845	0.7081	0.7546
932	0.0	0.8608	1.142	0.9225	1.019	0.8608
933	0.0	0.3307	0.4067	0.3578	0.3179	0.3307
934	0.0	0.3525	0.3972	0.3861	0.361	0.3525
935	0.0	0.6242	0.8034	0.7817	0.5421	0.6242
936	0.0	0.8229	0.8321	1.017	0.61	0.8229
937	0.0	0.7032	0.6279	0.8402	0.4339	0.7032
938	0.0	0.8457	0.8997	0.955	0.7772	0.8457
939	0.0	0.8687	0.9788	0.9873	0.8502	0.8687
940	0.0	0.5018	0.7084	0.5588	0.6893	0.5018
941	0.0	0.4253	0.4097	0.5998	0.3354	0.4253
942	0.0	0.8045	0.5456	0.8295	0.5431	0.8045
943	0.0	0.4162	0.8247	0.5384	0.4968	0.4162
944	0.0	0.7205	0.8153	0.8739	0.8718	0.7205
945	0.0	0.3579	0.4381	0.4114	0.3706	0.3579
946	0.0	0.8356	1.075	0.9292	0.8538	0.8356
947	0.0	0.5394	0.53	0.5874	0.467	0.5394
948	0.0	0.6668	0.6101	0.6623	0.5823	0.6668
949	0.0	0.58	0.664	0.7763	0.6017	0.58
950	0.0	0.8856	0.8005	0.9755	0.7655	0.8856
951	0.0	0.373	0.6892	0.3977	0.7171	0.373
952	0.0	0.913	0.8426	1.08	0.685	0.913
953	0.0	0.4434	0.6253	0.5577	0.5641	0.4434
954	0.0	1.113	0.9898	1.104	0.9304	1.113
955	0.0	0.5346	1.003	0.6097	0.9809	0.5346
956	0.0	0.8584	0.7717	1.021	0.712	0.8584
957	0.0	0.4182	0.8247	0.4803	0.7177	0.4182
958	0.0	0.6082	0.2787	0.729	0.2378	0.6082
959	0.0	0.6387	0.4973	0.7587	0.4577	0.6387
960	0.0	0.5469	0.6781	0.6065	0.5708	0.5469
961	0.0	0.5545	0.6949	0.5836	0.6156	0.5545
962	0.0	0.8326	0.9272	0.996	0.7932	0.8326
963	0.0	0.9236	1.019	0.9809	0.8817	0.9236
964	0.0	1.017	0.734	1.312	0.5784	1.017
965	0.0	1.143	0.5292	1.171	0.4874	1.143
966	0.0	0.9867	1.033	1.087	0.9711	0.9867
967	0.0	1.427	0.8691	1.36	0.8411	1.427
968	0.0	0.434	1.064	0.5314	0.6497	0.434
969	0.0	0.6023	0.6754	0.6293	0.5911	0.6023
970	0.0	0.4277	0.764	0.4944	0.7122	0.4277
971	0.0	0.6584	0.6327	0.7311	0.5503	0.6584
972	0.0	0.8314	0.4183	0.9923	0.376	0.8314
973	0.0	0.7994	0.9662	0.8414	0.8781	0.7994
974	0.0	0.4751	0.7002	0.4903	0.6319	0.4751
975	0.0	0.6006	0.8338	0.7238	0.6038	0.6006
976	0.0	0.2896	0.389	0.4151	0.2653	0.2896
977	0.0	0.9396	0.5958	0.9068	0.497	0.9396
978	0.0	0.4147	0.4809	0.5574	0.3929	0.4147
979	0.0	0.6218	0.4042	0.6887	0.3797	0.6218
980	0.0	0.3351	0.7735	0.5064	0.5192	0.3351
981	0.0	0.7013	0.5059	0.7941	0.3922	0.7013
982	0.0	0.9114	0.7139	1.019	0.6388	0.9114
983	0.0	0.594	0.3114	0.6104	0.2954	0.594
984	0.0	0.9001	0.8602	0.9394	0.7629	0.9001
985	0.0	0.6774	0.4147	0.7933	0.3931	0.6774
986	0.0	0.5308	0.7123	0.5972	0.6873	0.5308
987	0.0	0.597	0.4955	0.6574	0.4466	0.597
988	0.0	0.263	0.6121	0.3405	0.6032	0.263
989	0.0	0.5418	0.7224	0.6038	0.58	0.5418
990	0.0	0.5341	0.7424	0.6533	0.5861	0.5341
991	0.0	0.7221	0.5159	0.9001	0.4261	0.7221
992	0.0	0.677	0.6513	0.7042	0.6269	0.677
993	0.0	0.4051	0.5846	0.6538	0.473	0.4051
994	0.0	0.8108	0.8743	0.9024	0.6706	0.8108
995	0.0	0.9474	1.112	0.9603	0.9418	0.9474
996	0.0	0.7534	0.9977	1.038	0.8748	0.7534
997	0.0	0.7324	0.7302	0.7723	0.6192	0.7324
998	0.0	0.3906	0.5952	0.397	0.5329	0.3906
999	0.0	0.6039	0.4601	0.6566	0.3599	0.6039
1000	0.0	0.7544	0.4581	0.7934	0.4008	0.7544
1001	0.0	0.5664	0.6769	0.6615	0.5646	0.5664
1002	0.0	0.6383	0.5835	0.7435	0.5251	0.6383
1003	0.0	0.469	0.4024	0.5607	0.3906	0.469
1004	0.0	0.8969	0.833	1.032	0.8056	0.8969
1005	0.0	0.3837	0.5801	0.4206	0.565	0.3837
1006	0.0	0.5862	0.6036	0.6502	0.5802	0.5862
1007	0.0	0.3935	0.5418	0.439	0.569	0.3935
1008	0.0	0.6546	1.058	0.6334	0.9838	0.6546
1009	0.0	0.6514	0.5911	0.4656	0.5347	0.6514
1010	0.0	0.645	0.6356	0.7482	0.5803	0.645
1011	0.0	0.5863	0.811	0.9054	0.5111	0.5863
1012	0.0	0.7024	0.975	0.84	0.8719	0.7024
1013	0.0	0.9584	0.8514	1.101	0.7011	0.9584
1014	0.0	0.4297	0.2186	0.584	0.1436	0.4297
1015	0.0	0.591	1.055	0.7122	0.9548	0.591
1016	0.0	0.6625	0.6819	0.7017	0.6478	0.6625
1017	0.0	0.752	0.576	0.9611	0.5125	0.752
1018	0.0	0.5234	0.8694	0.6564	0.5846	0.5234
1019	0.0	1.102	0.7068	1.142	0.6887	1.102
1020	0.0	0.2138	0.6345	0.3235	0.4822	0.2138
1021	0.0	0.4097	0.3812	0.5224	0.3026	0.4097
1022	0.0	0.6617	0.8086	0.6647	0.6116	0.6617
1023	0.0	0.8973	1.135	1.119	0.9295	0.8973
1024	0.0	0.2157	0.457	0.2988	0.3385	0.2157
1025	0.0	0.4694	0.6856	0.5739	0.4696	0.4694
1026	0.0	0.5224	0.8157	0.5932	0.71	0.5224
1027	0.0	0.3699	0.7558	0.399	0.6641	0.3699
1028	0.0	0.6967	0.825	0.7449	0.7553	0.6967
1029	0.0	0.6388	0.6179	0.6426	0.5493	0.6388
1030	0.0	0.5608	0.4958	0.6199	0.4682	0.5608
1031	0.0	0.4795	0.7003	0.6406	0.6355	0.4795
1032	0.0	0.6555	0.3905	0.824	0.3099	0.6555
1033	0.0	0.6933	0.7579	0.8381	0.6931	0.6933
1034	0.0	0.3454	0.6914	0.3908	0.6467	0.3454
1035	0.0	0.7015	0.5257	0.7299	0.4697	0.7015
1036	0.0	0.5242	0.742	0.5905	0.6737	0.5242
1037	0.0	0.25	0.5515	0.3998	0.3811	0.25
1038	0.0	0.3395	0.4355	0.3945	0.4205	0.3395
1039	0.0	0.5611	0.4139	0.5976	0.3897	0.5611
1040	0.0	0.6729	1.018	0.7227	0.8375	0.6729
