Step	Loss
1	1.6314
2	5.5903
3	6.0438
4	2.8954
5	5.2617
6	5.9586
7	2.1529
8	2.0565
9	5.2533
10	4.4943
11	5.0965
12	2.4039
13	5.577
14	1.6105
15	6.2204
16	3.5247
17	5.7574
18	5.0161
19	5.083
20	4.6505
21	4.8314
22	3.2531
23	4.5733
24	5.6693
25	5.4843
26	4.9271
27	4.8912
28	4.6603
29	2.2302
30	5.5558
31	5.0515
32	4.9473
33	2.8663
34	5.4142
35	3.9074
36	1.6808
37	1.4141
38	2.4868
39	6.1394
40	5.2566
41	3.5752
42	4.6959
43	5.3688
44	1.081
45	3.7539
46	1.914
47	5.2452
48	5.7893
49	3.2948
50	3.1307
51	1.2932
52	5.3936
53	5.2982
54	3.5145
55	4.6448
56	4.1541
57	3.294
58	3.5503
59	2.2042
60	3.3614
61	4.9173
62	3.4819
63	4.7033
64	3.9569
65	3.1901
66	4.8222
67	3.016
68	1.7605
69	2.9686
70	4.8435
71	2.0707
72	3.2133
73	2.8246
74	2.9614
75	5.0893
76	3.7081
77	4.5908
78	2.1893
79	7.8458
80	4.8033
81	5.6737
82	5.6415
83	5.1962
84	3.6969
85	4.8816
86	3.0814
87	4.7087
88	2.0725
89	2.7094
90	4.8491
91	2.9767
92	2.8463
93	4.2143
94	4.3552
95	3.8228
96	1.47
97	4.5575
98	3.1838
99	4.8414
100	3.3748
101	2.884
102	4.5025
103	1.3948
104	3.8689
105	1.7426
106	4.7294
107	4.8817
108	1.8026
109	4.1356
110	5.2219
111	1.4696
112	1.5663
113	4.3405
114	3.6981
115	3.9631
116	1.9289
117	4.779
118	1.0742
119	5.4496
120	2.7822
121	4.8014
122	4.425
123	4.4244
124	3.9544
125	4.2535
126	2.5371
127	4.094
128	4.7666
129	4.6794
130	4.2115
131	4.3587
132	3.7508
133	1.6511
134	4.9874
135	4.4792
136	4.6896
137	2.0314
138	5.1674
139	3.3966
140	1.3177
141	0.8506
142	2.5172
143	5.349
144	4.7154
145	3.4028
146	4.1165
147	4.8781
148	0.9405
149	3.3233
150	1.6226
151	4.6806
152	4.8659
153	3.0085
154	2.2621
155	0.9297
156	4.8557
157	4.6606
158	3.1135
159	4.3046
160	3.834
161	2.776
162	3.2269
163	2.2856
164	3.4755
165	4.4374
166	2.6781
167	5.029
168	3.6433
169	2.7584
170	4.3374
171	3.0263
172	1.4027
173	2.697
174	4.2747
175	1.0892
176	2.7503
177	2.546
178	2.6294
179	4.8227
180	3.1909
181	4.2557
182	2.1355
183	7.5206
184	4.2998
185	4.8321
186	5.1279
187	4.5953
188	3.4241
189	4.3493
190	3.1621
191	4.2293
192	2.2349
193	2.4163
194	4.2861
195	2.5912
196	2.2619
197	3.7378
198	3.9186
199	3.5734
200	0.976
201	4.089
202	2.7912
203	4.5938
204	2.8027
205	2.5852
206	4.1681
207	1.0965
208	3.543
209	1.4826
210	4.2792
211	4.4702
212	0.7503
213	3.8538
214	4.8983
215	1.1442
216	1.2161
217	4.0593
218	4.2195
219	3.7975
220	1.8836
221	4.5149
222	0.9857
223	4.5487
224	2.9327
225	4.5532
226	4.207
227	4.1367
228	3.4594
229	4.0901
230	2.4954
231	3.7997
232	4.461
233	4.4807
234	4.0392
235	4.0505
236	3.4023
237	1.5184
238	4.666
239	4.1474
240	4.5611
241	1.8544
242	4.3516
243	3.1571
244	1.229
245	0.7274
246	2.3056
247	4.8786
248	4.4101
249	3.1906
250	3.9257
251	4.7179
252	0.8659
253	3.216
254	1.4535
255	4.0156
256	4.7483
257	2.8211
258	2.1872
259	0.8279
260	4.5562
261	4.4754
262	3.052
263	4.1197
264	3.5158
265	2.6508
266	3.0
267	1.8357
268	3.1608
269	4.3165
270	2.381
271	4.5043
272	3.459
273	2.4473
274	4.2497
275	3.2428
276	1.3145
277	2.7023
278	4.0088
279	0.8038
280	2.6078
281	2.3719
282	2.5291
283	4.509
284	3.0136
285	4.1127
286	2.1173
287	6.6859
288	4.0793
289	4.6572
290	4.89
291	4.267
292	3.5984
293	4.289
294	2.571
295	4.139
296	1.7055
297	2.3799
298	3.8415
299	2.5085
300	2.2906
301	3.2969
302	3.7596
303	3.2629
304	0.8489
305	3.872
306	2.534
307	4.4584
308	2.2663
309	2.6077
310	4.0339
311	0.6016
312	3.3178
313	1.3301
314	4.2121
315	4.3932
316	0.9852
317	3.5405
318	4.7066
319	1.0873
320	1.0446
321	3.9105
322	3.9182
323	3.73
324	1.4923
325	4.4687
326	0.9921
327	4.4273
328	2.8952
329	4.7214
330	3.9086
331	4.0326
332	3.1832
333	4.0521
334	2.4425
335	3.7221
336	4.0523
337	4.2451
338	3.8773
339	3.9514
340	3.2626
341	1.4503
342	4.5804
343	4.0521
344	3.9682
345	2.0081
346	3.5857
347	2.8796
348	1.2348
349	0.6175
350	2.0935
351	4.6323
352	4.3494
353	3.019
354	3.7174
355	4.5215
356	0.7046
357	2.8949
358	1.4925
359	3.9443
360	4.7241
361	2.4878
362	1.9056
363	0.7394
364	4.3151
365	4.4104
366	3.0616
367	4.0062
368	3.3637
369	2.472
370	3.0023
371	1.6235
372	3.1482
373	4.1116
374	2.091
375	3.7086
376	3.2739
377	2.2928
378	4.0998
379	3.0093
380	1.1955
381	2.1868
382	3.9035
383	0.921
384	2.6256
385	2.3145
386	2.4367
387	4.5391
388	2.9915
389	4.0444
390	1.7796
391	6.2368
392	3.9404
393	4.6237
394	4.6881
395	4.1459
396	3.4296
397	4.0029
398	2.1736
399	3.9495
400	1.6596
401	2.2446
402	4.0831
403	2.4799
404	2.2274
405	3.4252
406	3.6966
407	3.1643
408	0.4761
409	3.8552
410	2.1837
411	4.3076
412	1.9803
413	2.4526
414	3.9861
415	0.813
416	3.3618
417	1.4206
418	4.0219
419	4.2717
420	0.6599
421	3.5709
422	4.6658
423	0.9883
424	0.9795
425	3.8222
426	3.9953
427	3.6317
428	1.5898
429	4.332
430	0.8429
431	4.5308
432	2.6384
433	4.375
434	3.8576
435	3.8974
436	3.0745
437	3.8891
438	2.1897
439	3.6965
440	4.0998
441	4.2701
442	3.7232
443	3.8086
444	3.1628
445	1.521
446	4.4318
447	3.9393
448	3.7248
449	1.9531
450	3.6868
451	2.7628
452	0.9626
453	0.5881
454	2.3323
455	4.293
456	4.1328
457	2.9974
458	3.6681
459	4.4401
460	0.7512
461	2.9602
462	1.2367
463	4.0282
464	4.4422
465	2.4725
466	1.9
467	0.7584
468	4.2712
469	4.2838
470	2.8245
471	3.881
472	2.6161
473	2.4958
474	3.1176
475	1.6658
476	3.206
477	4.093
478	1.9884
479	3.8106
480	3.4164
481	2.1839
482	4.0633
483	3.2314
484	1.1426
485	2.08
486	3.8594
487	0.7475
488	2.6884
489	2.2581
490	2.4134
491	4.3303
492	2.8652
493	4.0747
494	1.9588
495	6.5042
496	3.809
497	4.1912
498	4.7748
499	4.0075
500	3.2237
501	4.0994
502	2.4948
503	3.9265
504	1.5276
505	2.1041
506	3.7295
507	2.4294
508	2.2691
509	2.964
510	3.6401
511	3.1964
512	0.3735
513	3.6879
514	2.4378
515	4.2905
516	1.9243
517	2.4352
518	3.8301
519	0.5769
520	3.3043
521	1.1149
522	3.9558
523	4.2195
524	0.7882
525	3.5317
526	4.5036
527	0.9522
528	0.915
529	3.7946
530	3.0938
531	3.5612
532	1.3072
533	4.2007
534	1.2178
535	4.2528
536	2.6674
537	4.3848
538	3.8312
539	3.8067
540	2.976
541	3.8375
542	1.986
543	3.5671
544	3.9184
545	4.1359
546	3.7225
547	3.7582
548	3.2564
549	1.232
550	4.4156
551	3.9414
552	3.6551
553	1.7659
554	3.2829
555	2.69
556	0.978
557	0.6222
558	2.1996
559	4.2679
560	4.0674
561	3.0329
562	3.4887
563	4.3883
564	0.7524
565	2.8248
566	1.3681
567	3.9543
568	4.3273
569	2.3052
570	1.8739
571	0.691
572	4.248
573	4.079
574	2.9058
575	3.7042
576	2.7352
577	2.1134
578	3.0214
579	1.5409
580	3.1104
581	3.9848
582	1.8083
583	3.6892
584	3.1014
585	2.1705
586	4.0237
587	2.9768
588	1.207
589	2.2041
590	3.732
591	0.5853
592	2.3939
593	2.0359
594	2.2587
595	4.2682
596	2.6772
597	3.9694
598	1.5672
599	6.9665
600	3.76
601	4.1219
602	4.653
603	3.9198
604	3.1486
605	3.8573
606	2.3309
607	3.8173
608	1.413
609	2.4383
610	3.57
611	2.3015
612	2.499
613	3.1863
614	3.4983
615	2.9173
616	0.5765
617	3.5034
618	2.2787
619	4.2251
620	1.7986
621	2.3833
622	3.8597
623	0.4582
624	3.118
625	1.184
626	3.7733
627	4.1872
628	0.7593
629	3.4056
630	4.4375
631	0.9137
632	0.9267
633	3.737
634	3.2055
635	3.6372
636	1.4049
637	4.0895
638	0.7788
639	3.9651
640	1.7856
641	4.3471
642	3.7565
643	3.7476
644	2.8813
645	3.8438
646	2.1087
647	3.5856
648	3.7198
649	3.9353
650	3.6249
651	3.6815
652	3.0343
653	1.228
654	4.3338
655	3.8108
656	3.3954
657	1.7304
658	2.474
659	2.6411
660	0.9308
661	0.6084
662	1.8356
663	4.4122
664	4.0009
665	2.9514
666	3.4423
667	4.2748
668	0.6334
669	2.8374
670	1.2333
671	3.7779
672	4.2607
673	2.3749
674	1.7099
675	0.6288
676	4.111
677	4.0815
678	2.8558
679	3.7835
680	2.4221
681	2.0829
682	3.0175
683	1.3058
684	3.1636
685	3.9979
686	1.8874
687	3.556
688	3.1356
689	2.0857
690	4.0242
691	3.1325
692	1.0527
693	1.6412
694	3.6878
695	0.6688
696	2.4651
697	1.9299
698	2.1556
699	4.2669
700	2.6759
701	3.932
702	1.4081
703	6.3527
704	3.6991
705	4.0923
706	4.592
707	4.0132
708	3.2463
709	3.7375
710	2.3958
711	3.7759
712	1.2518
713	1.86
714	3.738
715	2.2476
716	1.998
717	3.0094
718	3.5151
719	2.9437
720	0.408
721	3.3693
722	2.1177
723	3.9929
724	1.9129
725	2.1995
726	3.732
727	0.5154
728	3.3089
729	1.0009
730	3.7819
731	4.0726
732	0.6099
733	3.3612
734	4.3672
735	0.8882
736	0.7292
737	3.7138
738	3.147
739	3.6264
740	1.4023
741	4.1319
742	0.8982
743	4.192
744	1.7616
745	4.3754
746	3.5836
747	3.772
748	2.6515
749	3.7617
750	2.0306
751	3.5869
752	3.6433
753	3.966
754	3.6428
755	3.6665
756	3.0789
757	1.3269
758	4.2592
759	3.78
760	3.5315
761	1.6993
762	2.7413
763	2.6507
764	0.7243
765	0.4456
766	1.788
767	4.2012
768	3.9037
769	3.0477
770	3.3825
771	4.1677
772	0.7515
773	2.6469
774	1.1497
775	3.5087
776	4.2787
777	2.3375
778	1.7308
779	0.7018
780	4.1619
781	3.9504
782	2.7451
783	3.6548
784	2.1617
785	1.9547
786	2.8022
787	1.4089
788	3.1029
789	3.9495
790	1.8283
791	2.8202
792	3.1146
793	1.9843
794	3.8816
795	3.1296
796	0.9957
797	1.6151
798	3.6352
799	0.7653
800	2.3762
801	1.8786
802	2.2282
803	4.3004
804	2.6208
805	3.9424
806	1.3172
807	6.0595
808	3.6715
809	2.9714
810	4.6027
811	3.5432
812	3.0821
813	3.7266
814	2.1745
815	3.7565
816	1.2479
817	1.9936
818	3.5905
819	2.243
820	2.0417
821	3.024
822	3.4643
823	2.814
824	0.5408
825	3.25
826	2.1382
827	3.8322
828	1.7268
829	2.2937
830	3.737
831	0.4688
832	3.153
833	1.051
834	3.7096
835	4.0997
836	0.6738
837	3.4247
838	4.383
839	0.8169
840	0.8467
841	3.6801
842	2.1433
843	3.498
844	1.2577
845	4.1176
846	0.9706
847	3.6664
848	2.2702
849	4.2596
850	3.611
851	3.7187
852	2.94
853	3.746
854	2.1491
855	3.2366
856	3.6785
857	3.8497
858	3.5221
859	3.6395
860	3.157
861	1.2824
862	4.3006
863	3.7591
864	3.464
865	1.611
866	1.8991
867	2.423
868	0.9604
869	0.4839
870	1.9088
871	4.186
872	3.8305
873	2.9732
874	3.3627
875	4.2164
876	0.6735
877	2.7439
878	1.1747
879	3.7305
880	4.1193
881	2.2662
882	1.7615
883	0.6194
884	4.1133
885	3.9727
886	2.657
887	3.6211
888	2.2561
889	2.0103
890	2.8849
891	1.3513
892	2.9478
893	3.9384
894	1.8326
895	4.005
896	3.0431
897	1.9009
898	3.7836
899	3.0953
900	0.9838
901	1.9166
902	3.7101
903	0.673
904	2.3421
905	1.8542
906	2.1482
907	4.1921
908	2.6834
909	3.8642
910	1.0288
911	5.6055
912	3.571
913	2.7929
914	4.6159
915	3.728
916	3.221
917	3.5316
918	2.0301
919	3.7053
920	1.1646
921	2.0221
922	3.1743
923	2.3402
924	1.8502
925	2.8926
926	3.4316
927	2.7569
928	0.2172
929	3.1232
930	2.2055
931	4.0266
932	1.6959
933	1.9548
934	3.6887
935	0.3314
936	3.0603
937	1.1262
938	3.6415
939	4.0358
940	0.5558
941	3.2915
942	4.2742
943	0.8119
944	0.7248
945	3.6777
946	2.6116
947	3.4656
948	1.3177
949	4.0844
950	0.8695
951	3.7461
952	1.8955
953	4.1072
954	3.5875
955	3.6784
956	2.7167
957	3.6606
958	2.061
959	3.3818
960	3.7228
961	3.8783
962	3.5253
963	3.5955
964	3.0144
965	1.2704
966	4.2371
967	3.7626
968	3.3225
969	1.6499
970	2.708
971	2.3969
972	0.9993
973	0.3472
974	1.8568
975	4.0258
976	3.8276
977	3.0607
978	3.3165
979	4.1599
980	0.5796
981	2.574
982	1.1544
983	3.6048
984	4.1736
985	2.3624
986	1.6705
987	0.5355
988	4.1033
989	3.8456
990	2.8183
991	3.4974
992	2.1634
993	1.8247
994	2.8034
995	1.3499
996	2.9776
997	3.8708
998	1.6387
999	3.3654
1000	2.9761
1001	1.7613
1002	3.7931
1003	3.0882
1004	0.9455
1005	0.9201
1006	3.5526
1007	0.702
1008	2.2952
1009	1.8386
1010	2.204
1011	4.2143
1012	2.6841
1013	3.9037
1014	0.9205
1015	5.8347
1016	3.4913
1017	2.8413
1018	4.5358
1019	3.4113
1020	2.9639
1021	3.6215
1022	2.0542
1023	3.7165
1024	1.1067
1025	2.0336
1026	3.2301
1027	2.1429
1028	1.901
1029	3.0892
1030	3.3786
1031	2.6384
1032	0.3116
1033	3.3622
1034	2.1397
1035	3.7367
1036	1.7711
1037	1.8355
1038	3.6769
1039	0.5556
1040	3.1411
