Step	Loss(S)	Loss(T)	fwd_S	fwd_T	rev_S	rev_T
1	0.0	7.234	5.175	7.234	4.523	6.381
2	0.0	4.327	6.222	4.327	5.526	4.266
3	0.0	7.136	5.735	7.136	3.816	5.077
4	0.0	3.003	7.243	3.003	6.561	2.845
5	0.0	6.993	7.325	6.993	5.811	5.757
6	0.0	3.497	4.048	3.497	3.86	3.788
7	0.0	6.404	6.909	6.404	5.817	5.21
8	0.0	3.578	3.445	3.578	4.092	4.376
9	0.0	1.945	3.726	1.945	4.007	2.088
10	0.0	3.783	3.786	3.783	4.644	4.9
11	0.0	2.83	2.382	2.83	3.298	3.438
12	0.0	3.971	3.053	3.971	4.099	5.2
13	0.0	2.505	1.951	2.505	2.006	3.732
14	0.0	2.397	2.525	2.397	3.968	3.836
15	0.0	1.954	1.72	1.954	2.117	2.588
16	0.0	2.193	2.074	2.193	3.106	3.765
17	0.0	2.172	2.256	2.172	3.096	3.21
18	0.0	2.294	2.499	2.294	3.648	3.145
19	0.0	2.495	2.498	2.495	3.434	3.247
20	0.0	1.972	2.056	1.972	3.013	2.987
21	0.0	2.624	1.926	2.624	2.818	3.687
22	0.0	1.955	1.991	1.955	3.133	2.822
23	0.0	2.571	2.177	2.571	3.05	3.489
24	0.0	2.383	1.912	2.383	2.805	3.308
25	0.0	2.113	1.836	2.113	2.694	2.948
26	0.0	1.342	1.74	1.342	2.42	1.865
27	0.0	1.092	1.641	1.092	2.473	1.441
28	0.0	1.08	1.065	1.08	1.393	1.459
29	0.0	1.048	1.148	1.048	1.525	1.428
30	0.0	1.576	0.8671	1.576	1.101	2.367
31	0.0	2.522	2.686	2.522	4.561	3.993
32	0.0	1.033	0.7609	1.033	0.9502	1.403
33	0.0	0.9174	0.9006	0.9174	1.135	1.486
34	0.0	1.639	0.9954	1.639	1.355	2.203
35	0.0	2.02	1.757	2.02	2.538	3.109
36	0.0	1.025	1.638	1.025	2.388	1.486
37	0.0	1.181	1.748	1.181	2.354	1.977
38	0.0	1.593	1.391	1.593	1.777	2.142
39	0.0	1.003	0.9338	1.003	1.291	1.478
40	0.0	1.036	1.11	1.036	1.847	1.448
41	0.0	1.858	1.047	1.858	1.754	2.547
42	0.0	0.8938	0.9129	0.8938	1.352	1.255
43	0.0	0.6906	1.534	0.6906	1.82	0.8029
44	0.0	1.107	1.029	1.107	1.552	1.756
45	0.0	0.6934	0.8535	0.6934	1.408	1.116
46	0.0	0.8486	0.9578	0.8486	1.232	1.379
47	0.0	0.9562	1.831	0.9562	2.219	1.401
48	0.0	0.9556	1.226	0.9556	1.594	1.644
49	0.0	0.9196	1.134	0.9196	1.728	1.554
50	0.0	1.899	1.48	1.899	1.778	2.776
51	0.0	1.586	0.6632	1.586	0.8334	2.179
52	0.0	1.391	1.203	1.391	1.744	1.71
53	0.0	1.48	0.86	1.48	1.262	2.007
54	0.0	1.486	0.7384	1.486	0.8414	1.918
55	0.0	0.7413	1.249	0.7413	1.741	0.8707
56	0.0	0.6353	1.03	0.6353	1.3	0.8991
57	0.0	0.8268	0.853	0.8268	1.027	0.9913
58	0.0	1.228	0.5571	1.228	0.7176	1.593
59	0.0	0.9386	0.7385	0.9386	1.023	1.256
60	0.0	0.6812	0.6931	0.6812	0.9029	0.9178
61	0.0	1.606	1.703	1.606	1.987	1.884
62	0.0	1.335	1.532	1.335	1.684	1.692
63	0.0	1.659	0.5946	1.659	0.7018	1.909
64	0.0	1.239	1.743	1.239	1.752	1.588
65	0.0	0.6488	0.7379	0.6488	0.8917	0.9472
66	0.0	1.108	1.591	1.108	1.992	1.601
67	0.0	0.6358	0.67	0.6358	0.9061	0.842
68	0.0	1.184	1.526	1.184	2.077	1.566
69	0.0	0.8045	0.6707	0.8045	0.8376	1.169
70	0.0	0.9892	0.7154	0.9892	1.185	1.55
71	0.0	1.344	1.453	1.344	1.702	1.802
72	0.0	0.6206	0.6224	0.6206	0.8142	0.93
73	0.0	0.6632	0.8979	0.6632	1.114	0.9941
74	0.0	1.533	1.109	1.533	1.543	1.892
75	0.0	0.6788	0.6308	0.6788	0.7852	0.9388
76	0.0	1.206	1.107	1.206	1.348	1.43
77	0.0	0.6019	0.7944	0.6019	0.9236	0.8201
78	0.0	0.4956	0.5766	0.4956	0.7699	0.6768
79	0.0	0.7636	0.8392	0.7636	1.003	1.156
80	0.0	1.101	1.233	1.101	1.409	1.287
81	0.0	1.388	1.196	1.388	1.561	1.715
82	0.0	0.8283	0.5914	0.8283	0.7396	1.333
83	0.0	1.032	1.139	1.032	1.339	1.171
84	0.0	0.5434	0.4797	0.5434	0.6506	0.7737
85	0.0	1.121	0.7421	1.121	1.004	1.514
86	0.0	0.7131	0.9114	0.7131	1.028	0.9284
87	0.0	0.68	0.7317	0.68	0.9934	1.1
88	0.0	0.3536	0.583	0.3536	0.7561	0.4949
89	0.0	0.7001	0.8144	0.7001	0.9483	0.8974
90	0.0	1.026	1.737	1.026	1.899	1.182
91	0.0	0.8236	0.4987	0.8236	0.6052	1.295
92	0.0	0.7797	0.6965	0.7797	0.9727	1.08
93	0.0	0.5181	0.6804	0.5181	0.8702	0.7154
94	0.0	0.8883	2.024	0.8883	1.959	1.024
95	0.0	0.53	0.582	0.53	0.6798	0.5764
96	0.0	0.9394	0.8693	0.9394	1.291	1.052
97	0.0	1.387	0.9138	1.387	1.164	1.601
98	0.0	0.337	0.4279	0.337	0.6322	0.4856
99	0.0	0.5695	1.068	0.5695	1.387	0.7049
100	0.0	0.7699	0.9926	0.7699	1.318	0.9737
101	0.0	1.497	1.528	1.497	1.486	1.605
102	0.0	0.6662	0.6063	0.6662	0.7751	0.9487
103	0.0	1.071	0.7757	1.071	1.075	1.292
104	0.0	1.168	1.277	1.168	1.794	1.539
105	0.0	0.6056	0.9003	0.6056	0.9998	0.8321
106	0.0	0.9223	0.4693	0.9223	0.5355	1.062
107	0.0	0.5239	0.5565	0.5239	0.668	0.7576
108	0.0	0.5401	0.4945	0.5401	0.6328	0.7086
109	0.0	0.6339	0.4218	0.6339	0.573	0.8002
110	0.0	1.168	0.6932	1.168	0.8524	1.415
111	0.0	0.4633	0.4923	0.4633	0.6242	0.6319
112	0.0	1.376	1.444	1.376	1.643	1.757
113	0.0	0.6042	0.5277	0.6042	0.6298	0.8106
114	0.0	0.4596	0.5007	0.4596	0.609	0.6735
115	0.0	1.461	0.9226	1.461	1.144	2.032
116	0.0	0.5737	0.9191	0.5737	1.252	0.7722
117	0.0	1.464	0.8434	1.464	0.9246	1.934
118	0.0	0.5736	1.1	0.5736	1.204	0.7891
119	0.0	1.622	1.416	1.622	1.462	2.174
120	0.0	0.4661	0.659	0.4661	0.8557	0.6267
121	0.0	0.7285	1.104	0.7285	1.219	0.9656
122	0.0	0.518	0.4208	0.518	0.532	0.7096
123	0.0	1.358	0.8501	1.358	1.05	1.337
124	0.0	0.5464	0.5797	0.5464	0.8642	0.8205
125	0.0	1.132	0.6452	1.132	0.6946	1.216
126	0.0	0.7691	1.187	0.7691	1.171	0.8116
127	0.0	1.182	0.4994	1.182	0.5094	1.179
128	0.0	0.9609	0.5464	0.9609	0.6225	1.269
129	0.0	1.281	0.5228	1.281	0.5693	1.443
130	0.0	1.018	1.05	1.018	1.183	1.106
131	0.0	1.109	0.5414	1.109	0.683	1.376
132	0.0	0.7	0.5047	0.7	0.6009	0.9142
133	0.0	0.3399	0.5899	0.3399	0.7931	0.4445
134	0.0	0.9433	0.8524	0.9433	0.9904	1.223
135	0.0	1.105	0.4576	1.105	0.5012	1.208
136	0.0	0.4209	0.5494	0.4209	0.6215	0.5969
137	0.0	0.6982	0.5639	0.6982	0.6557	1.536
138	0.0	1.055	0.8083	1.055	0.9067	1.06
139	0.0	1.123	0.525	1.123	0.6244	1.333
140	0.0	0.4278	0.5951	0.4278	0.7358	0.5703
141	0.0	0.5746	0.682	0.5746	1.015	0.8322
142	0.0	0.7771	1.427	0.7771	1.653	0.9165
143	0.0	0.4745	0.5526	0.4745	0.708	0.6516
144	0.0	0.6663	0.78	0.6663	0.8708	0.8809
145	0.0	0.5508	0.5701	0.5508	0.6405	0.7226
146	0.0	0.6301	0.6924	0.6301	0.722	0.8073
147	0.0	0.9921	0.6039	0.9921	0.7179	1.082
148	0.0	0.6225	0.5523	0.6225	0.7614	0.8564
149	0.0	0.3634	0.5431	0.3634	0.7371	0.5386
150	0.0	0.3593	0.8106	0.3593	0.9584	0.572
151	0.0	1.485	0.8388	1.485	1.026	1.656
152	0.0	0.536	0.3869	0.536	0.5068	0.6626
153	0.0	0.846	0.7598	0.846	0.9979	1.139
154	0.0	1.253	1.265	1.253	1.376	1.481
155	0.0	1.237	0.7309	1.237	1.027	1.498
156	0.0	0.7593	0.4921	0.7593	0.5062	0.9762
157	0.0	0.9553	0.4544	0.9553	0.4936	1.248
158	0.0	1.073	0.9669	1.073	1.255	1.282
159	0.0	0.5117	0.6348	0.5117	0.7446	0.7449
160	0.0	0.4722	0.4395	0.4722	0.5361	0.7305
161	0.0	0.5121	0.4932	0.5121	0.6592	0.7471
162	0.0	0.3213	0.5108	0.3213	0.6439	0.4732
163	0.0	0.8114	0.785	0.8114	0.9187	0.9171
164	0.0	0.4548	0.4617	0.4548	0.5188	0.6007
165	0.0	1.754	0.9998	1.754	1.123	2.172
166	0.0	1.431	1.395	1.431	1.524	1.829
167	0.0	1.32	1.033	1.32	1.141	1.528
168	0.0	0.7486	0.6046	0.7486	0.7039	0.8319
169	0.0	0.6013	0.4168	0.6013	0.5448	0.7486
170	0.0	0.6853	0.925	0.6853	1.125	0.8623
171	0.0	0.759	0.4338	0.759	0.5569	1.036
172	0.0	0.979	0.9685	0.979	1.107	1.178
173	0.0	0.4173	0.3753	0.4173	0.4878	0.5916
174	0.0	1.21	1.148	1.21	1.198	1.59
175	0.0	1.156	0.7136	1.156	1.012	1.501
176	0.0	0.4433	0.4305	0.4433	0.6133	0.7139
177	0.0	0.6142	0.5752	0.6142	0.7931	0.7521
178	0.0	0.8906	1.025	0.8906	1.438	1.045
179	0.0	0.5507	0.4795	0.5507	0.6414	0.6558
180	0.0	0.729	1.069	0.729	1.111	0.8398
181	0.0	0.5111	0.5625	0.5111	0.6665	0.7019
182	0.0	0.3527	0.4148	0.3527	0.5087	0.5363
183	0.0	0.3956	0.7077	0.3956	0.7869	0.5517
184	0.0	0.7856	0.8574	0.7856	0.9288	0.9583
185	0.0	0.8765	0.6619	0.8765	0.7378	1.255
186	0.0	0.4286	0.41	0.4286	0.5785	0.5561
187	0.0	1.317	0.6187	1.317	0.7721	1.855
188	0.0	0.8009	0.6743	0.8009	0.8053	1.133
189	0.0	0.3658	0.5761	0.3658	0.7901	0.5312
190	0.0	0.5554	0.5733	0.5554	0.7316	0.6253
191	0.0	0.442	0.5571	0.442	0.6426	0.6568
192	0.0	0.456	0.3912	0.456	0.56	0.5894
193	0.0	0.6343	0.7544	0.6343	0.941	0.8033
194	0.0	1.15	1.286	1.15	1.436	1.381
195	0.0	0.4647	0.5679	0.4647	0.624	0.6487
196	0.0	0.6767	0.8194	0.6767	1.039	0.8327
197	0.0	0.4028	0.4726	0.4028	0.7557	0.6226
198	0.0	0.6581	0.9023	0.6581	1.071	0.8364
199	0.0	0.5276	0.5097	0.5276	0.5839	0.6532
200	0.0	0.787	0.5145	0.787	0.5695	0.8999
201	0.0	0.425	1.085	0.425	1.236	0.5653
202	0.0	0.501	0.5898	0.501	0.7915	0.608
203	0.0	0.5443	1.153	0.5443	1.14	0.7651
204	0.0	0.7117	0.7337	0.7117	0.8935	0.9308
205	0.0	0.6481	0.8753	0.6481	1.069	0.7593
206	0.0	0.4352	0.4614	0.4352	0.635	0.6699
207	0.0	1.021	0.5781	1.021	0.6609	1.397
208	0.0	1.233	1.028	1.233	1.262	1.67
209	0.0	0.4821	0.6802	0.4821	0.9551	0.6812
210	0.0	0.6573	0.6825	0.6573	0.9531	0.8928
211	0.0	0.4244	0.5065	0.4244	0.6293	0.5534
212	0.0	0.6277	0.5945	0.6277	0.7235	0.8517
213	0.0	0.9891	0.5313	0.9891	0.7639	1.132
214	0.0	0.8966	0.5182	0.8966	0.5214	1.124
215	0.0	0.4361	0.3517	0.4361	0.4843	0.6728
216	0.0	1.209	0.8601	1.209	1.157	1.611
217	0.0	0.6958	0.5323	0.6958	0.7433	0.8448
218	0.0	0.3356	0.5841	0.3356	0.6926	0.5176
219	0.0	1.387	1.19	1.387	1.352	1.711
220	0.0	0.415	0.3895	0.415	0.5145	0.5781
221	0.0	1.661	0.6863	1.661	0.8061	2.212
222	0.0	0.7264	0.7599	0.7264	0.8605	1.034
223	0.0	1.311	0.8199	1.311	0.8808	1.607
224	0.0	0.5532	0.5409	0.5532	0.7235	0.7724
225	0.0	0.5245	0.5909	0.5245	0.7761	0.8477
226	0.0	0.5527	0.4571	0.5527	0.6577	0.7319
227	0.0	0.8952	0.5104	0.8952	0.5901	1.039
228	0.0	0.5475	0.3598	0.5475	0.5465	0.8643
229	0.0	0.8547	0.9111	0.8547	1.043	1.041
230	0.0	0.6057	0.5564	0.6057	0.5823	0.6474
231	0.0	0.9049	0.9542	0.9049	1.116	1.006
232	0.0	0.9565	0.5845	0.9565	0.6545	1.207
233	0.0	1.304	0.7401	1.304	0.8303	1.484
234	0.0	1.006	0.556	1.006	0.6169	1.213
235	0.0	0.5926	0.7011	0.5926	0.8509	0.7659
236	0.0	0.5406	0.6443	0.5406	0.767	0.7315
237	0.0	0.3433	0.5816	0.3433	0.6505	0.4691
238	0.0	1.117	0.9756	1.117	1.222	1.233
239	0.0	0.7754	0.7489	0.7754	0.8165	0.8872
240	0.0	0.4589	0.5688	0.4589	0.6022	0.6847
241	0.0	0.7491	0.5329	0.7491	0.7603	1.422
242	0.0	0.862	0.8194	0.862	0.9777	0.8896
243	0.0	1.309	0.6466	1.309	0.7886	1.438
244	0.0	0.6234	0.6872	0.6234	0.8686	0.7948
245	0.0	0.3657	0.5083	0.3657	0.6968	0.5318
246	0.0	0.6007	0.5131	0.6007	0.5974	0.7439
247	0.0	0.3487	0.3812	0.3487	0.5303	0.5039
248	0.0	0.5557	0.6249	0.5557	0.7501	0.7648
249	0.0	0.2277	0.7405	0.2277	0.9019	0.323
250	0.0	0.3829	0.3705	0.3829	0.5011	0.4403
251	0.0	0.9954	0.9935	0.9954	1.088	1.111
252	0.0	0.3613	0.5393	0.3613	0.7418	0.4843
253	0.0	0.3575	0.5571	0.3575	0.6936	0.5571
254	0.0	0.3747	0.5232	0.3747	0.583	0.5187
255	0.0	1.198	1.039	1.198	1.063	1.332
256	0.0	0.3825	0.5314	0.3825	0.6358	0.4648
257	0.0	0.7011	0.5911	0.7011	0.7557	0.9995
258	0.0	1.245	0.896	1.245	0.9998	1.41
259	0.0	0.7651	0.984	0.7651	1.184	1.147
260	0.0	0.5296	1.04	0.5296	1.231	0.6155
261	0.0	0.3906	0.8659	0.3906	1.141	0.5298
262	0.0	0.9504	1.216	0.9504	1.249	1.163
263	0.0	0.391	0.8646	0.391	0.9366	0.4952
264	0.0	0.2832	0.3947	0.2832	0.5159	0.4117
265	0.0	0.4645	0.4767	0.4645	0.7126	0.6452
266	0.0	0.3462	0.6069	0.3462	0.8263	0.4999
267	0.0	0.8438	0.5876	0.8438	0.7142	1.061
268	0.0	0.4031	0.7572	0.4031	0.9144	0.539
269	0.0	1.34	0.5934	1.34	0.6612	1.537
270	0.0	0.7013	0.8572	0.7013	0.8701	0.8714
271	0.0	0.6823	0.5227	0.6823	0.6093	0.7585
272	0.0	1.186	0.6328	1.186	0.7513	1.36
273	0.0	0.473	0.6182	0.473	0.735	0.701
274	0.0	0.7608	0.5193	0.7608	0.5814	0.9215
275	0.0	0.3832	0.5975	0.3832	0.9043	0.468
276	0.0	0.6799	0.5179	0.6799	0.5629	0.8117
277	0.0	0.5483	0.5375	0.5483	0.7327	0.835
278	0.0	1.158	0.6579	1.158	0.8099	1.442
279	0.0	0.9865	0.7481	0.9865	0.9023	1.411
280	0.0	0.3548	0.4148	0.3548	0.5864	0.5014
281	0.0	0.4844	0.5662	0.4844	0.7331	0.661
282	0.0	0.6505	0.8918	0.6505	1.129	0.7534
283	0.0	0.4256	0.4566	0.4256	0.5925	0.603
284	0.0	1.059	0.7552	1.059	0.8035	1.144
285	0.0	0.5296	0.5408	0.5296	0.6993	0.7532
286	0.0	0.3043	0.4057	0.3043	0.5722	0.4799
287	0.0	0.5388	0.5939	0.5388	0.58	0.7428
288	0.0	0.9557	0.676	0.9557	0.7946	1.105
289	0.0	1.091	0.9598	1.091	1.193	1.489
290	0.0	0.3713	0.3754	0.3713	0.4953	0.4975
291	0.0	0.9994	0.4849	0.9994	0.5938	1.258
292	0.0	0.3895	0.4042	0.3895	0.6299	0.5007
293	0.0	0.4234	0.4099	0.4234	0.5642	0.5661
294	0.0	0.479	0.4562	0.479	0.5439	0.6047
295	0.0	0.3648	0.54	0.3648	0.6069	0.4874
296	0.0	0.5269	0.3021	0.5269	0.4163	0.6335
297	0.0	0.5317	0.5076	0.5317	0.5739	0.6993
298	0.0	0.9836	1.164	0.9836	1.264	1.158
299	0.0	0.3495	0.5525	0.3495	0.74	0.4947
300	0.0	0.5171	0.5392	0.5171	0.652	0.6851
301	0.0	0.3959	0.3361	0.3959	0.4843	0.635
302	0.0	1.335	0.7673	1.335	0.9452	1.485
303	0.0	0.5319	0.549	0.5319	0.757	0.6964
304	0.0	0.3283	0.5994	0.3283	0.6583	0.455
305	0.0	0.5898	0.5872	0.5898	0.816	0.657
306	0.0	0.4357	0.401	0.4357	0.5338	0.562
307	0.0	0.5883	0.788	0.5883	0.8189	0.8109
308	0.0	0.5773	0.5552	0.5773	0.7013	0.7286
309	0.0	1.007	0.8425	1.007	0.9692	1.209
310	0.0	0.5358	0.4869	0.5358	0.6702	0.7062
311	0.0	0.9748	0.9962	0.9748	1.109	1.334
312	0.0	1.062	1.094	1.062	1.467	1.498
313	0.0	0.5379	0.7623	0.5379	0.9268	0.6899
314	0.0	0.7719	0.7664	0.7719	1.018	1.002
315	0.0	0.3829	0.5505	0.3829	0.5914	0.5064
316	0.0	0.386	0.4985	0.386	0.5405	0.4921
317	0.0	0.7648	0.4646	0.7648	0.6799	0.8746
318	0.0	0.878	0.8244	0.878	0.8997	0.9611
319	0.0	0.4057	0.636	0.4057	0.8751	0.6101
320	0.0	0.7377	0.897	0.7377	1.025	0.8457
321	0.0	0.387	0.4586	0.387	0.5264	0.5907
322	0.0	0.3939	0.6967	0.3939	0.8737	0.5626
323	0.0	1.247	1.023	1.247	1.099	1.517
324	0.0	0.3868	0.656	0.3868	0.8446	0.4719
325	0.0	1.446	1.318	1.446	1.404	2.312
326	0.0	0.807	0.8221	0.807	1.112	0.9966
327	0.0	1.161	0.4952	1.161	0.5413	1.578
328	0.0	0.3996	0.3898	0.3996	0.5224	0.5236
329	0.0	0.6219	0.4417	0.6219	0.5675	0.8212
330	0.0	0.4057	0.4252	0.4057	0.6087	0.5048
331	0.0	1.061	0.6523	1.061	0.7754	1.225
332	0.0	0.4711	0.3586	0.4711	0.515	0.7165
333	0.0	1.17	0.779	1.17	0.9087	1.231
334	0.0	0.5517	0.4321	0.5517	0.463	0.7193
335	0.0	0.8502	1.185	0.8502	1.202	1.005
336	0.0	0.961	0.7834	0.961	1.019	1.361
337	0.0	1.303	0.9666	1.303	1.056	1.402
338	0.0	0.9337	0.4544	0.9337	0.6231	1.08
339	0.0	0.4927	0.6036	0.4927	0.6673	0.5432
340	0.0	0.628	0.367	0.628	0.5046	0.8942
341	0.0	0.2941	0.3476	0.2941	0.4778	0.4414
342	0.0	0.8907	0.759	0.8907	1.009	1.143
343	0.0	0.9489	0.6812	0.9489	0.7613	1.075
344	0.0	0.3898	0.4376	0.3898	0.469	0.547
345	0.0	0.6215	0.6792	0.6215	0.8971	1.497
346	0.0	1.102	0.6001	1.102	0.6078	1.337
347	0.0	1.149	0.951	1.149	0.9839	1.315
348	0.0	0.3461	0.4687	0.3461	0.6172	0.4828
349	0.0	0.4843	0.7064	0.4843	0.9511	0.7006
350	0.0	0.7882	0.5808	0.7882	0.6452	1.078
351	0.0	0.3465	0.3546	0.3465	0.4826	0.4948
352	0.0	0.5303	0.6309	0.5303	0.7446	0.7139
353	0.0	0.3497	0.5896	0.3497	0.7522	0.468
354	0.0	0.3599	0.5043	0.3599	0.641	0.465
355	0.0	0.8987	0.7201	0.8987	0.9411	1.063
356	0.0	0.4454	0.4292	0.4454	0.5937	0.578
357	0.0	0.2815	0.4168	0.2815	0.5526	0.4396
358	0.0	0.3652	0.4155	0.3652	0.5581	0.6187
359	0.0	1.17	1.224	1.17	1.313	1.335
360	0.0	0.4829	0.3203	0.4829	0.417	0.5916
361	0.0	0.7931	0.8536	0.7931	0.9413	1.057
362	0.0	1.346	0.643	1.346	0.795	1.605
363	0.0	0.7753	0.5386	0.7753	0.597	0.9948
364	0.0	0.7332	0.5072	0.7332	0.5082	0.8152
365	0.0	0.394	0.7482	0.394	1.018	0.6057
366	0.0	0.9034	1.016	0.9034	1.166	1.178
367	0.0	0.4347	0.745	0.4347	0.9151	0.5565
368	0.0	0.3031	0.6757	0.3031	0.8506	0.4825
369	0.0	0.4014	0.4482	0.4014	0.6233	0.6389
370	0.0	0.3915	0.6754	0.3915	1.01	0.6091
371	0.0	0.9777	0.5214	0.9777	0.701	1.184
372	0.0	0.4593	0.3408	0.4593	0.4729	0.6346
373	0.0	1.345	0.9602	1.345	1.081	1.671
374	0.0	0.7296	0.9022	0.7296	0.9489	1.038
375	0.0	0.5392	1.019	0.5392	1.149	0.6691
376	0.0	0.9188	0.9754	0.9188	1.051	1.042
377	0.0	0.2862	0.279	0.2862	0.3681	0.3632
378	0.0	1.273	1.023	1.273	1.188	1.763
379	0.0	0.3884	0.2897	0.3884	0.4479	0.5566
380	0.0	0.6815	0.79	0.6815	0.939	0.9284
381	0.0	0.442	0.4182	0.442	0.5962	0.6628
382	0.0	0.4749	0.6896	0.4749	0.7585	0.5976
383	0.0	0.6624	0.4763	0.6624	0.5616	0.7962
384	0.0	0.3208	0.4399	0.3208	0.5787	0.4325
385	0.0	0.4711	0.6793	0.4711	0.8095	0.7676
386	0.0	0.6656	0.9469	0.6656	1.101	0.922
387	0.0	0.463	0.3727	0.463	0.467	0.6712
388	0.0	0.781	1.328	0.781	1.351	0.884
389	0.0	0.5293	0.5116	0.5293	0.6012	0.73
390	0.0	0.4585	0.3847	0.4585	0.4437	0.6963
391	0.0	0.3468	0.4134	0.3468	0.5838	0.5122
392	0.0	0.9629	1.044	0.9629	1.165	1.037
393	0.0	0.7433	0.7617	0.7433	0.987	0.977
394	0.0	0.4878	0.4704	0.4878	0.6762	0.6779
395	0.0	0.8311	0.7971	0.8311	0.927	0.9706
396	0.0	0.3275	0.4456	0.3275	0.4877	0.4159
397	0.0	0.4222	0.4457	0.4222	0.6453	0.5958
398	0.0	0.5589	0.5388	0.5589	0.5727	0.7094
399	0.0	0.6697	0.4584	0.6697	0.5364	1.121
400	0.0	0.4526	0.348	0.4526	0.4278	0.5982
401	0.0	0.4946	0.4175	0.4946	0.5418	0.6381
402	0.0	0.7937	1.1	0.7937	1.195	0.9152
403	0.0	0.5768	0.4934	0.5768	0.7246	0.7332
404	0.0	0.4032	0.7188	0.4032	0.8837	0.6254
405	0.0	0.3113	0.5761	0.3113	0.6525	0.4846
406	0.0	0.7778	1.231	0.7778	1.316	0.9393
407	0.0	0.4819	0.6152	0.4819	0.7811	0.6278
408	0.0	0.4735	0.5048	0.4735	0.6537	0.671
409	0.0	0.523	0.6333	0.523	0.7332	0.7087
410	0.0	0.2553	0.4952	0.2553	0.5525	0.3515
411	0.0	0.4111	0.4755	0.4111	0.4957	0.6701
412	0.0	0.5414	0.5143	0.5414	0.6783	0.682
413	0.0	1.391	0.6351	1.391	0.6645	1.66
414	0.0	0.4026	0.5796	0.4026	0.8071	0.5968
415	0.0	0.5945	1.223	0.5945	1.424	0.6836
416	0.0	0.9311	0.2922	0.9311	0.4241	1.183
417	0.0	0.5475	0.3751	0.5475	0.458	0.7333
418	0.0	1.176	0.913	1.176	1.096	1.275
419	0.0	0.3704	0.3263	0.3704	0.4131	0.5378
420	0.0	0.3245	0.4703	0.3245	0.5716	0.4569
421	0.0	0.3734	0.5397	0.3734	0.7058	0.5157
422	0.0	0.9887	0.7592	0.9887	0.8298	1.101
423	0.0	0.4237	0.3766	0.4237	0.5203	0.6431
424	0.0	0.8091	0.7545	0.8091	0.9291	0.9837
425	0.0	0.8685	0.8289	0.8685	1.118	0.9029
426	0.0	0.4732	0.4396	0.4732	0.5565	0.6884
427	0.0	1.136	0.9533	1.136	0.9798	1.382
428	0.0	0.6333	0.6065	0.6333	0.6644	0.9544
429	0.0	1.238	1.151	1.238	1.357	1.522
430	0.0	0.9442	0.6335	0.9442	0.6706	1.134
431	0.0	0.9254	0.5503	0.9254	0.6181	1.059
432	0.0	0.6059	0.7533	0.6059	0.9574	0.7456
433	0.0	0.8531	0.6886	0.8531	0.8884	1.102
434	0.0	0.535	0.402	0.535	0.5436	0.6532
435	0.0	0.9176	0.706	0.9176	0.8902	0.9984
436	0.0	0.6155	0.7867	0.6155	0.8597	0.87
437	0.0	1.118	0.5318	1.118	0.5921	1.262
438	0.0	0.6092	0.7331	0.6092	0.7725	0.8314
439	0.0	1.099	0.6819	1.099	0.8296	1.4
440	0.0	1.029	0.9503	1.029	0.9971	1.399
441	0.0	1.102	0.4569	1.102	0.5468	1.168
442	0.0	0.6602	0.5265	0.6602	0.6281	0.7504
443	0.0	0.676	0.7393	0.676	0.7888	0.9676
444	0.0	0.4999	0.3287	0.4999	0.4214	0.7596
445	0.0	0.3169	0.5771	0.3169	0.6545	0.4632
446	0.0	0.7867	0.8846	0.7867	0.9838	0.9834
447	0.0	1.204	1.228	1.204	1.321	1.375
448	0.0	0.3237	0.4955	0.3237	0.6016	0.5186
449	0.0	0.529	0.6613	0.529	0.8446	1.062
450	0.0	0.5047	0.9197	0.5047	1.033	0.5545
451	0.0	0.8337	0.4433	0.8337	0.4663	1.011
452	0.0	0.575	0.4893	0.575	0.6683	0.7898
453	0.0	0.4949	0.386	0.4949	0.593	0.7935
454	0.0	1.089	0.8373	1.089	0.942	1.253
455	0.0	0.3899	0.4067	0.3899	0.6008	0.5742
456	0.0	0.4732	0.6933	0.4732	0.9396	0.5934
457	0.0	0.3558	0.6068	0.3558	0.729	0.4721
458	0.0	0.4764	0.5145	0.4764	0.6988	0.6113
459	0.0	0.7742	0.9157	0.7742	0.9713	0.9804
460	0.0	0.4532	0.822	0.4532	0.8953	0.5958
461	0.0	0.3901	0.3687	0.3901	0.4592	0.7411
462	0.0	0.3143	0.3661	0.3143	0.4206	0.5236
463	0.0	1.098	0.789	1.098	0.9611	1.618
464	0.0	0.2799	0.4125	0.2799	0.5228	0.3645
465	0.0	0.8456	0.8747	0.8456	0.9938	1.234
466	0.0	1.362	1.135	1.362	1.202	1.605
467	0.0	0.6859	0.7058	0.6859	0.8463	0.9557
468	0.0	1.191	0.7788	1.191	0.8901	1.203
469	0.0	0.8823	0.7835	0.8823	0.891	1.177
470	0.0	0.7244	0.7136	0.7244	0.9232	0.9303
471	0.0	0.5305	0.9222	0.5305	1.047	0.7796
472	0.0	0.2544	0.4516	0.2544	0.57	0.3857
473	0.0	0.6784	0.366	0.6784	0.461	0.9761
474	0.0	0.3312	0.3762	0.3312	0.4855	0.4324
475	0.0	0.7273	0.7551	0.7273	0.9301	0.8877
476	0.0	0.4302	0.4865	0.4302	0.6346	0.6454
477	0.0	1.288	1.141	1.288	1.332	1.527
478	0.0	0.6434	0.7211	0.6434	0.8364	0.7405
479	0.0	1.207	0.6884	1.207	0.8204	1.334
480	0.0	0.8494	0.6035	0.8494	0.7194	1.004
481	0.0	0.5112	0.7768	0.5112	0.8666	0.6994
482	0.0	0.9532	1.182	0.9532	1.282	1.165
483	0.0	0.4013	0.4571	0.4013	0.5108	0.5259
484	0.0	1.145	0.8046	1.145	1.061	1.293
485	0.0	0.5933	0.4602	0.5933	0.5267	0.8737
486	0.0	1.014	0.7529	1.014	0.8487	1.27
487	0.0	0.9124	0.6949	0.9124	0.766	1.221
488	0.0	0.3613	0.3095	0.3613	0.4259	0.512
489	0.0	0.406	0.4219	0.406	0.6053	0.5584
490	0.0	0.4653	1.061	0.4653	1.197	0.5589
491	0.0	0.2775	0.6131	0.2775	0.8284	0.3875
492	0.0	0.6392	0.7216	0.6392	0.8139	0.7849
493	0.0	0.4343	0.5499	0.4343	0.6265	0.6287
494	0.0	0.3398	0.3393	0.3398	0.4941	0.4723
495	0.0	0.4665	0.4253	0.4665	0.5316	0.579
496	0.0	1.22	0.8138	1.22	0.8443	1.627
497	0.0	0.8383	0.5356	0.8383	0.6339	1.271
498	0.0	0.301	0.4024	0.301	0.505	0.3934
499	0.0	0.9104	0.7413	0.9104	0.8931	1.214
500	0.0	0.3544	0.2882	0.3544	0.447	0.4509
501	0.0	0.3788	0.3726	0.3788	0.4943	0.5199
502	0.0	0.4143	0.5188	0.4143	0.6901	0.5804
503	0.0	0.401	0.5157	0.401	0.7621	0.5169
504	0.0	0.5976	0.3305	0.5976	0.4481	0.7775
505	0.0	0.4546	0.5616	0.4546	0.6329	0.6912
506	0.0	0.7359	0.8006	0.7359	0.9547	0.861
507	0.0	0.5635	0.7621	0.5635	0.8017	0.7282
508	0.0	0.5259	0.693	0.5259	0.7523	0.6765
509	0.0	0.4266	0.3549	0.4266	0.4961	0.7086
510	0.0	0.7853	0.495	0.7853	0.5887	0.823
511	0.0	0.4412	0.3642	0.4412	0.4713	0.6178
512	0.0	0.639	0.7501	0.639	0.8921	0.7618
513	0.0	0.8444	0.5849	0.8444	0.8124	1.159
514	0.0	0.2967	0.5463	0.2967	0.7399	0.3886
515	0.0	0.7259	0.7757	0.7259	0.9362	0.988
516	0.0	0.3704	0.6582	0.3704	0.7262	0.5114
517	0.0	0.9339	1.026	0.9339	1.113	1.093
518	0.0	0.4154	0.3853	0.4154	0.4924	0.7228
519	0.0	0.7953	0.8089	0.7953	1.031	1.06
520	0.0	1.228	1.119	1.228	1.284	1.662
521	0.0	0.5122	0.3825	0.5122	0.4672	0.7444
522	0.0	0.5888	1.111	0.5888	1.291	0.7182
523	0.0	0.3587	0.2934	0.3587	0.4527	0.4582
524	0.0	0.3757	0.4358	0.3757	0.6002	0.4847
525	0.0	0.4019	0.5165	0.4019	0.6965	0.5846
526	0.0	0.8701	1.104	0.8701	1.216	1.046
527	0.0	0.3861	0.4267	0.3861	0.553	0.6022
528	0.0	0.9622	0.6899	0.9622	0.7596	1.117
529	0.0	0.7487	0.6035	0.7487	0.7252	1.043
530	0.0	0.3724	0.4493	0.3724	0.5523	0.5498
531	0.0	0.9419	0.8469	0.9419	0.9626	1.09
532	0.0	0.364	0.587	0.364	0.7498	0.5093
533	0.0	1.151	1.24	1.151	1.348	1.322
534	0.0	0.6864	0.6745	0.6864	0.8064	0.8899
535	0.0	1.204	1.162	1.204	1.347	1.562
536	0.0	0.4885	0.6457	0.4885	0.7144	0.6827
537	0.0	0.5343	0.5719	0.5343	0.6768	0.7414
538	0.0	0.3881	0.3743	0.3881	0.479	0.4335
539	0.0	0.7323	0.4853	0.7323	0.5414	0.8981
540	0.0	0.4012	0.4283	0.4012	0.6017	0.6214
541	0.0	0.634	0.6988	0.634	0.8117	0.717
542	0.0	0.3123	0.8938	0.3123	1.038	0.4118
543	0.0	1.007	0.4289	1.007	0.5225	1.164
544	0.0	0.9946	0.5565	0.9946	0.6904	1.087
545	0.0	1.199	0.4902	1.199	0.623	1.32
546	0.0	0.7337	0.5806	0.7337	0.6873	0.8638
547	0.0	0.6531	0.5917	0.6531	0.6701	0.8698
548	0.0	0.4517	0.5187	0.4517	0.5977	0.5867
549	0.0	0.2754	0.4505	0.2754	0.5882	0.403
550	0.0	0.8347	1.102	0.8347	1.159	1.033
551	0.0	0.9291	1.083	0.9291	1.204	1.084
552	0.0	0.3863	0.388	0.3863	0.5037	0.5878
553	0.0	0.5264	0.4381	0.5264	0.5084	0.9367
554	0.0	0.4936	0.8779	0.4936	1.007	0.5497
555	0.0	0.8513	0.5255	0.8513	0.6766	0.9923
556	0.0	0.5014	0.4783	0.5014	0.671	0.6275
557	0.0	0.4638	1.164	0.4638	1.388	0.7252
558	0.0	0.9022	0.8359	0.9022	0.9079	1.054
559	0.0	0.3654	0.5495	0.3654	0.6315	0.5342
560	0.0	0.3455	0.6051	0.3455	0.7964	0.4644
561	0.0	0.6206	0.5203	0.6206	0.5935	0.6876
562	0.0	0.5621	0.4046	0.5621	0.4315	0.7889
563	0.0	0.9855	0.8815	0.9855	0.9442	1.131
564	0.0	0.3212	0.3509	0.3212	0.4498	0.4838
565	0.0	0.2601	0.5551	0.2601	0.7818	0.409
566	0.0	0.2722	0.9233	0.2722	1.066	0.4165
567	0.0	0.8019	0.8992	0.8019	0.936	1.033
568	0.0	0.34	0.788	0.34	0.842	0.3837
569	0.0	0.9089	1.084	0.9089	1.224	1.155
570	0.0	0.6205	0.9395	0.6205	0.9868	0.7468
571	0.0	0.7044	0.8036	0.7044	0.967	0.9309
572	0.0	0.7603	0.4614	0.7603	0.543	0.8325
573	0.0	0.6366	0.9124	0.6366	1.048	0.8872
574	0.0	0.9057	0.6104	0.9057	0.7851	1.165
575	0.0	0.4056	0.4869	0.4056	0.6088	0.5388
576	0.0	0.4294	0.5325	0.4294	0.6723	0.5799
577	0.0	0.2875	0.401	0.2875	0.5387	0.455
578	0.0	0.2843	0.8723	0.2843	1.0	0.4079
579	0.0	0.7996	0.7952	0.7996	1.04	1.003
580	0.0	0.558	0.3352	0.558	0.4441	0.7605
581	0.0	1.004	0.7247	1.004	0.9885	1.177
582	0.0	0.8438	1.064	0.8438	1.188	0.9226
583	0.0	0.8754	0.4737	0.8754	0.5525	1.088
584	0.0	1.065	0.5263	1.065	0.6027	1.163
585	0.0	0.3137	0.7164	0.3137	0.833	0.4003
586	0.0	0.9773	0.5585	0.9773	0.6868	1.328
587	0.0	0.2982	0.4064	0.2982	0.5449	0.4
588	0.0	0.6606	0.5444	0.6606	0.6781	0.822
589	0.0	0.4528	0.5338	0.4528	0.5926	0.7097
590	0.0	0.6888	0.5737	0.6888	0.7381	0.8895
591	0.0	1.13	0.5109	1.13	0.6023	1.349
592	0.0	0.3719	0.3791	0.3719	0.5586	0.5071
593	0.0	0.4483	0.5003	0.4483	0.6343	0.5766
594	0.0	0.9383	0.571	0.9383	0.6765	1.166
595	0.0	0.3525	0.4141	0.3525	0.4176	0.4704
596	0.0	0.948	1.048	0.948	1.159	1.084
597	0.0	0.6682	0.6885	0.6682	0.8446	0.8687
598	0.0	0.328	0.5941	0.328	0.8862	0.4498
599	0.0	0.3446	0.4584	0.3446	0.5376	0.5208
600	0.0	0.7705	0.6692	0.7705	0.8308	0.9967
601	0.0	0.7642	0.8588	0.7642	0.9419	0.8904
602	0.0	0.4721	0.4696	0.4721	0.4862	0.5926
603	0.0	0.8884	0.7542	0.8884	0.8781	1.265
604	0.0	0.352	0.3399	0.352	0.4411	0.4415
605	0.0	0.3462	0.35	0.3462	0.4784	0.4384
606	0.0	0.4428	0.704	0.4428	0.8017	0.5675
607	0.0	0.6997	0.3528	0.6997	0.4941	0.8261
608	0.0	0.3971	0.4929	0.3971	0.5857	0.438
609	0.0	0.6382	0.5567	0.6382	0.6122	0.8177
610	0.0	0.677	0.7672	0.677	0.8948	1.221
611	0.0	0.3797	0.5712	0.3797	0.7384	0.4893
612	0.0	0.6366	0.5121	0.6366	0.5759	0.8465
613	0.0	0.3347	0.4689	0.3347	0.7042	0.5536
614	0.0	0.622	0.7569	0.622	0.8101	0.7566
615	0.0	0.349	0.5371	0.349	0.7116	0.4336
616	0.0	0.4229	0.3949	0.4229	0.5003	0.5432
617	0.0	0.3418	0.4535	0.3418	0.5774	0.4516
618	0.0	0.464	0.6397	0.464	0.7845	0.6308
619	0.0	0.4754	0.6205	0.4754	0.7184	0.6712
620	0.0	0.7483	0.5081	0.7483	0.5954	0.9992
621	0.0	0.6606	0.5771	0.6606	0.6344	0.7087
622	0.0	0.4223	0.4374	0.4223	0.6141	0.5766
623	0.0	1.14	0.7217	1.14	0.7968	1.378
624	0.0	1.063	0.5561	1.063	0.6877	1.473
625	0.0	0.5509	0.4324	0.5509	0.4781	0.8037
626	0.0	0.4941	0.7574	0.4941	0.8615	0.6265
627	0.0	0.3978	0.4125	0.3978	0.5233	0.5427
628	0.0	0.4521	0.4369	0.4521	0.5884	0.6106
629	0.0	0.4111	0.6355	0.4111	0.6848	0.5285
630	0.0	0.9667	0.6915	0.9667	0.8315	1.231
631	0.0	0.447	0.358	0.447	0.5443	0.6194
632	0.0	0.8558	0.6492	0.8558	0.8426	1.122
633	0.0	0.6104	0.4707	0.6104	0.6478	0.7479
634	0.0	0.418	0.5502	0.418	0.717	0.5985
635	0.0	1.263	0.5326	1.263	0.609	1.565
636	0.0	0.373	0.3719	0.373	0.2528	0.534
637	0.0	1.348	0.6362	1.348	0.819	2.308
638	0.0	0.8191	0.8086	0.8191	0.8803	1.143
639	0.0	1.273	0.6959	1.273	0.9393	1.735
640	0.0	0.35	0.4528	0.35	0.6095	0.4849
641	0.0	0.3942	0.5439	0.3942	0.6182	0.4903
642	0.0	0.4493	0.4455	0.4493	0.5142	0.5376
643	0.0	0.767	0.7875	0.767	0.8014	1.026
644	0.0	0.382	0.5086	0.382	0.7302	0.5457
645	0.0	1.079	0.7637	1.079	0.7683	1.321
646	0.0	0.5465	0.8065	0.5465	0.8811	0.6623
647	0.0	0.7313	0.7172	0.7313	0.8786	0.872
648	0.0	0.8233	0.587	0.8233	0.699	1.101
649	0.0	0.8075	0.5733	0.8075	0.707	0.9286
650	0.0	0.9102	0.7674	0.9102	0.8606	1.076
651	0.0	0.467	1.105	0.467	1.234	0.6306
652	0.0	0.4199	0.3201	0.4199	0.4901	0.6231
653	0.0	0.2577	0.5529	0.2577	0.7577	0.3697
654	0.0	0.9267	0.4449	0.9267	0.4895	1.146
655	0.0	0.8363	0.7022	0.8363	0.8256	0.9659
656	0.0	0.4081	0.5877	0.4081	0.7768	0.5778
657	0.0	0.8384	0.5848	0.8384	0.7743	1.291
658	0.0	1.038	1.047	1.038	1.17	1.142
659	0.0	0.9326	0.9289	0.9326	1.043	1.199
660	0.0	0.332	0.8241	0.332	1.006	0.4485
661	0.0	0.685	0.7271	0.685	0.9639	0.7462
662	0.0	0.9821	1.002	0.9821	1.156	1.162
663	0.0	0.3365	0.4027	0.3365	0.5669	0.4797
664	0.0	0.509	0.271	0.509	0.3787	0.7033
665	0.0	0.3837	0.4607	0.3837	0.5725	0.5182
666	0.0	0.4152	0.3697	0.4152	0.4581	0.5666
667	0.0	0.7636	1.061	0.7636	1.119	0.9337
668	0.0	0.4248	0.3467	0.4248	0.4587	0.5645
669	0.0	0.284	0.572	0.284	0.7031	0.3969
670	0.0	0.2676	0.4734	0.2676	0.4986	0.4119
671	0.0	0.9746	0.7004	0.9746	0.7405	1.353
672	0.0	0.3559	0.467	0.3559	0.6213	0.4427
673	0.0	0.7718	0.9615	0.7718	1.11	0.9786
674	0.0	1.272	0.5447	1.272	0.6225	1.817
675	0.0	0.8697	0.8967	0.8697	0.9828	1.231
676	0.0	0.8854	0.5115	0.8854	0.5781	1.023
677	0.0	0.2961	0.7446	0.2961	0.9489	0.4062
678	0.0	0.6938	0.6396	0.6938	0.701	0.8695
679	0.0	0.6029	0.6353	0.6029	0.7192	0.8302
680	0.0	0.2911	0.5661	0.2911	0.6602	0.3593
681	0.0	0.5107	0.4808	0.5107	0.6683	0.7201
682	0.0	0.302	0.5615	0.302	0.646	0.4486
683	0.0	0.6731	1.072	0.6731	1.171	0.8243
684	0.0	0.4161	0.4707	0.4161	0.6348	0.5635
685	0.0	1.361	0.6521	1.361	0.7521	1.656
686	0.0	0.7016	0.9947	0.7016	1.157	0.8978
687	0.0	0.8366	0.786	0.8366	0.9125	0.9938
688	0.0	0.9062	0.9987	0.9062	1.104	1.044
689	0.0	0.3575	0.3971	0.3575	0.4902	0.4335
690	0.0	0.8033	0.4967	0.8033	0.5714	0.9778
691	0.0	0.3308	0.3963	0.3308	0.5585	0.4845
692	0.0	0.7115	0.7395	0.7115	1.07	0.9514
693	0.0	0.4146	0.355	0.4146	0.5033	0.619
694	0.0	0.4886	0.5303	0.4886	0.6027	0.5784
695	0.0	0.9044	0.4523	0.9044	0.4854	1.02
696	0.0	0.2607	0.3139	0.2607	0.4433	0.3863
697	0.0	0.4272	0.4305	0.4272	0.5735	0.5966
698	0.0	0.4729	0.561	0.4729	0.6462	0.6002
699	0.0	0.4176	0.4873	0.4176	0.6423	0.5888
700	0.0	0.6819	0.8453	0.6819	0.9711	0.8515
701	0.0	0.7108	0.4556	0.7108	0.546	0.9129
702	0.0	0.2918	0.3476	0.2918	0.5127	0.4025
703	0.0	0.351	0.4255	0.351	0.5608	0.5345
704	0.0	1.114	0.7839	1.114	0.842	1.443
705	0.0	0.8657	0.8942	0.8657	0.9906	1.166
706	0.0	0.5976	0.379	0.5976	0.4942	0.8502
707	0.0	0.547	0.4904	0.547	0.5966	0.6562
708	0.0	0.4155	0.4751	0.4155	0.6352	0.5282
709	0.0	0.3724	0.409	0.3724	0.568	0.4906
710	0.0	0.526	0.6285	0.526	0.8549	0.6731
711	0.0	0.5223	0.4016	0.5223	0.5135	0.7275
712	0.0	0.5542	0.4946	0.5542	0.5437	0.589
713	0.0	0.4332	0.4458	0.4332	0.514	0.5587
714	0.0	0.9402	0.4611	0.9402	0.5075	1.157
715	0.0	0.6054	0.3864	0.6054	0.4784	0.8301
716	0.0	0.4729	0.8589	0.4729	1.023	0.6355
717	0.0	0.3892	0.3385	0.3892	0.514	0.5504
718	0.0	1.268	0.4857	1.268	0.5535	1.479
719	0.0	0.5273	0.3777	0.5273	0.4533	0.6657
720	0.0	0.5395	0.5364	0.5395	0.6256	0.6529
721	0.0	0.4678	0.8976	0.4678	1.042	0.6247
722	0.0	0.6622	0.632	0.6622	0.7588	0.816
723	0.0	0.509	0.6083	0.509	0.7806	0.6653
724	0.0	0.4925	0.849	0.4925	0.9186	0.598
725	0.0	0.9683	0.8046	0.9683	0.9078	1.071
726	0.0	0.3967	0.3675	0.3967	0.4714	0.5985
727	0.0	0.7875	1.058	0.7875	1.166	1.061
728	0.0	0.9321	0.7051	0.9321	0.8597	1.166
729	0.0	0.3874	0.4753	0.3874	0.532	0.5394
730	0.0	0.7021	0.5133	0.7021	0.5284	0.9331
731	0.0	0.4954	0.5222	0.4954	0.7046	0.5837
732	0.0	0.4659	0.3696	0.4659	0.4378	0.5875
733	0.0	0.3809	0.3611	0.3809	0.5329	0.5653
734	0.0	0.6402	0.7516	0.6402	0.889	0.7726
735	0.0	0.3528	0.317	0.3528	0.4349	0.5156
736	0.0	0.953	0.6096	0.953	0.775	1.304
737	0.0	0.7643	0.5379	0.7643	0.7917	0.9104
738	0.0	0.2752	0.3639	0.2752	0.4756	0.4228
739	0.0	0.7554	1.067	0.7554	1.173	0.9417
740	0.0	0.3278	0.6275	0.3278	0.6889	0.4167
741	0.0	1.215	0.8743	1.215	0.9601	1.409
742	0.0	0.727	0.5196	0.727	0.599	0.9468
743	0.0	0.842	0.9985	0.842	1.018	0.9942
744	0.0	0.6567	0.4508	0.6567	0.5861	0.6989
745	0.0	0.4371	0.3608	0.4371	0.4308	0.5639
746	0.0	0.3626	0.3703	0.3626	0.5268	0.4524
747	0.0	1.134	1.092	1.134	1.205	1.255
748	0.0	0.3709	0.4667	0.3709	0.6548	0.5774
749	0.0	0.728	0.7915	0.728	0.8847	0.8312
750	0.0	0.569	0.4669	0.569	0.5815	0.6635
751	0.0	0.8549	0.7558	0.8549	0.8419	1.027
752	0.0	1.002	0.8369	1.002	0.9294	1.119
753	0.0	1.094	0.409	1.094	0.4255	1.194
754	0.0	0.9189	0.4673	0.9189	0.5495	1.085
755	0.0	0.3832	0.8739	0.3832	0.9627	0.5269
756	0.0	0.4953	0.411	0.4953	0.5429	0.7206
757	0.0	0.2621	0.3539	0.2621	0.469	0.3594
758	0.0	0.734	0.8234	0.734	1.013	1.052
759	0.0	0.4411	0.9542	0.4411	1.107	0.5546
760	0.0	0.4343	0.4121	0.4343	0.4898	0.6339
761	0.0	0.5531	0.4886	0.5531	0.615	0.7527
762	0.0	1.037	0.5453	1.037	0.6495	1.213
763	0.0	1.074	0.4448	1.074	0.5549	1.237
764	0.0	0.3544	0.444	0.3544	0.5889	0.469
765	0.0	0.4421	0.5267	0.4421	0.6577	0.615
766	0.0	1.272	1.118	1.272	1.297	1.528
767	0.0	0.4067	0.3395	0.4067	0.4439	0.6255
768	0.0	0.4785	0.3136	0.4785	0.4232	0.6347
769	0.0	0.3114	0.4333	0.3114	0.5589	0.442
770	0.0	0.4452	0.466	0.4452	0.4836	0.6063
771	0.0	0.8942	0.7351	0.8942	0.8531	0.9372
772	0.0	0.4757	0.4235	0.4757	0.5082	0.595
773	0.0	0.2992	0.624	0.2992	0.7227	0.4099
774	0.0	0.3047	0.4569	0.3047	0.5519	0.4954
775	0.0	1.05	1.002	1.05	1.098	1.533
776	0.0	0.3185	0.4986	0.3185	0.6615	0.3554
777	0.0	0.6919	0.507	0.6919	0.5889	1.003
778	0.0	1.081	0.4782	1.081	0.5305	1.367
779	0.0	0.7438	0.8686	0.7438	1.005	0.9966
780	0.0	0.581	0.7401	0.581	0.8712	0.6862
781	0.0	0.5847	0.3893	0.5847	0.4467	0.7183
782	0.0	0.8469	0.8006	0.8469	0.8768	1.01
783	0.0	0.5677	0.4396	0.5677	0.4884	0.663
784	0.0	0.2022	0.5842	0.2022	0.7494	0.3185
785	0.0	0.4092	0.3596	0.4092	0.5161	0.5842
786	0.0	0.2743	0.6014	0.2743	0.7236	0.3827
787	0.0	0.5106	0.8633	0.5106	0.9973	0.6511
788	0.0	0.3985	0.4737	0.3985	0.6617	0.5414
789	0.0	1.079	1.161	1.079	1.348	1.294
790	0.0	1.174	0.5593	1.174	0.684	1.337
791	0.0	0.8987	0.4968	0.8987	0.6201	1.092
792	0.0	0.675	1.251	0.675	1.374	0.786
793	0.0	0.2739	0.4065	0.2739	0.5109	0.4056
794	0.0	0.8205	0.4877	0.8205	0.5365	0.9507
795	0.0	0.293	0.3717	0.293	0.4634	0.4018
796	0.0	0.8412	0.5435	0.8412	0.678	1.102
797	0.0	0.4808	0.5321	0.4808	0.605	0.6698
798	0.0	0.8302	0.5622	0.8302	0.7495	0.9605
799	0.0	0.7246	0.8464	0.7246	0.9542	0.9139
800	0.0	0.3207	0.3131	0.3207	0.4371	0.4953
801	0.0	0.3869	0.4087	0.3869	0.5632	0.6125
802	0.0	0.84	0.9783	0.84	1.096	1.075
803	0.0	0.3924	0.3758	0.3924	0.4756	0.5528
804	0.0	0.5728	0.827	0.5728	0.9677	0.6379
805	0.0	0.4904	0.518	0.4904	0.5896	0.6448
806	0.0	0.3273	0.3695	0.3273	0.4218	0.4396
807	0.0	0.3992	0.4798	0.3992	0.5645	0.5435
808	0.0	0.8752	0.5063	0.8752	0.5836	0.9524
809	0.0	0.8246	0.8366	0.8246	0.9242	1.034
810	0.0	0.329	0.4077	0.329	0.5302	0.4726
811	0.0	0.9138	0.6337	0.9138	0.7962	1.153
812	0.0	0.2993	0.4402	0.2993	0.5825	0.3596
813	0.0	0.3366	0.3733	0.3366	0.5488	0.4934
814	0.0	0.706	0.4943	0.706	0.6387	0.9204
815	0.0	0.3146	0.3293	0.3146	0.4274	0.4652
816	0.0	0.5407	0.3302	0.5407	0.4136	0.5729
817	0.0	0.6816	0.4377	0.6816	0.6071	0.8194
818	0.0	0.9968	0.7708	0.9968	0.8895	1.224
819	0.0	0.5227	0.301	0.5227	0.4132	0.9198
820	0.0	0.5836	0.5404	0.5836	0.5856	0.7569
821	0.0	0.7512	0.3049	0.7512	0.3876	0.9154
822	0.0	0.7222	0.8204	0.7222	0.8956	0.7655
823	0.0	0.4698	0.5368	0.4698	0.6348	0.5596
824	0.0	0.6509	0.5108	0.6509	0.5891	0.8254
825	0.0	0.629	0.3985	0.629	0.5055	0.8483
826	0.0	0.6075	0.3933	0.6075	0.5397	0.8316
827	0.0	0.5558	1.055	0.5558	1.335	0.6901
828	0.0	0.4833	0.6422	0.4833	0.8106	0.6089
829	0.0	0.7309	0.5128	0.7309	0.6461	0.8065
830	0.0	0.3982	0.5559	0.3982	0.6831	0.5594
831	0.0	0.9137	0.8114	0.9137	0.9693	1.14
832	0.0	0.8602	0.8264	0.8602	1.002	1.19
833	0.0	0.5316	0.5303	0.5316	0.6473	0.7136
834	0.0	0.6425	0.5169	0.6425	0.6582	0.8609
835	0.0	0.4087	0.5876	0.4087	0.6815	0.4709
836	0.0	0.5189	0.3035	0.5189	0.4009	0.6229
837	0.0	0.6068	0.389	0.6068	0.5245	0.8059
838	0.0	0.9896	0.5867	0.9896	0.6825	1.083
839	0.0	0.2963	0.3792	0.2963	0.5229	0.4129
840	0.0	0.9814	0.9143	0.9814	1.021	1.308
841	0.0	0.7074	0.6989	0.7074	0.8345	0.8197
842	0.0	0.2152	0.4635	0.2152	0.503	0.3194
843	0.0	1.118	0.719	1.118	0.8334	1.2
844	0.0	0.3868	0.5985	0.3868	0.6811	0.5289
845	0.0	1.268	0.9399	1.268	1.099	1.961
846	0.0	0.756	0.563	0.756	0.6553	0.8987
847	0.0	0.9917	0.9078	0.9917	0.9722	1.157
848	0.0	0.3442	0.484	0.3442	0.5728	0.4665
849	0.0	0.6113	0.4962	0.6113	0.6123	0.797
850	0.0	0.3137	0.3174	0.3137	0.3727	0.4171
851	0.0	0.8947	0.8724	0.8947	1.001	1.062
852	0.0	0.4386	0.4139	0.4386	0.6108	0.6841
853	0.0	0.9641	0.5609	0.9641	0.6386	1.169
854	0.0	0.4767	0.275	0.4767	0.3063	0.6001
855	0.0	0.685	0.7599	0.685	0.9215	0.7497
856	0.0	0.7649	0.647	0.7649	0.7337	1.067
857	0.0	0.6719	0.4924	0.6719	0.5515	0.8335
858	0.0	0.565	0.4802	0.565	0.5982	0.7356
859	0.0	0.5714	0.7362	0.5714	0.8693	0.741
860	0.0	0.4567	0.6381	0.4567	0.7646	0.6873
861	0.0	0.2482	0.5393	0.2482	0.5902	0.3438
862	0.0	0.6288	0.6809	0.6288	0.8629	0.7361
863	0.0	0.6768	0.7075	0.6768	0.784	0.7657
864	0.0	0.3826	0.4572	0.3826	0.5312	0.5479
865	0.0	0.415	0.516	0.415	0.6105	0.6315
866	0.0	0.8994	0.8161	0.8994	0.8916	1.007
867	0.0	1.023	0.5357	1.023	0.6591	1.292
868	0.0	0.3882	0.4255	0.3882	0.5657	0.5233
869	0.0	0.3225	0.5177	0.3225	0.6854	0.4911
870	0.0	0.9047	0.4784	0.9047	0.554	1.001
871	0.0	0.324	0.3355	0.324	0.476	0.4639
872	0.0	0.6412	0.3768	0.6412	0.5176	0.866
873	0.0	0.2764	0.625	0.2764	0.7382	0.3669
874	0.0	0.4612	0.4985	0.4612	0.5761	0.6227
875	0.0	0.8581	0.8331	0.8581	0.8871	1.036
876	0.0	0.4646	0.4871	0.4646	0.5208	0.6362
877	0.0	0.358	0.4887	0.358	0.6573	0.5078
878	0.0	0.266	0.7043	0.266	0.9676	0.3634
879	0.0	0.8737	1.173	0.8737	1.319	1.025
880	0.0	0.4122	0.3398	0.4122	0.4495	0.4796
881	0.0	0.5945	0.6444	0.5945	0.8748	0.7849
882	0.0	0.8919	0.5146	0.8919	0.5628	1.098
883	0.0	0.5979	0.8136	0.5979	0.987	0.7151
884	0.0	0.8249	0.9251	0.8249	1.102	0.9494
885	0.0	1.0	0.4147	1.0	0.5743	1.114
886	0.0	0.7476	0.7071	0.7476	0.76	0.8666
887	0.0	0.8013	0.5277	0.8013	0.6841	0.9234
888	0.0	0.4119	0.3685	0.4119	0.439	0.6296
889	0.0	0.4448	0.5329	0.4448	0.6655	0.6164
890	0.0	0.4073	0.6304	0.4073	0.8588	0.6472
891	0.0	0.6317	0.5357	0.6317	0.6534	0.8462
892	0.0	0.3346	0.388	0.3346	0.4898	0.4957
893	0.0	0.863	0.7125	0.863	0.8057	1.104
894	0.0	1.183	0.8294	1.183	1.066	1.321
895	0.0	0.5675	0.5006	0.5675	0.579	0.6455
896	0.0	0.6253	0.9421	0.6253	0.9922	0.6775
897	0.0	0.45	0.4652	0.45	0.5374	0.5488
898	0.0	1.121	0.6419	1.121	0.7444	1.339
899	0.0	0.3128	0.4578	0.3128	0.5869	0.4072
900	0.0	0.8235	0.681	0.8235	0.9163	0.9564
901	0.0	0.3604	0.3576	0.3604	0.5069	0.5012
902	0.0	1.172	0.4865	1.172	0.588	1.319
903	0.0	0.931	0.4637	0.931	0.5403	1.158
904	0.0	0.4278	0.3757	0.4278	0.4756	0.594
905	0.0	0.4703	0.6252	0.4703	0.8687	0.6605
906	0.0	0.868	0.8239	0.868	1.027	1.1
907	0.0	0.3521	0.5843	0.3521	0.6913	0.4575
908	0.0	0.81	0.4869	0.81	0.5396	0.9079
909	0.0	0.4268	0.3954	0.4268	0.4586	0.5761
910	0.0	0.3828	0.3779	0.3828	0.5227	0.5027
911	0.0	0.3266	0.5962	0.3266	0.7318	0.4626
912	0.0	0.9543	0.9117	0.9543	1.078	1.231
913	0.0	0.7632	0.7454	0.7632	0.8364	1.046
914	0.0	0.3175	0.4859	0.3175	0.609	0.4323
915	0.0	0.9838	0.7855	0.9838	0.9044	1.154
916	0.0	0.3715	0.3773	0.3715	0.4944	0.5172
917	0.0	0.5493	0.4322	0.5493	0.5991	0.829
918	0.0	0.4692	0.7104	0.4692	0.8208	0.5611
919	0.0	0.3469	0.665	0.3469	0.8211	0.4216
920	0.0	0.5005	0.4161	0.5005	0.5343	0.6987
921	0.0	0.5549	0.6394	0.5549	0.6901	0.8005
922	0.0	0.7168	0.9158	0.7168	1.059	0.8637
923	0.0	0.355	0.3878	0.355	0.5292	0.4379
924	0.0	0.6946	0.6608	0.6946	0.7204	0.8958
925	0.0	0.3417	0.4654	0.3417	0.7241	0.5481
926	0.0	0.9155	1.077	0.9155	1.122	1.055
927	0.0	0.4958	0.4981	0.4958	0.5849	0.6763
928	0.0	0.6812	0.443	0.6812	0.4944	0.8063
929	0.0	0.5789	0.4459	0.5789	0.4742	0.7803
930	0.0	0.4423	0.3655	0.4423	0.5593	0.6398
931	0.0	0.5327	0.5602	0.5327	0.6198	0.6795
932	0.0	0.6733	0.7385	0.6733	0.9015	0.8103
933	0.0	0.8373	0.4688	0.8373	0.5444	0.9318
934	0.0	0.3876	0.556	0.3876	0.6762	0.6289
935	0.0	0.5732	0.4527	0.5732	0.5036	0.685
936	0.0	0.6655	0.6722	0.6655	0.7985	0.9436
937	0.0	0.4676	0.5832	0.4676	0.7687	0.6075
938	0.0	0.6826	0.4422	0.6826	0.4769	0.9091
939	0.0	0.3506	0.5347	0.3506	0.5887	0.4534
940	0.0	0.3992	0.3674	0.3992	0.5049	0.5582
941	0.0	0.5168	0.2817	0.5168	0.4631	0.7756
942	0.0	0.6945	0.5524	0.6945	0.6019	0.7994
943	0.0	0.2959	0.4412	0.2959	0.6632	0.4295
944	0.0	0.7855	0.7055	0.7855	0.8225	0.9028
945	0.0	0.8431	0.8586	0.8431	1.06	1.024
946	0.0	0.3097	0.3991	0.3097	0.4893	0.4605
947	0.0	1.127	0.9855	1.127	1.03	1.409
948	0.0	0.3248	0.4777	0.3248	0.5958	0.4066
949	0.0	0.8084	0.9673	0.8084	1.056	0.8888
950	0.0	0.604	0.4852	0.604	0.6057	0.7988
951	0.0	0.8203	0.9086	0.8203	0.9948	0.9074
952	0.0	0.3696	0.6072	0.3696	0.7396	0.5017
953	0.0	0.4532	0.7151	0.4532	0.8692	0.6095
954	0.0	0.4003	0.3617	0.4003	0.4817	0.5152
955	0.0	0.9015	0.6122	0.9015	0.7525	1.037
956	0.0	0.4078	0.4068	0.4078	0.5323	0.6216
957	0.0	0.6111	0.3856	0.6111	0.4785	0.6377
958	0.0	0.4679	0.6251	0.4679	0.7358	0.5674
959	0.0	1.034	0.4676	1.034	0.6155	1.269
960	0.0	0.6175	0.7559	0.6175	0.9989	0.9494
961	0.0	0.9769	0.7284	0.9769	0.8551	1.136
962	0.0	0.8057	0.472	0.8057	0.5374	0.9952
963	0.0	0.5252	0.7024	0.5252	0.8241	0.6908
964	0.0	0.4209	0.503	0.4209	0.6785	0.5726
965	0.0	0.2438	0.4798	0.2438	0.5172	0.3807
966	0.0	0.8025	0.9135	0.8025	1.032	1.025
967	0.0	0.7611	0.8172	0.7611	0.8986	0.9673
968	0.0	0.2845	0.5444	0.2845	0.601	0.3497
969	0.0	0.4739	0.4658	0.4739	0.5378	0.8298
970	0.0	0.9397	0.7435	0.9397	0.8529	0.963
971	0.0	0.9175	0.5703	0.9175	0.6962	1.134
972	0.0	0.4104	0.3525	0.4104	0.4427	0.5265
973	0.0	0.2971	0.4633	0.2971	0.5303	0.4175
974	0.0	0.732	0.685	0.732	0.8719	0.8454
975	0.0	0.3662	0.3055	0.3662	0.4128	0.5224
976	0.0	0.4856	0.3996	0.4856	0.5369	0.6967
977	0.0	0.3469	0.4997	0.3469	0.5569	0.4534
978	0.0	0.655	0.3795	0.655	0.4793	0.8348
979	0.0	0.7716	0.6373	0.7716	0.7404	0.832
980	0.0	0.4277	0.4491	0.4277	0.5548	0.5624
981	0.0	0.3339	0.5247	0.3339	0.5676	0.5208
982	0.0	0.2926	0.3725	0.2926	0.4651	0.4514
983	0.0	0.9101	1.003	0.9101	1.13	1.181
984	0.0	0.3389	0.4473	0.3389	0.5712	0.4421
985	0.0	0.5676	0.8283	0.5676	1.172	0.7047
986	0.0	1.099	1.134	1.099	1.251	1.18
987	0.0	0.7215	0.5884	0.7215	0.6978	0.8888
988	0.0	0.7674	0.6325	0.7674	0.7994	0.9155
989	0.0	0.6324	0.2876	0.6324	0.4238	0.8651
990	0.0	0.7927	1.03	0.7927	1.096	0.8982
991	0.0	0.575	0.4386	0.575	0.5084	0.8178
992	0.0	0.2376	0.5534	0.2376	0.6779	0.3458
993	0.0	0.4637	0.5118	0.4637	0.6748	0.6848
994	0.0	0.2982	0.277	0.2982	0.4136	0.4192
995	0.0	0.6132	0.63	0.6132	0.7467	0.794
996	0.0	0.4447	0.3363	0.4447	0.4558	0.5791
997	0.0	0.9994	0.8527	0.9994	0.9332	1.328
998	0.0	0.5719	0.4623	0.5719	0.5324	0.6583
999	0.0	0.597	0.3831	0.597	0.4186	0.6482
1000	0.0	0.8962	0.6694	0.8962	0.7706	1.004
1001	0.0	0.647	0.3154	0.647	0.4373	0.8929
1002	0.0	0.6672	0.6682	0.6672	0.899	0.7678
1003	0.0	0.2976	0.4423	0.2976	0.5311	0.4176
1004	0.0	0.605	0.8112	0.605	1.017	0.9087
1005	0.0	0.429	0.4541	0.429	0.5504	0.6102
1006	0.0	0.7461	0.4145	0.7461	0.4507	0.9856
1007	0.0	0.8515	0.3895	0.8515	0.4198	1.049
1008	0.0	0.3318	0.4569	0.3318	0.5253	0.4751
1009	0.0	0.4274	0.4972	0.4274	0.7348	0.6303
1010	0.0	0.2232	0.9897	0.2232	1.189	0.3434
1011	0.0	0.5362	0.5713	0.5362	0.6419	0.6723
1012	0.0	0.8631	0.4735	0.8631	0.5507	0.8945
1013	0.0	0.5205	0.4556	0.5205	0.5078	0.6699
1014	0.0	0.251	0.3198	0.251	0.4214	0.3632
1015	0.0	0.4928	0.5022	0.4928	0.6996	0.6092
1016	0.0	0.8855	0.5399	0.8855	0.5487	1.103
1017	0.0	0.9517	0.7525	0.9517	0.8987	1.061
1018	0.0	0.4429	0.3696	0.4429	0.5409	0.5649
1019	0.0	0.7433	0.7203	0.7433	0.8393	0.9146
1020	0.0	0.4267	0.2252	0.4267	0.3208	0.5818
1021	0.0	0.2955	0.4805	0.2955	0.6671	0.4446
1022	0.0	0.606	0.8918	0.606	0.9937	0.8098
1023	0.0	0.4532	0.4809	0.4532	0.6875	0.5964
1024	0.0	0.3228	0.3799	0.3228	0.4783	0.4047
1025	0.0	0.4141	0.3433	0.4141	0.4562	0.5743
1026	0.0	0.9681	0.7985	0.9681	0.9689	1.277
1027	0.0	0.4521	0.4102	0.4521	0.5186	0.6409
1028	0.0	0.4249	0.2822	0.4249	0.3555	0.5894
1029	0.0	0.2842	0.3211	0.2842	0.4821	0.4273
1030	0.0	0.7397	0.7843	0.7397	0.8973	0.8875
1031	0.0	0.5528	0.6236	0.5528	0.7303	0.6511
1032	0.0	0.4461	0.4686	0.4461	0.5542	0.5039
1033	0.0	0.5372	0.4921	0.5372	0.5576	0.7112
1034	0.0	0.3738	0.489	0.3738	0.6086	0.5381
1035	0.0	0.4375	0.3819	0.4375	0.4587	0.5572
1036	0.0	0.4244	0.8074	0.4244	0.9269	0.6537
1037	0.0	0.8565	0.6709	0.8565	0.7768	0.9707
1038	0.0	0.3834	0.3943	0.3834	0.4927	0.6134
1039	0.0	0.9895	0.9945	0.9895	1.081	1.245
1040	0.0	0.7811	0.786	0.7811	1.059	0.9827
