Step	Loss(S)	Loss(T)	fwd_S	fwd_T	rev_S	rev_T
1	0.9057	0.0	2.096	3.02	2.125	3.184
2	1.1	0.0	2.489	2.318	2.58	1.987
3	1.605	0.0	4.656	3.344	3.919	3.412
4	1.608	0.0	5.214	3.973	4.007	3.984
5	1.435	0.0	4.518	4.468	3.784	3.967
6	1.023	0.0	2.316	1.636	2.432	1.696
7	0.8201	0.0	1.719	1.373	1.705	1.604
8	1.098	0.0	2.54	2.484	2.479	2.59
9	0.991	0.0	2.217	3.01	2.071	1.844
10	0.8155	0.0	1.621	2.38	1.642	2.326
11	0.9682	0.0	2.018	2.762	2.269	3.289
12	0.9993	0.0	1.952	2.192	2.099	1.849
13	1.126	0.0	2.912	2.621	3.004	3.794
14	1.365	0.0	3.225	2.146	3.571	2.78
15	0.7686	0.0	1.534	1.752	1.655	1.789
16	0.9399	0.0	2.002	2.444	1.947	2.085
17	0.6111	0.0	1.188	1.564	1.042	1.564
18	0.5461	0.0	0.9523	2.381	0.9582	2.29
19	1.166	0.0	2.495	2.477	2.273	2.181
20	1.166	0.0	2.424	2.806	2.627	2.616
21	0.9371	0.0	2.045	1.363	2.07	1.467
22	0.9187	0.0	1.954	1.171	1.578	1.441
23	0.9804	0.0	1.919	2.528	1.983	2.601
24	0.9677	0.0	1.921	1.206	1.774	1.249
25	1.057	0.0	2.206	1.908	2.207	1.975
26	0.7587	0.0	1.482	1.841	1.305	2.085
27	0.8487	0.0	1.567	1.896	1.604	1.815
28	1.038	0.0	2.325	1.993	2.029	1.721
29	0.9733	0.0	2.179	2.27	1.782	2.054
30	0.725	0.0	1.483	0.8048	1.373	0.8795
31	0.8943	0.0	1.733	2.056	1.754	2.268
32	0.502	0.0	0.8611	1.803	0.8167	2.051
33	0.5806	0.0	1.057	2.547	0.9513	1.962
34	0.5861	0.0	1.089	1.723	0.9937	2.461
35	0.8288	0.0	1.6	1.779	1.612	1.751
36	0.9998	0.0	1.831	2.38	1.907	1.856
37	1.035	0.0	2.0	2.119	1.941	1.654
38	1.011	0.0	2.088	3.174	2.418	2.75
39	1.021	0.0	2.026	1.836	1.924	1.843
40	0.5744	0.0	1.03	1.342	1.081	1.389
41	0.7257	0.0	1.344	1.328	1.218	1.205
42	0.5734	0.0	1.151	1.814	0.9977	1.559
43	0.7336	0.0	1.373	2.015	1.376	2.248
44	0.8426	0.0	1.735	1.268	1.458	1.167
45	0.9088	0.0	2.093	1.99	1.687	1.764
46	0.8031	0.0	1.469	1.956	1.64	2.315
47	0.9189	0.0	1.759	1.378	1.741	1.46
48	0.4884	0.0	0.8356	2.095	0.7804	2.114
49	0.9172	0.0	1.798	2.271	1.715	2.269
50	0.7952	0.0	1.417	1.515	1.456	1.891
51	0.8836	0.0	1.698	2.189	1.756	2.349
52	0.6643	0.0	1.342	2.283	1.386	2.0
53	1.08	0.0	2.166	1.885	2.292	2.128
54	0.4728	0.0	0.8475	1.429	0.7918	1.618
55	0.7924	0.0	1.534	1.187	1.321	1.256
56	1.022	0.0	2.024	1.294	2.205	1.63
57	0.9284	0.0	2.038	1.731	1.539	1.341
58	1.029	0.0	2.238	2.134	1.895	2.027
59	0.8354	0.0	1.568	1.616	1.753	1.68
60	0.7501	0.0	1.521	1.812	1.585	1.69
61	0.9085	0.0	1.709	1.585	1.826	1.77
62	0.6227	0.0	1.066	1.254	1.048	1.159
63	0.7483	0.0	1.372	2.028	1.324	2.132
64	0.9955	0.0	2.018	1.857	1.989	1.959
65	0.7994	0.0	1.493	1.505	1.391	1.313
66	0.9894	0.0	1.981	1.563	2.079	2.083
67	0.8881	0.0	1.685	1.792	1.645	1.799
68	0.9779	0.0	1.952	1.885	1.732	1.794
69	0.9195	0.0	1.607	1.69	1.834	1.653
70	0.4404	0.0	0.9289	1.857	0.9228	1.524
71	0.6778	0.0	1.285	1.699	1.145	1.499
72	0.9238	0.0	1.614	1.532	2.091	1.751
73	0.7583	0.0	1.416	2.441	1.505	1.875
74	0.8534	0.0	1.813	1.995	1.821	2.272
75	1.255	0.0	2.694	1.18	2.686	1.188
76	0.848	0.0	1.644	1.764	1.535	1.848
77	0.8427	0.0	1.667	1.452	1.516	1.34
78	0.843	0.0	1.506	1.633	1.824	1.871
79	0.5994	0.0	1.098	2.0	0.9873	1.873
80	0.6584	0.0	1.265	1.717	1.187	1.642
81	0.81	0.0	1.651	1.807	1.452	1.848
82	0.8043	0.0	1.426	1.513	1.453	1.416
83	0.965	0.0	1.858	1.954	1.724	1.838
84	0.9633	0.0	1.886	0.9396	1.732	0.8596
85	1.017	0.0	1.988	2.036	2.087	2.657
86	0.6788	0.0	1.242	0.5535	1.223	0.7184
87	1.076	0.0	2.053	1.632	2.04	1.496
88	0.6882	0.0	1.226	1.23	1.247	2.098
89	0.6537	0.0	1.31	1.671	1.329	1.836
90	0.8431	0.0	1.6	1.813	1.807	1.77
91	0.7059	0.0	1.273	1.513	1.35	1.824
92	0.9145	0.0	1.747	2.085	1.662	1.947
93	0.7873	0.0	1.47	1.67	1.459	1.735
94	0.7917	0.0	1.421	1.362	1.577	1.341
95	0.6728	0.0	1.218	1.442	1.207	1.268
96	0.8294	0.0	1.635	1.475	1.333	1.478
97	0.9624	0.0	2.092	1.801	1.743	1.576
98	0.686	0.0	1.361	1.208	1.206	0.9744
99	0.8817	0.0	1.663	1.955	1.577	1.895
100	0.8672	0.0	1.542	1.8	1.496	1.774
101	0.7796	0.0	1.497	0.7815	1.528	0.7673
102	0.84	0.0	1.666	1.028	1.598	1.06
103	0.7132	0.0	1.36	1.715	1.336	1.714
104	0.9165	0.0	1.922	2.164	1.879	1.899
105	0.7233	0.0	1.374	1.397	1.366	1.422
106	0.699	0.0	1.357	1.444	1.233	1.468
107	0.5383	0.0	1.071	1.327	0.9182	1.317
108	0.7749	0.0	1.397	1.469	1.289	1.44
109	0.8191	0.0	1.649	1.232	1.448	1.321
110	0.75	0.0	1.456	1.545	1.43	1.814
111	0.7933	0.0	1.519	1.902	1.771	2.562
112	0.9287	0.0	1.898	1.81	1.695	1.808
113	0.9039	0.0	1.851	1.191	1.635	1.072
114	0.8767	0.0	1.612	1.437	1.957	1.639
115	0.6071	0.0	1.032	1.936	1.094	2.107
116	0.732	0.0	1.311	1.441	1.301	1.486
117	0.9254	0.0	2.038	1.803	2.12	2.175
118	0.6732	0.0	1.267	1.069	1.103	1.433
119	0.9823	0.0	2.105	1.409	2.122	1.466
120	0.7239	0.0	1.356	1.535	1.392	1.493
121	0.5009	0.0	0.8726	1.373	0.7902	1.463
122	0.7494	0.0	1.405	1.73	1.345	1.675
123	0.7717	0.0	1.404	1.95	1.349	2.004
124	0.9612	0.0	1.895	1.32	1.872	1.566
125	0.6921	0.0	1.399	1.484	1.172	1.576
126	0.8088	0.0	1.442	1.787	1.44	2.031
127	0.7615	0.0	1.446	1.59	1.449	2.304
128	0.5828	0.0	1.028	1.244	1.002	1.101
129	0.7435	0.0	1.32	1.44	1.491	1.279
130	0.4748	0.0	0.8015	1.272	0.7905	1.363
131	0.8233	0.0	1.558	1.7	1.686	1.641
132	0.8413	0.0	1.652	1.303	1.53	1.306
133	0.7961	0.0	1.462	1.789	1.469	1.63
134	0.9076	0.0	1.734	0.5672	1.653	0.6541
135	0.5298	0.0	0.915	1.572	0.9233	1.741
136	0.6693	0.0	1.168	1.428	1.195	1.536
137	0.8052	0.0	1.431	1.553	1.619	1.53
138	0.7811	0.0	1.438	1.711	1.462	1.776
139	0.7064	0.0	1.385	1.814	1.594	1.742
140	0.8132	0.0	1.623	1.578	1.338	1.371
141	0.8492	0.0	1.65	1.253	1.583	1.261
142	1.011	0.0	2.033	2.534	2.144	2.767
143	0.7082	0.0	1.172	1.269	1.318	1.274
144	0.5468	0.0	0.9467	1.546	0.9417	1.435
145	0.6599	0.0	1.224	1.577	1.094	1.604
146	0.7983	0.0	1.482	1.188	1.349	1.153
147	0.7448	0.0	1.471	1.715	1.453	1.789
148	0.7306	0.0	1.361	1.201	1.205	1.094
149	0.8001	0.0	1.525	1.535	1.46	1.332
150	0.7506	0.0	1.35	1.418	1.398	1.747
151	0.5537	0.0	0.9926	1.054	1.013	1.178
152	0.8421	0.0	1.581	0.9735	1.568	1.05
153	0.9516	0.0	1.824	1.722	1.858	1.693
154	0.8502	0.0	1.59	1.124	1.702	1.158
155	0.7877	0.0	1.531	1.696	1.427	1.741
156	0.7838	0.0	1.61	1.269	1.419	1.125
157	0.6223	0.0	1.048	1.492	1.022	1.713
158	0.6886	0.0	1.247	1.347	1.167	1.403
159	0.6063	0.0	1.091	1.39	1.19	1.338
160	0.6951	0.0	1.34	1.608	1.366	1.628
161	0.3611	0.0	0.6067	1.496	0.6613	1.339
162	0.6508	0.0	1.157	1.485	1.346	1.587
163	0.88	0.0	1.65	1.029	1.837	1.108
164	0.6925	0.0	1.292	2.538	1.262	2.052
165	0.6137	0.0	1.161	1.769	1.086	2.161
166	0.6449	0.0	1.165	1.349	1.115	1.278
167	0.6847	0.0	1.221	1.237	1.215	1.138
168	0.5838	0.0	1.114	1.671	1.052	1.68
169	0.7876	0.0	1.545	1.401	1.402	1.277
170	0.7299	0.0	1.304	1.21	1.471	1.74
171	0.7135	0.0	1.366	1.629	1.276	1.745
172	0.8725	0.0	1.739	1.306	1.564	1.322
173	0.7351	0.0	1.265	1.105	1.419	1.366
174	0.8234	0.0	1.574	1.529	1.375	1.345
175	0.5635	0.0	1.021	1.448	0.9838	1.395
176	0.6659	0.0	1.14	0.963	1.201	1.168
177	0.7333	0.0	1.41	0.7528	1.301	0.9449
178	0.9196	0.0	1.869	2.171	2.079	2.675
179	0.7433	0.0	1.389	1.279	1.262	1.264
180	0.6044	0.0	1.187	1.942	1.123	1.879
181	0.7197	0.0	1.362	1.416	1.263	1.328
182	0.6411	0.0	1.136	1.189	1.164	1.35
183	0.7037	0.0	1.263	1.203	1.176	1.292
184	0.6508	0.0	1.187	1.794	1.054	1.848
185	0.7544	0.0	1.329	1.355	1.391	1.512
186	0.7951	0.0	1.473	1.076	1.388	1.083
187	0.8113	0.0	1.484	1.623	1.399	1.405
188	0.7914	0.0	1.488	1.442	1.414	1.355
189	0.7035	0.0	1.307	1.311	1.197	1.552
190	0.7529	0.0	1.43	0.8375	1.375	0.9362
191	0.4954	0.0	0.8706	1.377	0.9977	1.251
192	0.506	0.0	0.9431	1.781	0.9567	2.149
193	0.855	0.0	1.686	0.7964	1.43	0.8968
194	0.4789	0.0	0.8312	1.344	0.7693	1.272
195	0.5872	0.0	0.9805	1.42	0.9601	1.418
196	0.9423	0.0	2.04	1.72	2.182	1.824
197	0.6135	0.0	1.046	0.9794	1.169	1.128
198	0.7503	0.0	1.397	1.261	1.342	1.328
199	0.6272	0.0	1.117	0.8975	1.059	1.03
200	0.7621	0.0	1.35	1.213	1.302	1.167
201	0.8375	0.0	1.704	1.737	1.549	1.812
202	0.5683	0.0	1.024	1.452	0.9682	1.319
203	0.7807	0.0	1.428	1.441	1.385	1.331
204	0.7561	0.0	1.391	1.5	1.254	1.523
205	0.6162	0.0	1.095	1.196	1.157	1.156
206	0.5532	0.0	1.041	1.121	0.9714	1.127
207	0.7294	0.0	1.43	1.447	1.603	1.652
208	0.4999	0.0	0.9967	2.317	1.049	2.495
209	0.473	0.0	0.8762	0.4259	0.9323	0.5716
210	0.7961	0.0	1.382	1.081	1.497	1.062
211	0.7677	0.0	1.348	1.442	1.32	1.31
212	0.8321	0.0	1.574	0.9848	1.412	0.9863
213	0.6677	0.0	1.18	1.227	1.1	1.333
214	0.5839	0.0	1.01	1.366	0.9311	1.632
215	0.8573	0.0	1.654	1.823	1.621	2.497
216	0.729	0.0	1.356	1.596	1.235	1.464
217	0.6214	0.0	1.206	0.9443	1.088	1.243
218	0.7273	0.0	1.363	0.9674	1.313	0.9622
219	0.7659	0.0	1.367	1.128	1.492	1.141
220	0.7187	0.0	1.26	1.116	1.4	1.2
221	0.4479	0.0	0.7377	2.21	0.7368	2.701
222	0.4314	0.0	0.7644	1.307	0.7834	1.443
223	0.6983	0.0	1.256	1.508	1.302	1.925
224	0.5176	0.0	0.9057	1.062	0.8353	1.064
225	0.7532	0.0	1.414	1.275	1.394	1.152
226	0.9477	0.0	1.772	1.495	1.631	1.47
227	0.7405	0.0	1.391	2.66	1.3	2.233
228	0.677	0.0	1.15	1.14	1.309	1.353
229	0.7129	0.0	1.331	1.926	1.285	2.85
230	0.7343	0.0	1.393	1.081	1.186	1.112
231	0.5994	0.0	1.024	1.309	0.9934	1.213
232	0.9122	0.0	1.729	1.647	1.63	1.831
233	0.5044	0.0	0.8718	1.298	0.7957	1.295
234	0.6905	0.0	1.255	1.278	1.203	1.268
235	0.7174	0.0	1.285	0.9645	1.261	1.014
236	0.547	0.0	1.039	1.068	0.8929	1.135
237	0.6708	0.0	1.166	1.495	1.168	1.451
238	0.9333	0.0	1.765	1.458	1.757	1.369
239	0.636	0.0	1.084	1.423	1.094	1.593
240	0.5678	0.0	0.9323	1.207	0.9851	1.323
241	0.6877	0.0	1.252	1.058	1.139	1.309
242	0.7173	0.0	1.262	1.5	1.301	1.558
243	0.7811	0.0	1.438	1.498	1.499	1.671
244	0.8114	0.0	1.468	1.508	1.288	1.422
245	0.6247	0.0	1.061	1.224	1.169	1.154
246	0.6574	0.0	1.229	1.903	1.079	1.812
247	0.6461	0.0	1.024	1.143	1.098	1.129
248	0.811	0.0	1.648	1.586	1.437	1.398
249	0.5759	0.0	0.9538	1.491	0.9555	1.375
250	0.5077	0.0	0.8631	1.141	0.8236	1.14
251	0.6856	0.0	1.295	1.247	1.183	1.159
252	0.6608	0.0	1.167	1.074	1.14	1.293
253	0.7285	0.0	1.343	1.128	1.166	1.187
254	0.6544	0.0	1.191	1.25	1.167	1.275
255	0.6099	0.0	1.09	1.149	1.043	1.14
256	0.6329	0.0	1.091	1.312	1.223	1.265
257	0.7995	0.0	1.441	1.491	1.494	1.53
258	0.6463	0.0	1.126	1.098	1.105	1.14
259	0.6972	0.0	1.253	1.465	1.236	1.461
260	0.6193	0.0	1.163	1.346	1.098	1.443
261	0.5211	0.0	0.858	1.417	0.8386	1.556
262	0.6587	0.0	1.155	1.339	1.149	1.289
263	0.7741	0.0	1.366	1.188	1.389	1.331
264	0.58	0.0	1.117	1.478	1.105	1.554
265	0.7098	0.0	1.213	1.008	1.273	1.038
266	0.8289	0.0	1.529	1.244	1.357	1.382
267	0.6506	0.0	1.19	0.8938	1.141	1.07
268	0.6834	0.0	1.298	1.526	1.154	1.477
269	0.7055	0.0	1.32	1.392	1.288	1.533
270	0.5754	0.0	0.986	1.13	0.8868	1.174
271	0.8113	0.0	1.503	1.378	1.604	1.284
272	0.8584	0.0	1.695	1.196	1.577	1.268
273	0.7909	0.0	1.507	1.251	1.392	1.197
274	0.5641	0.0	0.9503	1.268	0.9646	1.776
275	0.7522	0.0	1.356	0.8061	1.297	0.8362
276	0.8384	0.0	1.526	1.321	1.563	1.313
277	0.2513	0.0	0.4267	0.9211	0.6516	1.168
278	0.7939	0.0	1.506	0.8254	1.342	0.9702
279	0.6185	0.0	1.088	1.764	1.021	1.741
280	0.5929	0.0	0.9283	0.8155	1.066	1.032
281	0.6209	0.0	1.08	0.9045	1.067	1.013
282	0.7471	0.0	1.377	1.284	1.42	1.459
283	0.6362	0.0	1.117	0.8615	1.401	0.8656
284	0.7846	0.0	1.483	1.818	1.368	1.734
285	0.6233	0.0	1.113	1.007	1.11	1.08
286	0.7794	0.0	1.431	1.041	1.468	1.039
287	0.6393	0.0	1.063	1.107	1.229	1.1
288	0.6	0.0	1.138	1.166	1.039	1.151
289	0.6737	0.0	1.133	1.53	1.159	1.323
290	0.4614	0.0	0.83	1.153	0.8161	1.108
291	0.5848	0.0	0.9884	0.8784	1.15	0.9424
292	0.7515	0.0	1.354	0.9994	1.331	0.9502
293	0.6294	0.0	1.115	1.413	1.114	1.462
294	0.5194	0.0	0.8894	0.9194	0.8645	1.061
295	0.7481	0.0	1.347	1.159	1.252	1.211
296	0.3209	0.0	0.6396	1.069	0.7378	1.516
297	0.7741	0.0	1.468	1.085	1.294	1.066
298	0.5024	0.0	0.8148	1.152	0.8103	1.175
299	0.4767	0.0	0.7511	0.8552	0.7553	0.9586
300	0.409	0.0	0.7432	1.495	0.7653	1.632
301	0.6631	0.0	1.237	1.149	1.235	1.087
302	0.7676	0.0	1.366	1.123	1.501	1.066
303	0.7076	0.0	1.222	1.2	1.317	1.28
304	0.7013	0.0	1.27	1.35	1.13	1.23
305	0.482	0.0	0.895	0.9532	1.028	1.047
306	0.6217	0.0	1.13	1.207	1.08	1.235
307	0.7885	0.0	1.449	1.303	1.348	1.293
308	0.8991	0.0	1.649	1.624	1.622	1.729
309	0.695	0.0	1.305	1.148	1.287	1.413
310	0.4766	0.0	0.7883	1.271	0.7243	1.145
311	0.5774	0.0	1.134	1.348	0.9924	1.387
312	0.4255	0.0	0.7776	1.963	0.7574	1.815
313	0.3013	0.0	0.5005	1.327	0.626	1.252
314	0.601	0.0	1.038	1.05	1.024	1.088
315	0.3823	0.0	0.6681	0.372	0.6224	0.4915
316	0.6882	0.0	1.21	1.014	1.237	1.009
317	0.5591	0.0	0.8887	0.8087	0.9561	0.8899
318	0.6004	0.0	1.045	1.413	1.058	1.676
319	0.7227	0.0	1.355	1.847	1.519	1.954
320	0.6028	0.0	1.055	1.337	1.104	1.315
321	0.6777	0.0	1.225	0.7824	1.091	0.8151
322	0.7603	0.0	1.367	0.9797	1.466	0.9476
323	0.7348	0.0	1.34	1.357	1.448	1.59
324	0.4817	0.0	0.7831	1.5	0.8154	1.425
325	0.8202	0.0	1.658	1.967	2.187	2.654
326	0.6572	0.0	1.11	0.907	1.191	0.9437
327	0.6012	0.0	1.151	2.069	1.042	2.047
328	0.3957	0.0	0.6432	0.8804	0.9264	0.959
329	0.798	0.0	1.455	1.033	1.489	0.9483
330	0.8149	0.0	1.424	1.436	1.517	1.351
331	0.4897	0.0	0.7893	1.532	0.7877	1.568
332	0.6119	0.0	1.085	1.259	1.129	1.53
333	0.4589	0.0	0.7355	1.722	0.6855	2.17
334	0.6309	0.0	1.165	1.98	1.015	2.082
335	0.7016	0.0	1.285	1.151	1.29	1.074
336	0.7434	0.0	1.342	1.428	1.296	1.455
337	0.7261	0.0	1.231	1.175	1.423	1.286
338	0.4207	0.0	0.6479	1.105	0.644	1.239
339	0.6836	0.0	1.261	1.352	1.135	1.6
340	0.4892	0.0	0.8119	0.9736	0.7819	0.9598
341	0.6433	0.0	1.117	1.104	1.131	1.23
342	0.8753	0.0	1.672	1.585	1.444	1.572
343	0.5605	0.0	0.9504	1.36	0.9929	1.449
344	0.6202	0.0	1.156	1.31	1.095	1.353
345	0.7499	0.0	1.411	1.477	1.371	1.569
346	0.6701	0.0	1.167	1.015	1.19	1.081
347	0.7258	0.0	1.337	0.9845	1.31	1.078
348	0.7042	0.0	1.306	1.475	1.202	1.408
349	0.4744	0.0	0.8008	0.7537	0.7821	0.8692
350	0.8907	0.0	1.901	1.919	1.859	2.212
351	0.5281	0.0	0.8273	0.8829	0.8878	0.921
352	0.7763	0.0	1.401	0.7011	1.462	0.7424
353	0.4838	0.0	0.7666	0.9637	0.7784	0.9669
354	0.6886	0.0	1.125	1.102	1.205	1.12
355	0.7632	0.0	1.512	0.9922	1.43	1.123
356	0.613	0.0	1.037	0.7859	0.9834	0.814
357	0.4436	0.0	0.774	0.7827	0.8056	0.8249
358	0.6544	0.0	1.185	1.473	1.087	1.505
359	0.6616	0.0	1.233	1.186	1.054	1.185
360	0.7131	0.0	1.3	1.356	1.227	1.239
361	0.5331	0.0	0.9191	1.654	0.8898	1.705
362	0.7124	0.0	1.279	1.342	1.252	1.377
363	0.5389	0.0	0.9164	1.298	0.9065	1.307
364	0.749	0.0	1.514	0.6948	1.37	0.8517
365	0.8184	0.0	1.55	1.234	1.575	1.187
366	0.5972	0.0	0.993	0.8969	1.041	0.9947
367	0.6367	0.0	1.171	1.294	1.17	1.181
368	0.6544	0.0	1.258	1.156	1.193	1.188
369	0.5206	0.0	0.8294	0.7588	0.8254	0.8589
370	0.735	0.0	1.313	1.126	1.751	1.243
371	0.6437	0.0	1.25	1.39	1.156	1.214
372	0.7667	0.0	1.447	0.9004	1.562	0.7545
373	0.5244	0.0	0.9129	0.881	0.8939	0.9136
374	0.5554	0.0	0.9265	0.882	0.9571	0.8859
375	0.4753	0.0	0.7958	1.318	0.7553	1.38
376	0.9734	0.0	2.096	1.596	1.891	1.582
377	0.5519	0.0	0.9694	0.9037	0.9667	0.8212
378	0.7325	0.0	1.376	1.323	1.322	1.832
379	0.6666	0.0	1.126	1.236	1.063	1.255
380	0.5903	0.0	0.9457	1.269	1.113	1.33
381	0.7216	0.0	1.184	1.014	1.307	1.415
382	0.1676	0.0	0.2861	1.193	0.3197	1.166
383	0.7375	0.0	1.216	1.511	1.228	1.458
384	0.4736	0.0	0.7459	0.7487	0.7467	0.8157
385	0.4549	0.0	0.769	1.45	0.8212	1.429
386	0.7293	0.0	1.537	1.93	1.626	2.179
387	0.6785	0.0	1.314	1.323	1.264	1.283
388	0.7987	0.0	1.463	0.8546	1.802	0.9147
389	0.5108	0.0	0.9052	1.344	0.9583	1.327
390	0.7619	0.0	1.433	1.239	1.378	1.247
391	0.6735	0.0	1.172	1.047	1.119	1.153
392	0.7986	0.0	1.452	1.047	1.533	1.125
393	0.8926	0.0	1.67	1.761	1.549	1.741
394	0.6794	0.0	1.115	1.127	1.162	1.334
395	0.7814	0.0	1.408	1.162	1.35	1.329
396	0.8195	0.0	1.499	1.417	1.396	1.375
397	0.5585	0.0	0.9929	1.431	1.245	2.003
398	0.4663	0.0	0.7021	0.7385	0.7672	0.8392
399	0.7107	0.0	1.306	1.055	1.233	1.088
400	0.1853	0.0	0.3588	1.751	0.4219	2.046
401	0.5231	0.0	0.8722	1.133	0.9563	1.144
402	0.6363	0.0	1.121	1.142	1.071	1.064
403	0.717	0.0	1.365	1.012	1.281	1.086
404	0.6887	0.0	1.307	1.576	1.358	1.658
405	0.5358	0.0	0.833	0.7017	0.8957	0.9475
406	0.6282	0.0	1.09	1.053	1.076	1.047
407	0.7213	0.0	1.263	0.7757	1.246	0.8767
408	0.7124	0.0	1.206	0.9461	1.156	0.9972
409	0.6687	0.0	1.125	1.03	1.202	1.128
410	0.6062	0.0	1.09	1.063	1.057	0.9909
411	0.8529	0.0	1.559	1.198	1.489	1.201
412	0.751	0.0	1.348	1.253	1.306	1.206
413	0.6437	0.0	1.144	0.8971	1.106	0.9163
414	0.4766	0.0	0.8272	0.7869	0.9803	0.8642
415	0.8287	0.0	1.568	1.302	1.494	1.521
416	0.6728	0.0	1.304	1.801	1.389	1.783
417	0.5337	0.0	0.8914	1.333	0.9474	1.28
418	0.5684	0.0	1.008	0.7679	1.009	0.806
419	0.5948	0.0	0.9766	1.133	1.004	1.058
420	0.5268	0.0	0.8517	0.7676	0.8598	0.7889
421	0.6927	0.0	1.183	1.04	1.22	1.046
422	0.6086	0.0	1.073	0.9374	1.072	0.9552
423	0.9002	0.0	1.812	1.396	1.836	2.027
424	0.7377	0.0	1.331	1.281	1.266	1.289
425	0.6099	0.0	1.086	1.05	1.009	1.15
426	0.5701	0.0	0.9447	1.239	0.9326	1.246
427	0.608	0.0	0.9915	1.121	1.058	1.275
428	0.4099	0.0	0.6441	1.485	0.6302	1.693
429	0.9012	0.0	1.873	1.808	2.015	1.784
430	0.3291	0.0	0.6787	1.448	0.5135	2.056
431	0.7344	0.0	1.478	1.134	1.489	1.302
432	0.5518	0.0	0.9324	1.07	0.9525	1.154
433	0.5559	0.0	0.9405	1.66	0.8553	1.551
434	0.7302	0.0	1.268	1.429	1.166	1.368
435	0.8171	0.0	1.493	1.182	1.497	1.219
436	0.6477	0.0	0.9644	1.112	1.308	1.33
437	0.7236	0.0	1.299	1.764	1.554	2.714
438	0.7811	0.0	1.371	0.7264	1.302	0.8096
439	0.6774	0.0	1.184	1.206	1.279	1.096
440	0.8783	0.0	1.615	1.44	1.474	1.36
441	0.6424	0.0	1.108	0.9429	1.135	0.9552
442	0.6711	0.0	1.26	0.9653	1.213	1.089
443	0.5431	0.0	0.9133	1.22	0.91	1.353
444	0.6306	0.0	1.042	0.9861	1.105	0.9645
445	0.552	0.0	0.8851	0.8158	0.9839	0.808
446	0.7499	0.0	1.284	1.485	1.289	1.484
447	0.579	0.0	0.9452	1.176	0.9658	1.399
448	0.5792	0.0	0.9901	0.9569	1.018	1.01
449	0.7262	0.0	1.22	1.223	1.341	1.307
450	0.7107	0.0	1.263	1.13	1.338	1.097
451	0.5161	0.0	1.054	1.115	0.8809	1.053
452	0.6147	0.0	1.032	1.431	1.079	1.26
453	0.7943	0.0	1.385	1.268	1.397	1.36
454	0.4611	0.0	0.9826	1.702	0.962	1.591
455	0.5363	0.0	0.8434	1.339	0.9097	1.345
456	0.8096	0.0	1.473	0.9536	1.53	0.9607
457	0.6447	0.0	1.115	1.402	1.054	1.434
458	0.5701	0.0	0.8919	0.792	1.002	0.8378
459	0.5358	0.0	0.9571	1.166	0.9174	1.358
460	0.6223	0.0	1.089	1.09	1.015	1.279
461	0.6686	0.0	1.252	1.152	1.137	1.231
462	0.5378	0.0	1.036	1.074	0.9592	1.165
463	0.5377	0.0	0.882	0.9818	0.8984	1.146
464	0.8051	0.0	1.478	0.991	1.32	0.942
465	0.766	0.0	1.406	1.714	1.301	1.586
466	0.5677	0.0	0.9308	1.094	0.9379	1.234
467	0.7759	0.0	1.489	0.9284	1.384	0.9789
468	0.7608	0.0	1.394	0.4481	1.276	0.4946
469	0.7088	0.0	1.342	1.167	1.436	1.241
470	0.7089	0.0	1.338	1.013	1.29	1.117
471	0.6866	0.0	1.217	1.126	1.304	1.154
472	0.8086	0.0	1.509	1.163	1.577	1.134
473	0.539	0.0	0.8531	0.9102	0.8785	0.8682
474	0.5501	0.0	1.0	1.028	0.9987	1.229
475	0.6259	0.0	1.14	1.099	1.094	1.179
476	0.5496	0.0	0.9463	1.197	0.9864	1.364
477	0.7362	0.0	1.388	1.116	1.446	1.224
478	0.5307	0.0	0.8656	1.165	0.8761	1.144
479	0.6049	0.0	1.039	1.368	1.041	1.397
480	0.4725	0.0	0.7686	1.46	0.7865	1.389
481	0.5209	0.0	0.9447	1.206	0.8607	1.055
482	0.6461	0.0	1.176	1.026	1.238	1.104
483	0.7005	0.0	1.258	0.9977	1.281	1.017
484	0.7073	0.0	1.235	0.684	1.318	0.7218
485	0.6781	0.0	1.157	1.041	1.106	1.342
486	0.6137	0.0	1.085	0.7502	1.013	0.8535
487	0.6657	0.0	1.103	1.815	1.276	1.638
488	0.537	0.0	0.8331	0.8495	0.8949	1.022
489	0.6388	0.0	1.071	1.127	1.051	1.181
490	0.6328	0.0	1.15	1.72	1.093	1.689
491	0.5469	0.0	0.9454	0.8942	1.031	0.965
492	0.8068	0.0	1.502	1.371	1.522	1.361
493	0.6176	0.0	0.9239	0.9954	1.155	1.111
494	0.6755	0.0	1.15	1.145	1.286	1.09
495	0.7441	0.0	1.294	1.189	1.25	1.233
496	0.4518	0.0	0.7334	1.199	0.6852	1.208
497	0.7334	0.0	1.26	1.065	1.267	1.247
498	0.6972	0.0	1.289	0.9231	1.174	1.006
499	0.6342	0.0	1.05	1.02	1.143	1.044
500	0.4563	0.0	0.7353	1.354	0.7601	1.432
501	0.676	0.0	1.213	1.451	1.299	1.698
502	0.5133	0.0	0.7944	0.8608	0.8382	0.862
503	0.7838	0.0	1.445	1.131	1.54	1.218
504	0.3424	0.0	0.6527	1.755	0.5802	2.577
505	0.4331	0.0	0.7104	0.5629	0.7597	0.6076
506	0.7211	0.0	1.312	1.293	1.36	1.338
507	0.5203	0.0	0.8495	0.8432	0.8442	0.9061
508	0.6673	0.0	1.26	1.547	1.257	1.442
509	0.6099	0.0	0.9367	1.048	1.119	1.225
510	0.6104	0.0	1.026	0.9506	1.05	0.9642
511	0.6037	0.0	0.9924	0.5561	0.9213	0.5963
512	0.6097	0.0	1.006	1.156	0.9576	1.055
513	0.8144	0.0	1.474	1.684	1.369	1.547
514	0.5985	0.0	0.9667	0.8915	1.039	1.017
515	0.6674	0.0	1.149	1.05	1.103	1.064
516	0.5555	0.0	0.9752	1.545	0.8243	1.428
517	0.836	0.0	1.529	0.6299	1.823	0.6658
518	0.4705	0.0	0.8348	1.355	0.8979	1.431
519	0.5281	0.0	0.9351	1.809	1.056	2.079
520	0.4122	0.0	0.7366	1.284	0.7112	1.425
521	0.4704	0.0	0.7847	0.8006	0.7864	0.7875
522	0.6324	0.0	1.082	1.103	1.117	1.147
523	0.6308	0.0	1.126	1.005	1.26	1.063
524	0.7591	0.0	1.309	1.091	1.307	1.147
525	0.6108	0.0	0.9906	1.137	1.07	1.203
526	0.6848	0.0	1.211	1.192	1.186	1.238
527	0.7923	0.0	1.393	0.9467	1.791	1.44
528	0.6479	0.0	1.103	1.303	0.9882	1.216
529	0.6716	0.0	1.204	0.9552	1.119	0.922
530	0.6729	0.0	1.193	1.279	1.186	1.386
531	0.8197	0.0	1.608	1.675	1.898	2.029
532	0.7118	0.0	1.321	0.926	1.406	0.9941
533	0.7373	0.0	1.406	1.337	1.425	1.697
534	0.7363	0.0	1.315	1.359	1.427	1.634
535	0.5335	0.0	0.9234	1.299	0.8703	1.399
536	0.5904	0.0	0.9665	0.6261	1.021	0.8282
537	0.6128	0.0	1.03	1.124	1.026	1.212
538	0.8125	0.0	1.512	1.558	1.555	1.471
539	0.7803	0.0	1.39	1.663	1.583	1.845
540	0.6314	0.0	1.026	0.9188	1.16	1.134
541	0.7096	0.0	1.214	1.581	1.239	2.568
542	0.7185	0.0	1.224	1.003	1.232	1.028
543	0.6046	0.0	1.047	1.069	1.066	1.086
544	0.7727	0.0	1.306	1.382	1.35	1.3
545	0.6015	0.0	1.016	0.9755	0.9413	1.054
546	0.6385	0.0	1.054	1.329	1.182	1.482
547	0.6859	0.0	1.263	0.7689	1.241	0.8326
548	0.2676	0.0	0.4319	0.8892	0.4163	0.9487
549	0.6379	0.0	1.083	1.446	1.053	1.401
550	0.6465	0.0	1.168	0.5952	1.139	0.7162
551	0.8082	0.0	1.512	1.329	1.686	1.487
552	0.4342	0.0	0.6807	1.168	0.7052	1.257
553	0.5738	0.0	0.9415	1.046	1.049	1.187
554	0.8833	0.0	1.795	0.8549	1.776	0.874
555	0.4204	0.0	0.6938	1.131	0.7965	1.0
556	0.8101	0.0	1.488	1.249	1.398	1.103
557	0.5785	0.0	0.9402	1.366	1.038	1.602
558	0.6592	0.0	1.117	1.888	1.222	1.621
559	0.6412	0.0	0.9861	0.7955	1.149	0.9149
560	0.7478	0.0	1.353	1.288	1.332	1.26
561	0.6081	0.0	1.044	1.037	1.068	1.095
562	0.475	0.0	0.7544	0.9435	0.7605	0.985
563	0.652	0.0	1.191	1.256	1.249	1.25
564	0.7103	0.0	1.208	0.8255	1.115	0.7741
565	0.6	0.0	0.9943	0.9861	1.084	1.116
566	0.5523	0.0	0.8972	1.623	1.001	1.693
567	0.6364	0.0	1.24	0.9813	1.108	1.064
568	0.7807	0.0	1.438	1.047	1.247	1.003
569	0.8665	0.0	1.708	1.35	1.655	1.286
570	0.5573	0.0	0.9327	1.087	0.9118	1.108
571	0.6589	0.0	1.168	1.045	1.124	1.181
572	0.5237	0.0	0.9578	0.6759	0.8805	0.8277
573	0.7278	0.0	1.351	1.326	1.496	1.331
574	0.6067	0.0	1.048	0.9555	1.031	0.981
575	0.5701	0.0	0.9191	1.101	0.922	1.144
576	0.7389	0.0	1.388	1.161	1.36	1.211
577	0.5942	0.0	0.9367	0.5886	0.9993	0.6896
578	0.6139	0.0	0.9564	0.9102	1.048	1.213
579	0.702	0.0	1.313	0.9776	1.39	0.946
580	0.5829	0.0	1.022	1.285	0.9466	1.198
581	0.5991	0.0	1.107	1.1	1.03	1.108
582	0.501	0.0	0.7819	0.9681	0.8086	0.9674
583	0.7451	0.0	1.346	0.9174	1.422	0.9886
584	0.7779	0.0	1.462	0.8633	1.368	0.9095
585	0.3119	0.0	0.5651	0.9759	0.5502	1.051
586	0.7064	0.0	1.293	1.188	1.338	1.696
587	0.6015	0.0	1.027	1.37	1.038	1.315
588	0.7043	0.0	1.211	1.409	1.24	1.402
589	0.5721	0.0	0.8993	0.8386	1.078	1.082
590	0.5425	0.0	0.9004	1.373	0.8316	1.449
591	0.6331	0.0	1.108	1.562	1.13	1.394
592	0.5576	0.0	0.8878	0.7202	1.011	0.7324
593	0.6779	0.0	1.501	1.226	1.164	1.015
594	0.8242	0.0	1.821	1.969	1.621	2.311
595	0.8239	0.0	1.532	0.9467	1.56	1.174
596	0.7344	0.0	1.286	1.267	1.366	1.335
597	0.6583	0.0	1.073	0.9522	1.075	1.103
598	0.6366	0.0	1.214	1.534	1.214	1.525
599	0.6036	0.0	1.034	1.294	1.097	1.273
600	0.5122	0.0	0.8902	1.09	0.8571	1.092
601	0.7907	0.0	1.402	1.327	1.317	1.322
602	0.6629	0.0	1.069	0.7914	1.049	0.9013
603	0.6149	0.0	1.072	0.9408	0.9812	0.9717
604	0.6639	0.0	1.141	1.473	1.178	1.355
605	0.5257	0.0	0.9822	0.7155	0.8517	0.7695
606	0.6416	0.0	1.121	0.8979	1.237	1.064
607	0.6803	0.0	1.212	0.9781	1.166	0.9832
608	0.5715	0.0	1.083	1.145	1.127	1.777
609	0.5268	0.0	0.8283	0.6859	0.9721	0.7872
610	0.783	0.0	1.513	1.185	1.5	1.271
611	0.5517	0.0	0.9159	1.044	0.939	0.9751
612	0.7188	0.0	1.433	1.27	1.353	1.498
613	0.497	0.0	0.7448	0.7044	0.9451	0.8793
614	0.6863	0.0	1.18	0.9582	1.188	0.9662
615	0.6171	0.0	0.9647	0.771	1.015	0.7829
616	0.6142	0.0	1.011	1.118	1.047	1.119
617	0.7053	0.0	1.274	0.6706	1.168	0.8013
618	0.6566	0.0	1.121	0.9251	1.079	0.88
619	0.5413	0.0	0.8795	1.021	0.9243	1.196
620	0.5355	0.0	0.8715	1.326	0.8823	1.217
621	0.414	0.0	0.6339	0.8254	0.6285	0.8021
622	0.6335	0.0	1.206	1.25	1.218	1.354
623	0.781	0.0	1.34	1.7	1.666	2.03
624	0.7501	0.0	1.394	1.493	1.38	1.524
625	0.641	0.0	1.097	1.3	1.043	1.224
626	0.5771	0.0	0.9568	0.8803	0.8985	0.889
627	0.4445	0.0	0.6934	0.9515	0.8341	1.049
628	0.3845	0.0	0.5805	0.9443	0.6044	0.9493
629	0.4466	0.0	0.6946	0.8581	0.7764	0.9766
630	0.6201	0.0	1.051	1.062	1.12	1.064
631	0.5701	0.0	0.994	1.034	1.201	1.28
632	0.6582	0.0	1.137	1.164	1.055	1.171
633	0.3814	0.0	0.6662	1.146	0.8242	1.085
634	0.8035	0.0	1.507	1.184	1.983	1.233
635	0.6526	0.0	1.147	1.084	1.133	1.252
636	0.556	0.0	0.9586	1.112	0.9243	1.152
637	0.6448	0.0	1.348	1.52	1.391	2.174
638	0.7094	0.0	1.309	0.3877	1.583	0.5288
639	0.5943	0.0	1.063	1.333	1.051	1.196
640	0.24	0.0	0.3747	0.8778	0.749	0.9966
641	0.6289	0.0	1.089	0.8808	1.104	0.8847
642	0.4604	0.0	0.7518	0.6879	0.7495	0.6934
643	0.6334	0.0	1.028	1.682	1.071	1.6
644	0.5699	0.0	0.8809	1.02	0.9979	1.269
645	0.4965	0.0	0.8499	1.404	0.9401	2.104
646	0.6696	0.0	1.2	0.8186	1.104	0.8988
647	0.6134	0.0	1.056	1.147	1.037	1.125
648	0.7361	0.0	1.277	0.9647	1.245	0.9624
649	0.7156	0.0	1.351	1.306	1.363	1.359
650	0.6332	0.0	1.155	1.144	1.132	1.22
651	0.3979	0.0	0.629	1.178	0.5821	1.232
652	0.5364	0.0	0.8417	0.9812	0.9112	0.9571
653	0.603	0.0	1.031	1.258	0.9686	1.267
654	0.7042	0.0	1.262	0.8412	1.221	0.8638
655	0.5487	0.0	0.8969	0.8622	0.9099	0.8855
656	0.4595	0.0	0.7233	1.033	0.7468	1.254
657	0.6817	0.0	1.22	1.361	1.08	1.304
658	0.5178	0.0	0.8437	1.122	0.8459	1.078
659	0.5849	0.0	1.113	0.6781	1.166	0.7324
660	0.6195	0.0	1.027	1.262	1.02	1.146
661	0.5446	0.0	0.9166	1.395	0.9503	1.504
662	0.5227	0.0	0.8806	1.552	0.9476	1.805
663	0.494	0.0	0.7507	1.097	0.8102	1.062
664	0.5671	0.0	1.034	1.193	0.9467	1.262
665	0.4089	0.0	0.634	1.019	0.6365	1.052
666	0.654	0.0	1.054	0.843	1.133	0.9643
667	0.5101	0.0	0.9896	1.462	0.9164	1.61
668	0.549	0.0	0.9483	0.8621	0.9441	0.8832
669	0.6466	0.0	1.1	1.043	1.09	1.197
670	0.5377	0.0	0.83	1.06	0.9369	1.184
671	0.6102	0.0	1.039	0.8851	1.059	0.8999
672	0.5754	0.0	0.9497	0.77	1.034	0.9795
673	0.6387	0.0	1.075	1.443	1.117	1.55
674	0.5813	0.0	0.9873	0.8599	1.084	0.8635
675	0.49	0.0	0.7632	1.305	0.8083	1.304
676	0.4971	0.0	0.8053	0.8491	0.767	0.8931
677	0.6973	0.0	1.227	1.123	1.53	1.271
678	0.5537	0.0	0.9283	1.018	0.9017	1.054
679	0.5144	0.0	0.8941	1.152	0.9092	1.229
680	0.5839	0.0	1.023	1.227	1.061	1.283
681	0.7136	0.0	1.192	0.8483	1.192	0.9666
682	0.4923	0.0	0.7661	0.9627	0.9256	1.214
683	0.6766	0.0	1.288	1.287	1.316	1.302
684	0.4751	0.0	0.7307	0.7588	0.7976	0.9495
685	0.5321	0.0	0.9035	1.157	0.8915	1.296
686	0.6077	0.0	1.021	1.078	1.046	1.056
687	0.585	0.0	0.9689	1.047	0.9604	1.107
688	0.418	0.0	0.6429	0.9168	0.672	1.023
689	0.4034	0.0	0.6341	0.6969	0.6881	0.7256
690	0.6254	0.0	1.125	0.8309	1.191	1.015
691	0.582	0.0	0.9567	1.079	1.034	1.059
692	0.4952	0.0	0.7947	1.443	0.8541	1.505
693	0.6345	0.0	1.003	0.8147	1.386	1.063
694	0.5079	0.0	0.8136	1.2	0.8204	1.139
695	0.7356	0.0	1.271	1.421	1.3	1.373
696	0.5205	0.0	0.8469	0.595	0.9934	0.8904
697	0.5133	0.0	0.8371	1.422	0.8935	1.452
698	0.5265	0.0	0.8464	0.8365	1.005	0.9117
699	0.6026	0.0	0.9786	1.055	1.058	0.9642
700	0.663	0.0	1.17	1.103	1.137	1.181
701	0.5466	0.0	0.8665	1.036	0.9073	1.084
702	0.494	0.0	0.834	1.018	0.8209	1.075
703	0.62	0.0	1.075	1.012	0.9592	1.091
704	0.6559	0.0	1.23	0.9938	1.163	1.064
705	0.8172	0.0	1.501	1.795	1.324	1.735
706	0.6208	0.0	0.9879	0.9885	1.019	1.02
707	0.6831	0.0	1.252	1.162	1.153	1.075
708	0.7382	0.0	1.312	1.572	1.285	1.381
709	0.6445	0.0	1.17	1.553	1.098	1.633
710	0.4453	0.0	0.7672	1.327	0.896	1.281
711	0.5754	0.0	0.9857	1.011	0.9748	1.099
712	0.284	0.0	0.4752	0.8265	0.5332	0.9449
713	0.5682	0.0	0.9436	1.043	0.9916	1.125
714	0.6443	0.0	1.169	1.399	1.187	1.429
715	0.5315	0.0	0.8998	1.302	0.8619	1.421
716	0.8609	0.0	1.579	1.601	1.596	1.476
717	0.5614	0.0	0.8207	0.7613	1.064	1.078
718	0.5842	0.0	0.9796	0.9948	1.055	1.059
719	0.4637	0.0	0.7064	0.8615	0.7652	0.8594
720	0.8054	0.0	1.411	1.251	1.509	1.179
721	0.6232	0.0	1.037	0.7337	1.128	0.7411
722	0.5905	0.0	1.003	1.1	0.945	1.201
723	0.5524	0.0	0.9201	1.062	0.9203	1.197
724	0.758	0.0	1.295	1.583	1.326	1.426
725	0.6232	0.0	1.056	0.9936	1.122	1.021
726	0.5504	0.0	0.9859	0.6671	0.9004	0.7337
727	0.7389	0.0	1.335	1.023	1.386	1.014
728	0.5604	0.0	0.9679	1.004	0.914	1.211
729	0.74	0.0	1.274	0.3902	1.286	0.5982
730	0.6364	0.0	1.11	1.065	1.057	1.038
731	0.3617	0.0	0.6098	1.037	0.6553	1.035
732	0.6543	0.0	1.092	0.8937	1.053	0.9965
733	0.4372	0.0	0.6678	0.9942	0.7796	0.9941
734	0.4826	0.0	0.7666	0.8992	0.8225	1.014
735	0.7428	0.0	1.407	1.822	1.539	1.884
736	0.7783	0.0	1.332	1.536	1.422	1.654
737	0.6595	0.0	1.098	1.036	1.166	1.223
738	0.6848	0.0	1.22	1.436	1.274	1.559
739	0.632	0.0	1.034	1.328	1.171	2.005
740	0.4763	0.0	0.7643	0.8992	0.7472	0.8819
741	0.7663	0.0	1.567	1.509	1.657	1.836
742	0.8809	0.0	1.723	1.06	1.868	1.133
743	0.531	0.0	0.9806	1.55	0.8816	1.615
744	0.6843	0.0	1.202	1.147	1.19	1.046
745	0.4966	0.0	0.7871	1.147	0.7842	1.039
746	0.6956	0.0	1.218	1.381	1.28	1.372
747	0.6241	0.0	1.033	1.512	1.05	1.553
748	0.6174	0.0	1.417	0.9621	1.206	1.267
749	0.7075	0.0	1.291	1.2	1.326	1.319
750	0.7539	0.0	1.279	1.299	1.402	1.198
751	0.6695	0.0	1.255	1.634	1.162	1.757
752	0.7415	0.0	1.306	1.425	1.272	1.514
753	0.6744	0.0	1.192	1.234	1.214	1.308
754	0.6716	0.0	1.21	1.283	1.167	1.261
755	0.6338	0.0	1.122	0.9654	1.033	1.073
756	0.4903	0.0	0.8471	1.005	0.7963	0.9802
757	0.6882	0.0	1.134	1.329	1.176	1.279
758	0.7394	0.0	1.292	1.316	1.287	1.219
759	0.6459	0.0	1.112	0.9771	1.2	0.9344
760	0.5073	0.0	0.7889	1.403	0.8555	1.362
761	0.7195	0.0	1.245	0.9624	1.17	0.9492
762	0.5843	0.0	0.9984	1.073	1.008	1.02
763	0.4754	0.0	0.8689	0.9519	0.8901	0.9288
764	0.6827	0.0	1.168	1.237	1.184	1.184
765	0.6526	0.0	1.06	1.075	1.078	1.312
766	0.4462	0.0	0.8201	1.472	0.9294	1.475
767	0.5644	0.0	0.8772	0.7634	0.9911	0.8987
768	0.6824	0.0	1.218	1.21	1.173	1.397
769	0.6949	0.0	1.165	0.9326	1.297	0.9808
770	0.6123	0.0	1.026	0.6217	1.009	0.7631
771	0.7688	0.0	1.39	1.016	1.55	1.264
772	0.625	0.0	1.064	1.068	1.014	1.063
773	0.6396	0.0	1.063	0.5189	1.155	0.6079
774	0.6236	0.0	1.07	1.153	1.085	1.236
775	0.5668	0.0	0.9869	0.9642	1.06	1.13
776	0.4875	0.0	0.8187	0.9153	0.8034	1.117
777	0.7791	0.0	1.437	1.201	1.405	1.166
778	0.6661	0.0	1.179	0.8529	1.193	0.9284
779	0.7115	0.0	1.22	1.263	1.253	1.313
780	0.5025	0.0	0.9573	1.148	0.849	1.076
781	0.5934	0.0	1.018	0.7811	1.031	0.93
782	0.4841	0.0	0.8103	1.056	0.7683	1.215
783	0.5593	0.0	0.9479	1.1	0.9551	1.072
784	0.6875	0.0	1.237	0.8297	1.331	0.9587
785	0.5179	0.0	0.8112	0.7812	0.8462	0.8096
786	0.5542	0.0	0.9086	1.17	1.191	1.291
787	0.7015	0.0	1.292	1.198	1.282	1.205
788	0.6914	0.0	1.288	1.273	1.28	1.414
789	0.591	0.0	1.068	1.338	0.9849	1.306
790	0.5841	0.0	0.9672	1.363	0.9825	1.476
791	0.6197	0.0	1.086	1.271	1.07	1.225
792	0.6392	0.0	1.146	1.403	1.177	1.415
793	0.663	0.0	1.221	0.7877	1.113	0.7704
794	0.6172	0.0	1.083	0.7115	1.122	0.929
795	0.669	0.0	1.16	1.08	1.156	1.241
796	0.5246	0.0	0.8773	1.147	0.8705	1.296
797	0.5826	0.0	0.8287	0.8067	1.092	1.272
798	0.439	0.0	0.6626	1.008	0.6805	1.123
799	0.511	0.0	0.879	1.048	0.7917	1.123
800	0.5471	0.0	0.8111	0.6651	0.993	1.097
801	0.569	0.0	1.019	0.8687	0.8745	0.9539
802	0.7905	0.0	1.657	1.614	1.644	1.559
803	0.5732	0.0	1.033	1.068	1.096	1.381
804	0.7108	0.0	1.226	1.467	1.34	1.47
805	0.7442	0.0	1.307	1.131	1.246	1.217
806	0.6601	0.0	1.202	1.205	1.265	1.302
807	0.5621	0.0	0.9297	1.314	0.9196	1.35
808	0.6259	0.0	1.081	1.094	1.185	1.126
809	0.7811	0.0	1.409	1.152	1.358	1.243
810	0.4528	0.0	0.6895	1.015	0.7873	1.0
811	0.7222	0.0	1.215	1.133	1.36	1.125
812	0.7431	0.0	1.346	1.371	1.232	1.346
813	0.6722	0.0	1.148	0.9645	1.292	1.079
814	0.4903	0.0	0.7711	0.9978	0.8606	1.157
815	0.493	0.0	0.823	1.109	0.7561	1.152
816	0.4	0.0	0.6994	0.7746	0.7745	0.8985
817	0.6433	0.0	1.124	1.413	1.082	1.33
818	0.7389	0.0	1.393	1.012	1.359	1.039
819	0.5607	0.0	0.9255	1.106	0.9084	1.151
820	0.6748	0.0	1.197	1.231	1.233	1.378
821	0.5544	0.0	0.8138	0.8041	1.322	0.9814
822	0.5921	0.0	1.008	0.9571	0.9873	1.066
823	0.605	0.0	0.9852	0.9183	1.01	1.043
824	0.6018	0.0	0.9356	0.8472	1.054	0.82
825	0.6973	0.0	1.267	1.337	1.176	1.348
826	0.5536	0.0	0.8734	0.8715	0.9255	1.003
827	0.7658	0.0	1.313	1.028	1.427	1.133
828	0.705	0.0	1.235	1.513	1.136	1.444
829	0.6721	0.0	1.173	0.9772	1.23	0.9345
830	0.6787	0.0	1.206	1.016	1.212	0.9811
831	0.7465	0.0	1.291	1.227	1.361	1.285
832	0.6859	0.0	1.271	1.096	1.376	1.196
833	0.4796	0.0	0.8484	1.033	0.7658	0.945
834	0.5841	0.0	0.9226	0.9903	1.014	1.017
835	0.466	0.0	0.7608	0.9771	0.7966	0.9737
836	0.4261	0.0	0.659	1.058	0.635	1.171
837	0.563	0.0	0.8421	0.8178	0.9905	0.9312
838	0.6364	0.0	1.089	1.117	1.104	1.199
839	0.7429	0.0	1.471	1.537	1.449	1.555
840	0.7101	0.0	1.239	1.227	1.198	1.125
841	0.1838	0.0	0.3095	1.258	0.3107	1.31
842	0.4835	0.0	0.8166	1.455	0.852	1.492
843	0.491	0.0	0.8042	1.359	0.8412	1.568
844	0.7103	0.0	1.234	0.9517	1.352	1.014
845	0.5858	0.0	1.014	1.535	1.008	1.755
846	0.6067	0.0	1.071	1.742	1.035	1.898
847	0.5666	0.0	1.025	0.8607	0.9146	0.9518
848	0.7332	0.0	1.318	0.9851	1.282	1.058
849	0.5106	0.0	0.8495	0.9754	0.8466	1.027
850	0.4828	0.0	0.7402	1.169	0.7946	1.169
851	0.7712	0.0	1.312	1.03	1.494	1.034
852	0.5384	0.0	0.9184	1.081	0.972	1.269
853	0.6479	0.0	1.114	1.51	1.172	1.786
854	0.5027	0.0	0.8124	0.7343	0.817	0.7558
855	0.5653	0.0	0.9251	1.443	0.9602	2.202
856	0.6556	0.0	1.076	1.404	1.202	1.464
857	0.5687	0.0	0.9536	0.7857	0.9096	0.807
858	0.5802	0.0	0.9532	0.7848	0.9308	0.8343
859	0.6508	0.0	1.17	0.9866	1.179	1.06
860	0.4825	0.0	0.7315	0.5723	0.8195	0.5418
861	0.9195	0.0	1.721	1.239	1.999	1.31
862	0.6414	0.0	1.154	0.777	1.053	0.8109
863	0.645	0.0	1.148	1.236	1.155	1.3
864	0.5972	0.0	1.055	1.26	1.098	1.179
865	0.641	0.0	1.044	1.112	1.098	1.145
866	0.6347	0.0	1.082	1.488	1.21	1.796
867	0.6546	0.0	1.356	0.7578	1.23	0.8269
868	0.6742	0.0	1.131	1.026	1.16	0.9478
869	0.5724	0.0	0.9792	1.045	1.011	1.044
870	0.4849	0.0	0.8566	1.537	0.9363	1.751
871	0.5492	0.0	0.7922	0.8217	0.9823	0.9991
872	0.5051	0.0	0.8372	1.397	0.8804	1.624
873	0.6517	0.0	1.181	1.083	1.131	1.071
874	0.6301	0.0	0.9808	0.7769	1.117	0.9112
875	0.6253	0.0	1.067	1.107	1.125	1.272
876	0.6067	0.0	1.06	0.9195	0.9926	1.128
877	0.6642	0.0	1.175	1.04	1.137	1.06
878	0.6315	0.0	1.096	1.181	1.152	1.272
879	0.6346	0.0	1.092	0.8529	1.102	0.9189
880	0.3123	0.0	0.5566	0.6339	0.5643	0.7246
881	0.7066	0.0	1.314	1.21	1.191	1.174
882	0.554	0.0	0.9384	0.9899	0.8974	0.9749
883	0.6761	0.0	1.211	1.192	1.144	1.26
884	0.4668	0.0	0.7452	0.7763	0.76	0.8191
885	0.6241	0.0	1.182	1.338	1.123	1.337
886	0.451	0.0	0.7034	1.023	0.7053	1.021
887	0.5461	0.0	0.9286	0.9846	0.9867	1.057
888	0.8296	0.0	1.61	1.211	1.666	1.262
889	0.6296	0.0	0.9931	0.7255	1.034	0.7897
890	0.815	0.0	1.489	1.103	1.356	1.089
891	0.6996	0.0	1.223	0.8978	1.199	0.8584
892	0.5675	0.0	0.9574	1.141	0.9332	1.014
893	0.4479	0.0	0.6794	1.077	0.7308	1.289
894	0.5782	0.0	0.9786	0.9927	0.9407	1.019
895	0.5816	0.0	0.9393	1.155	0.9994	1.125
896	0.7571	0.0	1.421	1.082	1.355	1.028
897	0.5669	0.0	0.9588	1.085	0.9696	1.143
898	0.5203	0.0	0.8487	1.003	0.8419	1.109
899	0.6253	0.0	1.089	0.9548	1.11	1.009
900	0.8877	0.0	1.599	1.238	1.496	1.156
901	0.397	0.0	0.6402	0.7232	0.7314	1.0
902	0.5548	0.0	0.8999	0.5267	0.9456	0.6208
903	0.6058	0.0	1.041	1.391	1.017	1.317
904	0.5188	0.0	0.8762	0.6941	0.8922	0.6717
905	0.6826	0.0	1.148	0.881	1.236	0.9981
906	0.7955	0.0	1.636	1.665	1.545	1.459
907	0.6008	0.0	1.04	1.088	0.9927	1.036
908	0.4946	0.0	0.8253	1.199	0.7921	1.132
909	0.677	0.0	1.146	0.8189	1.17	0.9038
910	0.652	0.0	1.121	1.339	1.091	1.453
911	0.8932	0.0	1.695	0.9993	1.68	1.094
912	0.5132	0.0	0.8962	0.9655	0.882	0.9333
913	0.6351	0.0	1.057	0.8902	1.141	1.022
914	0.435	0.0	0.8328	1.072	0.7323	1.237
915	0.526	0.0	0.8111	1.215	0.8907	1.201
916	0.6693	0.0	1.132	1.161	1.162	1.17
917	0.5746	0.0	0.9235	1.267	0.9488	1.451
918	0.651	0.0	1.079	1.058	1.097	1.156
919	0.6824	0.0	1.127	1.163	1.184	1.156
920	0.5044	0.0	0.9176	0.7416	1.028	0.8279
921	0.5689	0.0	0.8918	1.062	0.9971	1.113
922	0.5908	0.0	1.023	1.26	1.01	1.26
923	0.3929	0.0	0.6064	1.147	0.584	1.173
924	0.7406	0.0	1.428	1.264	1.408	1.42
925	0.651	0.0	1.089	0.6827	1.412	0.7853
926	0.5803	0.0	0.9886	1.103	0.9343	1.038
927	0.6082	0.0	1.047	1.077	1.03	1.106
928	0.622	0.0	1.035	1.16	1.02	1.216
929	0.75	0.0	1.318	1.493	1.244	1.469
930	0.5653	0.0	0.9383	0.9268	0.9336	0.9843
931	0.7314	0.0	1.283	0.8511	1.259	0.9864
932	0.7623	0.0	1.298	1.575	1.217	1.569
933	0.5798	0.0	0.9593	0.8599	0.9819	0.8711
934	0.487	0.0	0.809	1.124	0.8622	1.13
935	0.7016	0.0	1.161	1.092	1.194	1.543
936	0.3962	0.0	0.7218	1.154	0.6945	1.317
937	0.5382	0.0	0.9718	1.172	0.8449	1.063
938	0.6247	0.0	1.079	0.9317	1.016	0.9227
939	0.6629	0.0	1.15	0.7715	1.139	0.9395
940	0.7141	0.0	1.226	0.5781	1.138	0.6265
941	0.6081	0.0	0.9428	0.9729	1.085	0.9852
942	0.4658	0.0	0.7388	0.9495	0.7507	1.004
943	0.7253	0.0	1.287	1.509	1.934	2.18
944	0.6014	0.0	1.065	1.063	1.055	0.9893
945	0.6173	0.0	1.2	1.25	0.9786	1.157
946	0.854	0.0	1.602	1.134	1.751	1.345
947	0.6942	0.0	1.346	1.134	1.269	1.199
948	0.4663	0.0	0.7583	1.002	0.7633	1.066
949	0.6403	0.0	1.137	1.383	1.246	2.037
950	0.5899	0.0	0.9414	1.255	1.114	1.287
951	0.5647	0.0	0.9418	1.477	0.9367	1.698
952	0.4959	0.0	0.7826	0.9709	0.8127	1.111
953	0.528	0.0	0.8488	1.268	0.8683	1.211
954	0.6044	0.0	1.004	1.428	0.9944	1.45
955	0.698	0.0	1.169	1.86	1.25	1.523
956	0.5915	0.0	0.8866	1.049	1.084	1.328
957	0.5826	0.0	1.021	1.422	0.9735	1.695
958	0.476	0.0	0.7701	0.6954	0.7696	0.7193
959	0.7698	0.0	1.395	1.425	1.496	1.422
960	0.3709	0.0	0.5793	1.081	0.5496	1.225
961	0.5668	0.0	0.944	1.007	0.9645	0.9513
962	0.6008	0.0	1.016	0.7327	1.065	0.8302
963	0.5691	0.0	0.9341	1.22	1.01	1.287
964	0.4657	0.0	0.7205	0.7287	0.821	0.8179
965	0.5364	0.0	0.846	0.9074	0.9047	0.9817
966	0.6448	0.0	1.092	1.661	1.01	1.468
967	0.6235	0.0	1.087	1.036	1.087	1.053
968	0.5671	0.0	0.9184	0.9319	0.9889	0.9879
969	0.6413	0.0	1.032	1.248	1.119	1.203
970	0.5579	0.0	0.9892	1.214	0.9672	1.185
971	0.622	0.0	1.118	1.085	1.081	1.229
972	0.5858	0.0	0.9631	1.42	0.9521	1.258
973	0.7088	0.0	1.334	1.075	1.33	1.183
974	0.4913	0.0	0.8355	1.214	0.8813	1.34
975	0.4894	0.0	0.7077	0.854	0.9189	1.043
976	0.593	0.0	0.9876	1.165	1.041	1.336
977	0.61	0.0	1.016	0.9203	1.057	1.023
978	0.62	0.0	1.066	0.6496	1.101	0.84
979	0.626	0.0	1.138	1.444	1.03	1.606
980	0.5511	0.0	0.8943	0.8384	0.907	0.8495
981	0.5427	0.0	0.8302	0.6214	1.011	0.8662
982	0.6527	0.0	1.135	0.9232	1.197	0.8633
983	0.5791	0.0	1.022	1.402	0.9609	1.421
984	0.496	0.0	0.7975	0.5957	0.7966	0.6148
985	0.7185	0.0	1.307	0.954	1.321	1.029
986	0.6214	0.0	1.067	0.9956	1.05	1.079
987	0.6443	0.0	1.13	1.085	1.099	1.037
988	0.3269	0.0	0.5321	0.902	0.7494	0.8869
989	0.5325	0.0	0.8927	1.029	0.9447	1.068
990	0.4265	0.0	0.6466	0.7105	0.691	0.8517
991	0.6097	0.0	1.079	0.9869	1.041	0.9832
992	0.564	0.0	0.9541	0.9913	1.026	0.9751
993	0.5708	0.0	0.8861	0.7604	0.951	0.8331
994	0.607	0.0	0.9788	0.9338	1.154	1.103
995	0.5398	0.0	0.9722	1.033	0.9503	1.161
996	0.6888	0.0	1.371	1.236	1.04	1.183
997	0.6007	0.0	1.05	0.6715	1.034	0.7287
998	0.4483	0.0	0.7068	0.8796	0.7079	0.8799
999	0.6766	0.0	1.197	1.021	1.153	1.136
1000	0.7138	0.0	1.283	1.096	1.214	1.077
1001	0.5788	0.0	0.9382	0.8974	0.933	0.9812
1002	0.6287	0.0	1.158	0.9683	1.242	1.267
1003	0.515	0.0	0.8586	1.155	0.8582	1.235
1004	0.6054	0.0	1.007	1.151	1.047	1.253
1005	0.5023	0.0	0.7581	0.7627	0.9393	1.015
1006	0.5683	0.0	0.9461	1.079	0.9576	1.073
1007	0.7191	0.0	1.303	1.148	1.277	1.106
1008	0.4595	0.0	0.7	0.6486	0.7306	0.6695
1009	0.7016	0.0	1.345	0.764	1.243	0.8348
1010	0.6416	0.0	1.157	1.705	1.42	1.611
1011	0.6081	0.0	1.039	0.9872	1.17	0.9926
1012	0.6365	0.0	1.1	1.09	1.068	1.11
1013	0.4746	0.0	0.7312	1.121	0.786	1.093
1014	0.6023	0.0	1.047	1.33	1.07	1.235
1015	0.5954	0.0	1.01	1.295	0.9286	1.181
1016	0.4614	0.0	0.7759	1.1	0.7251	1.354
1017	0.6995	0.0	1.211	1.073	1.196	1.215
1018	0.6224	0.0	0.9905	1.055	1.104	1.051
1019	0.5634	0.0	0.9222	0.8612	1.034	1.083
1020	0.5915	0.0	0.9624	1.28	1.085	1.174
1021	0.6822	0.0	1.199	1.423	1.2	1.563
1022	0.5705	0.0	0.8761	0.6169	1.048	0.731
1023	0.6616	0.0	1.195	1.197	1.127	1.159
1024	0.3888	0.0	0.6832	1.461	0.7236	1.308
1025	0.6641	0.0	1.133	0.8536	1.102	0.884
1026	0.7211	0.0	1.372	1.062	1.312	1.124
1027	0.5983	0.0	1.023	1.02	1.071	1.152
1028	0.6769	0.0	1.102	0.91	1.344	1.079
1029	0.4476	0.0	0.6341	0.6284	0.9876	0.9378
1030	0.5501	0.0	0.9171	0.9821	0.8855	1.085
1031	0.2912	0.0	0.602	0.9641	0.5022	1.102
1032	0.686	0.0	1.139	0.9132	1.152	0.9788
1033	0.7015	0.0	1.234	1.146	1.251	1.062
1034	0.5809	0.0	0.9898	0.7485	1.012	0.7485
1035	0.6484	0.0	1.074	1.028	1.096	1.126
1036	0.3888	0.0	0.5876	1.247	0.594	1.246
1037	0.6641	0.0	1.238	0.9911	1.253	0.9631
1038	0.5061	0.0	0.8977	1.027	0.829	1.014
1039	0.6984	0.0	1.115	1.095	1.363	1.573
1040	0.7648	0.0	1.6	1.233	1.644	1.397
