Step	Loss(S)	Loss(T)	fwd_S	fwd_T	rev_S	rev_T
1	4.266	0.0	4.359	5.268	4.266	5.205
2	2.74	0.0	3.051	2.832	2.74	2.763
3	2.547	0.0	2.449	3.578	2.547	3.773
4	4.692	0.0	4.21	1.03	4.692	1.196
5	3.063	0.0	2.786	2.057	3.063	2.421
6	2.271	0.0	2.326	2.921	2.271	2.998
7	2.931	0.0	2.967	1.079	2.931	1.234
8	3.243	0.0	3.272	1.216	3.243	1.218
9	1.923	0.0	1.784	0.4283	1.923	0.4547
10	1.225	0.0	1.209	0.8496	1.225	0.8839
11	2.901	0.0	2.403	2.143	2.901	2.164
12	1.644	0.0	1.491	1.156	1.644	1.251
13	1.704	0.0	1.662	1.45	1.704	1.666
14	1.747	0.0	1.564	1.312	1.747	1.549
15	1.815	0.0	1.638	1.383	1.815	1.346
16	1.734	0.0	1.692	0.7007	1.734	0.7875
17	0.5578	0.0	0.5636	1.303	0.5578	1.255
18	0.5088	0.0	0.5754	0.5337	0.5088	0.4507
19	2.024	0.0	2.026	1.791	2.024	1.697
20	0.8215	0.0	0.9736	1.095	0.8215	1.003
21	0.7954	0.0	0.7253	1.891	0.7954	1.728
22	0.8233	0.0	0.8562	0.9306	0.8233	0.8543
23	1.371	0.0	1.306	1.984	1.371	1.747
24	0.6835	0.0	0.6942	1.756	0.6835	1.856
25	1.234	0.0	1.367	1.302	1.234	1.166
26	1.244	0.0	1.204	0.6636	1.244	0.714
27	0.7362	0.0	0.8036	0.488	0.7362	0.4334
28	0.603	0.0	0.6822	0.7708	0.603	0.7845
29	0.8433	0.0	0.7969	0.5673	0.8433	0.5787
30	0.3122	0.0	0.3625	1.121	0.3122	1.149
31	1.1	0.0	1.171	1.349	1.1	1.33
32	0.491	0.0	0.5294	0.6226	0.491	0.5378
33	0.514	0.0	0.5647	0.4515	0.514	0.412
34	0.9292	0.0	0.9985	0.8219	0.9292	0.7382
35	0.9436	0.0	1.094	1.532	0.9436	1.426
36	0.7445	0.0	0.7576	0.7278	0.7445	0.735
37	0.716	0.0	0.7542	0.5386	0.716	0.4921
38	0.9556	0.0	1.05	0.8146	0.9556	0.705
39	0.5804	0.0	0.601	0.6298	0.5804	0.581
40	0.7338	0.0	0.7536	0.9047	0.7338	0.8829
41	0.601	0.0	0.6618	1.334	0.601	1.21
42	0.7332	0.0	0.7567	0.5623	0.7332	0.5053
43	0.8635	0.0	0.916	0.3736	0.8635	0.3526
44	0.2844	0.0	0.3342	0.3631	0.2844	0.3427
45	0.324	0.0	0.3725	0.2773	0.324	0.2558
46	0.3172	0.0	0.3007	0.4191	0.3172	0.4037
47	0.6915	0.0	0.7509	0.5959	0.6915	0.52
48	0.7311	0.0	0.7697	0.3943	0.7311	0.3578
49	0.9948	0.0	0.9614	0.6734	0.9948	0.6094
50	1.219	0.0	1.474	1.423	1.219	1.284
51	0.9219	0.0	0.9796	1.434	0.9219	1.438
52	1.059	0.0	1.228	1.101	1.059	1.048
53	0.5086	0.0	0.5575	1.105	0.5086	1.013
54	0.8639	0.0	0.9601	1.16	0.8639	1.127
55	0.6219	0.0	0.6277	0.4247	0.6219	0.4132
56	0.3981	0.0	0.494	0.3696	0.3981	0.3443
57	0.9904	0.0	0.9234	0.5859	0.9904	0.5705
58	0.2568	0.0	0.2607	0.8481	0.2568	0.7556
59	0.9327	0.0	1.01	0.692	0.9327	0.6388
60	0.5384	0.0	0.521	0.3806	0.5384	0.4182
61	1.162	0.0	1.363	1.343	1.162	1.102
62	0.5321	0.0	0.5494	1.018	0.5321	0.9575
63	1.255	0.0	1.429	1.46	1.255	1.303
64	0.8059	0.0	0.8975	0.769	0.8059	0.6817
65	0.6211	0.0	0.5724	0.4164	0.6211	0.4212
66	1.119	0.0	1.239	0.9006	1.119	0.8058
67	0.5728	0.0	0.6684	0.4956	0.5728	0.4759
68	0.9191	0.0	0.9589	1.028	0.9191	0.9309
69	0.6384	0.0	0.5992	0.7761	0.6384	0.8908
70	0.9304	0.0	1.007	0.8273	0.9304	0.7915
71	0.9712	0.0	1.12	1.095	0.9712	1.047
72	0.5469	0.0	0.5385	0.39	0.5469	0.434
73	0.3956	0.0	0.4145	0.4028	0.3956	0.4158
74	1.064	0.0	1.202	1.49	1.064	1.413
75	0.3427	0.0	0.3909	0.4631	0.3427	0.4757
76	0.7522	0.0	0.9735	0.9636	0.7522	0.8176
77	0.7019	0.0	0.7566	0.4436	0.7019	0.4181
78	0.4229	0.0	0.4471	0.3434	0.4229	0.3186
79	0.6304	0.0	0.5835	0.7306	0.6304	0.7729
80	1.04	0.0	1.021	0.673	1.04	0.5837
81	1.008	0.0	1.035	1.136	1.008	1.076
82	0.606	0.0	0.6468	0.6902	0.606	0.7433
83	1.233	0.0	1.288	0.7113	1.233	0.6203
84	0.6916	0.0	0.7718	0.2988	0.6916	0.2751
85	0.3593	0.0	0.3314	0.5046	0.3593	0.518
86	0.3405	0.0	0.3128	0.5279	0.3405	0.5609
87	0.7206	0.0	0.7447	0.6319	0.7206	0.6677
88	0.3861	0.0	0.4119	0.2143	0.3861	0.2239
89	0.4779	0.0	0.5326	0.4577	0.4779	0.4501
90	0.6551	0.0	0.7105	0.7515	0.6551	0.6718
91	0.4141	0.0	0.4176	0.5009	0.4141	0.4826
92	0.8112	0.0	0.7745	0.6045	0.8112	0.5693
93	0.4392	0.0	0.4099	0.4885	0.4392	0.5292
94	0.8342	0.0	0.9645	0.6385	0.8342	0.5321
95	0.6053	0.0	0.6135	0.281	0.6053	0.2586
96	0.3907	0.0	0.3717	0.8605	0.3907	0.7887
97	0.9222	0.0	0.8925	1.224	0.9222	1.094
98	0.4047	0.0	0.3626	0.2447	0.4047	0.2549
99	0.5294	0.0	0.516	0.406	0.5294	0.3947
100	0.7635	0.0	0.893	0.558	0.7635	0.5394
101	0.5255	0.0	0.5664	1.193	0.5255	0.9803
102	0.3449	0.0	0.3575	0.6591	0.3449	0.7344
103	0.9339	0.0	0.942	0.8579	0.9339	0.8055
104	1.296	0.0	1.356	1.044	1.296	1.105
105	0.3279	0.0	0.3396	0.5186	0.3279	0.5496
106	0.4885	0.0	0.508	0.6639	0.4885	0.5897
107	0.5099	0.0	0.4994	0.5168	0.5099	0.5968
108	0.4872	0.0	0.5479	0.4196	0.4872	0.3984
109	0.4466	0.0	0.4356	0.5225	0.4466	0.4633
110	0.9409	0.0	1.112	0.9842	0.9409	0.8956
111	0.2844	0.0	0.3052	0.4118	0.2844	0.4697
112	1.367	0.0	1.454	1.049	1.367	0.9886
113	0.7019	0.0	0.7221	0.4934	0.7019	0.4978
114	0.5513	0.0	0.6543	0.3335	0.5513	0.3426
115	1.119	0.0	1.174	1.134	1.119	0.9945
116	0.3959	0.0	0.4185	0.5296	0.3959	0.5098
117	0.7704	0.0	0.8752	1.173	0.7704	1.033
118	0.5966	0.0	0.69	0.5042	0.5966	0.4316
119	0.6647	0.0	0.8148	1.322	0.6647	1.182
120	0.7326	0.0	0.8141	0.3983	0.7326	0.3635
121	0.4304	0.0	0.4054	0.5114	0.4304	0.5723
122	0.3611	0.0	0.3696	0.3986	0.3611	0.4057
123	1.085	0.0	1.084	1.37	1.085	1.045
124	0.3699	0.0	0.3676	0.3883	0.3699	0.4419
125	0.41	0.0	0.4498	0.9911	0.41	0.8368
126	0.597	0.0	0.5875	0.6646	0.597	0.5716
127	0.439	0.0	0.4635	1.234	0.439	0.9524
128	0.5649	0.0	0.6172	1.003	0.5649	0.9506
129	0.351	0.0	0.3618	1.079	0.351	0.8407
130	0.294	0.0	0.3143	0.92	0.294	0.7915
131	0.708	0.0	0.7396	1.034	0.708	0.8939
132	0.6502	0.0	0.7487	0.7023	0.6502	0.7097
133	0.3682	0.0	0.3915	0.2753	0.3682	0.255
134	0.2416	0.0	0.2609	0.8416	0.2416	0.7731
135	0.5338	0.0	0.547	0.9767	0.5338	0.8001
136	0.4993	0.0	0.468	0.2713	0.4993	0.2861
137	0.3541	0.0	0.364	0.3563	0.3541	0.4786
138	0.6978	0.0	0.7315	0.7941	0.6978	0.6462
139	1.123	0.0	1.337	0.8691	1.123	0.8307
140	0.4494	0.0	0.4376	0.3516	0.4494	0.3512
141	0.3023	0.0	0.2723	0.3637	0.3023	0.396
142	0.6278	0.0	0.6837	0.5031	0.6278	0.5093
143	0.3286	0.0	0.2973	0.4949	0.3286	0.4908
144	0.362	0.0	0.3485	0.4883	0.362	0.4852
145	0.4392	0.0	0.4123	0.6683	0.4392	0.6549
146	0.4922	0.0	0.4767	0.535	0.4922	0.5633
147	0.6927	0.0	0.698	0.8412	0.6927	0.6757
148	0.1949	0.0	0.2229	0.566	0.1949	0.5655
149	0.2735	0.0	0.2916	0.2954	0.2735	0.2974
150	0.2485	0.0	0.2195	0.2247	0.2485	0.246
151	0.8109	0.0	0.9531	1.175	0.8109	0.9993
152	0.6789	0.0	0.6851	0.4106	0.6789	0.3964
153	0.777	0.0	0.9331	0.697	0.777	0.5775
154	0.4767	0.0	0.5073	1.087	0.4767	0.9124
155	0.5448	0.0	0.5512	1.156	0.5448	1.126
156	0.7156	0.0	0.8089	0.6188	0.7156	0.5412
157	0.7373	0.0	0.7848	0.7607	0.7373	0.7599
158	0.5977	0.0	0.5965	0.9112	0.5977	0.7821
159	0.7652	0.0	0.8084	0.4392	0.7652	0.4196
160	0.2471	0.0	0.2765	0.3638	0.2471	0.3895
161	0.5823	0.0	0.4712	0.4191	0.5823	0.5096
162	0.3862	0.0	0.3966	0.2844	0.3862	0.3011
163	0.3398	0.0	0.4123	0.6051	0.3398	0.5502
164	0.7147	0.0	0.7668	0.3707	0.7147	0.3556
165	0.6634	0.0	0.8847	1.575	0.6634	1.398
166	0.7282	0.0	0.7091	1.229	0.7282	1.067
167	0.4537	0.0	0.5244	1.063	0.4537	0.9904
168	0.5855	0.0	0.7209	0.5586	0.5855	0.474
169	0.2763	0.0	0.3285	0.5695	0.2763	0.5261
170	0.4337	0.0	0.4703	0.4016	0.4337	0.4166
171	0.4717	0.0	0.4284	0.6353	0.4717	0.6206
172	0.9351	0.0	0.9975	0.8591	0.9351	0.7412
173	0.4665	0.0	0.4521	0.3359	0.4665	0.3807
174	0.8776	0.0	0.9336	1.01	0.8776	1.048
175	0.6426	0.0	0.6754	1.14	0.6426	1.172
176	0.4863	0.0	0.398	0.3089	0.4863	0.3203
177	0.3951	0.0	0.397	0.3688	0.3951	0.3001
178	1.081	0.0	1.067	0.7131	1.081	0.6877
179	0.3547	0.0	0.3788	0.4417	0.3547	0.4299
180	0.8722	0.0	0.8813	0.389	0.8722	0.3885
181	0.3405	0.0	0.3714	0.3906	0.3405	0.4054
182	0.3929	0.0	0.361	0.262	0.3929	0.3167
183	0.2552	0.0	0.2404	0.2837	0.2552	0.2704
184	0.7332	0.0	0.9416	0.6218	0.7332	0.6176
185	0.2736	0.0	0.3074	0.8193	0.2736	0.7796
186	0.4482	0.0	0.436	0.2934	0.4482	0.2969
187	0.3862	0.0	0.3649	1.194	0.3862	1.266
188	0.1458	0.0	0.1584	0.714	0.1458	0.7244
189	0.5012	0.0	0.4574	0.3363	0.5012	0.3365
190	0.3125	0.0	0.3119	0.3249	0.3125	0.32
191	0.6894	0.0	0.7278	0.3645	0.6894	0.4097
192	0.2994	0.0	0.2973	0.3196	0.2994	0.3193
193	0.5092	0.0	0.5527	0.6041	0.5092	0.4656
194	0.3413	0.0	0.3567	0.9043	0.3413	0.7897
195	0.5251	0.0	0.5565	0.3763	0.5251	0.3818
196	0.4266	0.0	0.4164	0.5087	0.4266	0.4494
197	0.3992	0.0	0.382	0.3446	0.3992	0.4014
198	0.6392	0.0	0.7876	0.6206	0.6392	0.5957
199	0.4422	0.0	0.3965	0.3514	0.4422	0.3728
200	0.3693	0.0	0.3676	0.6361	0.3693	0.5558
201	0.368	0.0	0.362	0.2773	0.368	0.2658
202	0.2867	0.0	0.3071	0.3698	0.2867	0.3699
203	0.6879	0.0	0.8123	0.4083	0.6879	0.4009
204	0.5232	0.0	0.5973	0.5491	0.5232	0.5272
205	0.3195	0.0	0.3549	0.3299	0.3195	0.3213
206	0.4455	0.0	0.4153	0.418	0.4455	0.4922
207	0.7839	0.0	0.81	0.7189	0.7839	0.7679
208	0.4728	0.0	0.4198	1.263	0.4728	1.284
209	0.4513	0.0	0.4253	0.4106	0.4513	0.4418
210	0.4563	0.0	0.4545	0.5889	0.4563	0.5438
211	0.3198	0.0	0.2967	0.3324	0.3198	0.3132
212	0.5644	0.0	0.5762	0.7843	0.5644	0.8106
213	0.6265	0.0	0.5747	0.8145	0.6265	0.7163
214	0.4306	0.0	0.4915	0.7427	0.4306	0.702
215	0.3424	0.0	0.3392	0.4072	0.3424	0.469
216	0.4164	0.0	0.4693	1.184	0.4164	1.201
217	0.4604	0.0	0.4613	0.5708	0.4604	0.5226
218	0.2678	0.0	0.2516	0.2346	0.2678	0.2501
219	0.4483	0.0	0.4478	1.216	0.4483	1.013
220	0.4168	0.0	0.4184	0.3793	0.4168	0.3155
221	0.5677	0.0	0.6232	1.444	0.5677	1.346
222	0.5694	0.0	0.6702	0.5247	0.5694	0.4767
223	0.4287	0.0	0.4759	0.9944	0.4287	0.9523
224	0.2855	0.0	0.3312	0.4514	0.2855	0.4578
225	0.5637	0.0	0.6047	0.3192	0.5637	0.3306
226	0.2651	0.0	0.2484	0.2283	0.2651	0.2169
227	1.059	0.0	1.087	0.7395	1.059	0.6544
228	0.586	0.0	0.5188	0.4438	0.586	0.543
229	0.432	0.0	0.4463	0.7341	0.432	0.6812
230	0.8007	0.0	0.9177	0.4834	0.8007	0.4014
231	0.7693	0.0	0.9333	0.7002	0.7693	0.6058
232	0.8368	0.0	0.8834	0.8264	0.8368	0.768
233	0.6009	0.0	0.6855	1.173	0.6009	0.9701
234	0.3911	0.0	0.4111	0.8705	0.3911	0.7888
235	0.7597	0.0	0.7284	0.4325	0.7597	0.4224
236	0.5249	0.0	0.5185	0.4749	0.5249	0.5481
237	0.5532	0.0	0.5849	0.2633	0.5532	0.2571
238	0.3416	0.0	0.3605	0.9106	0.3416	0.7904
239	0.8527	0.0	0.925	0.5898	0.8527	0.5198
240	0.4761	0.0	0.4843	0.382	0.4761	0.422
241	0.3662	0.0	0.3445	0.4301	0.3662	0.4952
242	0.5491	0.0	0.6082	0.5513	0.5491	0.491
243	1.12	0.0	1.239	1.207	1.12	0.9781
244	0.375	0.0	0.3886	0.4756	0.375	0.4953
245	0.624	0.0	0.5607	0.3159	0.624	0.3144
246	0.5267	0.0	0.5637	0.3559	0.5267	0.3559
247	0.3609	0.0	0.3218	0.2867	0.3609	0.3152
248	0.6352	0.0	0.5848	0.5788	0.6352	0.62
249	0.3164	0.0	0.2942	0.1641	0.3164	0.1502
250	0.4462	0.0	0.4115	0.3569	0.4462	0.3124
251	0.4475	0.0	0.5408	0.9824	0.4475	0.746
252	0.2776	0.0	0.3069	0.1803	0.2776	0.1734
253	0.4913	0.0	0.5225	0.3438	0.4913	0.3627
254	0.2282	0.0	0.2146	0.2515	0.2282	0.2643
255	0.611	0.0	0.7309	0.9554	0.611	0.8467
256	0.2986	0.0	0.2846	0.3022	0.2986	0.2786
257	0.5604	0.0	0.7308	0.6182	0.5604	0.6012
258	0.4387	0.0	0.4218	1.159	0.4387	0.8927
259	1.068	0.0	1.132	0.6836	1.068	0.6573
260	0.3121	0.0	0.3201	0.2886	0.3121	0.2785
261	0.4106	0.0	0.433	0.2842	0.4106	0.2621
262	0.9208	0.0	1.139	0.7764	0.9208	0.6687
263	0.4312	0.0	0.4986	0.3299	0.4312	0.2862
264	0.5816	0.0	0.6624	0.2409	0.5816	0.2399
265	0.5149	0.0	0.4356	0.3655	0.5149	0.4106
266	0.3902	0.0	0.3825	0.3036	0.3902	0.2911
267	0.6312	0.0	0.6309	0.6559	0.6312	0.6328
268	0.5557	0.0	0.5351	0.3466	0.5557	0.3578
269	0.7859	0.0	0.9222	1.222	0.7859	1.019
270	0.489	0.0	0.5538	0.5859	0.489	0.54
271	0.8224	0.0	0.8118	0.5034	0.8224	0.4525
272	0.9379	0.0	1.063	1.016	0.9379	0.8799
273	0.2741	0.0	0.3456	0.3797	0.2741	0.4079
274	0.7084	0.0	0.8223	0.5245	0.7084	0.5025
275	0.2827	0.0	0.2641	0.2694	0.2827	0.2828
276	0.9824	0.0	1.06	0.5313	0.9824	0.476
277	0.3091	0.0	0.3252	0.4394	0.3091	0.4727
278	0.6776	0.0	0.7151	1.019	0.6776	1.006
279	0.7472	0.0	0.7964	0.7967	0.7472	0.8503
280	0.3862	0.0	0.4285	0.3245	0.3862	0.2951
281	0.4654	0.0	0.4528	0.4053	0.4654	0.4525
282	0.6569	0.0	0.7219	0.4445	0.6569	0.3555
283	0.08514	0.0	0.08636	0.3495	0.08514	0.3667
284	0.6614	0.0	0.8159	1.024	0.6614	0.8332
285	0.3686	0.0	0.3838	0.3168	0.3686	0.3261
286	0.3363	0.0	0.3155	0.1837	0.3363	0.1841
287	0.404	0.0	0.3712	0.3691	0.404	0.3713
288	0.9478	0.0	1.203	0.726	0.9478	0.6559
289	0.8681	0.0	0.9029	0.8647	0.8681	0.8648
290	0.361	0.0	0.3035	0.2797	0.361	0.2952
291	0.9281	0.0	0.9696	0.7848	0.9281	0.7026
292	0.3076	0.0	0.2899	0.3734	0.3076	0.3188
293	0.3615	0.0	0.306	0.4397	0.3615	0.4145
294	0.5998	0.0	0.5585	0.3537	0.5998	0.3269
295	0.2505	0.0	0.2389	0.3197	0.2505	0.3131
296	0.1795	0.0	0.2057	0.2987	0.1795	0.2904
297	0.3067	0.0	0.329	0.4076	0.3067	0.4071
298	0.8564	0.0	0.843	0.8809	0.8564	0.8031
299	0.642	0.0	0.5688	0.2658	0.642	0.277
300	0.4115	0.0	0.3888	0.3873	0.4115	0.4111
301	0.3105	0.0	0.3345	0.357	0.3105	0.3783
302	0.7516	0.0	0.8499	1.319	0.7516	1.087
303	0.3797	0.0	0.3589	0.4045	0.3797	0.4258
304	0.3628	0.0	0.3681	0.2423	0.3628	0.2427
305	0.3223	0.0	0.3415	0.3367	0.3223	0.3142
306	0.3569	0.0	0.3514	0.3346	0.3569	0.3137
307	0.4168	0.0	0.477	0.5143	0.4168	0.4139
308	0.402	0.0	0.3875	0.3747	0.402	0.3446
309	0.5145	0.0	0.6009	0.6538	0.5145	0.6239
310	0.5715	0.0	0.5099	0.4566	0.5715	0.4482
311	0.6222	0.0	0.6778	0.7728	0.6222	0.7824
312	0.7137	0.0	0.7853	0.769	0.7137	0.7418
313	0.5554	0.0	0.5122	0.4973	0.5554	0.4654
314	0.2884	0.0	0.2857	0.6549	0.2884	0.6135
315	0.2818	0.0	0.2578	0.2978	0.2818	0.3196
316	0.3626	0.0	0.3681	0.379	0.3626	0.34
317	0.2979	0.0	0.2881	0.7506	0.2979	0.6366
318	0.62	0.0	0.7318	0.8582	0.62	0.7592
319	0.2945	0.0	0.298	0.3418	0.2945	0.4005
320	0.9664	0.0	1.082	0.5981	0.9664	0.511
321	0.5721	0.0	0.5083	0.2876	0.5721	0.3108
322	0.2285	0.0	0.2261	0.2543	0.2285	0.239
323	0.6428	0.0	0.6803	1.116	0.6428	0.9368
324	0.4334	0.0	0.4602	0.2944	0.4334	0.2756
325	0.8838	0.0	0.9757	1.211	0.8838	0.9587
326	0.7355	0.0	0.8787	0.5779	0.7355	0.5515
327	0.4702	0.0	0.4804	0.9907	0.4702	0.9278
328	0.4283	0.0	0.4129	0.3574	0.4283	0.3214
329	0.2505	0.0	0.2616	0.6568	0.2505	0.5718
330	0.2035	0.0	0.2237	0.2269	0.2035	0.2126
331	0.2441	0.0	0.2719	1.111	0.2441	1.025
332	0.349	0.0	0.3303	0.3802	0.349	0.4462
333	0.6756	0.0	0.6534	1.091	0.6756	0.8934
334	0.5531	0.0	0.6322	0.4121	0.5531	0.4169
335	0.6132	0.0	0.6632	0.8702	0.6132	0.832
336	0.5402	0.0	0.6056	0.7397	0.5402	0.7514
337	0.5701	0.0	0.5686	1.057	0.5701	0.8404
338	0.748	0.0	0.8823	0.9058	0.748	0.8748
339	0.6408	0.0	0.6222	0.3917	0.6408	0.3208
340	0.5823	0.0	0.549	0.4455	0.5823	0.5144
341	0.2052	0.0	0.2023	0.2596	0.2052	0.238
342	0.7061	0.0	0.7248	0.7335	0.7061	0.6746
343	0.7143	0.0	0.7866	0.8678	0.7143	0.7244
344	0.1927	0.0	0.2168	0.3418	0.1927	0.3421
345	0.4689	0.0	0.4106	0.3635	0.4689	0.5289
346	0.6298	0.0	0.7395	0.88	0.6298	0.7349
347	0.6332	0.0	0.7439	1.031	0.6332	0.8399
348	0.4635	0.0	0.5099	0.3154	0.4635	0.3147
349	0.353	0.0	0.3838	0.5135	0.353	0.5147
350	0.9039	0.0	1.117	0.4673	0.9039	0.4572
351	0.3622	0.0	0.324	0.2544	0.3622	0.2748
352	0.3938	0.0	0.4004	0.417	0.3938	0.4383
353	0.1765	0.0	0.1806	0.2475	0.1765	0.2328
354	0.4642	0.0	0.4229	0.4079	0.4642	0.4037
355	0.6791	0.0	0.8869	0.6031	0.6791	0.5456
356	0.3124	0.0	0.3356	0.3942	0.3124	0.3896
357	0.4389	0.0	0.4418	0.2404	0.4389	0.2434
358	0.3966	0.0	0.4255	0.2147	0.3966	0.2336
359	0.6794	0.0	0.7694	0.9919	0.6794	0.7751
360	0.2258	0.0	0.2278	0.3771	0.2258	0.3841
361	0.6502	0.0	0.7075	0.6831	0.6502	0.6753
362	0.5348	0.0	0.5339	1.281	0.5348	1.045
363	1.038	0.0	1.051	0.6751	1.038	0.6295
364	0.4178	0.0	0.4912	0.7489	0.4178	0.6495
365	0.7248	0.0	0.747	0.3712	0.7248	0.3829
366	0.609	0.0	0.7936	0.7932	0.609	0.7761
367	0.3598	0.0	0.3878	0.3055	0.3598	0.262
368	0.2883	0.0	0.3408	0.2308	0.2883	0.252
369	0.3469	0.0	0.3358	0.3296	0.3469	0.4208
370	0.3718	0.0	0.3525	0.3511	0.3718	0.4126
371	0.6653	0.0	0.6848	0.7144	0.6653	0.7537
372	0.3363	0.0	0.3027	0.416	0.3363	0.4375
373	0.9363	0.0	1.102	1.187	0.9363	1.075
374	0.7353	0.0	0.8374	0.6058	0.7353	0.6092
375	0.4453	0.0	0.4556	0.3911	0.4453	0.395
376	0.8355	0.0	1.096	0.7843	0.8355	0.7162
377	0.2127	0.0	0.2423	0.2602	0.2127	0.2335
378	0.3928	0.0	0.4415	1.09	0.3928	1.004
379	0.2521	0.0	0.2301	0.3372	0.2521	0.3548
380	0.6852	0.0	0.6755	0.5808	0.6852	0.5286
381	0.4912	0.0	0.4528	0.3217	0.4912	0.3663
382	0.2904	0.0	0.3046	0.3021	0.2904	0.2604
383	0.8212	0.0	0.8253	0.3888	0.8212	0.3708
384	0.2224	0.0	0.2679	0.2765	0.2224	0.2678
385	0.3267	0.0	0.3107	0.3368	0.3267	0.3857
386	0.4082	0.0	0.4019	0.5043	0.4082	0.4758
387	0.3831	0.0	0.3314	0.3736	0.3831	0.4384
388	0.5977	0.0	0.7222	0.5091	0.5977	0.4527
389	0.2695	0.0	0.2786	0.4555	0.2695	0.5286
390	0.2392	0.0	0.2427	0.2388	0.2392	0.1941
391	0.3916	0.0	0.419	0.252	0.3916	0.2435
392	0.5462	0.0	0.7134	0.8589	0.5462	0.6641
393	0.5714	0.0	0.5873	0.557	0.5714	0.5504
394	0.3069	0.0	0.291	0.4299	0.3069	0.4203
395	0.6976	0.0	0.7705	0.7189	0.6976	0.6846
396	0.2807	0.0	0.3065	0.2706	0.2807	0.2641
397	0.6211	0.0	0.7486	0.2965	0.6211	0.3187
398	0.327	0.0	0.3621	0.4042	0.327	0.3776
399	0.5479	0.0	0.5187	0.3118	0.5479	0.3731
400	0.3396	0.0	0.3066	0.3185	0.3396	0.336
401	0.4174	0.0	0.4162	0.4572	0.4174	0.3572
402	0.3711	0.0	0.3731	0.7229	0.3711	0.5989
403	0.2878	0.0	0.2645	0.4258	0.2878	0.463
404	0.4841	0.0	0.4804	0.2413	0.4841	0.2406
405	0.2407	0.0	0.2283	0.2457	0.2407	0.2533
406	0.8706	0.0	1.108	0.6832	0.8706	0.6085
407	0.3832	0.0	0.3517	0.3312	0.3832	0.3668
408	0.5976	0.0	0.5362	0.323	0.5976	0.3506
409	0.4604	0.0	0.5201	0.3943	0.4604	0.3756
410	0.2588	0.0	0.2681	0.2204	0.2588	0.2399
411	0.4435	0.0	0.4943	0.326	0.4435	0.3106
412	0.5192	0.0	0.5911	0.3273	0.5192	0.3175
413	0.431	0.0	0.5129	1.146	0.431	0.9904
414	0.3655	0.0	0.3537	0.3636	0.3655	0.3884
415	0.9457	0.0	0.9827	0.3818	0.9457	0.3337
416	1.134	0.0	1.17	0.7845	1.134	0.7182
417	0.5485	0.0	0.6071	0.4592	0.5485	0.4417
418	0.5768	0.0	0.5747	1.117	0.5768	0.9707
419	0.3124	0.0	0.301	0.2918	0.3124	0.3412
420	0.3286	0.0	0.3441	0.2615	0.3286	0.2731
421	0.2448	0.0	0.2011	0.3198	0.2448	0.3586
422	0.3726	0.0	0.3726	0.843	0.3726	0.7081
423	0.3092	0.0	0.257	0.3228	0.3092	0.393
424	0.8124	0.0	0.8928	0.8215	0.8124	0.8153
425	0.5198	0.0	0.5406	0.7787	0.5198	0.6631
426	0.2856	0.0	0.3179	0.4826	0.2856	0.4169
427	0.8612	0.0	1.046	1.025	0.8612	0.8421
428	0.388	0.0	0.4045	0.432	0.388	0.44
429	0.8691	0.0	1.08	0.9619	0.8691	0.8917
430	0.3757	0.0	0.394	1.043	0.3757	0.7431
431	0.3308	0.0	0.3466	0.7402	0.3308	0.6087
432	0.3672	0.0	0.3945	0.5253	0.3672	0.5033
433	0.1637	0.0	0.2209	0.679	0.1637	0.6935
434	0.2707	0.0	0.275	0.2685	0.2707	0.2592
435	0.7161	0.0	0.7881	0.7173	0.7161	0.5646
436	0.4401	0.0	0.3717	0.3209	0.4401	0.3049
437	0.8355	0.0	0.9572	1.05	0.8355	0.8757
438	0.5041	0.0	0.5083	0.4894	0.5041	0.4846
439	0.6794	0.0	0.7248	0.9502	0.6794	0.9589
440	0.8189	0.0	0.8639	0.8735	0.8189	0.8968
441	0.4386	0.0	0.4554	0.9115	0.4386	0.7469
442	0.4894	0.0	0.4821	0.4314	0.4894	0.4091
443	0.5348	0.0	0.4986	0.441	0.5348	0.4307
444	0.3671	0.0	0.3818	0.3669	0.3671	0.4185
445	0.2557	0.0	0.2695	0.2407	0.2557	0.2078
446	0.8236	0.0	0.9028	0.7665	0.8236	0.7237
447	0.7175	0.0	0.783	1.049	0.7175	0.871
448	0.5393	0.0	0.6641	0.237	0.5393	0.2687
449	0.3309	0.0	0.3444	0.2941	0.3309	0.3019
450	0.4798	0.0	0.5508	0.2897	0.4798	0.2659
451	0.7755	0.0	0.897	0.6092	0.7755	0.5971
452	0.3544	0.0	0.3419	0.3683	0.3544	0.415
453	0.3846	0.0	0.3355	0.4235	0.3846	0.4985
454	0.6479	0.0	0.8001	0.8853	0.6479	0.7416
455	0.3152	0.0	0.2865	0.3276	0.3152	0.3677
456	0.6098	0.0	0.7738	0.4061	0.6098	0.4227
457	0.3666	0.0	0.372	0.3278	0.3666	0.3321
458	0.6009	0.0	0.6726	0.4807	0.6009	0.4772
459	0.4443	0.0	0.4486	0.4897	0.4443	0.478
460	0.2545	0.0	0.2825	0.3855	0.2545	0.3833
461	0.198	0.0	0.2042	0.3256	0.198	0.3557
462	0.233	0.0	0.2134	0.1681	0.233	0.1804
463	0.765	0.0	0.7912	0.9114	0.765	0.8086
464	0.4142	0.0	0.4011	0.2298	0.4142	0.2018
465	0.6952	0.0	0.725	0.7376	0.6952	0.7244
466	0.872	0.0	1.101	1.352	0.872	1.102
467	0.5032	0.0	0.5257	0.6671	0.5032	0.6382
468	0.3056	0.0	0.304	1.155	0.3056	0.8711
469	0.6656	0.0	0.6649	0.7239	0.6656	0.6979
470	0.5211	0.0	0.6151	0.5393	0.5211	0.5614
471	0.4201	0.0	0.4256	0.4207	0.4201	0.4592
472	0.1494	0.0	0.1525	0.198	0.1494	0.185
473	0.4592	0.0	0.3959	0.5248	0.4592	0.6381
474	0.415	0.0	0.4156	0.3378	0.415	0.2751
475	0.5022	0.0	0.5689	0.6759	0.5022	0.6301
476	0.232	0.0	0.2404	0.3965	0.232	0.4495
477	1.065	0.0	1.087	1.172	1.065	1.042
478	0.6148	0.0	0.7038	0.5049	0.6148	0.4699
479	0.7908	0.0	0.9121	1.064	0.7908	0.9322
480	0.8548	0.0	1.052	0.685	0.8548	0.5774
481	0.2237	0.0	0.2442	0.432	0.2237	0.4257
482	0.6797	0.0	0.7889	0.7019	0.6797	0.6517
483	0.2926	0.0	0.2973	0.295	0.2926	0.2978
484	0.6815	0.0	0.7308	1.064	0.6815	0.9166
485	0.3331	0.0	0.3247	0.5575	0.3331	0.608
486	0.2619	0.0	0.26	0.9211	0.2619	0.7503
487	0.575	0.0	0.6242	0.6618	0.575	0.6585
488	0.2977	0.0	0.2543	0.2896	0.2977	0.326
489	0.3723	0.0	0.3332	0.3907	0.3723	0.4069
490	0.3014	0.0	0.3309	0.3684	0.3014	0.3023
491	0.3941	0.0	0.3813	0.2235	0.3941	0.2191
492	0.5158	0.0	0.5541	0.4154	0.5158	0.3836
493	0.3996	0.0	0.4222	0.3628	0.3996	0.3292
494	0.2649	0.0	0.238	0.2238	0.2649	0.1882
495	0.2999	0.0	0.301	0.3244	0.2999	0.2958
496	0.7319	0.0	0.8784	1.046	0.7319	0.9132
497	0.618	0.0	0.7008	0.6692	0.618	0.6637
498	0.3358	0.0	0.3007	0.2159	0.3358	0.2056
499	0.563	0.0	0.6558	0.7798	0.563	0.7547
500	0.2369	0.0	0.2491	0.2479	0.2369	0.2481
501	0.3916	0.0	0.3454	0.3473	0.3916	0.3518
502	0.316	0.0	0.3236	0.2865	0.316	0.2609
503	0.2602	0.0	0.2636	0.3613	0.2602	0.3359
504	0.3648	0.0	0.3563	0.4686	0.3648	0.5315
505	0.3634	0.0	0.3614	0.3979	0.3634	0.4196
506	0.6955	0.0	0.8458	0.6115	0.6955	0.5279
507	0.4121	0.0	0.4528	0.415	0.4121	0.4177
508	0.5592	0.0	0.5454	0.3798	0.5592	0.3854
509	0.2955	0.0	0.2559	0.3476	0.2955	0.4246
510	0.5704	0.0	0.6624	0.6759	0.5704	0.564
511	0.2806	0.0	0.2777	0.3015	0.2806	0.3389
512	0.2825	0.0	0.2633	0.5367	0.2825	0.4909
513	0.3852	0.0	0.4281	0.7138	0.3852	0.7108
514	0.1904	0.0	0.2254	0.2614	0.1904	0.2306
515	0.3912	0.0	0.4766	0.6162	0.3912	0.641
516	0.632	0.0	0.6354	0.2968	0.632	0.259
517	0.8883	0.0	1.013	0.7125	0.8883	0.645
518	0.3514	0.0	0.3478	0.3148	0.3514	0.3763
519	0.2757	0.0	0.2574	0.573	0.2757	0.557
520	0.5734	0.0	0.6159	1.202	0.5734	1.124
521	0.3322	0.0	0.3436	0.4387	0.3322	0.4696
522	0.2683	0.0	0.2647	0.4764	0.2683	0.4169
523	0.2186	0.0	0.2355	0.2954	0.2186	0.2942
524	0.3997	0.0	0.3951	0.2871	0.3997	0.2682
525	0.5709	0.0	0.5281	0.3056	0.5709	0.3365
526	0.6472	0.0	0.7078	0.7598	0.6472	0.6953
527	0.2323	0.0	0.2495	0.2711	0.2323	0.3124
528	0.6401	0.0	0.7664	0.7558	0.6401	0.6073
529	0.3407	0.0	0.3762	0.58	0.3407	0.5542
530	0.3878	0.0	0.4004	0.1882	0.3878	0.202
531	0.3576	0.0	0.3949	0.6541	0.3576	0.5976
532	0.2393	0.0	0.2904	0.2932	0.2393	0.2838
533	0.7129	0.0	0.7148	0.7928	0.7129	0.7638
534	0.3977	0.0	0.4184	0.5923	0.3977	0.5503
535	0.2062	0.0	0.2296	1.051	0.2062	0.9706
536	0.4226	0.0	0.4056	0.352	0.4226	0.3511
537	0.2812	0.0	0.2952	0.4677	0.2812	0.4709
538	0.2099	0.0	0.202	0.2305	0.2099	0.2157
539	0.5122	0.0	0.5286	0.4848	0.5122	0.4457
540	0.4033	0.0	0.3583	0.3242	0.4033	0.3586
541	0.3504	0.0	0.3752	0.5679	0.3504	0.4846
542	0.4963	0.0	0.5127	0.2389	0.4963	0.217
543	0.501	0.0	0.5855	0.9457	0.501	0.8495
544	0.8043	0.0	0.755	1.007	0.8043	0.8352
545	0.4935	0.0	0.5536	1.093	0.4935	0.8747
546	0.5235	0.0	0.5785	0.537	0.5235	0.5047
547	0.4394	0.0	0.4758	0.5576	0.4394	0.5617
548	0.5483	0.0	0.5401	0.2935	0.5483	0.3083
549	0.4528	0.0	0.4228	0.1975	0.4528	0.1967
550	0.3657	0.0	0.3853	0.7522	0.3657	0.6793
551	0.7153	0.0	0.7869	0.8125	0.7153	0.7256
552	0.3161	0.0	0.3204	0.2999	0.3161	0.2794
553	0.3157	0.0	0.3541	0.3165	0.3157	0.3622
554	0.4232	0.0	0.4239	0.2717	0.4232	0.2494
555	0.4951	0.0	0.5131	0.6453	0.4951	0.5359
556	0.2202	0.0	0.2265	0.4663	0.2202	0.4604
557	0.5932	0.0	0.691	0.3207	0.5932	0.3333
558	0.4934	0.0	0.5127	0.5969	0.4934	0.541
559	0.2674	0.0	0.2515	0.2867	0.2674	0.3275
560	0.2382	0.0	0.2295	0.2605	0.2382	0.2755
561	0.3891	0.0	0.4169	0.4576	0.3891	0.3868
562	0.2758	0.0	0.2964	0.4902	0.2758	0.5321
563	0.5794	0.0	0.5862	0.7194	0.5794	0.6603
564	0.2008	0.0	0.1996	0.2117	0.2008	0.2175
565	0.1814	0.0	0.1856	0.195	0.1814	0.2088
566	0.157	0.0	0.1646	0.1389	0.157	0.1437
567	0.6717	0.0	0.7993	0.5547	0.6717	0.5531
568	0.3811	0.0	0.4458	0.2887	0.3811	0.2717
569	0.4637	0.0	0.5104	0.5054	0.4637	0.4398
570	0.433	0.0	0.4254	0.4214	0.433	0.4036
571	0.6264	0.0	0.6007	0.5752	0.6264	0.5926
572	0.6173	0.0	0.6597	0.6564	0.6173	0.5815
573	0.7292	0.0	0.7799	0.6026	0.7292	0.6419
574	0.6513	0.0	0.7339	0.8059	0.6513	0.631
575	0.2883	0.0	0.2976	0.2645	0.2883	0.2808
576	0.4082	0.0	0.4057	0.2685	0.4082	0.2654
577	0.3673	0.0	0.3574	0.2265	0.3673	0.2427
578	0.217	0.0	0.2122	0.28	0.217	0.2412
579	0.4145	0.0	0.47	0.6014	0.4145	0.5584
580	0.3756	0.0	0.4057	0.2997	0.3756	0.3065
581	0.6102	0.0	0.7753	0.829	0.6102	0.6617
582	0.6714	0.0	0.8011	0.6511	0.6714	0.5648
583	0.6503	0.0	0.7452	0.5835	0.6503	0.5665
584	1.045	0.0	1.099	0.9104	1.045	0.7661
585	0.3182	0.0	0.3044	0.2545	0.3182	0.2536
586	0.7235	0.0	0.8047	0.6462	0.7235	0.6305
587	0.2903	0.0	0.3043	0.2334	0.2903	0.2345
588	0.2596	0.0	0.2726	0.5664	0.2596	0.5312
589	0.2777	0.0	0.2539	0.3996	0.2777	0.4799
590	0.3134	0.0	0.3604	0.5281	0.3134	0.4833
591	0.6587	0.0	0.7386	1.015	0.6587	0.9109
592	0.2858	0.0	0.2569	0.2821	0.2858	0.3008
593	0.2334	0.0	0.2269	0.33	0.2334	0.3457
594	0.722	0.0	0.8913	0.8174	0.722	0.7915
595	0.1871	0.0	0.1619	0.2835	0.1871	0.3084
596	0.7765	0.0	1.0	0.7942	0.7765	0.6819
597	0.2907	0.0	0.2779	0.5538	0.2907	0.5621
598	0.1962	0.0	0.1993	0.2074	0.1962	0.187
599	0.8279	0.0	0.7963	0.2676	0.8279	0.2821
600	0.5554	0.0	0.6249	0.5463	0.5554	0.4404
601	0.5793	0.0	0.6269	0.6826	0.5793	0.6522
602	0.3046	0.0	0.299	0.359	0.3046	0.3798
603	0.7581	0.0	0.8194	0.6253	0.7581	0.6846
604	0.2119	0.0	0.2227	0.2788	0.2119	0.2976
605	0.4348	0.0	0.3624	0.2265	0.4348	0.2144
606	0.2812	0.0	0.3216	0.3475	0.2812	0.3153
607	0.5185	0.0	0.6038	0.5326	0.5185	0.479
608	0.2796	0.0	0.2328	0.2817	0.2796	0.2513
609	0.3863	0.0	0.3878	0.4508	0.3863	0.4408
610	0.3755	0.0	0.4191	0.4444	0.3755	0.3985
611	0.3519	0.0	0.3312	0.3281	0.3519	0.3091
612	0.4547	0.0	0.4497	0.4894	0.4547	0.4873
613	0.2026	0.0	0.2016	0.2461	0.2026	0.2911
614	0.5166	0.0	0.54	0.3469	0.5166	0.3342
615	0.2823	0.0	0.2786	0.2392	0.2823	0.2429
616	0.3469	0.0	0.3508	0.2742	0.3469	0.2737
617	0.4083	0.0	0.4139	0.2134	0.4083	0.1978
618	0.2975	0.0	0.3172	0.3715	0.2975	0.3827
619	0.4145	0.0	0.438	0.338	0.4145	0.327
620	0.4764	0.0	0.4831	0.5848	0.4764	0.6076
621	0.5114	0.0	0.5814	0.3446	0.5114	0.3147
622	0.3514	0.0	0.3573	0.3479	0.3514	0.3508
623	0.526	0.0	0.5394	1.067	0.526	0.8651
624	0.5259	0.0	0.6501	0.7915	0.5259	0.7558
625	0.2637	0.0	0.2744	0.4242	0.2637	0.4365
626	0.5269	0.0	0.5669	0.5197	0.5269	0.4326
627	0.3602	0.0	0.3519	0.2912	0.3602	0.3251
628	0.3914	0.0	0.3942	0.3186	0.3914	0.3281
629	0.2549	0.0	0.2383	0.3904	0.2549	0.3694
630	0.9759	0.0	1.195	0.8292	0.9759	0.7056
631	0.3125	0.0	0.3011	0.3456	0.3125	0.3938
632	0.5019	0.0	0.5789	0.8461	0.5019	0.6952
633	0.5493	0.0	0.7426	0.4779	0.5493	0.3509
634	0.2596	0.0	0.3173	0.3658	0.2596	0.3298
635	0.3256	0.0	0.3563	1.155	0.3256	0.9479
636	0.3444	0.0	0.4068	0.3402	0.3444	0.3128
637	0.6948	0.0	0.7541	1.218	0.6948	1.044
638	0.4532	0.0	0.5282	0.7504	0.4532	0.6801
639	0.5879	0.0	0.6298	0.9975	0.5879	0.8932
640	0.3136	0.0	0.3148	0.296	0.3136	0.2839
641	0.6106	0.0	0.6892	0.3168	0.6106	0.3034
642	0.2298	0.0	0.2349	0.2769	0.2298	0.2872
643	0.563	0.0	0.6363	0.7082	0.563	0.6933
644	0.2176	0.0	0.2304	0.2992	0.2176	0.2876
645	0.5854	0.0	0.6857	0.9706	0.5854	0.8785
646	0.6476	0.0	0.6516	0.4048	0.6476	0.3689
647	0.8082	0.0	0.9655	0.6633	0.8082	0.6349
648	0.646	0.0	0.6593	0.7475	0.646	0.6792
649	0.8182	0.0	0.9164	0.5098	0.8182	0.5062
650	0.6753	0.0	0.7903	0.7031	0.6753	0.6641
651	0.6109	0.0	0.6322	0.3666	0.6109	0.3651
652	0.4173	0.0	0.4193	0.3326	0.4173	0.3743
653	0.2927	0.0	0.3018	0.1807	0.2927	0.1732
654	0.2151	0.0	0.2197	0.7426	0.2151	0.7026
655	0.5885	0.0	0.6186	0.6016	0.5885	0.5391
656	0.5679	0.0	0.637	0.3533	0.5679	0.367
657	0.2656	0.0	0.2888	0.5507	0.2656	0.5567
658	0.7119	0.0	0.7961	0.8832	0.7119	0.7008
659	0.6289	0.0	0.7067	0.9461	0.6289	0.7829
660	0.4295	0.0	0.3933	0.2953	0.4295	0.2925
661	0.5467	0.0	0.5197	0.3799	0.5467	0.3525
662	0.4871	0.0	0.538	0.7119	0.4871	0.6903
663	0.3184	0.0	0.2716	0.2758	0.3184	0.3003
664	0.4783	0.0	0.445	0.3697	0.4783	0.3878
665	0.4921	0.0	0.4458	0.3156	0.4921	0.315
666	0.3763	0.0	0.3444	0.3974	0.3763	0.425
667	0.8364	0.0	1.022	0.5258	0.8364	0.5272
668	0.1856	0.0	0.1878	0.2269	0.1856	0.2225
669	0.4887	0.0	0.5865	0.2328	0.4887	0.2218
670	0.1892	0.0	0.1917	0.174	0.1892	0.1629
671	0.6923	0.0	0.7784	0.6944	0.6923	0.6306
672	0.4751	0.0	0.5438	0.278	0.4751	0.2397
673	0.3578	0.0	0.3908	0.583	0.3578	0.5314
674	0.5776	0.0	0.5801	0.8612	0.5776	0.7833
675	0.4384	0.0	0.4449	0.7906	0.4384	0.8143
676	0.4787	0.0	0.5331	0.7878	0.4787	0.6548
677	0.4095	0.0	0.4472	0.2835	0.4095	0.2552
678	0.5292	0.0	0.5214	0.3656	0.5292	0.3559
679	0.2557	0.0	0.2691	0.6222	0.2557	0.6628
680	0.2327	0.0	0.242	0.2068	0.2327	0.1781
681	0.4662	0.0	0.3842	0.343	0.4662	0.4232
682	0.1963	0.0	0.1923	0.2842	0.1963	0.3059
683	0.3172	0.0	0.3401	0.5804	0.3172	0.5077
684	0.2857	0.0	0.2734	0.2476	0.2857	0.2633
685	0.6605	0.0	0.6256	1.391	0.6605	1.159
686	0.5272	0.0	0.6196	0.4375	0.5272	0.4829
687	0.8292	0.0	1.013	0.7336	0.8292	0.6793
688	0.844	0.0	0.9574	0.7982	0.844	0.6807
689	0.2246	0.0	0.2541	0.3269	0.2246	0.3176
690	0.4903	0.0	0.5108	0.5548	0.4903	0.5657
691	0.2576	0.0	0.2243	0.2469	0.2576	0.2786
692	0.602	0.0	0.6433	0.5081	0.602	0.5072
693	0.469	0.0	0.4139	0.2971	0.469	0.3339
694	0.3692	0.0	0.3791	0.3755	0.3692	0.3457
695	0.5162	0.0	0.5669	0.8274	0.5162	0.7576
696	0.2925	0.0	0.2862	0.2029	0.2925	0.2038
697	0.3857	0.0	0.4096	0.3584	0.3857	0.3884
698	0.7735	0.0	0.7549	0.2779	0.7735	0.2488
699	0.2983	0.0	0.2781	0.343	0.2983	0.4016
700	0.5483	0.0	0.6475	0.4651	0.5483	0.4361
701	0.5308	0.0	0.6	0.5626	0.5308	0.519
702	0.1492	0.0	0.1625	0.2172	0.1492	0.2061
703	0.257	0.0	0.2616	0.2341	0.257	0.2418
704	0.6206	0.0	0.7627	0.9765	0.6206	0.8378
705	0.6591	0.0	0.7576	0.546	0.6591	0.5733
706	0.3725	0.0	0.4097	0.4635	0.3725	0.543
707	0.5394	0.0	0.5283	0.3159	0.5394	0.3046
708	0.4159	0.0	0.3719	0.3235	0.4159	0.3376
709	0.3179	0.0	0.2965	0.3038	0.3179	0.3135
710	0.2105	0.0	0.2334	0.3615	0.2105	0.3213
711	0.3297	0.0	0.3513	0.3992	0.3297	0.3848
712	0.3112	0.0	0.3316	0.3306	0.3112	0.3014
713	0.5562	0.0	0.5774	0.3705	0.5562	0.3529
714	0.7279	0.0	0.7326	0.7468	0.7279	0.6879
715	0.3763	0.0	0.4087	0.4669	0.3763	0.4318
716	0.4447	0.0	0.4531	0.3352	0.4447	0.3287
717	0.4195	0.0	0.3484	0.3875	0.4195	0.405
718	0.4878	0.0	0.5135	1.13	0.4878	0.9599
719	0.3506	0.0	0.3388	0.341	0.3506	0.3406
720	0.4262	0.0	0.4275	0.4229	0.4262	0.3962
721	0.2689	0.0	0.2696	0.3899	0.2689	0.3424
722	0.4615	0.0	0.4735	0.4357	0.4615	0.4387
723	0.7088	0.0	0.804	0.3984	0.7088	0.3277
724	0.4227	0.0	0.4615	0.3663	0.4227	0.3599
725	0.7233	0.0	0.8883	0.7336	0.7233	0.6551
726	0.3288	0.0	0.3312	0.2722	0.3288	0.3052
727	0.754	0.0	0.8623	0.6563	0.754	0.6562
728	0.6037	0.0	0.6692	0.8776	0.6037	0.7649
729	0.2572	0.0	0.2285	0.2747	0.2572	0.2868
730	0.5479	0.0	0.5598	0.5883	0.5479	0.5507
731	0.2425	0.0	0.2492	0.3234	0.2425	0.3305
732	0.3914	0.0	0.412	0.3356	0.3914	0.3511
733	0.409	0.0	0.4066	0.2718	0.409	0.2832
734	0.5221	0.0	0.5327	0.5954	0.5221	0.4999
735	0.4397	0.0	0.4691	0.2627	0.4397	0.2727
736	0.4724	0.0	0.5362	0.5385	0.4724	0.5002
737	0.4629	0.0	0.4419	0.6716	0.4629	0.5676
738	0.3142	0.0	0.2972	0.1801	0.3142	0.1675
739	0.3624	0.0	0.3941	0.5663	0.3624	0.5253
740	0.2116	0.0	0.2273	0.2711	0.2116	0.2561
741	0.5833	0.0	0.6372	0.9509	0.5833	0.8481
742	0.347	0.0	0.4165	0.682	0.347	0.5375
743	0.7747	0.0	0.9514	0.5916	0.7747	0.5707
744	0.2414	0.0	0.2573	0.5237	0.2414	0.457
745	0.2864	0.0	0.3303	0.259	0.2864	0.237
746	0.2567	0.0	0.2614	0.257	0.2567	0.2626
747	0.4814	0.0	0.5146	0.8886	0.4814	0.7677
748	0.4333	0.0	0.3921	0.3034	0.4333	0.3404
749	0.6991	0.0	0.8368	0.5217	0.6991	0.4537
750	0.4157	0.0	0.4968	0.343	0.4157	0.3186
751	0.4705	0.0	0.5191	0.6903	0.4705	0.6733
752	0.2874	0.0	0.2986	0.9197	0.2874	0.7636
753	0.6359	0.0	0.7309	0.8839	0.6359	0.7071
754	0.1927	0.0	0.2052	0.7693	0.1927	0.7154
755	0.4039	0.0	0.4345	0.2895	0.4039	0.2814
756	0.3135	0.0	0.2924	0.3748	0.3135	0.4329
757	0.2547	0.0	0.2571	0.2229	0.2547	0.1882
758	0.6949	0.0	0.7834	0.7288	0.6949	0.7505
759	0.5857	0.0	0.6642	0.2357	0.5857	0.2323
760	0.2181	0.0	0.2294	0.3699	0.2181	0.372
761	0.3989	0.0	0.3908	0.397	0.3989	0.4179
762	0.5015	0.0	0.5468	0.8919	0.5015	0.6871
763	0.8099	0.0	0.8312	0.8523	0.8099	0.7723
764	0.5307	0.0	0.5543	0.2863	0.5307	0.2567
765	0.3565	0.0	0.3584	0.3608	0.3565	0.3336
766	0.7506	0.0	0.8563	1.142	0.7506	0.9446
767	0.296	0.0	0.2762	0.3495	0.296	0.4227
768	0.5845	0.0	0.5566	0.3237	0.5845	0.3708
769	0.3028	0.0	0.308	0.2364	0.3028	0.2301
770	0.4762	0.0	0.3975	0.3616	0.4762	0.375
771	0.3977	0.0	0.3869	0.7	0.3977	0.5769
772	0.2099	0.0	0.2348	0.3324	0.2099	0.3292
773	0.3891	0.0	0.3365	0.2235	0.3891	0.2241
774	0.2165	0.0	0.2025	0.1796	0.2165	0.1871
775	0.7936	0.0	1.074	0.8497	0.7936	0.7499
776	0.1868	0.0	0.2136	0.2792	0.1868	0.2365
777	0.522	0.0	0.5503	0.6395	0.522	0.6154
778	0.6789	0.0	0.7732	0.8959	0.6789	0.7812
779	0.5986	0.0	0.6547	0.7379	0.5986	0.736
780	0.5285	0.0	0.5807	0.5094	0.5285	0.4109
781	0.7725	0.0	0.7917	0.4909	0.7725	0.4175
782	0.5071	0.0	0.6068	0.6044	0.5071	0.5749
783	0.4369	0.0	0.474	0.343	0.4369	0.3117
784	0.5922	0.0	0.6363	0.1397	0.5922	0.1388
785	0.3515	0.0	0.3389	0.4157	0.3515	0.4678
786	0.3177	0.0	0.3424	0.2327	0.3177	0.2096
787	0.7449	0.0	0.7755	0.385	0.7449	0.3796
788	0.3024	0.0	0.312	0.2665	0.3024	0.2828
789	0.9901	0.0	1.087	1.032	0.9901	0.9233
790	0.494	0.0	0.5069	1.039	0.494	0.8781
791	0.6424	0.0	0.7075	0.7952	0.6424	0.8127
792	0.6726	0.0	0.8218	0.3414	0.6726	0.3256
793	0.2866	0.0	0.3102	0.1865	0.2866	0.1814
794	0.6247	0.0	0.6611	0.4182	0.6247	0.3682
795	0.2106	0.0	0.213	0.1917	0.2106	0.2079
796	0.5784	0.0	0.6287	0.8084	0.5784	0.8017
797	0.4032	0.0	0.3649	0.3913	0.4032	0.4029
798	0.3716	0.0	0.4198	0.7043	0.3716	0.6509
799	0.5927	0.0	0.627	0.7465	0.5927	0.6677
800	0.2241	0.0	0.1961	0.2355	0.2241	0.244
801	0.3409	0.0	0.2954	0.3025	0.3409	0.2718
802	0.7243	0.0	0.7601	0.6136	0.7243	0.5772
803	0.3227	0.0	0.284	0.3101	0.3227	0.3241
804	0.4075	0.0	0.4519	0.4709	0.4075	0.4286
805	0.09993	0.0	0.1248	0.4076	0.09993	0.4214
806	0.2815	0.0	0.2527	0.2087	0.2815	0.2104
807	0.5601	0.0	0.5734	0.3095	0.5601	0.2862
808	0.6371	0.0	0.7104	0.7456	0.6371	0.5863
809	0.6203	0.0	0.7136	0.7089	0.6203	0.6883
810	0.3182	0.0	0.2887	0.2552	0.3182	0.2901
811	0.4926	0.0	0.5874	0.7555	0.4926	0.769
812	0.3077	0.0	0.2907	0.2127	0.3077	0.2028
813	0.2229	0.0	0.1986	0.2917	0.2229	0.2929
814	0.5154	0.0	0.4913	0.7048	0.5154	0.7172
815	0.2345	0.0	0.2458	0.187	0.2345	0.1851
816	0.3403	0.0	0.3464	0.3558	0.3403	0.3506
817	0.4556	0.0	0.4681	0.4108	0.4556	0.3977
818	0.5503	0.0	0.6438	0.812	0.5503	0.7482
819	0.3021	0.0	0.2955	0.2937	0.3021	0.3411
820	0.2591	0.0	0.3228	0.4917	0.2591	0.4976
821	0.3083	0.0	0.2511	0.622	0.3083	0.632
822	0.6511	0.0	0.7028	0.6743	0.6511	0.5518
823	0.357	0.0	0.3341	0.3624	0.357	0.3642
824	0.3062	0.0	0.3419	0.5163	0.3062	0.5367
825	0.2572	0.0	0.2631	0.7607	0.2572	0.7218
826	0.1429	0.0	0.1312	0.6339	0.1429	0.6082
827	0.5675	0.0	0.6563	0.4676	0.5675	0.3868
828	0.5027	0.0	0.5515	0.3386	0.5027	0.3078
829	0.5946	0.0	0.6473	0.4366	0.5946	0.3868
830	0.4336	0.0	0.3953	0.357	0.4336	0.3558
831	0.4633	0.0	0.5114	0.5746	0.4633	0.5912
832	0.7837	0.0	0.8069	0.8114	0.7837	0.7229
833	0.3877	0.0	0.3592	0.508	0.3877	0.4842
834	0.7673	0.0	0.7045	0.5432	0.7673	0.537
835	0.2826	0.0	0.2747	0.2994	0.2826	0.2727
836	0.4177	0.0	0.409	0.3546	0.4177	0.3478
837	0.3452	0.0	0.3653	0.4736	0.3452	0.4854
838	0.3437	0.0	0.3361	0.9034	0.3437	0.7683
839	0.4456	0.0	0.4754	0.261	0.4456	0.2767
840	0.3708	0.0	0.4076	0.737	0.3708	0.6781
841	0.1658	0.0	0.1839	0.6718	0.1658	0.5518
842	0.2108	0.0	0.253	0.1316	0.2108	0.1338
843	0.7379	0.0	0.8881	0.9417	0.7379	0.7507
844	0.4024	0.0	0.4397	0.3316	0.4024	0.3218
845	0.6334	0.0	0.6767	1.123	0.6334	1.012
846	0.4121	0.0	0.4166	0.809	0.4121	0.5525
847	0.8462	0.0	1.067	0.7097	0.8462	0.648
848	0.2654	0.0	0.2713	0.3404	0.2654	0.3195
849	0.3196	0.0	0.3392	0.6318	0.3196	0.6123
850	0.2347	0.0	0.2383	0.221	0.2347	0.2425
851	0.3169	0.0	0.3147	0.7381	0.3169	0.646
852	0.3336	0.0	0.3471	0.2836	0.3336	0.3424
853	0.2245	0.0	0.2362	0.8842	0.2245	0.7708
854	0.4046	0.0	0.3932	0.3685	0.4046	0.3636
855	0.316	0.0	0.3022	0.5326	0.316	0.4871
856	0.6601	0.0	0.6526	0.855	0.6601	0.7889
857	0.712	0.0	0.8126	0.4645	0.712	0.4707
858	0.3118	0.0	0.3461	0.3925	0.3118	0.3901
859	0.4955	0.0	0.5387	0.4914	0.4955	0.4668
860	0.3669	0.0	0.3419	0.28	0.3669	0.335
861	0.4837	0.0	0.5258	0.2084	0.4837	0.1892
862	0.6368	0.0	0.715	0.4894	0.6368	0.413
863	0.5164	0.0	0.5801	0.5097	0.5164	0.4298
864	0.3207	0.0	0.3066	0.3027	0.3207	0.2962
865	0.3704	0.0	0.3659	0.3322	0.3704	0.3516
866	0.4732	0.0	0.5065	0.6416	0.4732	0.5534
867	0.5967	0.0	0.7017	0.9315	0.5967	0.7936
868	0.3459	0.0	0.3644	0.2967	0.3459	0.2815
869	0.4805	0.0	0.5767	0.2829	0.4805	0.2781
870	0.9995	0.0	1.04	0.6957	0.9995	0.5918
871	0.3424	0.0	0.2809	0.2629	0.3424	0.3195
872	0.3787	0.0	0.3431	0.4206	0.3787	0.4611
873	0.3214	0.0	0.3455	0.1837	0.3214	0.1915
874	0.3536	0.0	0.2941	0.3896	0.3536	0.4272
875	0.3088	0.0	0.3417	0.5459	0.3088	0.5257
876	0.1975	0.0	0.2033	0.3288	0.1975	0.3127
877	0.2214	0.0	0.2234	0.3318	0.2214	0.2992
878	0.1587	0.0	0.1774	0.2159	0.1587	0.1649
879	0.4107	0.0	0.4653	0.639	0.4107	0.5966
880	0.4446	0.0	0.4252	0.4067	0.4446	0.3237
881	0.3574	0.0	0.4329	0.4586	0.3574	0.4041
882	0.3775	0.0	0.3789	0.7546	0.3775	0.6603
883	0.4877	0.0	0.4991	0.4233	0.4877	0.3855
884	0.7216	0.0	0.7981	0.8131	0.7216	0.696
885	0.5716	0.0	0.6529	0.9948	0.5716	0.8331
886	0.5292	0.0	0.6084	0.7192	0.5292	0.5788
887	0.5609	0.0	0.5625	0.6916	0.5609	0.6044
888	0.391	0.0	0.3862	0.2606	0.391	0.2472
889	0.3518	0.0	0.3521	0.3869	0.3518	0.4311
890	0.3816	0.0	0.4315	0.3605	0.3816	0.3261
891	0.5076	0.0	0.568	0.481	0.5076	0.4456
892	0.2268	0.0	0.2557	0.2121	0.2268	0.2442
893	0.5489	0.0	0.6861	0.7671	0.5489	0.6485
894	0.4083	0.0	0.4123	1.122	0.4083	0.8895
895	0.3959	0.0	0.4106	0.3848	0.3959	0.3646
896	0.5032	0.0	0.6185	0.4951	0.5032	0.4632
897	0.3478	0.0	0.321	0.3254	0.3478	0.3085
898	0.4169	0.0	0.4534	0.7739	0.4169	0.7224
899	0.2257	0.0	0.2252	0.2615	0.2257	0.2531
900	0.3063	0.0	0.3111	0.6841	0.3063	0.6223
901	0.558	0.0	0.6335	0.2806	0.558	0.3046
902	0.64	0.0	0.6257	1.111	0.64	0.9517
903	0.4074	0.0	0.4232	0.8776	0.4074	0.8057
904	0.1709	0.0	0.1949	0.2962	0.1709	0.3163
905	0.3256	0.0	0.3053	0.3962	0.3256	0.4109
906	0.2736	0.0	0.3228	0.874	0.2736	0.78
907	0.1896	0.0	0.1957	0.2354	0.1896	0.2418
908	0.5113	0.0	0.5725	0.6919	0.5113	0.5813
909	0.1915	0.0	0.2022	0.3111	0.1915	0.3023
910	0.2004	0.0	0.1805	0.1959	0.2004	0.1707
911	0.4811	0.0	0.4654	0.2566	0.4811	0.2489
912	0.6978	0.0	0.735	0.6657	0.6978	0.5911
913	0.369	0.0	0.3962	0.6701	0.369	0.6935
914	0.3777	0.0	0.3865	0.2473	0.3777	0.2525
915	0.4544	0.0	0.4862	0.7923	0.4544	0.7756
916	0.349	0.0	0.3117	0.3209	0.349	0.3247
917	0.29	0.0	0.2579	0.4546	0.29	0.538
918	0.357	0.0	0.4068	0.3463	0.357	0.2922
919	0.5446	0.0	0.5866	0.2303	0.5446	0.2006
920	0.2209	0.0	0.2328	0.3766	0.2209	0.4509
921	0.2971	0.0	0.3042	0.3608	0.2971	0.335
922	0.5388	0.0	0.6373	0.6394	0.5388	0.526
923	0.5019	0.0	0.5169	0.3153	0.5019	0.2961
924	0.4333	0.0	0.4842	0.7289	0.4333	0.7068
925	0.2856	0.0	0.2499	0.3289	0.2856	0.353
926	0.3826	0.0	0.4047	0.7438	0.3826	0.6596
927	0.289	0.0	0.2881	0.3427	0.289	0.3939
928	0.2282	0.0	0.264	0.4564	0.2282	0.4338
929	0.4422	0.0	0.4676	0.5166	0.4422	0.5137
930	0.5097	0.0	0.4397	0.3674	0.5097	0.3708
931	0.3218	0.0	0.361	0.4883	0.3218	0.4325
932	0.5572	0.0	0.5939	0.428	0.5572	0.375
933	0.7977	0.0	0.9251	0.6737	0.7977	0.582
934	0.3278	0.0	0.3056	0.2521	0.3278	0.318
935	0.4657	0.0	0.4984	0.4576	0.4657	0.4119
936	0.4845	0.0	0.5569	0.5084	0.4845	0.4602
937	0.515	0.0	0.4812	0.4435	0.515	0.4517
938	0.4364	0.0	0.4426	0.6106	0.4364	0.6015
939	0.4872	0.0	0.4126	0.2599	0.4872	0.2845
940	0.3035	0.0	0.3023	0.3301	0.3035	0.3535
941	0.2009	0.0	0.1978	0.3885	0.2009	0.469
942	0.6506	0.0	0.751	0.619	0.6506	0.4827
943	0.2772	0.0	0.2896	0.2108	0.2772	0.2375
944	0.619	0.0	0.624	0.696	0.619	0.5981
945	0.5094	0.0	0.545	0.8307	0.5094	0.7052
946	0.2505	0.0	0.2859	0.1598	0.2505	0.1606
947	0.7597	0.0	0.9269	0.7962	0.7597	0.7794
948	0.3908	0.0	0.4402	0.2842	0.3908	0.2693
949	0.9271	0.0	1.068	0.5474	0.9271	0.4986
950	0.4298	0.0	0.4803	0.4891	0.4298	0.4272
951	0.834	0.0	1.182	0.5106	0.834	0.4692
952	0.4012	0.0	0.4108	0.291	0.4012	0.3041
953	0.3011	0.0	0.302	0.3463	0.3011	0.3347
954	0.2227	0.0	0.2294	0.2398	0.2227	0.2429
955	0.7937	0.0	0.9529	0.8704	0.7937	0.7012
956	0.3437	0.0	0.3003	0.3021	0.3437	0.3032
957	0.5421	0.0	0.6783	0.5187	0.5421	0.4144
958	0.3787	0.0	0.3848	0.4149	0.3787	0.3702
959	0.6883	0.0	0.7188	0.9664	0.6883	0.8679
960	0.6636	0.0	0.6819	0.4364	0.6636	0.4638
961	0.4593	0.0	0.4583	0.7064	0.4593	0.6203
962	0.5548	0.0	0.6051	0.6868	0.5548	0.6504
963	0.5223	0.0	0.6241	0.5476	0.5223	0.5415
964	0.4128	0.0	0.3478	0.3366	0.4128	0.3473
965	0.1678	0.0	0.1707	0.1668	0.1678	0.1506
966	0.6004	0.0	0.5948	0.7827	0.6004	0.7011
967	0.6782	0.0	0.7114	0.5541	0.6782	0.5074
968	0.2567	0.0	0.2322	0.285	0.2567	0.2262
969	0.3546	0.0	0.3082	0.2341	0.3546	0.2468
970	0.2993	0.0	0.3221	0.816	0.2993	0.6181
971	0.3693	0.0	0.4181	0.7129	0.3693	0.6244
972	0.2471	0.0	0.2242	0.3007	0.2471	0.2992
973	0.6805	0.0	0.776	0.1948	0.6805	0.1812
974	0.7296	0.0	0.8081	0.4537	0.7296	0.4096
975	0.3451	0.0	0.2941	0.3258	0.3451	0.3493
976	0.3608	0.0	0.359	0.3544	0.3608	0.3927
977	0.3862	0.0	0.3551	0.2903	0.3862	0.2662
978	0.2418	0.0	0.2579	0.3814	0.2418	0.3905
979	0.6173	0.0	0.6659	0.7667	0.6173	0.5736
980	0.2437	0.0	0.2461	0.4185	0.2437	0.4428
981	0.1595	0.0	0.1669	0.3234	0.1595	0.3072
982	0.1411	0.0	0.1511	0.1509	0.1411	0.1652
983	0.4759	0.0	0.5638	0.7843	0.4759	0.6126
984	0.453	0.0	0.4876	0.3095	0.453	0.2893
985	0.552	0.0	0.5913	0.4693	0.552	0.4208
986	0.5347	0.0	0.6022	0.9828	0.5347	0.8112
987	0.4575	0.0	0.5044	0.5988	0.4575	0.5731
988	0.2339	0.0	0.2361	0.5309	0.2339	0.4787
989	0.7044	0.0	0.734	0.5675	0.7044	0.5761
990	0.3781	0.0	0.3968	0.6392	0.3781	0.5315
991	0.3982	0.0	0.4317	0.4434	0.3982	0.4659
992	0.3343	0.0	0.3355	0.1584	0.3343	0.1221
993	0.354	0.0	0.2985	0.4104	0.354	0.4909
994	0.2676	0.0	0.301	0.2765	0.2676	0.2683
995	0.4548	0.0	0.4511	0.463	0.4548	0.4609
996	0.2658	0.0	0.2664	0.3046	0.2658	0.3152
997	0.602	0.0	0.6622	0.8905	0.602	0.8158
998	0.5809	0.0	0.6147	0.3704	0.5809	0.3465
999	0.7943	0.0	0.8706	0.377	0.7943	0.3512
1000	0.8676	0.0	0.8673	0.7811	0.8676	0.5788
1001	0.2489	0.0	0.2532	0.3153	0.2489	0.318
1002	0.5057	0.0	0.5424	0.4537	0.5057	0.4322
1003	0.1719	0.0	0.1647	0.2217	0.1719	0.2364
1004	0.7503	0.0	0.8426	0.5486	0.7503	0.6047
1005	0.5132	0.0	0.4154	0.3298	0.5132	0.3307
1006	0.7675	0.0	0.7556	0.5654	0.7675	0.5543
1007	0.6641	0.0	0.6665	0.718	0.6641	0.6938
1008	0.2755	0.0	0.2953	0.2934	0.2755	0.2914
1009	0.2492	0.0	0.252	0.2994	0.2492	0.2857
1010	0.4636	0.0	0.5119	0.1729	0.4636	0.1468
1011	0.2	0.0	0.2038	0.4184	0.2	0.414
1012	0.3074	0.0	0.3232	0.8207	0.3074	0.6733
1013	0.3261	0.0	0.3435	0.4438	0.3261	0.4109
1014	0.183	0.0	0.1723	0.1587	0.183	0.1467
1015	0.4247	0.0	0.4311	0.4007	0.4247	0.3381
1016	0.5056	0.0	0.4871	0.7475	0.5056	0.6676
1017	0.5356	0.0	0.5412	0.8545	0.5356	0.724
1018	0.2177	0.0	0.2233	0.3191	0.2177	0.2686
1019	0.5704	0.0	0.6471	0.6081	0.5704	0.5675
1020	0.3027	0.0	0.2971	0.338	0.3027	0.3756
1021	0.2015	0.0	0.1883	0.2828	0.2015	0.2704
1022	0.2617	0.0	0.3093	0.5868	0.2617	0.5596
1023	0.2546	0.0	0.2684	0.3714	0.2546	0.3388
1024	0.1998	0.0	0.188	0.2284	0.1998	0.2265
1025	0.2549	0.0	0.2586	0.3208	0.2549	0.3068
1026	0.5188	0.0	0.5622	0.9334	0.5188	0.8325
1027	0.3441	0.0	0.331	0.3228	0.3441	0.353
1028	0.5575	0.0	0.6124	0.354	0.5575	0.3429
1029	0.7423	0.0	0.7309	0.2064	0.7423	0.2366
1030	0.6866	0.0	0.7714	0.6368	0.6866	0.6101
1031	0.3642	0.0	0.3314	0.4486	0.3642	0.4268
1032	0.2693	0.0	0.3096	0.2938	0.2693	0.2618
1033	0.3063	0.0	0.3061	0.4204	0.3063	0.3808
1034	0.3343	0.0	0.3861	0.3574	0.3343	0.3589
1035	0.5448	0.0	0.6232	0.3378	0.5448	0.2789
1036	0.6468	0.0	0.8686	0.3172	0.6468	0.3222
1037	0.6182	0.0	0.7029	0.5406	0.6182	0.4714
1038	0.3105	0.0	0.2889	0.3509	0.3105	0.4167
1039	0.5556	0.0	0.64	0.7924	0.5556	0.7077
1040	0.3414	0.0	0.3903	0.4606	0.3414	0.4301
