Step	Loss(S)	Loss(T)	fwd_S	fwd_T	rev_S	rev_T
1	3.576	0.0	3.576	4.409	2.762	4.131
2	2.762	0.0	2.762	3.994	3.113	4.041
3	4.219	0.0	4.219	4.618	4.533	4.124
4	2.489	0.0	2.489	2.719	2.584	2.711
5	3.763	0.0	3.763	2.881	4.049	3.404
6	3.23	0.0	3.23	3.759	2.94	3.551
7	3.471	0.0	3.471	3.194	3.897	3.439
8	2.874	0.0	2.874	3.471	3.55	3.632
9	1.721	0.0	1.721	3.465	1.48	3.976
10	2.816	0.0	2.816	3.476	2.736	2.898
11	3.473	0.0	3.473	4.407	4.039	4.53
12	2.336	0.0	2.336	2.355	2.598	2.595
13	3.368	0.0	3.368	1.158	3.806	1.136
14	2.302	0.0	2.302	2.159	2.776	2.538
15	2.304	0.0	2.304	2.607	2.763	2.969
16	1.612	0.0	1.612	2.152	1.939	2.534
17	2.496	0.0	2.496	1.88	2.977	2.654
18	2.011	0.0	2.011	2.067	1.992	1.926
19	1.742	0.0	1.742	2.363	1.618	2.635
20	2.875	0.0	2.875	1.497	3.203	1.613
21	2.919	0.0	2.919	1.612	3.548	1.818
22	2.592	0.0	2.592	1.412	3.012	1.444
23	2.068	0.0	2.068	1.753	2.2	2.403
24	2.147	0.0	2.147	2.37	2.498	2.841
25	1.904	0.0	1.904	1.698	1.636	1.426
26	1.764	0.0	1.764	1.914	1.74	1.937
27	1.705	0.0	1.705	1.889	1.77	1.879
28	1.33	0.0	1.33	1.523	1.473	1.862
29	1.697	0.0	1.697	2.122	2.078	2.379
30	0.9428	0.0	0.9428	1.515	1.029	1.306
31	0.8017	0.0	0.8017	1.683	1.162	1.685
32	0.7958	0.0	0.7958	1.85	0.8281	1.99
33	2.062	0.0	2.062	2.173	2.753	2.723
34	2.28	0.0	2.28	2.198	2.628	2.547
35	1.541	0.0	1.541	1.489	1.738	1.357
36	1.864	0.0	1.864	2.308	1.926	2.511
37	1.7	0.0	1.7	1.715	1.836	2.067
38	2.154	0.0	2.154	1.782	2.312	1.862
39	1.853	0.0	1.853	1.244	1.769	1.23
40	2.169	0.0	2.169	1.592	2.264	1.626
41	1.754	0.0	1.754	1.526	1.841	1.573
42	2.29	0.0	2.29	1.375	2.503	1.439
43	1.644	0.0	1.644	1.567	1.442	1.433
44	1.39	0.0	1.39	1.609	1.215	1.402
45	1.518	0.0	1.518	1.531	1.569	1.824
46	1.899	0.0	1.899	2.044	2.274	2.214
47	1.466	0.0	1.466	1.352	1.601	1.492
48	1.433	0.0	1.433	1.404	1.687	1.521
49	1.65	0.0	1.65	1.84	1.858	2.164
50	1.897	0.0	1.897	1.277	2.183	1.556
51	1.576	0.0	1.576	1.389	1.682	1.241
52	0.8905	0.0	0.8905	1.265	0.9666	1.434
53	1.804	0.0	1.804	1.936	2.171	2.278
54	1.141	0.0	1.141	1.842	1.241	2.217
55	1.933	0.0	1.933	1.91	2.34	2.199
56	1.752	0.0	1.752	1.828	2.137	2.065
57	1.157	0.0	1.157	1.7	1.286	1.612
58	1.15	0.0	1.15	1.059	1.269	1.21
59	2.213	0.0	2.213	2.066	2.426	2.411
60	0.8351	0.0	0.8351	0.8155	0.9402	0.8896
61	0.8923	0.0	0.8923	1.092	1.053	1.188
62	1.328	0.0	1.328	1.98	1.66	2.319
63	0.7616	0.0	0.7616	1.646	0.768	1.84
64	1.719	0.0	1.719	1.121	1.375	1.189
65	1.755	0.0	1.755	1.782	2.003	2.129
66	1.551	0.0	1.551	2.065	1.376	2.795
67	1.428	0.0	1.428	1.381	1.653	1.47
68	1.517	0.0	1.517	1.379	1.557	1.319
69	1.397	0.0	1.397	1.112	1.82	1.346
70	1.704	0.0	1.704	1.801	2.198	2.156
71	1.615	0.0	1.615	1.447	2.048	1.65
72	1.553	0.0	1.553	1.767	2.348	2.176
73	1.106	0.0	1.106	1.322	1.256	1.606
74	1.273	0.0	1.273	1.605	1.493	1.902
75	1.371	0.0	1.371	1.246	1.363	1.193
76	1.623	0.0	1.623	1.269	2.175	1.3
77	1.658	0.0	1.658	1.631	1.979	2.431
78	1.463	0.0	1.463	1.346	1.788	1.613
79	0.9654	0.0	0.9654	1.789	1.073	2.044
80	1.657	0.0	1.657	1.579	2.029	2.087
81	1.563	0.0	1.563	1.56	1.856	1.957
82	0.9859	0.0	0.9859	1.423	1.037	1.57
83	1.791	0.0	1.791	1.649	2.069	1.857
84	1.532	0.0	1.532	1.162	1.754	1.311
85	1.152	0.0	1.152	1.418	1.199	1.544
86	1.592	0.0	1.592	1.686	1.957	1.975
87	1.558	0.0	1.558	1.485	1.671	1.863
88	1.483	0.0	1.483	1.701	1.704	2.211
89	1.452	0.0	1.452	1.401	1.808	1.759
90	1.654	0.0	1.654	1.599	1.928	1.876
91	1.509	0.0	1.509	1.788	1.947	2.133
92	1.397	0.0	1.397	1.101	1.485	1.383
93	1.053	0.0	1.053	1.295	1.338	1.545
94	1.561	0.0	1.561	1.367	1.92	1.625
95	1.092	0.0	1.092	1.361	1.156	1.743
96	1.465	0.0	1.465	0.8763	1.358	1.278
97	0.936	0.0	0.936	1.523	1.008	1.911
98	1.72	0.0	1.72	1.538	1.946	1.818
99	0.7678	0.0	0.7678	0.8585	0.8432	0.9228
100	0.9081	0.0	0.9081	1.62	1.013	1.728
101	1.588	0.0	1.588	0.9007	1.953	1.053
102	0.9874	0.0	0.9874	1.085	1.156	1.236
103	1.582	0.0	1.582	1.543	1.924	1.887
104	1.113	0.0	1.113	0.8777	1.302	1.064
105	1.443	0.0	1.443	1.296	1.512	1.328
106	1.728	0.0	1.728	1.577	2.077	2.081
107	1.581	0.0	1.581	1.552	1.939	2.021
108	1.333	0.0	1.333	1.394	1.563	1.741
109	0.9636	0.0	0.9636	1.374	1.002	1.488
110	1.02	0.0	1.02	1.059	1.114	1.154
111	1.503	0.0	1.503	1.205	1.662	1.528
112	1.621	0.0	1.621	1.667	1.958	1.915
113	1.639	0.0	1.639	1.445	2.201	1.683
114	1.659	0.0	1.659	1.404	1.826	1.565
115	1.093	0.0	1.093	1.485	1.323	1.96
116	1.151	0.0	1.151	0.8014	1.406	0.9189
117	1.258	0.0	1.258	1.494	1.488	1.914
118	1.709	0.0	1.709	1.452	2.088	1.828
119	0.9869	0.0	0.9869	1.341	1.108	1.595
120	1.243	0.0	1.243	1.564	1.452	1.874
121	1.712	0.0	1.712	1.098	2.059	1.642
122	1.524	0.0	1.524	1.273	1.601	1.197
123	1.422	0.0	1.422	0.8731	1.625	1.029
124	1.028	0.0	1.028	1.774	1.223	2.221
125	1.609	0.0	1.609	1.462	1.955	1.89
126	1.261	0.0	1.261	1.481	1.63	1.824
127	0.7579	0.0	0.7579	1.209	0.8545	1.441
128	1.074	0.0	1.074	1.539	1.292	1.821
129	1.19	0.0	1.19	1.264	1.244	1.213
130	1.267	0.0	1.267	0.6833	1.421	0.9224
131	0.9588	0.0	0.9588	1.17	1.152	1.286
132	1.12	0.0	1.12	0.8746	1.258	0.9655
133	1.533	0.0	1.533	1.32	1.824	1.486
134	0.9848	0.0	0.9848	1.463	1.212	1.309
135	1.392	0.0	1.392	0.8006	1.665	0.884
136	1.306	0.0	1.306	1.208	1.426	1.402
137	1.513	0.0	1.513	1.489	1.83	1.959
138	1.086	0.0	1.086	1.734	1.252	1.957
139	1.169	0.0	1.169	0.9469	1.324	1.203
140	0.9881	0.0	0.9881	1.158	1.148	1.33
141	1.294	0.0	1.294	1.334	1.559	1.838
142	1.364	0.0	1.364	1.084	1.379	1.314
143	0.8908	0.0	0.8908	1.139	1.079	1.187
144	1.205	0.0	1.205	1.305	1.473	1.552
145	0.8128	0.0	0.8128	1.239	0.9412	1.335
146	1.566	0.0	1.566	1.105	1.803	1.084
147	1.163	0.0	1.163	1.418	1.254	1.319
148	1.101	0.0	1.101	1.094	1.14	1.186
149	1.331	0.0	1.331	1.459	1.501	1.827
150	1.477	0.0	1.477	1.311	1.873	1.557
151	0.9839	0.0	0.9839	0.8794	1.191	1.031
152	1.057	0.0	1.057	1.094	1.114	1.283
153	1.063	0.0	1.063	1.473	1.234	1.673
154	1.337	0.0	1.337	1.46	1.697	1.702
155	0.8516	0.0	0.8516	1.037	0.9893	1.084
156	1.655	0.0	1.655	1.297	1.919	1.788
157	1.097	0.0	1.097	1.388	1.264	1.826
158	0.868	0.0	0.868	1.215	1.017	1.54
159	0.9304	0.0	0.9304	1.181	1.053	1.405
160	1.502	0.0	1.502	1.412	1.889	1.615
161	1.074	0.0	1.074	1.097	1.251	1.334
162	1.171	0.0	1.171	1.174	1.428	1.326
163	1.333	0.0	1.333	1.419	1.724	1.816
164	0.9927	0.0	0.9927	1.03	1.11	1.124
165	0.9867	0.0	0.9867	0.7512	1.085	0.9025
166	1.067	0.0	1.067	1.371	1.171	1.758
167	1.332	0.0	1.332	1.335	1.574	1.518
168	1.395	0.0	1.395	1.193	1.528	1.207
169	1.27	0.0	1.27	1.302	1.561	1.48
170	0.9583	0.0	0.9583	1.311	1.214	1.618
171	1.03	0.0	1.03	1.185	1.216	1.31
172	1.264	0.0	1.264	1.039	1.486	1.194
173	1.218	0.0	1.218	1.084	1.498	1.378
174	0.6616	0.0	0.6616	1.311	0.7584	1.708
175	1.202	0.0	1.202	1.104	1.346	1.33
176	0.7758	0.0	0.7758	1.172	0.9684	1.581
177	1.119	0.0	1.119	0.882	1.318	1.086
178	1.175	0.0	1.175	1.195	1.317	1.504
179	1.114	0.0	1.114	1.038	1.299	1.131
180	1.073	0.0	1.073	1.143	1.307	1.384
181	1.278	0.0	1.278	1.31	1.496	1.602
182	1.227	0.0	1.227	1.568	1.602	1.978
183	1.816	0.0	1.816	1.177	1.975	1.387
184	1.195	0.0	1.195	1.329	1.53	1.73
185	1.398	0.0	1.398	0.7388	1.725	0.9741
186	0.983	0.0	0.983	1.084	1.081	1.085
187	1.358	0.0	1.358	1.306	1.569	1.661
188	1.202	0.0	1.202	0.7886	1.54	1.044
189	1.097	0.0	1.097	0.8405	1.339	0.9808
190	1.262	0.0	1.262	1.385	1.555	1.62
191	1.5	0.0	1.5	1.251	1.724	1.777
192	1.324	0.0	1.324	1.041	1.786	1.238
193	0.9773	0.0	0.9773	1.347	1.246	1.585
194	1.165	0.0	1.165	1.173	1.442	1.309
195	0.8423	0.0	0.8423	1.421	1.029	1.875
196	1.101	0.0	1.101	1.264	1.307	1.525
197	0.9958	0.0	0.9958	1.242	1.197	1.524
198	0.8759	0.0	0.8759	1.248	1.028	1.49
199	0.8124	0.0	0.8124	1.051	0.8223	1.314
200	1.099	0.0	1.099	1.312	1.183	1.601
201	1.294	0.0	1.294	1.256	1.585	1.436
202	1.166	0.0	1.166	1.379	1.521	1.573
203	0.7442	0.0	0.7442	0.8831	0.7902	1.007
204	1.111	0.0	1.111	1.338	1.286	1.576
205	1.307	0.0	1.307	1.285	1.608	1.678
206	0.8524	0.0	0.8524	0.9891	1.051	1.147
207	1.088	0.0	1.088	1.249	1.266	1.647
208	1.019	0.0	1.019	0.7088	1.147	0.8293
209	0.9102	0.0	0.9102	0.9933	1.068	1.118
210	0.9975	0.0	0.9975	1.092	1.237	1.381
211	1.154	0.0	1.154	1.44	1.295	1.762
212	1.012	0.0	1.012	1.238	1.238	1.493
213	1.0	0.0	1.0	1.046	1.268	1.329
214	0.9905	0.0	0.9905	0.9811	1.123	1.058
215	1.125	0.0	1.125	1.185	1.272	1.436
216	1.028	0.0	1.028	1.421	1.223	1.613
217	1.253	0.0	1.253	1.165	1.659	1.4
218	1.001	0.0	1.001	1.261	1.09	1.47
219	1.273	0.0	1.273	1.055	1.548	1.271
220	1.229	0.0	1.229	1.316	1.583	1.644
221	0.739	0.0	0.739	1.163	0.832	1.48
222	0.9818	0.0	0.9818	1.139	1.153	1.529
223	1.0	0.0	1.0	1.315	1.153	1.568
224	0.9214	0.0	0.9214	1.081	1.054	1.337
225	1.33	0.0	1.33	1.544	1.639	1.687
226	1.106	0.0	1.106	1.029	1.189	1.126
227	0.9393	0.0	0.9393	0.8418	1.08	0.9471
228	1.268	0.0	1.268	1.228	1.602	1.668
229	1.179	0.0	1.179	1.292	1.384	1.579
230	1.065	0.0	1.065	1.16	1.43	1.469
231	1.302	0.0	1.302	1.282	1.479	1.579
232	1.168	0.0	1.168	1.075	1.503	1.337
233	0.9319	0.0	0.9319	0.8146	1.113	1.032
234	1.062	0.0	1.062	0.9563	1.113	1.101
235	1.14	0.0	1.14	1.039	1.326	1.44
236	1.147	0.0	1.147	1.186	1.354	1.405
237	1.463	0.0	1.463	0.9788	1.848	1.096
238	1.031	0.0	1.031	1.278	1.108	1.335
239	0.7821	0.0	0.7821	1.013	1.033	1.165
240	0.7671	0.0	0.7671	0.7879	0.952	0.9576
241	1.343	0.0	1.343	1.202	1.556	1.438
242	1.25	0.0	1.25	1.266	1.478	1.543
243	1.049	0.0	1.049	0.9921	1.161	1.142
244	0.8491	0.0	0.8491	1.315	0.9211	1.54
245	1.005	0.0	1.005	1.37	1.185	1.803
246	1.185	0.0	1.185	0.9981	1.239	1.333
247	0.9362	0.0	0.9362	0.9806	0.9822	1.046
248	0.9631	0.0	0.9631	0.8427	1.075	1.07
249	0.9526	0.0	0.9526	1.005	1.075	1.112
250	1.267	0.0	1.267	1.245	1.636	1.478
251	1.148	0.0	1.148	0.8964	1.153	1.025
252	1.094	0.0	1.094	0.9846	1.12	1.177
253	0.9323	0.0	0.9323	1.082	1.118	1.376
254	1.072	0.0	1.072	1.181	1.308	1.386
255	1.042	0.0	1.042	0.7825	1.301	0.9242
256	0.9996	0.0	0.9996	0.9809	1.163	1.062
257	1.27	0.0	1.27	1.154	1.661	1.229
258	1.444	0.0	1.444	1.094	1.702	1.35
259	1.114	0.0	1.114	0.8629	1.284	0.9216
260	1.376	0.0	1.376	1.107	1.637	1.252
261	1.031	0.0	1.031	1.103	1.21	1.27
262	1.2	0.0	1.2	1.119	1.475	1.32
263	1.229	0.0	1.229	1.402	1.342	1.457
264	1.047	0.0	1.047	1.345	1.316	1.604
265	0.9255	0.0	0.9255	0.7664	1.034	0.8959
266	0.9866	0.0	0.9866	0.9356	1.198	1.003
267	1.069	0.0	1.069	1.632	1.247	1.842
268	0.912	0.0	0.912	0.9803	1.012	1.166
269	0.9922	0.0	0.9922	0.962	1.127	0.99
270	1.172	0.0	1.172	0.8725	1.44	1.098
271	1.442	0.0	1.442	1.311	1.724	1.597
272	1.079	0.0	1.079	0.7752	1.266	0.896
273	1.226	0.0	1.226	1.016	1.359	1.151
274	1.035	0.0	1.035	1.021	1.17	1.101
275	0.8544	0.0	0.8544	1.119	0.935	1.343
276	0.8921	0.0	0.8921	0.8012	1.07	0.9881
277	1.148	0.0	1.148	0.8574	1.409	1.151
278	0.8419	0.0	0.8419	1.046	0.9885	1.278
279	1.04	0.0	1.04	0.9468	1.254	1.187
280	0.832	0.0	0.832	0.8608	1.011	1.137
281	0.8825	0.0	0.8825	0.6817	0.9919	0.8921
282	1.12	0.0	1.12	1.235	1.37	1.649
283	0.8838	0.0	0.8838	1.025	1.045	1.071
284	0.9076	0.0	0.9076	1.102	1.064	1.337
285	1.038	0.0	1.038	1.18	1.101	1.397
286	0.9141	0.0	0.9141	0.9152	1.061	1.181
287	1.203	0.0	1.203	1.025	1.424	1.339
288	1.239	0.0	1.239	0.8573	1.456	1.217
289	1.386	0.0	1.386	1.187	1.621	1.57
290	0.9634	0.0	0.9634	0.9134	1.006	1.045
291	1.211	0.0	1.211	1.193	1.484	1.585
292	1.29	0.0	1.29	0.7225	1.468	0.8823
293	1.014	0.0	1.014	1.011	1.122	1.122
294	1.07	0.0	1.07	1.039	1.357	1.308
295	1.007	0.0	1.007	1.191	1.096	1.425
296	0.6478	0.0	0.6478	0.9857	0.8238	1.273
297	1.114	0.0	1.114	1.128	1.275	1.413
298	1.16	0.0	1.16	0.8486	1.491	0.9852
299	1.067	0.0	1.067	1.331	1.342	1.557
300	0.8632	0.0	0.8632	0.7753	1.016	0.8469
301	1.108	0.0	1.108	1.042	1.355	1.304
302	1.26	0.0	1.26	1.31	1.429	1.513
303	0.7758	0.0	0.7758	0.8945	0.8386	0.9298
304	0.9155	0.0	0.9155	1.016	0.9291	1.154
305	1.15	0.0	1.15	0.7352	1.476	0.8204
306	0.732	0.0	0.732	1.108	0.8195	1.401
307	1.085	0.0	1.085	1.001	1.15	1.056
308	1.108	0.0	1.108	0.6902	1.241	1.102
309	0.8395	0.0	0.8395	1.075	0.9177	1.325
310	1.092	0.0	1.092	0.852	1.273	1.068
311	1.065	0.0	1.065	1.227	1.237	1.492
312	0.9329	0.0	0.9329	0.7298	1.108	0.8322
313	1.034	0.0	1.034	1.042	1.123	1.182
314	1.278	0.0	1.278	1.143	1.549	1.539
315	1.087	0.0	1.087	1.202	1.267	1.371
316	0.9317	0.0	0.9317	0.8106	1.041	0.9772
317	1.057	0.0	1.057	0.8158	1.318	0.9615
318	0.9521	0.0	0.9521	1.08	1.045	1.822
319	1.118	0.0	1.118	0.9193	1.388	1.194
320	0.9664	0.0	0.9664	1.078	1.147	1.316
321	1.119	0.0	1.119	1.097	1.385	1.428
322	1.091	0.0	1.091	0.9204	1.317	0.984
323	1.145	0.0	1.145	1.22	1.518	1.481
324	0.97	0.0	0.97	1.119	1.19	1.449
325	0.9371	0.0	0.9371	0.7854	1.094	1.0
326	0.8682	0.0	0.8682	1.108	1.047	1.328
327	1.124	0.0	1.124	1.238	1.406	1.55
328	0.7818	0.0	0.7818	1.161	0.9373	1.552
329	1.238	0.0	1.238	1.034	1.508	1.377
330	0.8604	0.0	0.8604	0.9273	0.8996	1.038
331	0.6516	0.0	0.6516	0.8544	0.7431	0.9267
332	1.107	0.0	1.107	1.08	1.337	1.329
333	1.206	0.0	1.206	1.3	1.507	1.585
334	1.105	0.0	1.105	0.9198	1.306	1.016
335	1.115	0.0	1.115	1.081	1.325	1.354
336	0.939	0.0	0.939	0.9016	1.096	1.107
337	0.802	0.0	0.802	0.724	0.9151	0.8483
338	0.8092	0.0	0.8092	0.8407	0.9	1.075
339	0.7808	0.0	0.7808	1.035	0.9144	1.232
340	1.242	0.0	1.242	1.021	1.442	1.209
341	1.348	0.0	1.348	1.224	1.484	1.394
342	1.201	0.0	1.201	0.8308	1.227	0.9612
343	1.06	0.0	1.06	0.8195	0.9732	1.041
344	1.156	0.0	1.156	0.7987	1.288	0.8843
345	0.7395	0.0	0.7395	0.6765	0.8724	0.8584
346	0.764	0.0	0.764	1.324	0.8641	1.61
347	0.826	0.0	0.826	1.061	0.9488	1.289
348	0.8416	0.0	0.8416	1.061	0.8489	1.247
349	1.096	0.0	1.096	1.284	1.312	1.699
350	1.159	0.0	1.159	1.251	1.351	1.401
351	0.8724	0.0	0.8724	0.5903	0.9523	0.7096
352	0.9646	0.0	0.9646	0.8338	1.102	0.9554
353	1.006	0.0	1.006	0.8482	1.131	0.946
354	0.9497	0.0	0.9497	1.108	1.117	1.319
355	0.8919	0.0	0.8919	0.8638	1.045	0.9725
356	1.056	0.0	1.056	0.6285	1.295	0.8255
357	0.9247	0.0	0.9247	1.036	1.014	1.287
358	1.098	0.0	1.098	1.107	1.224	1.33
359	0.9238	0.0	0.9238	0.8547	1.025	0.9783
360	0.6026	0.0	0.6026	0.7003	0.7083	0.7848
361	1.106	0.0	1.106	0.9148	1.249	1.196
362	1.222	0.0	1.222	1.325	1.454	1.593
363	0.8496	0.0	0.8496	1.157	0.9196	1.331
364	0.9285	0.0	0.9285	1.02	1.17	1.307
365	1.087	0.0	1.087	0.8913	1.337	1.095
366	1.163	0.0	1.163	0.8352	1.459	0.9978
367	0.979	0.0	0.979	0.8823	1.187	1.048
368	1.152	0.0	1.152	1.211	1.325	1.436
369	0.839	0.0	0.839	1.047	1.004	1.132
370	0.9075	0.0	0.9075	0.8975	1.046	1.156
371	1.2	0.0	1.2	1.231	1.334	1.61
372	0.9381	0.0	0.9381	0.8632	1.146	0.9061
373	0.5564	0.0	0.5564	0.723	0.6491	0.7939
374	0.9405	0.0	0.9405	0.9782	1.145	1.25
375	1.23	0.0	1.23	1.18	1.562	1.463
376	1.01	0.0	1.01	0.9309	1.163	0.9516
377	0.734	0.0	0.734	0.8544	0.7841	1.055
378	0.7471	0.0	0.7471	0.8303	0.8632	0.9421
379	0.5561	0.0	0.5561	0.8185	0.5865	0.9296
380	0.6879	0.0	0.6879	0.9108	0.9148	1.097
381	1.017	0.0	1.017	0.883	1.163	1.095
382	0.9024	0.0	0.9024	1.208	1.054	1.7
383	1.063	0.0	1.063	0.8254	1.191	0.9481
384	0.6548	0.0	0.6548	0.7977	0.6864	0.9969
385	0.9489	0.0	0.9489	0.6751	1.13	0.8268
386	1.135	0.0	1.135	1.087	1.456	1.29
387	0.9888	0.0	0.9888	0.6501	1.186	0.7024
388	0.9114	0.0	0.9114	1.063	0.9421	1.105
389	1.173	0.0	1.173	1.099	1.397	1.306
390	1.094	0.0	1.094	1.214	1.303	1.345
391	0.9561	0.0	0.9561	0.8463	1.079	1.105
392	1.086	0.0	1.086	1.111	1.32	1.325
393	1.3	0.0	1.3	0.9003	1.642	1.25
394	0.8335	0.0	0.8335	0.6417	0.9228	0.7436
395	1.175	0.0	1.175	0.9415	1.505	1.101
396	1.023	0.0	1.023	0.9602	1.191	1.101
397	0.8136	0.0	0.8136	0.7835	1.051	0.9856
398	0.9588	0.0	0.9588	1.12	1.183	1.473
399	1.182	0.0	1.182	1.104	1.443	1.479
400	1.132	0.0	1.132	1.066	1.288	1.075
401	0.9267	0.0	0.9267	0.9108	1.112	1.261
402	1.148	0.0	1.148	0.8949	1.363	1.086
403	0.8205	0.0	0.8205	1.086	0.8619	1.309
404	1.023	0.0	1.023	0.9452	1.255	1.053
405	0.9458	0.0	0.9458	0.7859	1.089	1.105
406	1.01	0.0	1.01	0.9585	1.38	1.151
407	0.9279	0.0	0.9279	0.8412	1.102	1.086
408	0.9539	0.0	0.9539	0.6794	1.062	0.8096
409	1.2	0.0	1.2	0.7836	1.372	0.9272
410	1.12	0.0	1.12	0.9624	1.408	1.189
411	0.9662	0.0	0.9662	0.6777	1.017	0.7482
412	0.7753	0.0	0.7753	0.8349	0.8919	1.022
413	1.235	0.0	1.235	1.097	1.442	1.525
414	0.615	0.0	0.615	0.736	0.7035	0.7989
415	1.206	0.0	1.206	1.188	1.385	1.383
416	0.8068	0.0	0.8068	0.5431	0.8673	0.6047
417	0.9484	0.0	0.9484	0.825	1.085	0.963
418	0.9842	0.0	0.9842	1.055	1.12	1.319
419	1.098	0.0	1.098	1.081	1.305	1.366
420	0.9733	0.0	0.9733	1.066	1.16	1.236
421	0.8367	0.0	0.8367	0.9129	0.9383	1.203
422	0.6511	0.0	0.6511	0.8451	0.7613	0.9367
423	1.222	0.0	1.222	0.9201	1.304	1.203
424	1.192	0.0	1.192	1.159	1.544	1.436
425	0.9198	0.0	0.9198	1.033	1.177	1.32
426	1.19	0.0	1.19	0.9637	1.297	1.14
427	1.142	0.0	1.142	1.137	1.632	1.253
428	0.6291	0.0	0.6291	0.7545	0.7249	0.8972
429	1.035	0.0	1.035	1.018	1.283	1.355
430	0.8108	0.0	0.8108	1.094	0.986	1.364
431	1.169	0.0	1.169	1.224	1.377	1.384
432	1.042	0.0	1.042	0.9981	1.209	1.267
433	1.05	0.0	1.05	1.366	1.252	1.474
434	1.014	0.0	1.014	0.8947	1.079	0.9458
435	1.006	0.0	1.006	0.7289	1.212	0.873
436	1.246	0.0	1.246	0.8334	1.536	1.105
437	1.209	0.0	1.209	1.029	1.406	1.477
438	1.016	0.0	1.016	0.7702	1.185	1.007
439	1.012	0.0	1.012	0.7636	1.196	0.898
440	0.8771	0.0	0.8771	0.9417	1.036	1.117
441	0.7286	0.0	0.7286	0.7647	0.7826	0.8316
442	0.8013	0.0	0.8013	0.8091	0.9495	1.115
443	0.7093	0.0	0.7093	0.8309	0.8166	1.012
444	0.9746	0.0	0.9746	1.036	1.11	1.337
445	1.13	0.0	1.13	0.8113	1.507	1.179
446	1.083	0.0	1.083	0.6822	1.155	0.7661
447	0.8652	0.0	0.8652	1.059	0.9824	1.28
448	0.762	0.0	0.762	0.7899	0.8645	0.9161
449	0.9988	0.0	0.9988	0.9374	1.211	1.077
450	0.9983	0.0	0.9983	1.28	1.125	1.44
451	0.9138	0.0	0.9138	0.7054	1.095	0.852
452	0.7627	0.0	0.7627	1.115	0.8769	1.371
453	0.9965	0.0	0.9965	1.291	1.224	1.548
454	0.9959	0.0	0.9959	0.9066	1.197	0.9783
455	0.7269	0.0	0.7269	0.6135	0.7774	0.6771
456	0.9929	0.0	0.9929	0.7875	1.13	0.944
457	0.9062	0.0	0.9062	0.8474	0.9952	0.8821
458	0.8298	0.0	0.8298	1.158	0.9337	1.438
459	0.8715	0.0	0.8715	0.7777	0.9228	0.855
460	0.7247	0.0	0.7247	0.7717	0.885	0.9854
461	0.9635	0.0	0.9635	0.7749	1.191	0.9009
462	0.9638	0.0	0.9638	0.9029	1.131	1.139
463	0.79	0.0	0.79	0.7308	1.022	0.9122
464	0.7428	0.0	0.7428	0.6148	0.8998	0.7457
465	0.9851	0.0	0.9851	1.108	1.17	1.337
466	1.251	0.0	1.251	1.304	1.61	1.597
467	1.043	0.0	1.043	0.6826	1.168	0.8177
468	0.9288	0.0	0.9288	1.211	1.103	1.614
469	0.8057	0.0	0.8057	1.045	0.9509	1.269
470	1.17	0.0	1.17	0.866	1.363	1.118
471	1.217	0.0	1.217	1.023	1.522	1.363
472	1.144	0.0	1.144	0.9772	1.337	1.224
473	0.8094	0.0	0.8094	0.7976	0.9934	0.9061
474	0.6963	0.0	0.6963	0.7584	0.829	0.8765
475	1.393	0.0	1.393	1.202	1.705	1.464
476	0.9248	0.0	0.9248	0.7523	0.9998	0.8054
477	0.6584	0.0	0.6584	0.8891	0.7488	1.049
478	1.135	0.0	1.135	0.9426	1.373	1.098
479	1.158	0.0	1.158	0.8723	1.335	1.067
480	1.015	0.0	1.015	0.7978	1.19	0.8453
481	0.7187	0.0	0.7187	0.779	0.784	0.9926
482	1.032	0.0	1.032	0.7645	1.149	0.9164
483	0.9206	0.0	0.9206	0.9063	1.099	0.9895
484	0.8703	0.0	0.8703	0.7008	0.9298	0.7626
485	1.022	0.0	1.022	0.6708	1.174	0.7724
486	1.011	0.0	1.011	1.233	1.287	1.623
487	0.9224	0.0	0.9224	0.9194	1.007	1.158
488	0.6854	0.0	0.6854	0.7014	0.7792	0.9146
489	0.9219	0.0	0.9219	1.041	1.217	1.291
490	1.004	0.0	1.004	0.9885	1.263	1.263
491	0.8686	0.0	0.8686	0.8369	0.962	0.9324
492	0.8223	0.0	0.8223	1.123	0.9896	1.308
493	0.8813	0.0	0.8813	1.119	1.047	1.418
494	1.107	0.0	1.107	0.8784	1.289	1.062
495	0.7819	0.0	0.7819	0.7444	0.9503	0.8472
496	0.7764	0.0	0.7764	0.9559	0.9042	1.21
497	1.05	0.0	1.05	1.09	1.31	1.544
498	0.8104	0.0	0.8104	0.6637	0.8734	0.8078
499	1.102	0.0	1.102	1.046	1.356	1.309
500	0.6245	0.0	0.6245	0.6802	0.8237	0.977
501	0.8534	0.0	0.8534	0.9628	0.9923	1.149
502	1.113	0.0	1.113	1.024	1.332	1.345
503	0.8138	0.0	0.8138	1.675	0.86	1.964
504	0.9498	0.0	0.9498	0.7964	1.034	0.9797
505	0.9465	0.0	0.9465	0.7945	1.208	0.9354
506	1.018	0.0	1.018	0.9802	1.192	1.112
507	1.191	0.0	1.191	1.191	1.407	1.439
508	1.233	0.0	1.233	0.9773	1.523	1.21
509	1.012	0.0	1.012	0.9877	1.285	1.219
510	1.042	0.0	1.042	1.152	1.256	1.317
511	0.9699	0.0	0.9699	0.9158	1.168	1.163
512	1.017	0.0	1.017	0.9088	1.235	1.043
513	0.627	0.0	0.627	1.13	0.7135	1.395
514	1.036	0.0	1.036	0.6918	1.303	0.809
515	0.9062	0.0	0.9062	0.9122	1.035	0.956
516	0.9176	0.0	0.9176	0.5633	1.009	0.6617
517	0.9379	0.0	0.9379	1.03	1.043	1.371
518	0.7917	0.0	0.7917	0.7204	0.9469	0.8114
519	1.145	0.0	1.145	0.8774	1.432	1.291
520	1.003	0.0	1.003	0.5826	1.196	0.652
521	0.906	0.0	0.906	0.7853	1.086	0.9456
522	0.8919	0.0	0.8919	0.8882	1.06	1.088
523	0.8934	0.0	0.8934	1.174	1.053	1.356
524	0.8729	0.0	0.8729	1.022	0.9561	1.204
525	0.9336	0.0	0.9336	0.8715	1.125	1.188
526	0.7993	0.0	0.7993	0.8789	0.8881	0.954
527	0.8109	0.0	0.8109	0.9403	0.947	1.195
528	0.8965	0.0	0.8965	1.007	1.063	1.221
529	0.9751	0.0	0.9751	1.03	1.277	1.38
530	1.039	0.0	1.039	0.767	1.218	0.8778
531	1.053	0.0	1.053	0.9837	1.326	1.097
532	0.9103	0.0	0.9103	0.9672	1.073	1.117
533	0.8495	0.0	0.8495	0.8499	1.105	1.026
534	1.188	0.0	1.188	1.035	1.375	1.256
535	1.257	0.0	1.257	1.119	1.477	1.365
536	1.224	0.0	1.224	1.024	1.511	1.317
537	0.9931	0.0	0.9931	1.201	1.283	1.451
538	0.8699	0.0	0.8699	0.7053	0.9858	0.8352
539	0.799	0.0	0.799	0.9698	0.875	1.072
540	0.8258	0.0	0.8258	1.011	1.144	1.303
541	0.6508	0.0	0.6508	1.192	0.6769	1.349
542	0.7918	0.0	0.7918	0.9186	1.083	1.316
543	1.146	0.0	1.146	0.8865	1.246	1.122
544	0.7261	0.0	0.7261	0.873	0.8859	1.005
545	0.7007	0.0	0.7007	0.6305	0.7526	0.8095
546	0.6849	0.0	0.6849	0.6948	0.788	0.7671
547	0.8226	0.0	0.8226	0.7975	0.9668	1.051
548	0.954	0.0	0.954	0.777	1.133	0.822
549	1.156	0.0	1.156	1.014	1.557	1.277
550	1.087	0.0	1.087	0.9113	1.35	0.9633
551	0.7331	0.0	0.7331	0.8405	0.7717	0.9404
552	0.9037	0.0	0.9037	0.6361	1.062	0.7725
553	0.9789	0.0	0.9789	0.9024	1.157	1.126
554	0.9715	0.0	0.9715	1.108	1.086	1.338
555	0.9024	0.0	0.9024	0.678	0.9921	0.803
556	1.1	0.0	1.1	1.089	1.368	1.366
557	0.9512	0.0	0.9512	0.9431	1.116	1.141
558	0.8744	0.0	0.8744	0.6648	1.051	0.8071
559	0.5247	0.0	0.5247	0.6325	0.6014	0.7848
560	1.071	0.0	1.071	0.6787	1.184	0.7493
561	0.6716	0.0	0.6716	0.8951	0.7695	0.9396
562	0.729	0.0	0.729	0.806	0.8278	0.8875
563	0.625	0.0	0.625	0.7326	0.7173	0.826
564	0.6812	0.0	0.6812	0.7177	0.7474	0.8729
565	0.8841	0.0	0.8841	1.208	1.043	1.574
566	0.9843	0.0	0.9843	0.9893	1.241	1.153
567	0.8579	0.0	0.8579	0.637	0.9936	0.8669
568	0.847	0.0	0.847	0.6261	0.9176	0.6864
569	1.012	0.0	1.012	1.002	1.302	1.265
570	1.259	0.0	1.259	1.094	1.47	1.387
571	1.003	0.0	1.003	0.9595	1.056	1.014
572	0.8419	0.0	0.8419	0.8595	0.9921	0.9801
573	0.9121	0.0	0.9121	0.8738	1.079	1.078
574	1.009	0.0	1.009	0.9466	1.281	1.166
575	0.9858	0.0	0.9858	0.7899	1.186	0.9604
576	0.996	0.0	0.996	1.095	1.229	1.403
577	0.767	0.0	0.767	0.6793	0.7891	0.8066
578	0.911	0.0	0.911	0.716	1.045	0.9324
579	1.149	0.0	1.149	1.213	1.402	1.444
580	0.8739	0.0	0.8739	0.9517	0.9939	1.197
581	0.7755	0.0	0.7755	0.8428	0.9006	0.9249
582	1.02	0.0	1.02	1.036	1.24	1.246
583	0.9993	0.0	0.9993	1.044	1.216	1.443
584	0.9385	0.0	0.9385	0.8105	1.209	0.8997
585	0.8637	0.0	0.8637	0.9101	1.057	1.055
586	0.7961	0.0	0.7961	0.8079	1.075	0.8905
587	1.001	0.0	1.001	1.013	1.123	1.086
588	0.6518	0.0	0.6518	0.7984	0.8686	1.152
589	0.9614	0.0	0.9614	0.7783	1.092	1.016
590	0.8097	0.0	0.8097	1.028	0.9143	1.237
591	0.8307	0.0	0.8307	0.8814	1.027	0.9876
592	0.7844	0.0	0.7844	0.9131	0.8998	1.124
593	0.8929	0.0	0.8929	0.978	1.122	1.182
594	0.8952	0.0	0.8952	1.01	1.054	1.219
595	0.7579	0.0	0.7579	0.797	0.8402	0.939
596	0.9822	0.0	0.9822	0.9272	1.056	1.06
597	1.114	0.0	1.114	1.164	1.315	1.323
598	0.9943	0.0	0.9943	0.9716	1.262	1.177
599	0.8502	0.0	0.8502	0.8457	1.045	1.093
600	1.014	0.0	1.014	0.9207	1.35	1.14
601	0.9035	0.0	0.9035	1.197	1.195	1.616
602	0.8734	0.0	0.8734	0.6505	0.9557	0.7256
603	1.02	0.0	1.02	0.7977	1.192	0.8918
604	0.9133	0.0	0.9133	0.8719	1.091	1.051
605	0.798	0.0	0.798	0.7736	0.9303	0.8148
606	1.113	0.0	1.113	0.9904	1.405	1.237
607	1.167	0.0	1.167	1.025	1.444	1.399
608	0.7975	0.0	0.7975	0.8512	0.9175	0.9943
609	1.093	0.0	1.093	0.9236	1.326	0.9685
610	0.9559	0.0	0.9559	1.079	1.14	1.177
611	1.088	0.0	1.088	1.177	1.264	1.356
612	1.207	0.0	1.207	1.011	1.474	1.274
613	0.9248	0.0	0.9248	0.9622	1.203	1.172
614	1.025	0.0	1.025	1.083	1.218	1.307
615	1.01	0.0	1.01	0.8511	1.175	1.013
616	0.9541	0.0	0.9541	0.8366	1.099	0.957
617	0.9712	0.0	0.9712	1.026	1.084	1.24
618	1.114	0.0	1.114	0.7059	1.339	0.8509
619	0.679	0.0	0.679	0.6123	0.712	0.7195
620	0.9884	0.0	0.9884	0.9283	1.093	1.009
621	0.8685	0.0	0.8685	0.9938	1.019	1.157
622	0.7343	0.0	0.7343	0.626	0.9618	0.7852
623	1.165	0.0	1.165	1.053	1.511	1.375
624	0.7298	0.0	0.7298	0.6788	0.7973	0.7976
625	0.7122	0.0	0.7122	0.7987	0.834	0.9623
626	0.8761	0.0	0.8761	1.1	1.113	1.326
627	0.6917	0.0	0.6917	0.9818	0.8208	1.087
628	0.7295	0.0	0.7295	0.8881	0.8418	1.023
629	0.8455	0.0	0.8455	0.6725	0.9148	0.8932
630	1.058	0.0	1.058	0.8611	1.039	0.9555
631	0.7725	0.0	0.7725	1.024	0.8723	1.001
632	0.902	0.0	0.902	1.232	1.087	1.613
633	0.8264	0.0	0.8264	0.9849	0.9292	1.335
634	1.265	0.0	1.265	0.9015	1.391	1.034
635	1.007	0.0	1.007	0.9061	1.275	1.104
636	0.9308	0.0	0.9308	1.129	1.091	1.505
637	1.052	0.0	1.052	0.9329	1.297	1.313
638	0.7368	0.0	0.7368	0.8974	0.9157	1.133
639	0.9174	0.0	0.9174	1.019	1.067	1.242
640	0.8172	0.0	0.8172	0.7494	0.9757	0.8898
641	0.5595	0.0	0.5595	0.7789	0.5742	0.9781
642	0.9068	0.0	0.9068	1.099	1.107	1.131
643	0.8179	0.0	0.8179	0.8594	0.9006	0.9057
644	0.9193	0.0	0.9193	0.9648	1.143	1.14
645	1.144	0.0	1.144	0.7606	1.461	0.9269
646	0.8721	0.0	0.8721	0.7563	0.9969	1.003
647	0.8926	0.0	0.8926	1.084	0.9806	1.371
648	0.9736	0.0	0.9736	0.9911	1.269	1.264
649	0.6376	0.0	0.6376	0.9986	0.7041	1.268
650	0.725	0.0	0.725	0.8977	0.7702	1.17
651	0.8423	0.0	0.8423	0.8912	0.9689	1.03
652	0.9288	0.0	0.9288	0.9886	1.141	1.13
653	1.008	0.0	1.008	1.075	1.199	1.212
654	0.7441	0.0	0.7441	0.5117	0.7936	0.6165
655	0.7231	0.0	0.7231	0.7151	0.7962	0.8671
656	0.5793	0.0	0.5793	0.8511	0.6295	0.9978
657	0.9129	0.0	0.9129	1.083	1.076	1.36
658	0.9286	0.0	0.9286	1.099	1.28	1.411
659	0.8964	0.0	0.8964	0.7571	0.9768	0.7875
660	0.7852	0.0	0.7852	1.097	0.8486	1.314
661	0.5917	0.0	0.5917	0.8473	0.6149	1.157
662	0.5585	0.0	0.5585	0.9457	0.79	1.17
663	0.9652	0.0	0.9652	0.6581	1.145	0.6923
664	1.059	0.0	1.059	0.6513	1.305	0.7099
665	0.7579	0.0	0.7579	0.8606	0.8732	0.9511
666	0.8256	0.0	0.8256	0.7916	0.8999	0.9226
667	0.8134	0.0	0.8134	0.5835	0.8995	0.6942
668	0.6765	0.0	0.6765	0.8776	0.7735	1.01
669	0.79	0.0	0.79	0.9154	0.9134	1.016
670	1.12	0.0	1.12	0.9924	1.356	1.253
671	0.7222	0.0	0.7222	0.7571	0.8287	0.9046
672	0.7393	0.0	0.7393	0.6748	0.8064	0.7525
673	0.8161	0.0	0.8161	1.118	1.073	1.454
674	1.094	0.0	1.094	1.161	1.349	1.35
675	1.265	0.0	1.265	0.8001	1.5	0.8837
676	1.163	0.0	1.163	0.6968	1.363	0.8871
677	0.9683	0.0	0.9683	0.9263	1.162	1.069
678	0.6164	0.0	0.6164	0.9422	0.7159	1.121
679	0.8755	0.0	0.8755	0.7731	1.0	0.9065
680	0.9251	0.0	0.9251	0.9885	1.155	1.136
681	0.7641	0.0	0.7641	0.724	0.9213	0.8616
682	0.7915	0.0	0.7915	0.9111	0.9294	1.186
683	0.6524	0.0	0.6524	1.045	0.8081	1.324
684	1.071	0.0	1.071	1.016	1.191	1.377
685	0.7608	0.0	0.7608	0.7826	0.8306	0.8694
686	0.7123	0.0	0.7123	1.016	0.8754	1.241
687	0.8228	0.0	0.8228	1.15	0.9235	1.414
688	0.5443	0.0	0.5443	1.11	0.5893	1.398
689	0.8523	0.0	0.8523	0.7653	0.9984	0.9748
690	0.6711	0.0	0.6711	0.6647	0.7711	0.7252
691	1.04	0.0	1.04	0.7906	1.063	0.8186
692	0.7863	0.0	0.7863	0.7039	0.9044	0.8958
693	0.9252	0.0	0.9252	0.9299	1.172	1.208
694	0.5505	0.0	0.5505	0.9664	0.5913	1.31
695	0.7981	0.0	0.7981	0.6338	0.927	0.8141
696	0.8955	0.0	0.8955	0.6871	1.118	0.8484
697	0.6765	0.0	0.6765	0.7358	0.8525	0.8937
698	0.899	0.0	0.899	0.895	1.128	1.077
699	0.8589	0.0	0.8589	0.8164	0.9354	0.8736
700	0.7971	0.0	0.7971	1.095	0.9068	1.34
701	1.019	0.0	1.019	1.14	1.187	1.361
702	1.009	0.0	1.009	0.7222	1.284	0.778
703	0.6333	0.0	0.6333	0.7561	0.7037	0.9515
704	0.8374	0.0	0.8374	1.151	0.9514	1.392
705	1.022	0.0	1.022	1.008	1.338	1.297
706	0.6661	0.0	0.6661	0.726	0.7609	0.7891
707	0.861	0.0	0.861	0.9501	0.9885	1.13
708	0.8549	0.0	0.8549	0.6319	0.9649	0.8492
709	0.8202	0.0	0.8202	0.5706	0.9999	0.6896
710	1.093	0.0	1.093	1.004	1.325	1.238
711	1.139	0.0	1.139	1.033	1.488	1.345
712	0.8122	0.0	0.8122	0.7814	0.9233	0.8706
713	0.7174	0.0	0.7174	1.137	0.7505	1.363
714	0.9657	0.0	0.9657	0.9936	1.196	1.205
715	1.031	0.0	1.031	0.9869	1.26	1.227
716	0.9477	0.0	0.9477	0.6287	1.124	0.7476
717	0.9097	0.0	0.9097	0.7631	1.029	1.051
718	1.055	0.0	1.055	1.009	1.23	1.288
719	0.642	0.0	0.642	0.974	0.6862	1.09
720	0.8833	0.0	0.8833	0.9864	1.16	1.339
721	0.7997	0.0	0.7997	1.024	0.9318	1.283
722	0.5961	0.0	0.5961	0.7854	0.6575	0.9561
723	0.5843	0.0	0.5843	0.5694	0.6577	0.6544
724	0.5486	0.0	0.5486	0.6967	0.6233	0.8373
725	0.983	0.0	0.983	0.8381	1.199	0.9721
726	0.9382	0.0	0.9382	1.144	1.104	1.068
727	1.007	0.0	1.007	1.013	1.27	1.288
728	0.7827	0.0	0.7827	0.5904	0.9453	0.6879
729	0.6582	0.0	0.6582	0.7207	0.7832	0.8814
730	0.9544	0.0	0.9544	0.988	1.166	1.248
731	1.115	0.0	1.115	1.099	1.439	1.375
732	0.9854	0.0	0.9854	0.8149	1.193	0.9494
733	0.7918	0.0	0.7918	0.7073	0.9802	0.911
734	1.085	0.0	1.085	0.6657	0.9506	0.921
735	0.6423	0.0	0.6423	0.8612	0.7701	1.08
736	1.122	0.0	1.122	1.095	1.385	1.429
737	0.969	0.0	0.969	1.119	1.133	1.47
738	0.8605	0.0	0.8605	0.6918	1.067	0.8599
739	0.6526	0.0	0.6526	1.02	0.7376	1.21
740	0.9123	0.0	0.9123	0.8251	1.09	1.001
741	1.175	0.0	1.175	1.05	1.391	1.291
742	0.6737	0.0	0.6737	1.102	0.9264	1.295
743	1.113	0.0	1.113	1.075	1.261	1.242
744	1.076	0.0	1.076	1.135	1.296	1.457
745	0.9128	0.0	0.9128	0.8698	1.073	1.123
746	0.759	0.0	0.759	0.8211	0.8848	0.8725
747	0.5026	0.0	0.5026	0.8118	0.5322	1.021
748	0.9713	0.0	0.9713	1.04	1.146	1.304
749	1.092	0.0	1.092	0.9056	1.317	1.041
750	0.8456	0.0	0.8456	0.7496	0.9451	0.8765
751	1.068	0.0	1.068	1.033	1.39	1.269
752	0.7799	0.0	0.7799	1.074	0.8527	1.365
753	0.5464	0.0	0.5464	0.7552	0.5857	0.9314
754	0.8024	0.0	0.8024	0.7444	0.8435	0.8252
755	0.8725	0.0	0.8725	0.7929	0.9622	0.9967
756	1.161	0.0	1.161	0.9915	1.432	1.251
757	0.9969	0.0	0.9969	1.019	1.245	1.298
758	0.8383	0.0	0.8383	0.5819	0.8738	0.6456
759	0.5997	0.0	0.5997	0.7608	0.7302	0.8304
760	0.9246	0.0	0.9246	0.8265	1.126	0.9886
761	1.028	0.0	1.028	1.036	1.176	1.239
762	0.7054	0.0	0.7054	0.9769	0.7668	1.47
763	0.6373	0.0	0.6373	0.6882	0.7718	0.8718
764	1.077	0.0	1.077	1.036	1.382	1.263
765	0.9225	0.0	0.9225	0.875	1.059	1.208
766	1.063	0.0	1.063	0.9168	1.257	1.248
767	0.7537	0.0	0.7537	0.8054	0.7727	0.9083
768	0.8384	0.0	0.8384	0.9703	0.9911	1.095
769	0.7086	0.0	0.7086	0.7339	0.8822	0.8151
770	0.6482	0.0	0.6482	0.8742	0.7473	1.013
771	0.7837	0.0	0.7837	0.6227	0.9451	0.6682
772	0.8371	0.0	0.8371	0.7713	0.8716	0.9566
773	0.892	0.0	0.892	0.7456	0.9763	0.8519
774	0.7406	0.0	0.7406	1.042	0.8304	1.264
775	0.672	0.0	0.672	0.7114	0.7853	0.87
776	0.6841	0.0	0.6841	0.6535	0.833	0.7103
777	0.926	0.0	0.926	1.085	1.121	1.317
778	1.009	0.0	1.009	1.072	1.223	1.277
779	0.8549	0.0	0.8549	0.9156	0.9011	1.056
780	0.9913	0.0	0.9913	0.7053	1.151	0.8388
781	0.9545	0.0	0.9545	0.7442	1.125	0.8741
782	1.02	0.0	1.02	1.049	1.198	1.264
783	0.7432	0.0	0.7432	1.025	0.8189	1.262
784	0.8379	0.0	0.8379	1.056	0.9635	1.227
785	1.006	0.0	1.006	0.586	1.201	0.7254
786	0.8083	0.0	0.8083	0.9274	0.9824	1.016
787	1.052	0.0	1.052	1.167	1.406	1.456
788	0.7529	0.0	0.7529	0.7074	0.8169	0.8298
789	0.7648	0.0	0.7648	0.4811	0.9672	0.5286
790	1.102	0.0	1.102	0.9078	1.338	1.098
791	0.9342	0.0	0.9342	0.9442	1.18	1.252
792	0.7903	0.0	0.7903	0.7357	0.9135	0.8234
793	0.6055	0.0	0.6055	0.973	0.6794	1.109
794	0.7023	0.0	0.7023	0.6697	0.9502	0.7808
795	0.6756	0.0	0.6756	0.9687	0.7445	1.035
796	0.8075	0.0	0.8075	0.7325	0.9138	0.8485
797	0.9737	0.0	0.9737	0.7137	1.211	0.9089
798	0.9089	0.0	0.9089	1.102	1.22	1.403
799	0.8984	0.0	0.8984	0.8856	1.103	1.033
800	1.003	0.0	1.003	0.6541	1.226	0.8314
801	1.051	0.0	1.051	0.8214	1.228	0.9819
802	0.96	0.0	0.96	0.9057	1.068	1.127
803	0.711	0.0	0.711	0.942	0.7939	0.9954
804	1.093	0.0	1.093	0.7873	1.326	0.9018
805	0.9451	0.0	0.9451	1.037	1.106	1.175
806	1.018	0.0	1.018	0.9475	1.324	1.111
807	0.9804	0.0	0.9804	0.8218	1.107	0.9324
808	1.129	0.0	1.129	0.6905	1.296	1.128
809	0.9284	0.0	0.9284	1.028	1.153	1.283
810	0.6514	0.0	0.6514	0.8983	0.7032	1.072
811	0.9889	0.0	0.9889	1.038	1.132	1.29
812	0.9555	0.0	0.9555	0.7435	1.124	0.8168
813	0.7289	0.0	0.7289	0.7722	0.8992	0.9467
814	0.9675	0.0	0.9675	0.8783	1.212	1.113
815	1.106	0.0	1.106	0.9072	1.448	1.069
816	0.9213	0.0	0.9213	0.823	1.175	0.8845
817	0.915	0.0	0.915	0.9178	1.233	1.198
818	1.016	0.0	1.016	0.7364	1.25	0.9049
819	1.072	0.0	1.072	1.078	1.314	1.312
820	1.055	0.0	1.055	1.022	1.231	1.208
821	0.8124	0.0	0.8124	1.061	0.9784	1.454
822	0.9847	0.0	0.9847	0.9681	1.121	1.198
823	0.968	0.0	0.968	0.8147	1.105	0.8659
824	0.9088	0.0	0.9088	0.9334	1.005	1.148
825	0.7258	0.0	0.7258	0.963	0.8424	1.18
826	0.8754	0.0	0.8754	0.9755	1.093	1.137
827	0.8753	0.0	0.8753	0.6991	0.9964	0.8024
828	0.7228	0.0	0.7228	0.5959	0.827	0.7181
829	1.195	0.0	1.195	0.9937	1.41	1.211
830	0.6231	0.0	0.6231	0.7042	0.7143	0.8557
831	1.153	0.0	1.153	1.024	1.317	1.267
832	0.6714	0.0	0.6714	0.7	0.7633	0.7604
833	0.7848	0.0	0.7848	0.8179	0.8751	0.9918
834	0.5927	0.0	0.5927	0.9994	0.6442	1.186
835	0.8678	0.0	0.8678	0.8822	1.093	1.149
836	0.5666	0.0	0.5666	0.8371	0.6198	0.9273
837	0.7871	0.0	0.7871	0.8729	0.9589	0.9356
838	0.6057	0.0	0.6057	0.9231	0.6774	0.9473
839	0.849	0.0	0.849	1.003	0.9989	1.016
840	0.7702	0.0	0.7702	1.287	0.9709	1.529
841	1.044	0.0	1.044	0.9428	1.298	1.138
842	0.7425	0.0	0.7425	0.7828	0.8972	0.9219
843	0.9376	0.0	0.9376	0.8752	1.088	1.145
844	0.8879	0.0	0.8879	0.8602	1.073	1.079
845	0.8011	0.0	0.8011	0.9418	0.9452	1.208
846	0.7342	0.0	0.7342	1.06	0.8604	1.272
847	0.9651	0.0	0.9651	1.098	1.178	1.286
848	1.054	0.0	1.054	0.8954	1.304	1.217
849	0.6884	0.0	0.6884	1.034	0.7807	1.282
850	0.6141	0.0	0.6141	0.5963	0.6929	0.6148
851	0.7187	0.0	0.7187	0.7186	0.8189	0.7006
852	0.9111	0.0	0.9111	0.9694	1.107	1.247
853	0.9932	0.0	0.9932	0.8722	1.171	1.056
854	0.8573	0.0	0.8573	0.7264	0.9652	1.255
855	0.8378	0.0	0.8378	1.051	0.9668	1.174
856	0.9591	0.0	0.9591	1.001	1.131	1.3
857	0.7547	0.0	0.7547	0.6574	0.8513	0.7359
858	0.6003	0.0	0.6003	0.6408	0.6993	0.8493
859	0.6149	0.0	0.6149	1.06	0.7323	1.316
860	1.039	0.0	1.039	0.6593	1.261	0.7454
861	0.9287	0.0	0.9287	0.9456	1.113	1.231
862	0.7396	0.0	0.7396	0.5179	0.7682	0.5493
863	0.8072	0.0	0.8072	1.001	0.9256	1.272
864	0.7341	0.0	0.7341	0.714	0.8468	0.8479
865	0.9557	0.0	0.9557	0.9018	1.122	1.233
866	0.9592	0.0	0.9592	1.117	1.154	1.513
867	0.9536	0.0	0.9536	0.9219	1.086	1.207
868	0.9201	0.0	0.9201	0.9458	1.122	1.101
869	0.8333	0.0	0.8333	0.7541	0.999	0.915
870	1.029	0.0	1.029	0.8208	1.257	1.01
871	0.4496	0.0	0.4496	0.6734	0.4784	0.7366
872	0.9271	0.0	0.9271	0.8764	1.115	1.136
873	0.9328	0.0	0.9328	0.7689	1.075	0.9141
874	0.9334	0.0	0.9334	0.7191	1.128	0.7658
875	0.7515	0.0	0.7515	0.9887	0.8646	1.229
876	0.6822	0.0	0.6822	0.8359	0.756	0.9319
877	0.8564	0.0	0.8564	0.7134	1.054	0.8008
878	1.159	0.0	1.159	1.047	1.384	1.251
879	0.9977	0.0	0.9977	0.6459	1.241	0.8508
880	0.6484	0.0	0.6484	0.6953	0.7226	0.7774
881	0.5942	0.0	0.5942	0.8374	0.6886	1.037
882	0.942	0.0	0.942	1.05	1.1	1.266
883	0.7332	0.0	0.7332	0.7455	0.8636	0.9451
884	0.8499	0.0	0.8499	0.7096	1.029	0.9018
885	0.9749	0.0	0.9749	0.9294	1.235	1.077
886	1.105	0.0	1.105	0.8084	1.258	0.9079
887	1.005	0.0	1.005	0.7292	1.11	0.8825
888	0.8237	0.0	0.8237	1.034	0.9963	1.187
889	0.8071	0.0	0.8071	0.765	0.8774	0.8975
890	0.7452	0.0	0.7452	0.6532	0.8803	0.7958
891	0.733	0.0	0.733	0.7705	0.8782	0.9205
892	0.6306	0.0	0.6306	0.6113	0.7007	0.7089
893	0.9405	0.0	0.9405	0.6437	1.104	0.7155
894	1.041	0.0	1.041	0.8315	1.234	1.016
895	0.8499	0.0	0.8499	1.1	1.005	1.333
896	0.4341	0.0	0.4341	0.7171	0.4533	0.9096
897	0.7573	0.0	0.7573	0.8659	0.8816	0.9712
898	0.7459	0.0	0.7459	0.6166	0.9002	0.7881
899	0.5653	0.0	0.5653	0.8627	0.6212	0.9391
900	0.8707	0.0	0.8707	0.7121	1.028	0.8139
901	0.8015	0.0	0.8015	0.752	0.9315	0.9138
902	0.958	0.0	0.958	1.05	1.147	1.268
903	0.8333	0.0	0.8333	0.8078	0.9405	0.9226
904	0.7711	0.0	0.7711	0.8598	0.9452	1.024
905	1.026	0.0	1.026	0.8516	1.333	1.065
906	0.946	0.0	0.946	0.8957	1.091	1.213
907	0.8044	0.0	0.8044	0.6978	0.909	0.8158
908	0.7742	0.0	0.7742	0.9652	0.9067	1.134
909	0.7704	0.0	0.7704	0.9699	0.8715	1.156
910	0.8312	0.0	0.8312	0.8131	0.9994	0.9952
911	0.9409	0.0	0.9409	0.6525	1.189	0.7774
912	0.8399	0.0	0.8399	0.8809	0.996	1.071
913	1.2	0.0	1.2	0.9062	1.516	1.181
914	0.7498	0.0	0.7498	0.6942	0.8523	0.7462
915	0.9655	0.0	0.9655	1.087	1.148	1.291
916	1.014	0.0	1.014	0.5972	1.148	0.6741
917	0.8162	0.0	0.8162	0.6514	0.9597	0.7102
918	0.6092	0.0	0.6092	0.9815	0.6941	1.217
919	0.9795	0.0	0.9795	1.304	1.296	1.531
920	0.9228	0.0	0.9228	0.7931	1.066	0.9471
921	0.8833	0.0	0.8833	0.6718	1.017	0.7702
922	0.8175	0.0	0.8175	1.248	1.01	1.441
923	0.7994	0.0	0.7994	0.997	0.9152	1.201
924	0.9918	0.0	0.9918	0.7342	1.269	0.9122
925	0.859	0.0	0.859	0.7291	1.013	0.9111
926	1.072	0.0	1.072	1.003	1.244	1.12
927	0.9867	0.0	0.9867	0.8635	1.14	0.9677
928	0.8988	0.0	0.8988	0.628	1.068	0.8087
929	0.8044	0.0	0.8044	0.8205	0.9359	0.9758
930	0.9277	0.0	0.9277	0.9176	1.199	1.158
931	0.5115	0.0	0.5115	0.4203	0.5646	0.5315
932	0.5912	0.0	0.5912	0.6822	0.5948	0.7694
933	0.488	0.0	0.488	0.979	0.5483	1.115
934	0.8497	0.0	0.8497	0.6535	1.012	0.7014
935	1.096	0.0	1.096	0.9626	1.339	1.279
936	0.7157	0.0	0.7157	0.5546	0.8101	0.5919
937	0.9885	0.0	0.9885	0.781	1.121	0.9258
938	0.8055	0.0	0.8055	0.8223	0.9318	0.9385
939	0.8564	0.0	0.8564	0.9118	1.047	1.087
940	0.5574	0.0	0.5574	0.7282	0.5899	0.8555
941	0.6176	0.0	0.6176	0.9412	0.6644	1.164
942	0.7043	0.0	0.7043	0.4977	0.7423	0.8591
943	0.865	0.0	0.865	0.9049	1.096	1.088
944	0.5164	0.0	0.5164	0.9086	0.5329	1.02
945	0.6994	0.0	0.6994	1.009	0.8444	1.21
946	0.9387	0.0	0.9387	0.7203	1.098	0.8015
947	1.021	0.0	1.021	0.8258	1.241	1.029
948	0.8827	0.0	0.8827	1.038	1.075	1.253
949	1.025	0.0	1.025	0.9265	1.225	1.12
950	0.8897	0.0	0.8897	0.8498	1.059	1.081
951	0.6989	0.0	0.6989	0.9485	0.7962	1.179
952	0.9568	0.0	0.9568	0.9886	1.191	1.204
953	0.8768	0.0	0.8768	0.7602	1.015	0.9269
954	0.888	0.0	0.888	0.6812	1.111	0.7479
955	0.8216	0.0	0.8216	0.6483	0.8903	0.7466
956	0.9939	0.0	0.9939	0.9469	1.282	1.203
957	0.9634	0.0	0.9634	1.069	1.199	1.314
958	0.7909	0.0	0.7909	0.5897	0.9415	0.7466
959	0.7882	0.0	0.7882	0.8928	0.9173	1.179
960	1.001	0.0	1.001	1.021	1.17	1.27
961	0.473	0.0	0.473	0.6764	0.5312	0.7385
962	0.7158	0.0	0.7158	0.5931	0.7621	0.7097
963	0.9299	0.0	0.9299	0.7374	1.102	0.8938
964	0.8895	0.0	0.8895	0.8678	0.988	1.079
965	0.5065	0.0	0.5065	1.065	0.5646	1.186
966	0.8128	0.0	0.8128	0.6278	0.8804	0.7291
967	0.8052	0.0	0.8052	0.7621	0.9143	0.8816
968	0.893	0.0	0.893	0.7663	1.055	0.9113
969	0.9644	0.0	0.9644	1.07	1.099	1.348
970	1.072	0.0	1.072	1.054	1.39	1.327
971	0.8107	0.0	0.8107	0.6095	1.013	0.727
972	1.061	0.0	1.061	0.9172	1.292	1.041
973	0.9039	0.0	0.9039	0.7846	1.031	0.9636
974	0.878	0.0	0.878	0.7768	1.158	0.9503
975	0.7963	0.0	0.7963	0.6446	0.9624	0.7675
976	0.7235	0.0	0.7235	0.7824	0.8477	1.02
977	0.8218	0.0	0.8218	0.6634	0.9753	0.8336
978	0.9631	0.0	0.9631	0.719	1.097	0.8568
979	0.7765	0.0	0.7765	0.6326	0.8827	0.7312
980	0.8793	0.0	0.8793	0.5517	1.231	0.7132
981	0.695	0.0	0.695	0.7447	0.793	0.8009
982	1.004	0.0	1.004	0.9778	1.272	1.223
983	0.6614	0.0	0.6614	0.751	0.7001	0.8703
984	0.702	0.0	0.702	0.5981	0.8364	0.6648
985	0.7952	0.0	0.7952	0.7128	0.9585	0.889
986	1.13	0.0	1.13	0.9571	1.405	1.224
987	0.9164	0.0	0.9164	0.8814	1.054	0.9391
988	0.7763	0.0	0.7763	0.7952	0.8794	0.9607
989	1.089	0.0	1.089	0.9633	1.241	1.216
990	0.9208	0.0	0.9208	0.8714	1.151	1.061
991	1.143	0.0	1.143	0.9354	1.312	1.015
992	0.5781	0.0	0.5781	0.8959	0.6178	1.081
993	0.7791	0.0	0.7791	0.837	0.8294	0.9639
994	0.4963	0.0	0.4963	0.6519	0.5338	0.9066
995	1.095	0.0	1.095	1.064	1.349	1.433
996	0.7266	0.0	0.7266	0.9305	0.8597	1.081
997	0.5961	0.0	0.5961	0.5811	0.6316	0.6461
998	0.8447	0.0	0.8447	0.9044	1.021	1.149
999	0.5955	0.0	0.5955	0.9981	0.6391	1.222
1000	0.9191	0.0	0.9191	0.7112	1.101	0.8405
1001	0.7122	0.0	0.7122	0.8379	0.8101	0.9791
1002	0.8185	0.0	0.8185	0.6596	0.8891	0.8413
1003	0.7175	0.0	0.7175	0.6162	0.7939	0.6916
1004	0.6913	0.0	0.6913	0.743	0.8612	0.9364
1005	0.74	0.0	0.74	0.8211	0.9152	0.9641
1006	0.64	0.0	0.64	1.176	0.7429	1.42
1007	1.055	0.0	1.055	0.787	1.28	0.8783
1008	0.7806	0.0	0.7806	0.6148	0.8211	0.6379
1009	0.9483	0.0	0.9483	0.6484	1.063	0.682
1010	0.8794	0.0	0.8794	0.9629	1.079	1.126
1011	0.7748	0.0	0.7748	0.5995	0.9584	0.6924
1012	0.767	0.0	0.767	0.6902	0.8043	0.7745
1013	0.8955	0.0	0.8955	1.048	1.027	1.221
1014	0.5306	0.0	0.5306	0.8649	0.5303	1.064
1015	0.7038	0.0	0.7038	0.8714	0.8197	1.069
1016	0.4881	0.0	0.4881	1.0	0.5347	1.277
1017	1.003	0.0	1.003	0.5461	1.248	0.6113
1018	0.6947	0.0	0.6947	0.7828	0.8269	0.8876
1019	0.717	0.0	0.717	0.9601	0.7984	1.201
1020	0.9137	0.0	0.9137	0.3655	1.1	0.5825
1021	0.7962	0.0	0.7962	0.5414	0.8659	0.6586
1022	0.8374	0.0	0.8374	0.7928	1.004	0.904
1023	1.187	0.0	1.187	1.068	1.303	1.294
1024	0.9039	0.0	0.9039	0.8642	1.245	0.9909
1025	0.8268	0.0	0.8268	0.7648	0.932	0.9365
1026	0.8278	0.0	0.8278	1.093	1.026	1.272
1027	1.078	0.0	1.078	1.029	1.348	1.209
1028	0.9043	0.0	0.9043	0.6848	1.088	0.7902
1029	0.885	0.0	0.885	0.9589	1.041	1.139
1030	0.693	0.0	0.693	1.046	0.7726	1.26
1031	0.8761	0.0	0.8761	0.5576	1.05	0.6182
1032	0.5389	0.0	0.5389	0.6419	0.616	0.7707
1033	0.9952	0.0	0.9952	1.099	1.154	1.246
1034	0.9663	0.0	0.9663	0.6096	1.197	0.6794
1035	0.5139	0.0	0.5139	0.6777	0.5717	1.412
1036	0.6178	0.0	0.6178	0.5627	0.7232	0.6849
1037	1.006	0.0	1.006	0.8332	1.282	1.016
1038	0.8582	0.0	0.8582	0.5306	1.008	0.617
1039	1.094	0.0	1.094	0.707	1.31	0.8173
1040	0.7419	0.0	0.7419	0.6524	0.812	0.7392
