Step	Loss(S)	Loss(T)	fwd_S	fwd_T	rev_S	rev_T
1	0.0	1.499	2.811	5.294	3.196	5.298
2	0.0	1.217	2.182	3.312	2.397	3.054
3	0.0	1.547	5.236	5.928	5.142	5.559
4	0.0	0.8266	6.699	2.759	6.541	2.293
5	0.0	1.701	7.548	6.097	5.827	4.889
6	0.0	0.9178	2.251	1.965	2.452	2.241
7	0.0	1.054	1.633	2.385	1.623	3.548
8	0.0	1.16	2.484	2.922	2.631	2.833
9	0.0	0.6801	2.796	1.47	3.207	1.589
10	0.0	0.9534	1.729	2.095	1.92	2.361
11	0.0	0.9721	2.042	2.037	2.33	2.183
12	0.0	1.097	1.817	2.394	2.092	2.719
13	0.0	1.044	2.431	2.177	2.858	3.741
14	0.0	0.9148	3.032	1.949	4.071	2.37
15	0.0	1.036	1.533	1.998	1.65	2.661
16	0.0	1.65	2.432	4.182	2.735	5.05
17	0.0	0.6035	1.295	1.048	1.305	1.087
18	0.0	1.443	1.197	3.443	1.216	4.116
19	0.0	0.932	1.959	1.793	1.918	1.839
20	0.0	1.504	3.761	3.432	4.211	4.158
21	0.0	0.7347	1.57	1.378	1.786	1.56
22	0.0	1.074	2.046	1.968	2.596	2.444
23	0.0	0.8808	1.885	1.605	2.002	1.892
24	0.0	1.136	2.12	2.234	2.574	2.312
25	0.0	0.8367	1.715	1.692	1.894	1.634
26	0.0	1.056	1.91	2.351	2.159	2.489
27	0.0	0.8963	1.56	1.714	1.662	1.749
28	0.0	0.7668	1.61	1.283	2.313	1.55
29	0.0	1.007	1.658	1.651	2.305	2.266
30	0.0	0.7296	1.015	1.189	1.05	1.482
31	0.0	0.8536	1.933	1.614	2.326	1.922
32	0.0	0.8464	0.7792	1.552	0.7782	1.894
33	0.0	0.7335	0.9023	1.141	0.8884	1.494
34	0.0	0.9405	0.9284	1.738	0.9896	2.26
35	0.0	0.6977	1.599	1.43	1.777	1.6
36	0.0	0.7513	1.308	1.32	1.274	1.393
37	0.0	0.936	2.156	1.585	2.596	2.266
38	0.0	1.082	1.659	2.302	2.197	3.218
39	0.0	0.8962	1.251	1.468	1.709	1.871
40	0.0	0.8724	1.117	1.899	1.085	1.658
41	0.0	0.7474	1.215	1.391	1.144	1.535
42	0.0	0.5727	0.8005	0.9186	0.7552	0.9767
43	0.0	0.797	1.253	1.622	1.243	1.616
44	0.0	0.8616	1.23	1.431	1.364	1.837
45	0.0	0.5009	1.061	0.8413	1.366	0.8822
46	0.0	0.8078	1.159	1.484	1.475	1.666
47	0.0	0.5462	1.8	0.9334	1.576	1.001
48	0.0	0.5229	0.8923	0.7835	0.7881	1.109
49	0.0	0.606	1.383	1.048	1.783	1.344
50	0.0	0.8987	1.172	1.691	1.026	1.929
51	0.0	0.8378	1.708	1.985	1.702	1.617
52	0.0	0.7972	1.179	1.659	1.814	1.509
53	0.0	0.8703	1.902	1.761	2.159	1.723
54	0.0	0.671	0.8925	1.206	0.77	1.269
55	0.0	0.4877	1.388	0.8118	1.54	0.7678
56	0.0	0.8278	1.995	1.734	1.795	1.599
57	0.0	0.6043	1.182	1.027	1.18	0.9863
58	0.0	0.7112	0.7797	1.238	0.7428	1.294
59	0.0	0.6116	1.653	1.129	1.42	1.13
60	0.0	0.6419	1.153	1.089	1.122	1.138
61	0.0	0.696	2.132	1.341	2.144	1.264
62	0.0	0.6713	1.024	1.196	1.111	1.213
63	0.0	0.883	1.078	1.737	1.098	1.716
64	0.0	0.7299	1.331	1.408	1.332	1.461
65	0.0	0.4276	1.255	0.7294	1.19	0.7607
66	0.0	0.7469	1.599	1.333	1.533	1.829
67	0.0	0.7008	1.511	1.283	1.439	1.292
68	0.0	0.6361	1.762	1.156	2.3	1.24
69	0.0	0.5441	0.8451	0.8248	0.8135	1.065
70	0.0	0.6372	0.5371	1.118	0.7909	1.271
71	0.0	0.8549	1.019	1.389	0.9942	1.783
72	0.0	0.5073	0.8873	0.784	0.9702	0.9161
73	0.0	0.5935	0.7993	1.157	0.7282	1.021
74	0.0	0.6372	1.518	1.57	1.698	1.909
75	0.0	0.5578	1.201	1.005	1.061	1.142
76	0.0	0.6721	1.131	1.178	1.109	1.126
77	0.0	0.4536	0.7615	0.7052	0.7277	0.8696
78	0.0	0.7682	1.054	1.61	1.017	1.47
79	0.0	0.3699	1.052	0.7055	1.063	0.7099
80	0.0	0.5537	1.408	1.065	1.267	0.8489
81	0.0	0.7497	0.9995	1.454	1.165	1.356
82	0.0	0.3995	0.7316	0.6759	0.7522	0.7175
83	0.0	0.6455	1.229	1.302	1.106	1.197
84	0.0	0.6971	1.201	1.285	1.04	1.142
85	0.0	0.7456	1.787	1.448	1.535	1.677
86	0.0	0.476	0.8633	0.8067	0.8002	0.8163
87	0.0	0.6678	1.725	1.352	1.478	1.099
88	0.0	0.6544	1.42	1.347	1.529	1.354
89	0.0	0.4992	0.9866	0.9342	0.9421	0.9605
90	0.0	0.5413	1.689	0.928	1.733	0.8837
91	0.0	0.8662	1.445	1.788	1.303	1.721
92	0.0	0.6733	1.074	1.177	1.122	1.539
93	0.0	0.3684	0.825	0.6266	0.7837	0.6311
94	0.0	0.5032	1.16	0.8706	1.004	0.7842
95	0.0	0.399	0.6744	0.6679	0.6216	0.6106
96	0.0	0.5886	1.238	1.171	1.878	0.9941
97	0.0	0.7939	1.45	1.714	1.468	1.447
98	0.0	0.2045	0.4991	0.3029	0.5229	0.3081
99	0.0	0.375	1.623	0.7533	1.583	0.6709
100	0.0	0.6704	1.563	1.28	1.256	1.19
101	0.0	0.81	1.677	1.576	1.274	1.758
102	0.0	0.5492	1.0	1.113	0.8333	0.9354
103	0.0	0.5094	1.013	0.8782	0.9414	0.8262
104	0.0	0.756	1.723	1.591	1.941	1.568
105	0.0	0.4024	0.4819	0.7148	0.4396	0.7762
106	0.0	0.592	0.634	1.113	0.5467	1.017
107	0.0	0.5734	0.772	0.8732	0.7179	1.072
108	0.0	0.5318	0.6445	0.8153	0.5917	0.9964
109	0.0	0.3296	0.5666	0.5004	0.4938	0.5238
110	0.0	0.6315	0.6505	1.254	0.5549	1.059
111	0.0	0.7595	1.524	1.824	1.859	1.536
112	0.0	0.8373	1.091	1.788	1.022	1.834
113	0.0	0.5533	1.105	0.9876	0.8912	1.153
114	0.0	0.8773	1.237	2.011	1.174	1.712
115	0.0	0.6832	0.6685	1.273	0.6044	1.321
116	0.0	0.508	0.9231	0.8186	0.8163	0.8264
117	0.0	0.7831	1.219	1.549	1.043	1.55
118	0.0	0.3116	0.8097	0.6542	0.8812	0.7019
119	0.0	0.9367	1.621	2.153	1.453	1.992
120	0.0	0.2563	0.7516	0.4925	0.6693	0.4074
121	0.0	0.6374	1.495	1.296	1.276	1.048
122	0.0	0.5134	1.773	0.9153	1.835	0.9193
123	0.0	0.7458	1.189	1.594	1.097	1.478
124	0.0	0.4424	0.6013	0.7974	0.6721	0.9498
125	0.0	0.8428	1.159	1.795	1.049	2.375
126	0.0	0.5388	1.024	1.141	0.8903	0.8898
127	0.0	0.7092	1.207	1.472	1.037	1.574
128	0.0	0.6358	1.38	1.056	1.466	1.159
129	0.0	0.6656	1.02	1.259	1.036	1.126
130	0.0	0.6611	0.8336	1.271	0.7856	1.16
131	0.0	0.4251	1.283	0.7991	1.165	0.7393
132	0.0	0.4879	0.6935	1.149	0.6717	0.839
133	0.0	0.2139	0.6785	0.3314	0.7729	0.3164
134	0.0	0.5307	0.7445	0.9727	0.6451	1.095
135	0.0	0.7037	0.7004	1.457	0.6329	1.461
136	0.0	0.7034	0.989	1.392	1.068	1.222
137	0.0	0.4585	1.083	0.8003	1.145	1.2
138	0.0	0.6885	1.039	1.361	1.03	1.348
139	0.0	0.6901	1.215	1.395	1.107	1.241
140	0.0	0.4057	1.487	0.7653	0.9842	0.7359
141	0.0	0.6923	0.8659	1.148	0.799	1.755
142	0.0	0.6336	0.6636	1.299	0.6443	1.188
143	0.0	0.3666	0.5052	0.5222	0.5402	0.6493
144	0.0	0.4635	0.9949	0.841	0.9198	0.7287
145	0.0	0.8034	0.568	1.534	0.5106	1.471
146	0.0	0.449	0.7764	0.8208	0.71	0.7979
147	0.0	0.51	1.31	1.058	0.9823	0.7589
148	0.0	0.5059	0.679	0.9246	0.8465	0.9782
149	0.0	0.244	0.817	0.4594	0.728	0.4636
150	0.0	0.6905	1.273	1.456	1.161	1.354
151	0.0	0.7992	1.388	1.613	1.393	1.537
152	0.0	0.3562	0.5727	0.6344	0.5012	0.6013
153	0.0	0.586	1.189	1.298	1.179	1.326
154	0.0	0.5635	1.355	1.006	1.211	0.922
155	0.0	0.8113	1.772	1.609	1.384	1.535
156	0.0	0.4918	1.487	0.9554	1.271	0.8833
157	0.0	0.7253	1.227	1.538	1.018	1.322
158	0.0	0.5674	0.935	1.147	0.8172	0.9347
159	0.0	0.586	1.054	1.135	0.9096	0.928
160	0.0	0.5889	0.9122	1.135	0.7552	1.079
161	0.0	0.4516	0.4574	0.7128	0.426	0.8329
162	0.0	0.2379	1.43	0.3882	1.611	0.3569
163	0.0	0.3878	0.6672	0.7905	0.5714	0.6408
164	0.0	0.847	0.9543	2.122	0.8541	1.718
165	0.0	0.6831	1.352	1.466	1.143	1.409
166	0.0	0.6757	0.7471	1.237	0.6764	1.141
167	0.0	0.6324	1.512	1.111	1.214	1.098
168	0.0	0.4239	0.8592	0.8217	0.6246	0.6179
169	0.0	0.3576	0.3963	0.8856	0.405	0.6477
170	0.0	0.6924	0.995	1.424	0.8719	1.424
171	0.0	0.5014	1.037	0.9735	0.807	0.7855
172	0.0	0.4744	1.635	0.8389	1.705	0.8207
173	0.0	0.347	0.8233	0.5207	0.8996	0.6063
174	0.0	0.8547	0.8243	1.641	0.7605	1.714
175	0.0	0.6738	0.7084	1.192	0.6309	1.3
176	0.0	0.4074	0.5987	0.6952	0.598	0.936
177	0.0	0.4277	0.6803	0.683	0.4464	0.7432
178	0.0	0.7529	1.541	1.434	1.258	1.381
179	0.0	0.4465	1.016	0.7393	0.9515	0.7175
180	0.0	0.4947	1.135	0.8317	1.15	0.8357
181	0.0	0.2303	0.6726	0.4389	0.7756	0.4122
182	0.0	0.6405	0.9823	1.214	0.9681	1.087
183	0.0	0.2436	0.9721	0.5099	0.8234	0.4595
184	0.0	0.4507	0.8363	0.9301	0.6395	0.7678
185	0.0	0.6428	0.7567	1.094	0.7232	1.198
186	0.0	0.2898	0.7357	0.4979	0.9441	0.4628
187	0.0	0.497	1.561	0.8901	1.36	0.9704
188	0.0	0.4972	1.29	0.845	1.189	0.7634
189	0.0	0.501	1.297	0.8839	1.209	0.8765
190	0.0	0.4172	0.9229	0.9143	0.8145	0.794
191	0.0	0.4469	0.7849	0.8359	0.6813	0.6937
192	0.0	0.9156	2.265	2.291	2.089	1.954
193	0.0	0.2417	0.9799	0.4109	1.117	0.4462
194	0.0	0.8401	1.2	1.765	0.9745	1.591
195	0.0	0.5861	0.8066	1.049	0.734	0.9246
196	0.0	0.4133	1.594	0.8878	1.306	0.8194
197	0.0	0.4114	0.5811	0.6085	0.6964	0.8468
198	0.0	0.5832	0.8738	1.097	0.8452	0.9613
199	0.0	0.3836	0.7815	0.6477	0.7282	0.6231
200	0.0	0.5434	0.4571	1.084	0.4066	0.9212
201	0.0	0.2976	1.361	0.5531	1.489	0.5466
202	0.0	0.3076	0.7497	0.5967	0.6712	0.5162
203	0.0	0.3593	1.378	0.7257	1.159	0.6388
204	0.0	0.9187	1.266	2.128	1.096	1.982
205	0.0	0.5082	1.114	0.9061	1.094	0.892
206	0.0	0.5464	0.4241	1.045	0.3655	1.002
207	0.0	0.6477	1.238	1.182	1.436	1.329
208	0.0	0.8546	0.418	1.444	0.5586	1.814
209	0.0	0.2914	0.2678	0.4856	0.3519	0.5452
210	0.0	0.6297	1.104	1.121	1.064	1.095
211	0.0	0.3964	0.7784	0.6835	0.8261	0.7442
212	0.0	0.4191	0.8527	0.7253	0.8054	0.8163
213	0.0	0.4552	0.7291	0.7388	0.824	0.8386
214	0.0	0.5816	1.211	1.083	1.07	0.9319
215	0.0	0.8382	1.027	2.279	0.9955	1.839
216	0.0	0.6557	0.8933	1.245	0.8456	1.122
217	0.0	0.5233	0.9173	0.9727	0.8368	0.9125
218	0.0	0.744	0.8928	1.412	0.977	1.286
219	0.0	0.6856	1.287	1.329	1.294	1.217
220	0.0	0.6027	1.527	1.049	1.343	0.9784
221	0.0	0.8226	0.4136	1.68	0.417	1.714
222	0.0	0.3677	1.554	0.9261	1.32	0.7101
223	0.0	0.5913	1.46	1.229	1.436	1.267
224	0.0	0.2875	0.5145	0.512	0.4203	0.4796
225	0.0	0.6579	1.336	1.391	1.28	1.212
226	0.0	0.6873	1.311	1.212	1.36	1.346
227	0.0	0.5897	1.083	1.178	1.355	1.012
228	0.0	0.5019	0.6984	0.862	0.7157	1.082
229	0.0	0.84	1.009	1.778	0.8938	1.984
230	0.0	0.5183	0.9507	0.9423	1.209	0.8254
231	0.0	0.4569	1.277	0.7814	1.149	0.697
232	0.0	0.5353	0.5685	0.9428	0.5391	0.9151
233	0.0	0.7166	0.9724	1.361	0.831	1.287
234	0.0	0.5104	0.5744	0.8739	0.5623	0.8396
235	0.0	0.5799	0.8952	1.063	0.7394	0.9829
236	0.0	0.4127	0.6491	0.7053	0.6804	0.7263
237	0.0	0.197	0.6714	0.3524	0.8359	0.323
238	0.0	0.6246	0.7446	1.183	0.7448	1.04
239	0.0	0.6804	1.209	1.462	1.285	1.297
240	0.0	0.5444	0.5869	0.9329	0.558	0.9498
241	0.0	0.4749	0.3905	0.844	0.3808	1.127
242	0.0	0.6846	1.173	1.399	1.005	1.228
243	0.0	0.7444	0.6812	1.638	0.5792	1.358
244	0.0	0.4346	0.8866	0.8194	0.8904	0.7413
245	0.0	0.3179	0.7825	0.5875	0.9161	0.5715
246	0.0	0.7211	1.255	1.451	1.133	1.328
247	0.0	0.3248	0.457	0.4822	0.4871	0.5059
248	0.0	0.5458	0.755	1.024	0.6916	0.8742
249	0.0	0.8168	1.036	1.503	0.8846	1.534
250	0.0	0.3348	0.4329	0.6072	0.3795	0.4998
251	0.0	0.4937	0.5206	1.0	0.5145	0.7647
252	0.0	0.2409	0.6419	0.4013	0.5906	0.4024
253	0.0	0.3229	0.8255	0.5779	0.7098	0.6787
254	0.0	0.5961	0.8156	1.11	0.7082	1.034
255	0.0	0.6192	0.7537	1.198	0.6374	1.107
256	0.0	0.1714	0.7745	0.2912	0.6071	0.2787
257	0.0	0.4201	0.8661	0.8923	0.7689	0.864
258	0.0	0.5589	1.024	1.048	0.8563	0.8559
259	0.0	0.7913	1.033	1.69	1.007	1.573
260	0.0	0.206	0.63	0.395	0.6743	0.4246
261	0.0	0.6928	1.333	1.44	1.178	1.365
262	0.0	0.5568	1.329	1.011	1.172	0.8861
263	0.0	0.6717	1.034	1.323	0.87	1.142
264	0.0	0.6714	1.244	1.281	1.089	1.144
265	0.0	0.4147	0.4665	0.6809	0.5007	0.665
266	0.0	0.2272	0.5925	0.3991	0.5558	0.3569
267	0.0	0.4115	0.6146	0.8211	0.5161	0.6291
268	0.0	0.656	0.9064	1.208	1.002	1.184
269	0.0	0.622	0.6314	1.29	0.5464	1.083
270	0.0	0.5405	0.7232	0.9246	0.6746	0.9805
271	0.0	0.4751	1.3	0.8587	1.052	0.7903
272	0.0	0.708	0.8137	1.497	0.7361	1.232
273	0.0	0.2571	0.405	0.5013	0.3205	0.3754
274	0.0	0.6787	0.6342	1.268	0.5804	1.346
275	0.0	0.615	0.8415	1.358	0.7556	1.002
276	0.0	0.4932	1.036	0.8622	1.231	0.8216
277	0.0	0.5454	0.7876	0.9791	0.7265	1.193
278	0.0	0.7823	1.276	1.455	1.399	1.565
279	0.0	0.6698	0.7374	1.077	0.7054	1.307
280	0.0	0.2711	0.4666	0.4211	0.558	0.436
281	0.0	0.395	0.1704	0.7194	0.2345	0.6188
282	0.0	0.8122	1.185	2.527	0.9741	2.044
283	0.0	0.4386	0.8288	0.6946	0.7994	0.7255
284	0.0	0.6514	0.6208	1.246	0.6053	1.08
285	0.0	0.163	0.4672	0.276	0.5134	0.2591
286	0.0	0.5338	0.8707	1.068	0.7233	0.8467
287	0.0	0.3959	1.008	0.6793	0.8715	0.695
288	0.0	0.5108	1.087	1.061	0.8736	0.8014
289	0.0	0.6964	1.101	1.071	1.166	1.376
290	0.0	0.283	0.4716	0.4758	0.4732	0.4622
291	0.0	0.6741	0.9504	1.171	0.8312	1.176
292	0.0	0.4817	1.117	0.8218	1.096	0.7172
293	0.0	0.6847	0.911	1.227	0.838	1.417
294	0.0	0.3944	0.2518	0.7013	0.3626	0.6756
295	0.0	0.4838	0.9091	0.9085	0.8407	0.6976
296	0.0	0.6351	1.505	1.106	1.257	1.404
297	0.0	0.5378	0.7302	1.082	0.8575	0.9966
298	0.0	0.914	0.7272	2.032	0.6166	1.905
299	0.0	0.5642	0.5873	0.9621	0.529	0.9148
300	0.0	0.5205	0.3762	1.145	0.336	1.253
301	0.0	0.4177	0.5785	0.5929	0.6076	0.8124
302	0.0	0.5563	0.5983	1.039	0.5263	0.9198
303	0.0	0.4123	0.361	0.6499	0.3213	0.6535
304	0.0	0.2831	0.8131	0.4562	0.9321	0.4546
305	0.0	0.3222	1.572	0.659	1.499	0.6767
306	0.0	0.282	0.7323	0.5167	0.6722	0.4439
307	0.0	0.3012	0.835	0.6537	0.7574	0.6438
308	0.0	0.8371	0.6098	1.585	0.5407	1.622
309	0.0	0.5846	0.9094	1.145	0.7506	1.002
310	0.0	0.4418	1.182	0.8136	1.041	0.7372
311	0.0	0.6286	0.4102	1.075	0.3876	1.215
312	0.0	0.7184	1.578	1.454	1.513	1.582
313	0.0	0.4022	0.582	0.7525	0.6027	0.648
314	0.0	0.426	0.9227	0.7594	0.9614	0.7142
315	0.0	0.2373	0.2675	0.3953	0.3155	0.4284
316	0.0	0.2865	0.422	0.4854	0.355	0.4543
317	0.0	0.4487	0.2841	0.649	0.293	0.81
318	0.0	0.6524	1.044	1.401	0.9583	1.152
319	0.0	0.8433	1.527	1.771	1.142	1.658
320	0.0	0.7325	1.085	1.447	0.9678	1.247
321	0.0	0.439	0.8793	0.6815	0.7165	0.8212
322	0.0	0.9722	1.135	2.079	1.042	1.902
323	0.0	0.7223	0.8871	1.439	0.8695	1.289
324	0.0	0.5776	0.9505	0.9854	0.9122	1.028
325	0.0	0.7409	1.593	1.686	1.7	1.818
326	0.0	0.4906	1.733	0.9821	1.38	0.8656
327	0.0	0.7972	0.9026	1.722	0.7662	1.685
328	0.0	0.2516	0.6577	0.433	0.7171	0.4431
329	0.0	0.608	1.369	1.283	1.056	0.9793
330	0.0	0.6815	0.8905	1.156	0.9177	1.252
331	0.0	0.6209	0.4691	1.132	0.4547	1.042
332	0.0	0.3551	0.6967	0.6454	0.7324	0.7483
333	0.0	0.6123	1.77	1.119	1.667	1.604
334	0.0	0.3575	0.5728	0.6208	0.5443	0.6815
335	0.0	0.6673	1.713	1.217	1.56	1.328
336	0.0	0.6305	0.5742	1.047	0.5106	1.26
337	0.0	0.7001	1.279	1.464	1.08	1.177
338	0.0	0.6881	0.6693	1.405	0.6069	1.174
339	0.0	0.857	1.05	1.851	0.8555	1.589
340	0.0	0.4191	1.047	0.9128	0.8621	0.7226
341	0.0	0.1824	0.5223	0.2967	0.4462	0.2842
342	0.0	0.6352	0.9449	0.9376	1.232	1.191
343	0.0	0.6694	1.017	1.41	0.8951	1.2
344	0.0	0.5664	1.096	1.176	0.9957	0.9033
345	0.0	0.4589	1.181	0.7848	1.001	1.337
346	0.0	0.6978	1.234	1.324	0.9712	1.207
347	0.0	0.479	1.293	0.9758	1.072	0.7768
348	0.0	0.3217	0.8235	0.5247	0.7558	0.5729
349	0.0	0.4098	1.064	0.6368	1.248	0.9374
350	0.0	0.7326	1.159	1.653	0.9737	1.473
351	0.0	0.315	0.4073	0.4782	0.3924	0.5258
352	0.0	0.4695	1.027	0.8065	1.004	0.7075
353	0.0	0.7069	0.8778	1.485	0.7963	1.239
354	0.0	0.2169	0.5635	0.3716	0.5532	0.3275
355	0.0	0.839	1.315	2.084	1.194	1.813
356	0.0	0.4031	0.6984	0.6337	0.7465	0.6853
357	0.0	0.1916	0.6388	0.3609	0.6058	0.3879
358	0.0	0.7991	0.5733	2.018	0.4148	1.427
359	0.0	0.6763	0.3612	1.422	0.2271	1.196
360	0.0	0.6015	0.7411	0.9927	0.8398	1.206
361	0.0	0.5721	1.007	1.017	0.8794	1.059
362	0.0	0.8987	0.8284	1.899	0.7061	1.81
363	0.0	0.8062	1.343	1.684	1.176	1.561
364	0.0	0.5435	1.238	1.109	1.07	0.978
365	0.0	0.7553	1.454	1.435	1.135	1.413
366	0.0	0.5533	1.002	0.9537	0.849	0.8838
367	0.0	0.2939	0.8012	0.4852	0.7003	0.4452
368	0.0	0.5945	0.4602	1.076	0.5035	1.011
369	0.0	0.3144	0.6853	0.4519	0.748	0.5326
370	0.0	0.2789	0.6082	0.4379	0.5757	0.5188
371	0.0	0.6192	1.009	1.316	0.9991	1.227
372	0.0	0.349	0.8632	0.5602	0.7511	0.5856
373	0.0	0.7316	1.284	1.538	1.101	1.605
374	0.0	0.4313	0.7432	0.7954	0.6408	0.8204
375	0.0	0.3839	0.6584	0.6342	0.6769	0.5799
376	0.0	0.5878	0.8016	1.221	0.678	0.8783
377	0.0	0.2227	0.3198	0.4184	0.2867	0.3737
378	0.0	0.6158	1.07	1.129	1.065	1.542
379	0.0	0.5152	0.7765	0.996	0.7347	0.7846
380	0.0	0.4019	0.8005	0.6759	0.7919	0.7663
381	0.0	0.4015	0.894	0.6727	0.879	0.7748
382	0.0	0.3663	1.203	0.7451	1.157	0.6919
383	0.0	0.4265	1.217	0.7849	1.144	0.7023
384	0.0	0.2618	0.8039	0.4277	0.7695	0.3947
385	0.0	0.366	0.5973	0.6539	0.5875	0.6612
386	0.0	0.8121	1.147	2.58	1.017	2.034
387	0.0	0.4138	0.6453	0.713	0.6032	0.7094
388	0.0	0.4935	0.9237	0.8677	0.7986	0.8006
389	0.0	0.2098	0.328	0.3691	0.3434	0.4148
390	0.0	0.6661	0.5895	1.361	0.5204	1.101
391	0.0	0.2012	0.821	0.3566	0.9692	0.3505
392	0.0	0.5617	0.8968	1.143	0.7766	0.9202
393	0.0	0.4083	1.112	0.7204	1.165	0.7921
394	0.0	0.2859	0.6072	0.501	0.5705	0.4583
395	0.0	0.4581	1.35	0.7639	1.424	0.7761
396	0.0	0.505	0.8774	0.9103	0.7164	0.7894
397	0.0	0.6974	0.7749	1.594	0.7115	1.449
398	0.0	0.4267	0.4535	0.7503	0.5045	0.7567
399	0.0	0.638	0.7365	1.087	0.6712	1.087
400	0.0	0.7006	1.688	1.237	1.02	1.364
401	0.0	0.2239	0.2854	0.448	0.2487	0.3683
402	0.0	0.6452	1.008	1.331	1.033	0.9984
403	0.0	0.6966	0.994	1.643	0.8477	1.254
404	0.0	0.3761	0.7399	0.7529	0.7848	0.817
405	0.0	0.2737	0.8155	0.3491	1.057	0.5695
406	0.0	0.6313	1.084	1.169	0.9228	1.043
407	0.0	0.4059	0.5311	0.6854	0.4831	0.7376
408	0.0	0.4024	0.4803	0.6231	0.4711	0.7696
409	0.0	0.3039	1.355	0.5372	1.271	0.6222
410	0.0	0.1836	0.6266	0.2931	0.5632	0.2684
411	0.0	0.2378	0.4425	0.4232	0.5267	0.444
412	0.0	0.4503	0.774	0.7899	0.6718	0.6658
413	0.0	0.5652	1.4	1.093	1.249	0.885
414	0.0	0.3186	0.6197	0.5183	0.6006	0.5063
415	0.0	0.6322	2.14	1.138	1.923	1.107
416	0.0	0.6356	0.8076	1.392	0.7553	1.525
417	0.0	0.4038	0.7084	0.7965	0.5699	0.7209
418	0.0	0.6422	1.252	1.252	1.085	1.084
419	0.0	0.4563	0.4281	0.7835	0.5341	0.998
420	0.0	0.2101	0.3949	0.349	0.3977	0.3459
421	0.0	0.2755	0.7552	0.4453	0.8866	0.4229
422	0.0	0.5441	0.7374	0.995	0.7237	0.921
423	0.0	0.9097	0.7186	2.029	0.6015	1.856
424	0.0	0.4369	1.138	0.8328	1.095	0.7351
425	0.0	0.6767	0.8325	2.224	0.9385	1.646
426	0.0	0.9538	1.631	1.812	1.446	2.343
427	0.0	0.5997	1.567	1.181	1.317	1.109
428	0.0	0.6159	0.8852	1.138	0.7061	1.05
429	0.0	0.7681	1.86	1.821	1.688	1.523
430	0.0	0.7238	2.294	2.435	1.51	1.815
431	0.0	0.7677	1.222	1.623	1.281	2.168
432	0.0	0.3362	0.8938	0.6221	0.6658	0.5891
433	0.0	0.4167	0.7759	0.6675	0.6911	0.6578
434	0.0	0.8002	0.8233	1.445	0.7298	1.48
435	0.0	0.5785	0.9713	1.196	0.8785	1.024
436	0.0	0.4868	0.4487	0.9518	0.4293	1.019
437	0.0	0.6189	1.614	1.21	1.294	1.183
438	0.0	0.554	0.6329	0.8886	0.6681	1.016
439	0.0	0.7369	1.04	1.508	0.9474	2.048
440	0.0	0.6403	1.0	1.057	0.9367	1.186
441	0.0	0.4113	1.267	0.7037	1.008	0.6007
442	0.0	0.4389	0.7454	0.7751	0.6854	0.7009
443	0.0	0.4193	0.9799	0.7304	0.8399	0.6734
444	0.0	0.384	0.4132	0.6311	0.442	0.6454
445	0.0	0.2258	0.2664	0.4345	0.2906	0.351
446	0.0	0.3422	0.8473	0.5033	0.965	0.5075
447	0.0	0.5407	0.22	1.006	0.1158	0.8882
448	0.0	0.4095	0.6451	0.7508	0.6139	0.6159
449	0.0	0.3495	0.6968	0.5975	0.7819	0.8103
450	0.0	0.7661	0.7465	1.596	0.6093	1.392
451	0.0	0.5235	0.6219	1.044	0.5307	0.9586
452	0.0	0.3204	0.8085	0.5726	0.8035	0.6104
453	0.0	0.4179	0.7005	0.6159	0.7901	0.8624
454	0.0	0.612	1.451	1.186	1.357	1.16
455	0.0	0.3453	0.3715	0.5506	0.4501	0.5767
456	0.0	0.5221	0.9407	0.8397	0.752	0.9474
457	0.0	0.7345	1.119	1.45	0.8942	1.31
458	0.0	0.3201	0.6225	0.6138	0.5711	0.5841
459	0.0	0.7248	0.41	1.583	0.43	1.217
460	0.0	0.4102	0.6636	0.7155	0.6649	0.7487
461	0.0	0.2347	0.2503	0.4402	0.2423	0.4045
462	0.0	0.8464	0.9664	1.647	0.9891	1.608
463	0.0	0.5908	0.9895	1.147	0.8603	1.125
464	0.0	0.4449	0.4213	0.9095	0.3589	0.8621
465	0.0	0.6735	1.062	1.229	1.065	1.437
466	0.0	0.6177	1.032	1.205	0.8321	1.036
467	0.0	0.7168	0.8864	1.477	0.7621	1.506
468	0.0	0.5636	1.141	1.146	1.027	0.9136
469	0.0	0.6973	1.332	1.29	1.056	1.361
470	0.0	0.6944	1.047	1.35	0.867	1.287
471	0.0	0.6334	0.9449	1.362	0.8552	1.024
472	0.0	0.5065	1.01	1.01	0.9069	0.7674
473	0.0	0.4665	0.4534	0.7721	0.5123	0.9158
474	0.0	0.1893	0.6485	0.3205	0.6657	0.302
475	0.0	0.4597	0.3865	0.8202	0.2893	0.7438
476	0.0	0.6599	0.6791	1.231	0.7113	1.129
477	0.0	0.6792	1.038	1.475	1.008	1.339
478	0.0	0.4781	0.9208	0.8582	0.8049	0.8192
479	0.0	0.7007	0.6825	1.345	0.6246	1.234
480	0.0	0.5758	1.848	1.137	1.615	0.9568
481	0.0	0.371	0.6092	0.6268	0.6235	0.6384
482	0.0	0.6637	0.9675	1.462	0.8147	1.585
483	0.0	0.6421	1.151	1.228	0.9115	1.117
484	0.0	0.4711	1.384	1.094	1.351	1.014
485	0.0	0.4161	0.3743	0.6748	0.5916	0.8
486	0.0	0.65	0.9646	1.384	1.041	1.201
487	0.0	0.7215	0.8763	1.153	0.38	1.399
488	0.0	0.2794	0.4443	0.416	0.4839	0.4088
489	0.0	0.3602	0.5887	0.5388	0.6099	0.5843
490	0.0	0.7281	1.236	1.557	1.206	1.567
491	0.0	0.3938	0.8853	0.6766	1.082	0.6865
492	0.0	0.4577	1.125	0.7896	0.9213	0.8069
493	0.0	0.1919	0.5192	0.3397	0.5343	0.4503
494	0.0	0.7657	0.8448	1.619	0.7815	1.423
495	0.0	0.3448	0.5883	0.6759	0.6427	0.6362
496	0.0	0.5754	1.067	1.035	0.9097	1.121
497	0.0	0.5164	1.046	0.8895	1.073	0.979
498	0.0	0.2782	0.4301	0.4347	0.3355	0.4759
499	0.0	0.5416	0.735	0.9232	0.7008	0.943
500	0.0	0.5909	1.035	1.117	0.923	0.9115
501	0.0	0.5385	1.796	1.097	1.381	0.9935
502	0.0	0.3352	0.7564	0.5947	0.8506	0.6284
503	0.0	0.3914	1.532	0.6514	1.268	0.5805
504	0.0	0.833	0.7844	1.916	0.6641	1.736
505	0.0	0.311	0.459	0.6422	0.4532	0.5945
506	0.0	0.6756	1.46	1.228	1.216	1.147
507	0.0	0.5008	0.7427	0.783	0.6753	0.8156
508	0.0	0.4198	0.6341	0.7907	0.6826	0.7938
509	0.0	0.3141	0.5176	0.4312	0.4145	0.5165
510	0.0	0.5935	0.9498	1.137	0.9299	0.9717
511	0.0	0.3665	0.5741	0.5645	0.5386	0.5974
512	0.0	0.4598	0.5487	0.8312	0.3549	0.7338
513	0.0	0.4663	1.239	0.9231	1.73	0.9706
514	0.0	0.2249	0.3892	0.4175	0.5582	0.3891
515	0.0	0.6295	0.1433	1.11	0.2118	1.177
516	0.0	0.6616	0.8054	1.225	0.6528	1.171
517	0.0	0.4902	1.151	0.8165	0.9127	0.7579
518	0.0	0.6161	0.4758	1.224	0.4951	1.189
519	0.0	0.5908	1.605	0.9468	1.602	1.285
520	0.0	0.7016	0.1905	1.557	0.2376	1.565
521	0.0	0.4075	0.7404	0.6947	0.735	0.7203
522	0.0	0.3807	1.567	0.6142	1.253	0.5836
523	0.0	0.4292	0.5267	0.7339	0.4895	0.7895
524	0.0	0.2934	0.6042	0.5452	0.6313	0.5243
525	0.0	0.3126	0.8533	0.4948	0.8781	0.5049
526	0.0	0.5083	1.128	0.919	0.954	0.7878
527	0.0	0.6095	1.312	1.122	1.191	1.161
528	0.0	0.69	1.172	1.373	0.9336	1.286
529	0.0	0.5316	0.747	0.9321	0.6551	1.071
530	0.0	0.7933	0.8988	1.598	0.8588	1.551
531	0.0	0.6983	0.8692	1.42	0.774	1.252
532	0.0	0.5905	0.6699	1.099	0.6707	1.067
533	0.0	0.7001	1.149	1.567	0.9304	1.471
534	0.0	0.6103	1.36	1.367	1.087	1.262
535	0.0	0.7141	1.053	1.452	0.9566	1.278
536	0.0	0.4053	0.5316	0.6787	0.4435	0.6634
537	0.0	0.5578	0.6769	1.076	0.5895	0.8811
538	0.0	0.524	0.7129	0.9245	0.6444	0.8106
539	0.0	0.4871	1.076	0.7729	0.8554	0.8188
540	0.0	0.3399	0.5684	0.6237	0.5294	0.671
541	0.0	0.7671	0.4626	1.549	0.2549	1.776
542	0.0	0.1408	0.8256	0.25	0.8456	0.2813
543	0.0	0.6843	1.28	1.517	0.9792	1.392
544	0.0	0.6155	0.725	1.32	0.7926	1.025
545	0.0	0.6879	1.644	1.404	1.294	1.183
546	0.0	0.7337	0.9608	1.472	0.8592	1.375
547	0.0	0.6013	1.008	1.165	0.7849	1.056
548	0.0	0.3621	0.6203	0.6268	0.6972	0.5893
549	0.0	0.1601	1.572	0.3109	1.546	0.2553
550	0.0	0.4331	0.6341	0.7207	0.5621	0.8482
551	0.0	0.6071	0.8463	1.139	0.7803	1.129
552	0.0	0.4781	0.6895	0.868	0.7489	0.8736
553	0.0	0.3728	0.347	0.6294	0.4103	0.8646
554	0.0	0.6202	0.7557	1.152	0.6415	1.05
555	0.0	0.3875	1.317	0.847	1.078	0.664
556	0.0	0.4384	2.017	0.7657	0.9953	0.7501
557	0.0	0.391	0.9325	0.5939	0.7508	0.7392
558	0.0	0.689	0.4879	1.389	0.3115	1.225
559	0.0	0.3691	0.5312	0.5005	0.625	0.6221
560	0.0	0.512	1.447	0.9616	1.201	0.8154
561	0.0	0.7071	0.667	1.484	0.6289	1.234
562	0.0	0.4538	0.6131	0.756	0.6404	0.7909
563	0.0	0.6431	0.5253	1.179	0.5535	1.136
564	0.0	0.2482	0.5112	0.3727	0.5221	0.4158
565	0.0	0.2687	0.5454	0.4609	0.5077	0.4529
566	0.0	0.7204	1.092	1.565	0.9071	1.272
567	0.0	0.5526	0.9558	0.9297	0.8756	0.9985
568	0.0	0.2738	0.3689	0.4974	0.3421	0.5175
569	0.0	0.5349	1.1	1.043	1.133	0.975
570	0.0	0.5149	0.9456	0.8516	0.8258	0.8437
571	0.0	0.6515	1.203	1.258	1.042	1.135
572	0.0	0.5278	0.2028	0.9785	0.2033	0.8561
573	0.0	0.6856	1.163	1.346	1.025	1.237
574	0.0	0.5121	0.9104	0.8777	0.8215	0.8155
575	0.0	0.5753	1.01	1.133	0.8967	0.9021
576	0.0	0.6486	1.217	1.289	0.9585	1.053
577	0.0	0.2171	0.5344	0.3046	0.5431	0.3464
578	0.0	0.1438	0.5276	0.2401	0.5604	0.2347
579	0.0	0.3559	0.7982	0.8253	0.725	0.5797
580	0.0	0.3206	1.039	0.5406	0.9521	0.5153
581	0.0	0.617	0.8661	1.198	0.7877	0.9979
582	0.0	0.5594	0.8525	1.039	0.7392	0.8957
583	0.0	0.6383	1.559	1.095	1.133	1.182
584	0.0	0.6655	1.228	1.343	0.9574	1.105
585	0.0	0.272	0.4373	0.4924	0.406	0.4038
586	0.0	0.6557	0.5142	1.401	0.4618	1.104
587	0.0	0.4923	1.302	0.8602	1.008	0.7485
588	0.0	0.4223	1.035	0.7307	1.104	0.7073
589	0.0	0.3917	0.4942	0.6089	0.5413	0.7581
590	0.0	0.5179	0.6375	1.013	0.5333	0.956
591	0.0	0.7908	0.795	1.552	0.7416	1.415
592	0.0	0.3062	0.4148	0.4777	0.4921	0.4825
593	0.0	0.4046	0.7055	0.6576	0.6643	0.7007
594	0.0	0.8219	1.69	2.205	1.436	1.711
595	0.0	0.3515	0.9543	0.6256	0.6859	0.6039
596	0.0	0.5964	0.6998	1.062	0.7304	0.9365
597	0.0	0.1992	0.4814	0.3404	0.4324	0.3762
598	0.0	0.9132	0.9527	2.047	1.032	1.576
599	0.0	0.2897	0.3247	0.5138	0.2748	0.5778
600	0.0	0.4345	0.6988	0.8141	0.6296	0.7419
601	0.0	0.4099	1.009	0.7109	1.214	0.6936
602	0.0	0.2294	0.8597	0.5088	0.7287	0.4194
603	0.0	0.4633	0.9425	0.8376	0.9578	0.8321
604	0.0	0.4108	0.8198	0.6865	0.677	0.6206
605	0.0	0.8463	1.508	2.262	1.509	1.864
606	0.0	0.3227	0.9689	0.5974	0.8488	0.5925
607	0.0	0.4571	0.5463	0.8007	0.5215	0.773
608	0.0	0.6445	0.47	1.642	0.3972	1.254
609	0.0	0.4404	0.5367	0.7873	0.5994	0.754
610	0.0	0.7485	0.6556	1.59	0.5495	1.401
611	0.0	0.656	0.7947	1.262	0.7143	1.12
612	0.0	0.5472	0.8011	1.091	0.8222	1.115
613	0.0	0.2426	0.56	0.3077	0.7774	0.4054
614	0.0	0.4121	1.143	0.7164	0.9304	0.6926
615	0.0	0.2302	0.5226	0.399	0.433	0.3755
616	0.0	0.2925	0.5109	0.4715	0.4785	0.4564
617	0.0	0.3069	1.949	0.5851	1.246	0.5824
618	0.0	0.4426	0.8319	0.7832	0.6866	0.8313
619	0.0	0.2232	0.389	0.3732	0.3256	0.3667
620	0.0	0.5264	0.8906	0.9826	0.6904	0.8772
621	0.0	0.5786	1.198	1.01	1.011	0.9048
622	0.0	0.5859	0.5245	1.263	0.4709	0.9915
623	0.0	0.8977	0.9325	1.934	0.9945	1.685
624	0.0	0.7221	0.1847	1.317	0.2002	1.391
625	0.0	0.3459	0.3451	0.5922	0.3924	0.5829
626	0.0	0.5762	0.9976	1.008	0.8693	1.007
627	0.0	0.187	0.3917	0.2988	0.4916	0.3432
628	0.0	0.3104	0.6955	0.4904	0.6995	0.5048
629	0.0	0.3167	0.3709	0.5498	0.41	0.5305
630	0.0	0.6732	1.028	1.413	0.8779	1.114
631	0.0	0.5645	1.343	0.9991	0.9994	0.9572
632	0.0	0.6871	1.713	1.319	1.359	1.273
633	0.0	0.2621	0.9021	0.5927	0.8779	0.4488
634	0.0	0.6484	1.066	1.324	0.9274	1.025
635	0.0	0.6747	1.036	1.346	0.9413	1.149
636	0.0	0.5897	0.7652	1.1	0.7501	1.004
637	0.0	0.8069	1.559	1.622	1.488	1.999
638	0.0	0.6018	1.164	1.836	1.089	1.507
639	0.0	0.6493	1.486	1.284	1.556	1.26
640	0.0	0.2848	0.1339	0.4904	0.1443	0.4896
641	0.0	0.6064	1.05	1.185	0.8864	1.036
642	0.0	0.7796	0.8021	1.642	0.7087	1.405
643	0.0	0.6203	0.7915	1.146	0.8129	1.099
644	0.0	0.3257	0.5701	0.5487	0.671	0.5294
645	0.0	0.6552	0.8404	1.414	0.7509	1.238
646	0.0	0.3722	0.6755	0.6396	0.6154	0.6041
647	0.0	0.6828	0.994	1.458	0.8385	1.288
648	0.0	0.4675	1.095	0.7914	1.171	0.8813
649	0.0	0.5454	1.188	0.916	1.11	0.9228
650	0.0	0.5587	0.461	0.936	0.2617	0.9307
651	0.0	0.6006	0.7635	1.13	0.7005	1.038
652	0.0	0.3536	0.4427	0.5303	0.4304	0.5783
653	0.0	0.1783	0.728	0.3146	0.6453	0.3618
654	0.0	0.4315	1.139	0.776	0.909	0.7004
655	0.0	0.5978	1.082	1.189	0.9841	1.106
656	0.0	0.4094	0.5935	0.6666	0.4906	0.9301
657	0.0	0.5834	0.6512	0.9703	0.6131	1.285
658	0.0	0.6039	1.2	1.127	1.072	1.072
659	0.0	0.3716	0.6359	0.6304	0.5465	0.5812
660	0.0	0.3013	0.6692	0.5266	0.7356	0.5432
661	0.0	0.4351	0.6136	0.6339	0.6728	0.9912
662	0.0	0.7118	0.951	1.418	0.9381	1.397
663	0.0	0.3204	0.6541	0.4857	0.7529	0.5673
664	0.0	0.6182	0.2419	1.309	0.33	1.002
665	0.0	0.5907	1.026	0.9961	0.9318	1.002
666	0.0	0.3513	0.6063	0.6481	0.5891	0.6368
667	0.0	0.6257	1.006	1.302	0.8334	1.071
668	0.0	0.2958	0.7904	0.541	0.7997	0.5721
669	0.0	0.1656	0.3098	0.2479	0.3313	0.3516
670	0.0	0.5712	0.9614	0.9917	0.9397	1.053
671	0.0	0.528	1.313	0.973	1.141	1.007
672	0.0	0.1877	0.6246	0.3092	0.6886	0.3005
673	0.0	0.5236	0.9671	1.122	1.007	1.112
674	0.0	0.6187	1.037	1.126	0.8837	1.073
675	0.0	0.6439	0.791	1.321	0.8038	1.19
676	0.0	0.4929	0.7528	0.9315	0.7358	0.8797
677	0.0	0.6807	0.8693	1.603	0.723	1.29
678	0.0	0.7261	1.348	1.462	1.233	1.269
679	0.0	0.5617	0.4731	1.051	0.4481	0.9991
680	0.0	0.494	1.13	1.022	0.9064	0.7804
681	0.0	0.4666	0.4365	0.7431	0.1406	0.8658
682	0.0	0.1469	0.4642	0.2235	0.5343	0.2278
683	0.0	0.4735	1.207	0.9796	1.111	0.8816
684	0.0	0.4692	0.7416	0.8098	0.794	0.8664
685	0.0	0.6881	0.7405	1.43	0.7512	1.563
686	0.0	0.498	0.9048	0.8353	0.8248	0.8552
687	0.0	0.5275	0.6044	0.9045	0.5453	0.8357
688	0.0	0.4194	0.7511	0.8211	0.574	0.6818
689	0.0	0.2794	0.292	0.487	0.2875	0.4557
690	0.0	0.4939	1.093	0.9177	0.9778	1.146
691	0.0	0.608	0.7464	1.167	0.6366	0.9997
692	0.0	0.5537	0.8983	1.072	0.8359	1.143
693	0.0	0.4006	0.6482	0.5931	0.6738	0.6923
694	0.0	0.3942	0.6383	0.6681	0.5273	0.65
695	0.0	0.6243	0.7607	1.183	0.7103	1.011
696	0.0	0.2453	0.4966	0.3947	0.5184	0.3824
697	0.0	0.4064	0.8556	0.6112	0.7844	0.6871
698	0.0	0.8226	1.333	2.66	1.229	2.065
699	0.0	0.3379	0.6612	0.5513	0.5993	0.5359
700	0.0	0.4041	1.319	0.6368	1.335	0.6142
701	0.0	0.3276	0.5345	0.5974	0.497	0.6495
702	0.0	0.5868	0.9606	1.077	0.8924	0.9593
703	0.0	0.2161	0.4463	0.3663	0.4654	0.418
704	0.0	0.5823	0.9682	1.003	0.8846	1.163
705	0.0	0.6168	0.9931	0.9675	0.8535	1.073
706	0.0	0.3128	0.6831	0.4752	0.6317	0.5298
707	0.0	0.4638	0.5768	0.7989	0.6419	0.8056
708	0.0	0.4209	0.7036	0.7053	0.7461	0.6568
709	0.0	0.7876	1.143	1.979	0.8021	1.465
710	0.0	0.3659	0.2389	0.6486	0.2808	0.6471
711	0.0	0.6078	1.147	1.063	0.8718	1.03
712	0.0	0.7114	0.2337	1.754	0.2769	1.557
713	0.0	0.2503	0.2849	0.4356	0.3736	0.4493
714	0.0	0.4974	1.042	0.9032	0.8833	0.8464
715	0.0	0.4544	1.23	0.7684	1.105	0.7849
716	0.0	0.4388	0.8036	0.7904	0.8281	0.8834
717	0.0	0.3007	0.3248	0.3945	0.391	0.6368
718	0.0	0.5728	1.135	1.051	1.021	1.002
719	0.0	0.4303	0.5084	0.7051	0.4511	0.6993
720	0.0	0.2409	0.8396	0.4075	0.9044	0.3931
721	0.0	0.3795	0.4595	0.7273	0.4422	0.7819
722	0.0	0.3465	0.2724	0.5603	0.3475	0.5641
723	0.0	0.3194	0.8375	0.5723	0.8886	0.5536
724	0.0	0.7378	0.7886	1.417	0.6719	1.379
725	0.0	0.4806	1.174	0.84	1.24	0.7316
726	0.0	0.6332	0.6946	1.257	0.7468	1.057
727	0.0	0.5579	0.7327	0.9196	0.8479	1.092
728	0.0	0.7255	0.6971	1.572	0.6575	1.455
729	0.0	0.2483	0.6458	0.4566	0.5328	0.46
730	0.0	0.4639	0.6601	0.7824	0.5624	0.7123
731	0.0	0.3487	0.4638	0.5908	0.5396	0.6102
732	0.0	0.2609	0.6255	0.4806	0.5785	0.4289
733	0.0	0.3517	0.1948	0.5489	0.2007	0.5988
734	0.0	0.5965	1.041	1.03	0.9479	1.1
735	0.0	0.8334	0.9621	1.657	1.055	1.564
736	0.0	0.5774	1.309	1.071	1.005	1.279
737	0.0	0.6074	0.8633	1.054	0.8401	1.105
738	0.0	0.6741	1.113	1.62	1.006	1.07
739	0.0	0.4642	1.463	0.8552	1.397	0.8082
740	0.0	0.4879	0.6286	0.7683	0.5492	0.776
741	0.0	0.7626	0.7484	1.378	0.5645	1.354
742	0.0	0.6507	1.236	1.692	0.9676	1.455
743	0.0	0.6067	1.187	1.145	1.197	1.301
744	0.0	0.2436	0.6822	0.4476	0.6805	0.3978
745	0.0	0.5938	1.264	1.109	0.9861	1.004
746	0.0	0.604	0.7976	1.011	0.7173	1.105
747	0.0	0.6667	0.7354	1.355	0.7591	1.093
748	0.0	0.2988	0.7669	0.4652	0.9097	0.478
749	0.0	0.6437	1.193	1.352	1.092	1.637
750	0.0	0.3399	0.8572	0.6221	0.815	0.6841
751	0.0	0.5014	1.482	0.8599	1.377	0.7475
752	0.0	0.512	0.7735	1.022	0.8474	0.9341
753	0.0	0.6194	1.154	1.176	1.036	1.081
754	0.0	0.6174	1.193	1.048	1.038	1.089
755	0.0	0.6227	1.167	1.225	1.044	1.04
756	0.0	0.4394	0.4287	0.7517	0.4708	0.7701
757	0.0	0.1815	0.7152	0.3499	0.823	0.3053
758	0.0	0.4924	1.056	0.8904	1.19	0.9611
759	0.0	0.328	1.077	0.5449	0.9665	0.5333
760	0.0	0.5723	0.7366	1.065	0.6774	1.021
761	0.0	0.3715	0.3583	0.7659	0.2921	0.7633
762	0.0	0.4904	1.193	0.8333	0.9849	0.812
763	0.0	0.4946	1.34	0.9715	1.136	0.8368
764	0.0	0.2563	0.4823	0.408	0.5814	0.3968
765	0.0	0.362	0.8955	0.5207	0.9955	0.7495
766	0.0	0.5878	0.9258	1.034	0.9052	1.484
767	0.0	0.3023	0.3548	0.4708	0.4062	0.495
768	0.0	0.4335	0.8786	0.7419	0.8517	0.722
769	0.0	0.6638	1.133	1.267	1.038	1.101
770	0.0	0.3706	0.4269	0.5914	0.3847	0.6395
771	0.0	0.617	0.7277	1.149	0.6688	0.9887
772	0.0	0.3717	0.7068	0.6971	0.8355	0.7285
773	0.0	0.221	0.4452	0.4	0.4393	0.3519
774	0.0	0.6318	0.7422	1.285	0.5275	1.058
775	0.0	0.6047	1.19	1.093	1.023	1.185
776	0.0	0.4295	0.4943	0.6757	0.591	0.7288
777	0.0	0.4836	0.7549	0.8116	0.7882	0.9277
778	0.0	0.6109	0.9919	1.16	0.8647	1.029
779	0.0	0.7126	0.8387	1.349	0.7698	1.281
780	0.0	0.4038	1.035	0.7757	0.9731	0.7148
781	0.0	0.6424	0.9826	1.222	0.866	1.166
782	0.0	0.6427	0.5975	1.205	0.5066	1.143
783	0.0	0.4115	1.085	0.7377	0.9473	0.6772
784	0.0	0.5805	0.1506	1.152	0.1539	0.9406
785	0.0	0.4251	0.5234	0.6212	0.565	0.7426
786	0.0	0.173	0.8404	0.2795	0.9104	0.2861
787	0.0	0.4097	0.7643	1.032	0.7916	0.7006
788	0.0	0.5967	1.276	1.155	1.044	0.9927
789	0.0	0.5668	1.27	1.105	1.306	1.155
790	0.0	0.5997	0.7496	1.17	0.7082	0.9752
791	0.0	0.7567	1.182	1.491	0.966	1.309
792	0.0	0.4681	0.6676	0.8357	0.5326	0.7771
793	0.0	0.189	0.5323	0.3039	0.4924	0.2817
794	0.0	0.5483	0.4206	1.022	0.3352	0.9448
795	0.0	0.4	0.9273	0.7648	0.6986	0.6438
796	0.0	0.4438	0.8902	0.7761	0.9619	0.9146
797	0.0	0.3838	0.6816	0.6263	0.6648	0.6457
798	0.0	0.4919	0.7564	0.8378	0.6887	0.7563
799	0.0	0.5269	0.8287	0.8792	0.7396	0.8782
800	0.0	0.2723	0.3665	0.4067	0.4366	0.4899
801	0.0	0.4808	0.5999	0.7422	0.7013	0.8154
802	0.0	0.643	0.9707	1.158	0.8383	1.188
803	0.0	0.3314	0.7846	0.5176	0.7596	0.5489
804	0.0	0.3601	1.183	0.5626	1.01	0.5535
805	0.0	0.2839	0.3912	0.4998	0.3712	0.5622
806	0.0	0.6455	0.9758	1.33	0.8283	1.14
807	0.0	0.2679	0.8943	0.5877	0.9199	0.4578
808	0.0	0.5759	1.42	1.233	1.165	0.9588
809	0.0	0.6053	1.137	0.9966	1.213	1.158
810	0.0	0.276	0.4476	0.4581	0.4653	0.5153
811	0.0	0.5684	0.9976	0.9692	0.8168	1.152
812	0.0	0.3398	0.7968	0.5642	0.7146	0.5478
813	0.0	0.5544	1.229	1.012	1.063	0.9889
814	0.0	0.3171	0.4795	0.5851	0.3623	0.5158
815	0.0	0.4664	0.6372	0.9122	0.5543	0.7178
816	0.0	0.7833	0.3463	1.592	0.2934	1.406
817	0.0	0.4618	0.4067	0.799	0.4196	0.7414
818	0.0	0.512	1.461	0.9831	1.266	0.8623
819	0.0	0.529	0.8138	0.8829	0.7277	0.859
820	0.0	0.4829	0.6035	1.139	0.336	0.9732
821	0.0	0.2899	0.4202	0.3894	0.6072	0.5385
822	0.0	0.5478	1.088	1.011	0.9271	0.8668
823	0.0	0.358	0.6867	0.6704	0.7299	0.5666
824	0.0	0.4425	0.4759	0.6757	0.4783	0.8265
825	0.0	0.335	1.038	0.6312	1.21	0.6413
826	0.0	0.3221	0.5534	0.4962	0.5127	0.5674
827	0.0	0.3124	1.362	0.5983	1.261	0.4992
828	0.0	0.4446	0.8706	0.78	0.8823	0.6943
829	0.0	0.482	1.079	0.7788	0.8931	0.7436
830	0.0	0.523	1.013	1.088	0.9175	1.1
831	0.0	0.5571	0.7771	1.135	0.8629	1.098
832	0.0	0.6742	0.4831	1.317	0.4885	1.384
833	0.0	0.4013	0.8984	0.767	0.781	0.7169
834	0.0	0.4702	1.229	0.7873	1.051	0.727
835	0.0	0.4749	0.6902	0.9389	0.7553	0.938
836	0.0	0.3907	0.2692	0.6374	0.2672	0.6207
837	0.0	0.4844	0.5812	0.8446	0.5278	0.9678
838	0.0	0.6663	0.7223	1.282	0.6429	1.133
839	0.0	0.8857	1.085	2.435	1.107	1.823
840	0.0	0.4564	1.422	0.7437	1.183	0.7829
841	0.0	0.5425	0.1762	1.054	0.2519	0.9956
842	0.0	0.8984	1.147	1.914	1.059	1.95
843	0.0	0.7893	0.8096	1.602	0.7717	1.441
844	0.0	0.4407	0.5399	0.7626	0.4891	0.7148
845	0.0	0.5803	0.8497	1.438	0.6146	1.165
846	0.0	0.525	0.8136	1.546	0.6918	1.036
847	0.0	0.8338	1.36	2.02	1.145	1.933
848	0.0	0.1071	0.5519	0.1715	0.5804	0.1458
849	0.0	0.5174	1.211	0.9346	1.028	0.8312
850	0.0	0.6849	0.7975	1.363	0.6716	1.185
851	0.0	0.4102	0.623	0.7095	0.6293	0.59
852	0.0	0.3704	0.3963	0.7792	0.4066	0.8198
853	0.0	0.6886	1.182	1.297	0.9088	1.628
854	0.0	0.3455	0.6602	0.6192	0.6556	0.584
855	0.0	0.6662	0.8721	1.308	0.8942	1.533
856	0.0	0.4298	0.7552	0.6849	0.8766	0.7989
857	0.0	0.4944	1.348	0.8095	1.076	0.8739
858	0.0	0.4495	0.9154	0.8063	0.8398	0.8369
859	0.0	0.5103	0.8835	0.8812	0.8311	0.7973
860	0.0	0.3377	0.4186	0.606	0.3892	0.5556
861	0.0	0.1737	0.1939	0.3644	0.1942	0.2775
862	0.0	0.4747	0.6003	0.8638	0.671	0.7807
863	0.0	0.6447	1.201	1.304	1.058	1.098
864	0.0	0.4109	0.8159	0.7802	0.7459	0.6101
865	0.0	0.3665	0.9575	0.6571	1.101	0.6811
866	0.0	0.5235	1.088	0.9468	0.9215	0.8798
867	0.0	0.3929	0.8951	0.8729	0.8336	0.6996
868	0.0	0.3548	0.8519	0.5923	0.7047	0.567
869	0.0	0.2947	0.7833	0.3846	0.8251	0.5805
870	0.0	0.5831	0.629	1.229	0.6199	0.9862
871	0.0	0.2627	0.4249	0.3892	0.5005	0.4498
872	0.0	0.398	1.102	0.6628	0.9383	0.6549
873	0.0	0.6364	1.018	1.168	0.8994	1.072
874	0.0	0.2969	0.568	0.5705	0.5577	0.5561
875	0.0	0.3018	0.8232	0.4535	0.6632	0.4563
876	0.0	0.3811	0.6051	0.5918	0.4958	0.6815
877	0.0	0.2472	0.8834	0.44	0.8101	0.4455
878	0.0	0.6018	0.6916	1.146	0.5594	1.16
879	0.0	0.5607	0.8811	1.023	0.7838	0.939
880	0.0	0.191	0.219	0.3681	0.3093	0.3471
881	0.0	0.4078	0.7641	0.7006	0.8333	0.7121
882	0.0	0.4408	0.8125	0.7392	0.7283	0.6724
883	0.0	0.5583	1.034	0.9802	0.8482	0.9051
884	0.0	0.4921	0.7141	1.035	0.6402	0.9116
885	0.0	0.5	0.9461	0.8816	0.8883	0.8282
886	0.0	0.5641	0.7508	1.038	0.6671	0.9692
887	0.0	0.3595	0.7111	0.6603	0.6577	0.4929
888	0.0	0.5362	0.7215	1.11	0.5695	0.8278
889	0.0	0.4344	0.5253	0.6863	0.5023	0.7891
890	0.0	0.2402	0.4525	0.4747	0.4881	0.4659
891	0.0	0.5327	0.332	0.965	0.3225	0.8833
892	0.0	0.5007	1.024	0.8431	1.038	0.7933
893	0.0	0.7002	1.302	1.623	1.365	1.239
894	0.0	0.6158	0.6896	1.288	0.6484	1.045
895	0.0	0.4035	0.5837	0.7177	0.588	0.6655
896	0.0	0.4234	0.912	0.8161	0.7378	0.7548
897	0.0	0.3717	0.2308	0.7672	0.1715	0.594
898	0.0	0.5308	1.132	0.9442	0.9156	1.148
899	0.0	0.6012	1.255	1.212	1.01	1.09
900	0.0	0.4325	1.153	0.7708	1.184	0.6913
901	0.0	0.3118	0.5817	0.6085	0.663	0.5552
902	0.0	0.5841	0.8926	1.084	0.9	0.933
903	0.0	0.3808	0.5938	0.5525	0.5518	0.613
904	0.0	0.3183	0.577	0.5174	0.6964	0.577
905	0.0	0.3077	0.494	0.494	0.553	0.4838
906	0.0	0.5773	1.178	1.184	1.138	1.103
907	0.0	0.3955	0.5945	0.7039	0.6447	0.737
908	0.0	0.5061	1.037	0.8561	0.9108	0.7782
909	0.0	0.4601	0.5448	0.7192	0.5867	0.8757
910	0.0	0.5577	1.1	0.9683	0.8851	0.9928
911	0.0	0.2456	0.3494	0.4046	0.349	0.4043
912	0.0	0.631	0.682	1.263	0.5822	1.191
913	0.0	0.5063	0.746	0.7493	0.6547	0.9345
914	0.0	0.338	0.5331	0.6259	0.5105	0.6082
915	0.0	0.49	1.073	0.8283	0.9705	0.8422
916	0.0	0.4384	0.8611	0.7574	0.8512	0.6532
917	0.0	0.6252	1.167	1.119	1.115	1.215
918	0.0	0.3296	0.925	0.6169	0.8021	0.5374
919	0.0	0.5601	0.7615	1.017	0.8028	0.8945
920	0.0	0.5998	1.095	1.238	0.7226	1.275
921	0.0	0.3023	0.7087	0.5974	0.6641	0.57
922	0.0	0.6699	1.317	1.296	1.132	1.187
923	0.0	0.5311	0.6287	0.9892	0.5849	0.8989
924	0.0	0.4784	0.688	1.006	0.7672	0.9098
925	0.0	0.2791	0.5759	0.3563	0.6761	0.5035
926	0.0	0.5925	0.3486	1.062	0.335	0.9055
927	0.0	0.4534	0.5639	0.7334	0.5414	0.7765
928	0.0	0.3982	0.9093	0.695	0.8323	0.6614
929	0.0	0.3785	0.5305	0.676	0.5126	0.7229
930	0.0	0.3139	0.5181	0.4874	0.5271	0.5481
931	0.0	0.3238	0.2227	0.6005	0.1559	0.6256
932	0.0	0.7059	0.926	1.274	0.8587	1.284
933	0.0	0.476	0.5921	0.8247	0.5393	0.7598
934	0.0	0.4591	0.547	0.8019	0.543	0.7833
935	0.0	0.4278	0.4249	0.7266	0.1252	0.7598
936	0.0	0.4494	0.4397	0.8871	0.5247	0.8622
937	0.0	0.3336	0.4059	0.603	0.3778	0.5284
938	0.0	0.6809	0.6471	1.299	0.5974	1.16
939	0.0	0.2597	0.3214	0.4922	0.3303	0.3926
940	0.0	0.3211	0.4378	0.5694	0.505	0.5726
941	0.0	0.4314	0.3536	0.6903	0.3974	0.8351
942	0.0	0.487	0.6075	0.909	0.546	0.7818
943	0.0	0.5677	0.6357	1.073	0.7392	1.047
944	0.0	0.8203	1.491	1.629	1.161	1.435
945	0.0	0.5659	0.7604	1.483	0.7193	1.179
946	0.0	0.9672	0.9187	2.183	0.8904	1.848
947	0.0	0.7672	1.302	1.611	1.079	1.293
948	0.0	0.8086	0.8118	1.576	0.7557	1.439
949	0.0	0.5384	1.521	1.105	1.267	1.243
950	0.0	0.4138	1.135	1.017	1.03	0.8913
951	0.0	0.7598	1.251	1.577	0.98	1.44
952	0.0	0.2713	0.242	0.4183	0.1617	0.4544
953	0.0	0.6372	0.8902	1.158	0.796	1.077
954	0.0	0.41	0.8932	0.7834	0.8875	0.7968
955	0.0	0.5579	0.6287	1.195	0.6994	0.9028
956	0.0	0.3492	0.5102	0.7273	0.5744	0.7098
957	0.0	0.8623	0.9147	2.114	0.8128	3.082
958	0.0	0.2168	0.8389	0.3638	0.6134	0.2982
959	0.0	0.7378	1.124	1.605	0.9679	1.33
960	0.0	0.3275	0.7299	0.5046	0.6743	0.61
961	0.0	0.6125	1.07	1.054	0.88	1.074
962	0.0	0.5183	0.9225	0.8794	0.8244	0.8422
963	0.0	0.5752	1.002	1.069	0.8473	0.9262
964	0.0	0.3287	0.3575	0.5291	0.3798	0.5386
965	0.0	0.1432	0.2786	0.2781	0.2621	0.1999
966	0.0	0.4495	0.5642	0.8275	0.5567	0.7629
967	0.0	0.5035	0.9732	0.9114	0.9048	0.8651
968	0.0	0.457	0.927	0.7673	0.8293	0.7344
969	0.0	0.3212	0.9256	0.6028	0.7817	0.7915
970	0.0	0.6235	0.1522	1.281	0.2526	1.235
971	0.0	0.5699	0.6864	1.015	0.6009	0.9719
972	0.0	0.3723	0.7403	0.6621	0.5881	0.7429
973	0.0	0.2664	0.5435	0.4949	0.7551	0.4838
974	0.0	0.4627	1.055	0.8011	0.9487	0.8147
975	0.0	0.3876	0.5721	0.6598	0.5766	0.6054
976	0.0	0.4116	1.061	0.6824	0.914	0.6513
977	0.0	0.5299	1.241	0.9317	1.053	0.8651
978	0.0	0.4742	0.3715	0.8433	0.3304	0.8426
979	0.0	0.2921	0.7416	0.4913	0.6763	0.3987
980	0.0	0.3713	0.6498	0.5478	0.6444	0.6452
981	0.0	0.2777	0.3214	0.6297	0.3137	0.6365
982	0.0	0.5632	1.714	1.137	1.406	1.011
983	0.0	0.4906	0.8441	0.9598	0.7279	0.8278
984	0.0	0.1534	0.5214	0.2588	0.5451	0.2446
985	0.0	0.3443	1.118	0.6688	1.109	0.5371
986	0.0	0.6861	1.207	1.376	1.044	1.099
987	0.0	0.5223	1.492	0.9393	1.162	0.8391
988	0.0	0.5939	0.2104	1.245	0.2578	1.041
989	0.0	0.5845	0.7946	1.143	0.674	1.054
990	0.0	0.6769	0.9983	1.197	0.9233	1.327
991	0.0	0.6256	1.047	1.225	0.949	1.136
992	0.0	0.6104	1.254	1.189	1.286	0.9559
993	0.0	0.3944	0.4805	0.5522	0.5584	0.7374
994	0.0	0.1829	0.7417	0.2799	0.8188	0.2981
995	0.0	0.2896	0.7922	0.5441	0.6529	0.4836
996	0.0	0.5046	0.6966	0.8343	0.6131	0.8573
997	0.0	0.5869	0.9809	1.168	0.8427	1.004
998	0.0	0.3875	0.7461	0.6919	0.6691	0.653
999	0.0	0.4372	0.9257	0.7472	0.8675	0.6883
1000	0.0	0.6495	0.8602	1.34	0.6582	1.119
1001	0.0	0.3935	0.9597	0.6884	0.9618	0.781
1002	0.0	0.447	0.9005	0.7825	0.8077	0.6994
1003	0.0	0.681	0.9794	1.459	0.8055	1.226
1004	0.0	0.2536	0.6731	0.4722	0.7502	0.5229
1005	0.0	0.3926	0.5869	0.6895	0.8354	0.8586
1006	0.0	0.505	0.6758	0.9344	0.6297	0.8611
1007	0.0	0.6937	0.5887	1.273	0.4821	1.17
1008	0.0	0.31	0.4876	0.4975	0.4061	0.5162
1009	0.0	0.2987	0.5745	0.4852	0.5034	0.4612
1010	0.0	0.6845	1.477	1.65	1.388	1.634
1011	0.0	0.4284	0.3803	0.8252	0.1517	0.8151
1012	0.0	0.4808	1.09	0.8731	1.059	0.7457
1013	0.0	0.1803	0.3658	0.314	0.3704	0.2775
1014	0.0	0.5319	1.049	0.9993	0.7552	0.917
1015	0.0	0.292	0.3433	0.5608	0.3408	0.6009
1016	0.0	0.5891	0.357	1.173	0.2886	1.12
1017	0.0	0.6276	0.8444	1.232	0.9464	0.9884
1018	0.0	0.3536	0.4303	0.6974	0.4809	0.6015
1019	0.0	0.3756	0.6928	0.6029	0.6769	0.5801
1020	0.0	0.5007	1.106	0.9258	0.9701	0.8163
1021	0.0	0.6723	1.291	1.837	1.165	1.564
1022	0.0	0.2772	0.7222	0.547	0.7309	0.4773
1023	0.0	0.6205	0.8635	1.146	0.7551	1.043
1024	0.0	0.6704	0.231	1.513	0.2659	1.35
1025	0.0	0.2563	0.3173	0.445	0.291	0.4607
1026	0.0	0.6395	1.215	1.272	1.053	1.272
1027	0.0	0.4609	1.024	0.8268	0.9373	0.7609
1028	0.0	0.4761	1.003	0.8959	0.9489	0.9205
1029	0.0	0.2108	0.4665	0.2578	0.7096	0.444
1030	0.0	0.5082	0.9335	0.9355	0.7914	0.789
1031	0.0	0.4635	0.4007	0.89	0.4242	0.7245
1032	0.0	0.3332	0.664	0.599	0.618	0.5213
1033	0.0	0.3464	1.103	0.6911	0.906	0.7274
1034	0.0	0.2495	0.3671	0.4786	0.2956	0.3853
1035	0.0	0.355	0.539	0.6994	0.4916	0.5507
1036	0.0	0.6509	0.8247	1.148	0.8226	1.109
1037	0.0	0.5169	1.381	0.9473	1.115	0.8478
1038	0.0	0.6785	1.019	1.482	0.8872	1.139
1039	0.0	0.6834	0.8502	1.456	0.8492	1.308
1040	0.0	0.5045	0.5804	0.9656	0.5867	0.9439
