Step	Loss(S)	Loss(T)	fwd_S	fwd_T	rev_S	rev_T
1	0.8357	0.0	1.839	3.976	1.858	4.015
2	1.077	0.0	2.347	1.934	2.688	2.06
3	1.673	0.0	4.298	1.57	4.914	1.577
4	1.496	0.0	3.902	3.815	3.999	4.415
5	1.038	0.0	2.624	3.123	2.101	3.371
6	0.9786	0.0	2.065	2.064	2.26	2.089
7	0.7933	0.0	1.842	2.2	1.678	2.304
8	1.101	0.0	2.584	2.761	2.676	2.485
9	0.9506	0.0	1.873	1.913	2.287	1.949
10	0.7609	0.0	1.568	1.17	1.7	1.311
11	0.7376	0.0	1.411	2.469	1.379	1.779
12	0.9457	0.0	1.892	1.359	1.848	1.351
13	0.9584	0.0	2.173	1.576	2.85	1.823
14	1.091	0.0	2.324	1.143	2.464	1.111
15	0.6071	0.0	1.366	1.539	1.206	1.571
16	0.8104	0.0	1.595	1.332	1.721	1.327
17	0.6428	0.0	1.363	1.158	1.14	1.309
18	0.5102	0.0	0.9541	3.158	0.9013	3.097
19	1.17	0.0	2.499	1.136	2.589	1.148
20	1.14	0.0	3.222	1.917	2.082	1.415
21	0.817	0.0	1.616	1.457	1.624	1.335
22	0.8004	0.0	1.523	2.017	1.544	2.268
23	0.8138	0.0	1.503	1.543	1.463	1.486
24	1.005	0.0	2.035	2.76	2.021	2.932
25	0.8687	0.0	1.648	1.834	1.729	1.621
26	0.9222	0.0	2.105	1.675	1.809	1.556
27	0.8582	0.0	1.703	1.62	1.623	1.511
28	0.9492	0.0	2.028	1.676	1.756	1.29
29	0.8485	0.0	1.71	2.013	1.507	1.763
30	0.6833	0.0	1.348	1.909	1.2	1.941
31	0.835	0.0	1.552	1.698	1.682	1.926
32	0.4205	0.0	0.6618	1.3	0.6232	1.526
33	0.5358	0.0	0.9357	2.383	0.8826	2.258
34	0.6305	0.0	1.263	1.185	1.2	1.023
35	0.7183	0.0	1.362	1.539	1.361	1.476
36	0.8972	0.0	1.661	1.579	1.555	1.658
37	1.005	0.0	1.918	1.873	1.856	2.059
38	0.8778	0.0	1.78	0.8652	1.819	0.9046
39	0.947	0.0	2.536	2.936	1.467	1.931
40	0.4482	0.0	0.7971	2.228	0.7387	2.182
41	0.6755	0.0	1.368	1.094	1.165	0.9135
42	0.5835	0.0	1.077	1.306	1.057	1.167
43	0.5921	0.0	1.093	2.396	0.9312	1.844
44	0.7729	0.0	1.715	2.065	1.127	1.534
45	0.9717	0.0	2.062	1.502	1.848	1.362
46	0.6701	0.0	1.243	1.953	1.288	1.846
47	0.8001	0.0	1.421	1.415	1.519	1.419
48	0.3986	0.0	0.6146	1.049	0.6321	0.9883
49	0.987	0.0	2.014	1.997	1.886	2.015
50	0.6359	0.0	1.134	1.123	1.132	1.248
51	0.694	0.0	1.156	1.173	1.316	1.387
52	0.6737	0.0	1.593	1.183	1.22	1.168
53	0.9571	0.0	1.724	1.46	1.957	1.403
54	0.4253	0.0	0.7112	1.364	0.6781	1.296
55	0.8359	0.0	1.751	1.98	1.507	1.734
56	0.8263	0.0	1.58	1.017	1.464	1.107
57	0.774	0.0	1.459	1.498	1.358	1.087
58	1.026	0.0	2.203	1.661	1.928	1.61
59	0.7446	0.0	1.252	1.505	1.391	1.45
60	0.6386	0.0	1.236	2.175	1.121	1.877
61	0.8375	0.0	1.598	1.49	1.659	1.787
62	0.5869	0.0	1.068	1.383	0.9825	1.478
63	0.7386	0.0	1.399	0.7851	1.382	0.7054
64	0.9617	0.0	1.713	1.717	1.803	1.682
65	0.7657	0.0	1.541	2.025	1.262	1.745
66	0.7697	0.0	1.385	1.261	1.441	1.433
67	0.8892	0.0	1.772	1.742	1.661	1.618
68	0.9595	0.0	1.935	2.138	1.654	1.967
69	0.7518	0.0	1.617	1.289	1.109	0.9564
70	0.4499	0.0	1.012	1.744	0.8586	1.617
71	0.6752	0.0	1.281	1.829	1.264	1.6
72	0.7561	0.0	1.693	2.07	1.284	1.269
73	0.6937	0.0	1.676	0.8305	1.218	0.6724
74	0.5914	0.0	1.043	0.7108	1.059	0.6813
75	1.131	0.0	2.669	1.733	1.954	1.73
76	0.853	0.0	1.696	1.868	1.65	1.578
77	0.8779	0.0	1.769	2.208	1.494	1.908
78	0.7512	0.0	1.343	2.092	1.504	2.034
79	0.5344	0.0	0.9939	1.912	0.9207	1.749
80	0.5064	0.0	0.863	1.243	0.8603	1.212
81	0.8561	0.0	1.678	2.024	1.558	1.719
82	0.7164	0.0	1.388	2.543	1.169	1.791
83	0.9154	0.0	1.69	1.743	1.747	1.748
84	0.8298	0.0	1.529	1.428	1.475	1.497
85	0.7935	0.0	1.438	0.8777	1.581	0.8853
86	0.6152	0.0	1.018	1.622	1.073	1.641
87	0.8854	0.0	1.666	1.655	1.698	1.663
88	0.5628	0.0	0.9276	1.101	1.008	1.078
89	0.5384	0.0	0.9877	2.005	1.008	1.768
90	0.7015	0.0	1.204	1.355	1.418	1.5
91	0.5754	0.0	0.9944	1.123	1.09	1.264
92	0.9712	0.0	1.898	1.965	1.797	1.94
93	0.9291	0.0	2.388	1.379	1.459	1.024
94	0.6979	0.0	1.233	1.106	1.189	1.225
95	0.5721	0.0	1.11	1.634	0.928	1.254
96	0.8231	0.0	1.504	1.728	1.466	1.479
97	0.9032	0.0	1.93	1.475	1.544	1.268
98	0.7197	0.0	1.36	1.362	1.311	1.447
99	0.9909	0.0	1.896	2.29	1.878	1.804
100	0.8754	0.0	1.581	1.196	1.61	1.28
101	0.638	0.0	1.081	1.078	1.191	1.077
102	0.8031	0.0	1.591	1.171	1.545	1.248
103	0.7632	0.0	1.42	1.119	1.413	1.182
104	0.9049	0.0	1.619	1.395	1.931	1.415
105	0.8271	0.0	1.473	1.728	1.483	1.752
106	0.6451	0.0	1.084	0.9532	1.064	1.065
107	0.7785	0.0	1.492	1.792	1.449	1.683
108	0.616	0.0	1.054	1.889	0.9968	1.532
109	0.6216	0.0	1.22	1.156	0.9376	0.8605
110	0.6794	0.0	1.207	1.033	1.172	1.086
111	0.8226	0.0	1.554	1.478	1.842	1.98
112	0.9046	0.0	1.819	1.38	1.704	1.208
113	0.7083	0.0	1.249	0.8163	1.272	0.8088
114	0.7351	0.0	1.351	1.258	1.371	1.237
115	0.7883	0.0	1.399	1.437	1.644	1.64
116	0.6038	0.0	1.033	0.6582	1.009	0.6126
117	0.6891	0.0	1.273	1.227	1.582	1.512
118	0.679	0.0	1.151	1.13	1.492	1.327
119	0.7688	0.0	1.327	1.009	1.493	0.932
120	0.9638	0.0	1.945	1.561	1.752	1.449
121	0.5919	0.0	0.992	1.023	1.012	0.9764
122	0.8693	0.0	1.745	1.762	1.53	1.637
123	0.7592	0.0	1.374	1.329	1.271	1.552
124	0.8628	0.0	2.191	1.78	1.341	1.203
125	0.5128	0.0	0.8772	0.9001	0.7968	1.06
126	0.6906	0.0	1.179	1.312	1.193	1.37
127	0.7139	0.0	1.179	1.24	1.304	1.633
128	0.8593	0.0	1.508	1.708	1.606	1.83
129	0.7454	0.0	1.403	1.185	1.355	1.582
130	0.6628	0.0	1.188	0.9164	1.229	0.8852
131	0.6454	0.0	1.103	1.489	1.011	1.532
132	0.8309	0.0	1.854	1.576	1.403	1.29
133	0.8221	0.0	1.502	1.559	1.574	1.374
134	0.9488	0.0	1.986	1.959	1.799	1.915
135	0.6704	0.0	1.138	0.7886	1.199	0.8165
136	0.7848	0.0	1.375	1.165	1.365	1.246
137	0.7895	0.0	1.423	1.39	1.356	1.348
138	0.6338	0.0	1.022	1.384	1.088	1.679
139	0.5905	0.0	1.116	1.198	1.182	1.263
140	0.6736	0.0	1.249	1.281	1.18	1.578
141	0.677	0.0	1.212	1.099	1.28	1.357
142	0.694	0.0	1.223	0.599	1.258	0.6327
143	0.781	0.0	1.837	1.703	1.242	1.153
144	0.7028	0.0	1.311	1.55	1.211	1.762
145	0.5959	0.0	1.049	1.28	1.028	1.417
146	0.8132	0.0	1.457	0.9498	1.42	0.845
147	0.8851	0.0	1.562	0.891	1.582	0.9257
148	0.7242	0.0	1.654	1.43	1.096	1.056
149	0.8168	0.0	1.66	1.311	1.47	1.108
150	0.6366	0.0	1.071	1.442	1.047	1.73
151	0.539	0.0	0.9479	1.107	0.8707	1.296
152	0.7461	0.0	1.406	1.559	1.296	1.396
153	0.8158	0.0	1.516	1.482	1.425	1.416
154	0.6245	0.0	1.061	0.8751	1.179	1.095
155	0.6589	0.0	1.093	1.219	1.212	1.424
156	0.8392	0.0	1.455	1.328	1.579	1.234
157	0.6013	0.0	0.9919	0.9728	1.029	1.064
158	0.5895	0.0	1.013	0.9646	0.9943	1.076
159	0.5326	0.0	0.9074	1.258	0.9019	1.235
160	0.8763	0.0	1.666	1.171	1.547	1.195
161	0.5688	0.0	1.191	1.177	0.8657	0.844
162	0.6425	0.0	1.222	1.02	1.018	0.9975
163	0.7286	0.0	1.269	1.173	1.358	1.16
164	0.6492	0.0	1.295	0.8695	1.095	0.7559
165	0.7883	0.0	1.561	1.465	1.584	1.637
166	0.5063	0.0	0.8865	1.3	0.8018	1.317
167	0.5608	0.0	1.071	0.9973	0.9401	1.046
168	0.7051	0.0	1.247	1.348	1.308	1.448
169	0.6499	0.0	1.132	1.581	1.13	1.407
170	0.7157	0.0	1.256	1.103	1.235	1.286
171	0.6983	0.0	1.271	1.427	1.174	1.299
172	0.9098	0.0	1.665	1.215	1.895	1.253
173	0.5668	0.0	0.9822	1.37	0.9534	1.001
174	0.5828	0.0	1.042	0.9877	0.9069	0.9933
175	0.46	0.0	0.8109	1.571	0.6859	1.597
176	0.637	0.0	1.47	1.708	1.004	1.158
177	0.6234	0.0	1.399	0.9334	1.014	0.8385
178	0.7172	0.0	1.275	1.235	1.184	1.586
179	0.6048	0.0	1.092	2.727	0.9888	1.395
180	0.8244	0.0	1.556	0.974	1.415	1.263
181	0.6789	0.0	1.247	1.316	1.19	1.223
182	0.548	0.0	0.9766	1.432	0.9273	1.379
183	0.8218	0.0	1.594	1.68	1.567	1.419
184	0.7949	0.0	1.62	1.457	1.558	1.544
185	0.825	0.0	1.545	1.429	1.566	1.42
186	0.6262	0.0	1.17	1.913	1.038	1.387
187	0.8671	0.0	1.649	1.693	1.549	1.621
188	0.6718	0.0	1.326	1.321	1.125	1.296
189	0.7905	0.0	1.367	1.125	1.613	1.218
190	0.424	0.0	0.6647	1.281	0.6685	1.304
191	0.7427	0.0	1.348	1.341	1.291	1.288
192	0.6853	0.0	1.194	2.046	1.168	1.956
193	0.7298	0.0	1.235	1.895	1.211	1.735
194	0.6177	0.0	1.082	1.38	1.043	1.497
195	0.5421	0.0	0.9201	1.57	0.8698	1.598
196	0.7861	0.0	1.398	1.261	1.652	1.517
197	0.6436	0.0	1.529	1.859	1.159	1.211
198	0.5968	0.0	0.9481	0.8206	1.023	0.8836
199	0.7067	0.0	1.365	1.826	1.111	1.64
200	0.6093	0.0	1.074	0.8832	1.048	0.8998
201	0.769	0.0	1.497	1.225	1.402	1.409
202	0.4398	0.0	0.714	1.116	0.7145	1.114
203	0.9354	0.0	2.004	1.488	1.698	1.477
204	0.624	0.0	1.081	1.426	1.017	1.071
205	0.5255	0.0	0.8209	0.7148	0.8831	0.7518
206	0.612	0.0	1.082	0.9909	1.158	0.9492
207	0.6094	0.0	1.063	0.9806	1.039	1.002
208	0.7193	0.0	1.353	0.917	1.346	0.9379
209	0.7702	0.0	1.559	1.064	1.377	0.965
210	0.6403	0.0	1.076	0.7943	1.187	0.8386
211	0.8795	0.0	1.605	1.596	1.737	1.413
212	0.6321	0.0	1.183	1.44	1.018	1.283
213	0.5187	0.0	1.04	1.226	0.7935	0.975
214	0.4593	0.0	0.7416	1.022	0.6812	1.025
215	0.7809	0.0	1.321	1.291	1.765	1.52
216	0.7222	0.0	1.244	1.523	1.238	1.466
217	0.4909	0.0	0.8735	0.7703	0.7407	0.8926
218	0.5473	0.0	0.8998	0.9444	0.9079	1.034
219	0.6457	0.0	1.122	1.246	1.138	1.322
220	0.5036	0.0	0.8942	1.046	0.8418	1.028
221	0.8274	0.0	1.468	1.463	1.814	2.017
222	0.6317	0.0	1.115	1.722	1.112	1.739
223	0.502	0.0	0.819	1.12	0.8106	1.554
224	0.5525	0.0	1.026	1.37	0.9161	1.261
225	0.5155	0.0	0.8735	1.047	0.8494	1.171
226	0.7597	0.0	1.466	1.274	1.261	1.4
227	0.7159	0.0	1.184	0.6865	1.241	0.7224
228	0.5283	0.0	0.9755	1.65	0.8131	0.9915
229	0.5585	0.0	0.8846	1.099	0.9741	1.18
230	0.7448	0.0	1.355	1.313	1.245	1.207
231	0.5876	0.0	0.9886	0.7288	0.9687	0.8027
232	0.8064	0.0	1.453	1.482	1.379	1.323
233	0.5855	0.0	0.9293	0.6729	0.9948	0.6783
234	0.553	0.0	0.9813	0.9087	0.9321	0.9494
235	0.6603	0.0	1.118	0.9117	1.055	0.8666
236	0.6238	0.0	1.276	0.9395	0.9629	0.6942
237	0.6685	0.0	1.249	1.362	1.188	1.252
238	0.4147	0.0	0.6734	1.608	0.6668	1.616
239	0.6114	0.0	1.092	1.122	1.104	1.221
240	0.5906	0.0	1.002	1.227	1.01	1.323
241	0.9351	0.0	1.809	1.269	1.788	1.298
242	0.4846	0.0	0.801	0.697	0.8003	0.723
243	0.6392	0.0	1.02	1.518	1.156	1.348
244	0.7661	0.0	1.321	1.143	1.304	1.057
245	0.463	0.0	0.7906	1.019	0.787	1.024
246	0.439	0.0	0.6931	1.254	0.758	1.321
247	0.9229	0.0	3.28	1.318	1.83	1.061
248	0.4256	0.0	0.6567	1.228	0.6641	1.192
249	0.6269	0.0	1.019	0.9286	1.116	0.8946
250	0.8515	0.0	1.838	1.018	1.671	0.8636
251	0.4583	0.0	0.7899	0.6844	0.7164	0.6655
252	0.7125	0.0	1.642	0.9512	1.07	0.7382
253	0.8436	0.0	1.64	1.354	1.572	1.195
254	0.6594	0.0	1.132	0.8694	1.257	1.001
255	0.5478	0.0	0.8458	0.8592	0.9858	0.8898
256	0.6244	0.0	1.129	1.206	1.1	1.424
257	0.7352	0.0	1.271	1.554	1.34	1.468
258	0.5501	0.0	0.8302	0.97	1.007	1.009
259	0.5569	0.0	0.9124	1.31	0.911	1.421
260	0.6525	0.0	1.072	0.9465	1.165	1.056
261	0.5553	0.0	0.937	1.026	0.8699	1.016
262	0.5379	0.0	0.8408	0.8537	0.8499	1.002
263	0.6323	0.0	1.029	0.5454	1.014	0.5827
264	0.3891	0.0	0.572	1.307	0.6082	1.641
265	0.534	0.0	1.129	0.6978	0.7614	0.6614
266	0.7561	0.0	1.313	1.439	1.418	1.283
267	0.6276	0.0	1.055	1.196	1.153	1.363
268	0.7971	0.0	1.367	1.203	1.559	1.477
269	0.618	0.0	1.023	1.184	1.144	1.199
270	0.5967	0.0	0.9693	1.006	1.018	1.081
271	0.7037	0.0	1.2	1.172	1.404	1.284
272	0.7202	0.0	1.205	1.172	1.368	1.386
273	0.7593	0.0	1.455	1.22	1.349	1.179
274	0.6802	0.0	1.095	1.087	1.172	1.175
275	0.7617	0.0	1.333	1.125	1.379	1.143
276	0.7316	0.0	1.363	1.242	1.233	1.324
277	0.4415	0.0	0.7384	1.417	0.6096	1.047
278	0.6567	0.0	1.108	1.15	1.191	1.142
279	0.7731	0.0	1.32	1.101	1.478	1.188
280	0.6184	0.0	1.075	1.295	0.9664	1.078
281	0.4486	0.0	0.7182	1.007	0.6947	0.8629
282	0.6033	0.0	0.9835	1.194	1.026	1.079
283	0.6167	0.0	1.515	0.8482	1.016	1.15
284	0.8114	0.0	1.401	1.454	1.406	1.551
285	0.6354	0.0	1.032	1.294	1.012	1.348
286	0.6087	0.0	1.063	1.125	1.126	1.128
287	0.5618	0.0	0.9662	1.427	0.9061	1.339
288	0.5506	0.0	0.9605	0.88	1.038	1.067
289	0.7499	0.0	1.283	1.249	1.239	1.242
290	0.6288	0.0	1.328	1.632	0.8941	1.185
291	0.8177	0.0	1.49	1.124	1.412	1.131
292	0.5526	0.0	0.8879	1.009	0.995	1.221
293	0.6499	0.0	1.065	0.7518	1.205	0.7341
294	0.5082	0.0	0.9002	1.021	0.8746	1.068
295	0.5276	0.0	0.8426	1.27	0.9194	1.323
296	0.7459	0.0	1.221	0.7048	1.406	0.6678
297	0.6755	0.0	1.148	0.9243	1.226	0.712
298	0.4825	0.0	0.7758	0.7931	0.7789	0.8383
299	0.517	0.0	0.8601	0.699	0.8863	0.7396
300	0.4852	0.0	0.8257	1.022	0.9428	1.266
301	0.8168	0.0	2.11	1.875	1.31	1.052
302	0.5986	0.0	0.9786	0.9777	0.9894	1.056
303	0.6942	0.0	1.235	1.118	1.143	0.9361
304	0.7633	0.0	1.383	1.002	1.36	1.022
305	0.6688	0.0	1.148	1.194	1.155	1.206
306	0.4143	0.0	0.6903	1.084	0.7301	1.313
307	0.8316	0.0	1.494	1.35	1.548	1.219
308	0.4875	0.0	0.7987	1.113	0.822	1.067
309	0.5701	0.0	0.9217	0.7671	1.0	0.8467
310	0.6788	0.0	1.149	1.19	1.281	1.24
311	0.5463	0.0	0.853	0.9968	0.982	1.028
312	0.5899	0.0	1.021	0.8174	1.208	0.8895
313	0.5362	0.0	0.9711	0.9028	0.8212	0.9154
314	0.5972	0.0	0.9403	0.9406	0.9298	0.9132
315	0.6221	0.0	1.153	1.218	1.042	0.9846
316	0.7579	0.0	1.32	1.269	1.343	1.207
317	0.5121	0.0	1.001	1.974	0.7082	1.219
318	0.4989	0.0	0.76	1.211	0.8089	1.206
319	0.6674	0.0	1.03	1.094	1.598	1.217
320	0.7289	0.0	1.249	1.138	1.213	1.05
321	0.5663	0.0	0.9515	0.8187	0.9494	0.8631
322	0.6131	0.0	1.047	1.855	0.9865	1.938
323	0.553	0.0	0.9398	1.229	1.035	1.436
324	0.5221	0.0	0.8074	0.9843	0.8916	1.082
325	0.7892	0.0	1.502	0.8813	1.901	1.28
326	0.3924	0.0	0.6217	1.263	0.5778	1.412
327	0.8407	0.0	1.457	0.9738	1.8	1.097
328	0.393	0.0	0.5749	0.8844	0.6076	0.9818
329	0.3853	0.0	0.5884	1.286	0.5916	1.433
330	0.7585	0.0	1.27	1.064	1.301	1.067
331	0.6854	0.0	1.222	1.236	1.2	1.235
332	0.698	0.0	1.53	1.147	1.037	0.8813
333	0.5824	0.0	0.8936	0.7216	1.033	0.8508
334	0.5087	0.0	0.8079	0.7946	0.7921	0.7223
335	0.6364	0.0	1.066	1.604	1.069	1.627
336	0.6932	0.0	1.144	1.673	1.273	1.548
337	0.6566	0.0	1.075	0.7172	1.113	0.8238
338	0.568	0.0	0.9073	0.7002	0.959	0.7736
339	0.6108	0.0	0.9817	0.8038	1.098	0.7716
340	0.4573	0.0	0.8804	0.5985	0.6706	0.4653
341	0.7354	0.0	1.296	1.669	1.315	1.524
342	0.7776	0.0	1.375	1.561	1.402	1.668
343	0.4457	0.0	0.6826	0.8616	0.6958	0.9733
344	0.6116	0.0	1.007	0.5302	1.035	0.5995
345	0.713	0.0	1.214	1.256	1.15	1.194
346	0.4501	0.0	0.7067	0.8619	0.7229	0.9052
347	0.6316	0.0	1.093	0.8264	1.204	0.8947
348	0.5921	0.0	0.9149	1.084	1.073	0.9886
349	0.4008	0.0	0.6152	0.9973	0.6754	1.238
350	0.6449	0.0	1.106	1.236	1.19	1.534
351	0.714	0.0	1.821	1.672	1.088	1.086
352	0.6182	0.0	1.05	1.384	1.02	1.438
353	0.4774	0.0	0.7418	0.6897	0.7879	0.7765
354	0.7194	0.0	1.266	0.7832	1.271	0.7228
355	0.6098	0.0	0.9786	1.288	1.083	1.456
356	0.5095	0.0	0.8409	0.8784	0.8753	0.8061
357	0.739	0.0	1.268	0.8227	1.318	0.7652
358	0.4628	0.0	0.6838	0.8805	0.6964	1.009
359	0.6049	0.0	0.9928	0.8957	0.9712	0.9712
360	0.3662	0.0	0.6662	1.279	0.6182	1.408
361	0.71	0.0	1.213	1.231	1.194	1.185
362	0.6428	0.0	1.028	1.012	1.055	1.071
363	0.4986	0.0	0.7599	1.369	0.8156	1.701
364	0.5879	0.0	0.989	0.9395	0.9882	0.9711
365	0.6768	0.0	1.144	1.025	1.198	1.078
366	0.4825	0.0	0.792	0.7686	0.8186	0.8237
367	0.531	0.0	0.8411	0.7635	0.9161	0.8496
368	0.4216	0.0	0.6916	1.355	0.6888	1.707
369	0.5636	0.0	1.245	0.8405	0.865	0.7087
370	0.5763	0.0	1.019	0.8276	0.9519	0.8138
371	0.5509	0.0	0.9325	1.035	1.061	1.225
372	0.5792	0.0	0.9715	0.856	0.9872	0.8497
373	0.5834	0.0	0.9878	1.058	1.108	1.37
374	0.4388	0.0	0.6583	0.9763	0.7032	1.056
375	0.589	0.0	1.014	0.9935	1.087	1.126
376	0.7208	0.0	1.254	1.324	1.258	1.411
377	0.5327	0.0	0.9604	1.215	0.873	1.069
378	0.5887	0.0	0.9316	0.7652	0.9722	0.9694
379	0.5905	0.0	0.9541	1.086	0.9749	1.196
380	0.7219	0.0	1.161	1.296	1.265	1.217
381	0.4508	0.0	0.7075	0.7127	0.6496	0.7948
382	0.6808	0.0	1.178	0.975	1.207	1.06
383	0.3723	0.0	0.5575	1.052	0.5501	1.241
384	0.6224	0.0	1.258	0.8802	0.8775	0.912
385	0.6578	0.0	1.787	0.8172	1.23	0.8169
386	0.5517	0.0	0.8972	1.376	1.053	1.347
387	0.8176	0.0	1.694	2.278	1.603	1.304
388	0.7199	0.0	1.223	1.284	1.166	1.309
389	0.6872	0.0	1.253	1.384	1.317	1.36
390	0.4683	0.0	0.6873	1.102	0.829	1.157
391	0.6755	0.0	1.186	1.331	1.205	1.288
392	0.6773	0.0	1.096	0.7556	1.488	0.8484
393	0.6519	0.0	1.067	1.291	1.123	1.57
394	0.7986	0.0	1.673	1.55	1.294	1.299
395	0.7235	0.0	1.595	1.187	1.277	1.423
396	0.5286	0.0	0.8806	0.7851	0.9025	0.8978
397	0.8408	0.0	1.402	0.6837	1.405	0.7393
398	0.6971	0.0	1.255	0.8569	1.253	1.131
399	0.678	0.0	1.184	0.965	1.122	1.004
400	0.8914	0.0	1.644	1.161	1.84	1.566
401	0.6793	0.0	1.2	1.542	1.122	1.483
402	0.6189	0.0	1.06	0.9347	1.116	1.002
403	0.4675	0.0	0.7392	0.8498	0.7996	0.8582
404	0.7333	0.0	1.253	0.6532	1.335	0.845
405	0.7217	0.0	1.599	0.9118	1.111	0.7908
406	0.4676	0.0	0.7812	0.8282	0.8046	0.8986
407	0.7114	0.0	1.175	1.06	1.275	1.033
408	0.7758	0.0	1.363	0.7284	1.488	0.6753
409	0.5858	0.0	1.019	1.266	1.019	1.419
410	0.4081	0.0	0.6815	1.276	0.6658	1.351
411	0.7878	0.0	1.411	1.397	1.345	1.165
412	0.6562	0.0	1.07	0.9176	1.171	0.8381
413	0.4361	0.0	0.6668	1.141	0.7298	1.774
414	0.5399	0.0	0.9053	0.8776	1.069	0.946
415	0.6989	0.0	1.227	0.8558	1.122	1.034
416	0.6803	0.0	1.055	1.327	1.334	1.483
417	0.5281	0.0	0.9119	0.7605	0.9197	0.8439
418	0.3596	0.0	0.529	0.8684	0.5351	0.9263
419	0.5717	0.0	0.8885	1.165	0.9023	1.033
420	0.675	0.0	1.264	1.17	1.146	1.059
421	0.7505	0.0	1.45	0.7665	1.365	0.6404
422	0.5705	0.0	0.9063	1.049	1.056	1.076
423	0.3945	0.0	0.5892	0.6903	0.6209	0.7757
424	0.7103	0.0	1.192	1.165	1.329	1.182
425	0.4467	0.0	0.6586	0.523	0.7625	0.4449
426	0.6732	0.0	1.085	1.202	1.178	1.285
427	0.5434	0.0	0.8969	1.14	0.8818	1.283
428	0.4471	0.0	0.7118	0.8472	0.689	0.8301
429	0.5983	0.0	1.088	1.129	1.193	1.807
430	0.6385	0.0	1.124	1.394	1.171	1.839
431	0.4671	0.0	0.7425	0.7903	0.8996	0.8134
432	0.4306	0.0	0.734	1.136	0.6438	1.109
433	0.5971	0.0	0.9834	0.8632	1.07	0.9548
434	0.7718	0.0	1.354	0.9705	1.485	1.033
435	0.6958	0.0	1.185	1.013	1.326	1.111
436	0.6286	0.0	1.245	1.223	0.9336	0.9108
437	0.4934	0.0	0.7607	0.8767	1.004	1.002
438	0.714	0.0	1.186	0.7377	1.257	0.7675
439	0.6167	0.0	0.981	1.178	1.18	1.664
440	0.7921	0.0	1.45	1.503	1.336	1.596
441	0.5911	0.0	0.9535	0.585	0.9856	0.6398
442	0.6144	0.0	0.9663	0.7914	1.091	0.8546
443	0.5714	0.0	0.9292	0.9221	0.9341	0.9684
444	0.5621	0.0	1.128	1.5	0.9095	0.9434
445	0.4353	0.0	0.7152	1.14	0.6889	1.254
446	0.6493	0.0	1.29	1.526	1.139	1.529
447	0.5235	0.0	0.8635	0.9105	0.8689	0.9818
448	0.5632	0.0	0.9341	0.9461	0.9072	1.022
449	0.5505	0.0	0.9242	1.56	0.878	1.484
450	0.4134	0.0	0.6509	0.796	0.681	0.871
451	0.621	0.0	1.091	1.244	1.163	1.274
452	0.4836	0.0	0.7998	0.7291	0.716	0.9549
453	0.5655	0.0	0.904	0.8428	1.011	1.012
454	0.7074	0.0	1.181	0.8035	1.374	1.08
455	0.6148	0.0	1.426	1.764	0.9104	1.07
456	0.6168	0.0	1.014	0.6489	1.078	0.6968
457	0.5411	0.0	0.8718	0.9609	0.8983	1.001
458	0.3804	0.0	0.655	1.315	0.5801	1.293
459	0.6144	0.0	1.022	1.051	0.9731	1.092
460	0.5239	0.0	0.8273	0.9895	0.8376	0.901
461	0.7333	0.0	1.292	0.6388	1.39	0.5966
462	0.5438	0.0	0.856	0.9577	0.9422	0.9453
463	0.1929	0.0	0.3058	0.7807	0.3624	0.8344
464	0.6678	0.0	1.162	1.389	1.158	1.378
465	0.7086	0.0	1.238	1.05	1.31	1.101
466	0.4986	0.0	0.7867	0.7974	0.7715	0.8383
467	0.5559	0.0	0.9157	0.9612	0.9978	1.053
468	0.5859	0.0	1.001	1.111	1.026	1.169
469	0.5363	0.0	0.8849	0.7747	0.9139	0.8137
470	0.4118	0.0	0.6087	0.7558	0.6502	0.7081
471	0.4977	0.0	0.7765	0.9334	0.8972	0.9876
472	0.5228	0.0	0.8146	0.7787	0.8736	0.9156
473	0.5317	0.0	0.9692	1.234	0.7705	1.13
474	0.7609	0.0	1.334	0.7702	1.522	0.7157
475	0.4815	0.0	0.7796	0.7021	0.873	0.8005
476	0.677	0.0	1.141	1.009	1.178	0.9667
477	0.5068	0.0	0.8092	1.055	0.8274	1.187
478	0.4057	0.0	0.6241	0.6257	0.65	0.6292
479	0.5806	0.0	1.041	0.8892	1.022	1.019
480	0.7368	0.0	1.351	1.162	1.308	1.297
481	0.62	0.0	1.074	1.261	0.9729	1.084
482	0.603	0.0	1.025	0.8845	1.073	1.117
483	0.4754	0.0	0.7396	1.102	0.794	1.102
484	0.5439	0.0	1.138	2.581	0.9358	1.773
485	0.5052	0.0	0.8821	2.025	0.7662	1.278
486	0.6022	0.0	1.006	1.156	0.9844	1.188
487	0.7339	0.0	1.231	1.085	1.292	1.237
488	0.4195	0.0	0.6671	0.9422	0.6136	0.9681
489	0.5032	0.0	1.083	1.363	0.8431	0.8052
490	0.6915	0.0	1.197	1.55	1.346	1.752
491	0.562	0.0	1.035	1.265	0.906	0.9832
492	0.6699	0.0	1.066	1.308	1.177	1.454
493	0.7476	0.0	1.311	1.17	1.251	1.167
494	0.493	0.0	0.8095	0.6933	0.7822	0.6752
495	0.717	0.0	1.186	1.035	1.2	0.9374
496	0.4614	0.0	0.6966	0.9216	0.7562	0.864
497	0.6707	0.0	1.063	1.378	1.149	1.28
498	0.688	0.0	1.268	1.651	1.049	1.43
499	0.6289	0.0	1.044	1.089	1.032	1.233
500	0.568	0.0	0.9534	1.038	0.9602	1.198
501	0.6067	0.0	0.9931	0.891	1.154	0.9911
502	0.4931	0.0	0.811	0.8985	0.8315	1.112
503	0.6262	0.0	1.009	0.9745	1.088	1.044
504	0.7881	0.0	1.383	1.26	1.526	1.219
505	0.4627	0.0	0.8932	0.7833	0.6989	0.6536
506	0.5998	0.0	0.994	1.047	0.9532	1.01
507	0.4496	0.0	0.701	1.35	0.7402	1.669
508	0.6256	0.0	0.9807	0.9602	1.202	1.195
509	0.6562	0.0	1.547	1.083	1.041	0.787
510	0.5329	0.0	0.876	0.6328	0.9337	0.6978
511	0.5633	0.0	0.9464	1.287	0.9307	1.225
512	0.5709	0.0	0.9844	1.243	0.9511	1.212
513	0.7181	0.0	1.163	1.392	1.307	1.379
514	0.6777	0.0	1.116	0.4622	1.212	0.491
515	0.7054	0.0	1.283	1.457	1.251	1.454
516	0.675	0.0	1.147	0.9223	1.292	1.047
517	0.8209	0.0	1.496	1.283	1.49	1.616
518	0.5705	0.0	0.924	0.6895	1.08	0.8603
519	0.4474	0.0	0.6659	0.6349	0.8215	0.7474
520	0.7686	0.0	1.331	1.263	1.493	1.219
521	0.4462	0.0	0.7671	0.9316	0.6834	0.858
522	0.3829	0.0	0.5544	0.8437	0.5896	0.9054
523	0.5676	0.0	0.8858	0.5863	0.9791	0.5389
524	0.7071	0.0	1.162	1.275	1.299	1.276
525	0.6326	0.0	1.103	0.89	1.028	0.7196
526	0.4832	0.0	0.7557	0.7456	0.7498	0.8254
527	0.4808	0.0	0.7975	0.9515	1.32	1.301
528	0.5923	0.0	0.9823	0.9723	0.9689	1.08
529	0.5569	0.0	0.9055	0.411	0.8603	0.5096
530	0.6337	0.0	1.069	0.8868	1.099	0.9263
531	0.6698	0.0	1.184	1.118	1.261	1.13
532	0.4611	0.0	0.6998	0.6505	0.7228	0.6943
533	0.6674	0.0	1.156	0.9315	1.33	1.104
534	0.5157	0.0	0.8674	1.278	0.7978	1.404
535	0.6438	0.0	1.114	0.8345	1.365	1.01
536	0.501	0.0	0.7982	1.38	0.8269	1.316
537	0.4218	0.0	0.6358	1.193	0.6687	1.503
538	0.794	0.0	1.472	0.9768	1.479	1.147
539	0.6893	0.0	1.133	0.802	1.188	0.8716
540	0.6772	0.0	1.438	0.7104	1.025	0.6932
541	0.5147	0.0	0.788	0.8665	0.8724	0.9136
542	0.7231	0.0	1.241	0.6734	1.188	0.8052
543	0.5193	0.0	0.8231	1.003	0.8845	1.257
544	0.7862	0.0	1.329	1.38	1.413	1.45
545	0.5023	0.0	0.7932	0.8356	0.8536	0.8987
546	0.5565	0.0	0.8606	0.8966	0.9342	0.9497
547	0.592	0.0	0.9558	0.9074	0.9533	0.9376
548	0.3776	0.0	0.5687	0.9088	0.6434	0.7304
549	0.6568	0.0	1.06	0.8992	1.167	0.8734
550	0.5007	0.0	0.8113	1.291	0.8181	1.271
551	0.5223	0.0	0.8736	0.77	0.8903	0.8085
552	0.4148	0.0	0.6503	1.126	0.6205	1.217
553	0.6185	0.0	1.034	1.33	1.1	1.326
554	0.5001	0.0	0.8273	0.82	0.8244	0.8935
555	0.2841	0.0	0.4356	0.5955	0.486	0.7022
556	0.6857	0.0	1.208	0.7737	1.142	0.7685
557	0.5052	0.0	0.7475	0.8886	0.9649	0.9577
558	0.6974	0.0	1.066	0.8719	1.319	1.126
559	0.5128	0.0	1.18	1.252	0.7458	0.7814
560	0.6066	0.0	0.9784	0.6272	0.9975	0.6828
561	0.5046	0.0	0.7856	0.7507	0.8327	0.801
562	0.5213	0.0	0.8546	0.831	0.7859	0.7464
563	0.6622	0.0	1.09	0.3982	1.23	0.4224
564	0.5213	0.0	0.9585	0.7901	0.7985	0.7923
565	0.7584	0.0	1.324	1.186	1.333	1.381
566	0.5725	0.0	0.9514	0.6783	0.9703	0.8952
567	0.4825	0.0	0.7487	0.6758	0.7978	0.7319
568	0.5773	0.0	1.007	0.6858	0.9845	0.6391
569	0.724	0.0	1.183	1.28	1.264	1.293
570	0.4408	0.0	0.6569	0.8094	0.7105	0.875
571	0.3992	0.0	0.5811	1.033	0.6405	1.398
572	0.7266	0.0	1.274	1.201	1.342	1.323
573	0.5365	0.0	0.9959	0.8319	1.071	0.7942
574	0.4593	0.0	0.6905	0.724	0.7043	0.8057
575	0.4621	0.0	0.7317	0.9888	0.7315	0.9159
576	0.6641	0.0	0.9961	0.5907	1.13	0.5544
577	0.433	0.0	0.6533	0.8756	0.6236	0.7021
578	0.7731	0.0	1.272	1.216	1.428	1.154
579	0.3397	0.0	0.5361	0.8639	0.6179	0.8945
580	0.5519	0.0	0.8711	0.9975	0.9532	1.052
581	0.4806	0.0	0.8597	0.5757	0.9847	0.5959
582	0.4424	0.0	0.6599	0.9087	0.7325	0.9858
583	0.6581	0.0	1.151	0.9264	1.198	1.012
584	0.548	0.0	0.8665	1.119	0.9221	1.268
585	0.5773	0.0	1.041	0.9786	0.9305	0.8713
586	0.5464	0.0	0.8358	0.9509	1.247	0.974
587	0.6107	0.0	0.9803	0.7663	1.039	0.7702
588	0.6524	0.0	1.053	1.135	1.204	1.227
589	0.4382	0.0	0.822	0.9592	0.682	0.7799
590	0.6016	0.0	0.9965	1.143	0.9888	1.142
591	0.7755	0.0	1.397	1.358	1.461	1.343
592	0.5507	0.0	1.039	1.404	0.8547	1.131
593	0.2902	0.0	0.482	0.6463	0.3844	0.5609
594	0.5636	0.0	0.925	0.7749	0.9237	0.8974
595	0.6186	0.0	1.077	0.988	1.077	0.9137
596	0.6272	0.0	1.04	0.3282	1.008	0.3571
597	0.7694	0.0	1.403	1.104	1.329	1.066
598	0.642	0.0	1.129	1.037	1.162	1.138
599	0.6895	0.0	1.135	1.04	1.236	0.9933
600	0.4999	0.0	0.7764	0.5708	0.8367	0.6402
601	0.6759	0.0	1.074	1.317	1.172	1.23
602	0.7214	0.0	1.539	2.142	1.056	1.364
603	0.6166	0.0	0.9806	1.136	1.175	1.445
604	0.5379	0.0	0.9661	0.7133	0.8959	0.7405
605	0.4261	0.0	0.6678	1.469	0.7003	1.885
606	0.3574	0.0	0.557	1.044	0.6021	1.243
607	0.5478	0.0	0.8749	0.8534	0.9284	0.8846
608	0.5847	0.0	1.033	1.358	1.037	1.81
609	0.7564	0.0	1.411	1.574	1.385	1.343
610	0.6103	0.0	1.008	1.197	1.023	1.312
611	0.5654	0.0	0.9154	1.019	0.8928	1.184
612	0.5476	0.0	1.096	1.027	0.9483	1.111
613	0.6201	0.0	1.213	1.269	0.9053	1.083
614	0.5131	0.0	0.7917	0.7632	0.8074	0.846
615	0.5375	0.0	0.8602	1.103	0.8189	1.103
616	0.6046	0.0	0.9466	0.6604	1.042	0.673
617	0.5084	0.0	0.8266	1.022	0.8761	0.9825
618	0.5748	0.0	0.998	0.6466	1.051	0.6485
619	0.7345	0.0	1.211	0.8897	1.461	0.8941
620	0.4594	0.0	0.7247	1.051	0.749	1.175
621	0.544	0.0	0.8667	0.9065	0.9718	1.028
622	0.4277	0.0	0.665	0.7253	0.74	0.7858
623	0.7014	0.0	1.21	1.082	1.164	1.204
624	0.5023	0.0	0.8217	0.6707	0.9652	0.6938
625	0.6116	0.0	1.035	0.6133	1.118	0.5617
626	0.4675	0.0	0.7589	0.5385	0.8389	0.6046
627	0.8132	0.0	1.412	1.265	1.521	1.413
628	0.4556	0.0	0.7151	1.187	0.7438	1.115
629	0.2738	0.0	0.4725	0.9569	0.4115	0.8128
630	0.5323	0.0	0.8422	0.6816	0.8861	0.7017
631	0.6145	0.0	1.009	1.05	1.187	1.915
632	0.7167	0.0	1.293	1.209	1.209	1.176
633	0.6588	0.0	1.19	0.4101	1.165	0.4099
634	0.6531	0.0	1.071	0.866	1.095	0.9881
635	0.7255	0.0	1.207	1.084	1.27	1.174
636	0.4438	0.0	0.6617	0.8849	0.7285	0.9448
637	0.6491	0.0	1.098	1.28	1.299	1.329
638	0.4942	0.0	0.8701	0.9418	0.9419	1.09
639	0.5397	0.0	0.9078	0.6329	0.8613	0.6138
640	0.3833	0.0	0.6211	1.083	0.7153	1.126
641	0.4439	0.0	0.6649	0.9162	0.7102	1.034
642	0.6595	0.0	1.106	1.081	1.127	1.192
643	0.4037	0.0	0.6161	0.6616	0.6096	0.7217
644	0.4331	0.0	0.7218	1.092	0.5974	1.002
645	0.5428	0.0	0.8763	0.5554	1.047	0.6347
646	0.7101	0.0	1.123	0.5932	1.264	0.6672
647	0.4668	0.0	0.7315	0.8368	0.7917	0.929
648	0.6469	0.0	1.122	1.285	1.082	1.349
649	0.4967	0.0	0.7728	0.8404	0.8164	0.8552
650	0.3914	0.0	0.5999	0.9982	0.5961	1.137
651	0.5461	0.0	0.8619	0.7578	0.9097	0.8153
652	0.3393	0.0	0.599	0.5991	0.5863	0.5229
653	0.4931	0.0	0.7547	1.248	0.7908	1.183
654	0.3843	0.0	0.6403	1.247	0.5667	1.345
655	0.4455	0.0	0.6855	1.052	0.7481	1.207
656	0.6272	0.0	1.017	0.8949	1.064	0.9246
657	0.7298	0.0	1.171	1.488	1.31	1.497
658	0.4218	0.0	0.6529	0.725	0.6129	0.8401
659	0.5022	0.0	0.8087	0.4864	0.8831	0.5042
660	0.6779	0.0	1.091	1.116	1.201	1.131
661	0.5442	0.0	0.848	0.7858	1.001	0.9293
662	0.4743	0.0	0.7632	1.032	0.8524	1.048
663	0.7425	0.0	1.601	1.456	1.082	0.9455
664	0.5887	0.0	0.9483	0.5755	0.9512	0.6169
665	0.4284	0.0	0.6572	0.6531	0.6671	0.6834
666	0.4861	0.0	0.885	0.9749	0.7175	1.046
667	0.3584	0.0	0.5616	0.8031	0.5061	0.8976
668	0.4756	0.0	0.7808	1.725	0.7594	1.617
669	0.5715	0.0	0.9826	1.312	0.9253	1.325
670	0.5302	0.0	0.8313	1.096	0.9463	1.362
671	0.3369	0.0	0.4891	0.5764	0.4975	0.6134
672	0.594	0.0	0.9816	1.288	1.075	1.399
673	0.6353	0.0	1.084	0.9242	1.105	0.9773
674	0.5416	0.0	0.829	0.6666	0.9216	0.6946
675	0.6471	0.0	1.114	1.317	1.147	1.714
676	0.4558	0.0	0.7428	0.8823	0.7451	0.9239
677	0.3769	0.0	0.5675	0.8389	0.5543	0.9877
678	0.3916	0.0	0.6107	0.6377	0.61	0.6502
679	0.5794	0.0	0.9817	0.7784	0.9249	0.9859
680	0.7668	0.0	1.312	1.013	1.438	1.724
681	0.4426	0.0	0.8412	1.78	0.6802	1.348
682	0.3475	0.0	0.5215	0.8788	0.5044	0.9325
683	0.5904	0.0	1.001	1.01	1.096	1.067
684	0.6214	0.0	1.002	0.8785	1.0	0.9011
685	0.4716	0.0	0.7769	1.102	0.7571	1.165
686	0.6241	0.0	1.004	0.7268	1.083	0.7941
687	0.4279	0.0	0.6618	0.9258	0.6869	1.016
688	0.4675	0.0	0.7414	0.9224	0.7446	0.9163
689	0.5737	0.0	0.9772	1.28	0.9196	1.255
690	0.5763	0.0	0.9749	0.8595	0.9067	0.9847
691	0.6581	0.0	1.041	0.8178	1.046	0.8666
692	0.5561	0.0	0.8871	0.8094	1.08	0.9023
693	0.6541	0.0	1.122	0.4616	1.063	0.9357
694	0.5848	0.0	0.9744	0.8378	1.004	0.957
695	0.4724	0.0	0.7855	0.784	0.7895	0.7598
696	0.4749	0.0	0.7727	1.266	0.7071	1.026
697	0.4648	0.0	1.059	0.541	0.6712	0.5048
698	0.4371	0.0	0.7155	1.485	0.656	1.687
699	0.6165	0.0	1.276	0.9162	1.074	0.855
700	0.7299	0.0	1.224	1.16	1.391	1.298
701	0.5541	0.0	0.868	1.29	0.9622	1.323
702	0.4595	0.0	0.7266	0.9511	0.7391	0.9737
703	0.5095	0.0	1.041	1.212	0.9367	1.443
704	0.4555	0.0	0.6957	0.7066	0.6892	0.6992
705	0.6424	0.0	0.9955	1.076	1.063	1.22
706	0.6878	0.0	1.403	0.99	1.011	0.9971
707	0.4123	0.0	0.6459	1.128	0.6529	1.227
708	0.575	0.0	0.9474	0.7475	0.8945	0.7081
709	0.5488	0.0	0.8906	0.9443	0.9982	1.11
710	0.5538	0.0	0.969	0.9594	1.002	1.041
711	0.6321	0.0	1.006	0.8511	1.052	0.9879
712	0.6725	0.0	1.164	1.107	1.353	1.324
713	0.7046	0.0	1.276	1.314	1.319	1.451
714	0.614	0.0	0.9666	1.173	1.039	1.321
715	0.3293	0.0	0.5032	0.9327	0.4546	0.9114
716	0.6663	0.0	1.045	0.7243	1.246	0.9708
717	0.598	0.0	1.053	0.8665	0.9385	0.9633
718	0.4708	0.0	0.7453	0.8826	0.7953	0.8981
719	0.3958	0.0	0.6707	0.9499	0.5657	0.9958
720	0.6167	0.0	1.0	1.076	1.047	1.099
721	0.6674	0.0	1.18	0.7698	1.214	0.7783
722	0.5292	0.0	0.8496	0.304	0.7946	0.3082
723	0.7336	0.0	1.276	1.328	1.31	1.295
724	0.5034	0.0	0.8598	0.7988	0.8368	0.8899
725	0.5296	0.0	0.8736	0.769	0.9994	0.8662
726	0.4127	0.0	0.7246	0.6336	0.7129	0.6675
727	0.4372	0.0	0.6758	1.323	0.6754	1.688
728	0.5159	0.0	0.8714	1.118	0.9129	1.454
729	0.6527	0.0	1.11	0.5573	1.341	0.6129
730	0.5227	0.0	0.8329	0.9814	0.8536	1.007
731	0.4036	0.0	0.6524	0.84	0.6949	0.9908
732	0.6967	0.0	1.235	0.7898	1.221	0.7924
733	0.5381	0.0	1.077	1.025	0.8049	0.6912
734	0.5337	0.0	0.8312	0.7811	0.8478	0.8415
735	0.5854	0.0	0.9266	1.179	1.112	1.398
736	0.5545	0.0	0.8869	0.8688	0.9072	0.9041
737	0.4166	0.0	0.6462	0.7987	0.6822	0.6232
738	0.526	0.0	0.8444	1.662	0.9058	1.659
739	0.7007	0.0	1.243	0.7064	1.29	0.8891
740	0.5258	0.0	0.8671	0.6609	0.8083	0.7603
741	0.4845	0.0	0.8163	1.247	0.8265	1.235
742	0.6656	0.0	1.082	0.9846	1.275	1.189
743	0.5105	0.0	0.8054	1.22	0.9287	1.229
744	0.5036	0.0	0.8139	0.9269	0.777	0.9453
745	0.5857	0.0	0.9476	0.9599	0.9919	1.008
746	0.6519	0.0	1.105	1.346	1.103	1.247
747	0.5496	0.0	0.9436	1.105	0.9668	1.188
748	0.568	0.0	1.224	1.174	0.917	0.9069
749	0.5528	0.0	0.8665	0.9693	0.9461	1.107
750	0.6405	0.0	1.055	0.8649	1.195	1.032
751	0.6232	0.0	1.004	0.703	1.023	0.7886
752	0.7406	0.0	1.249	1.199	1.307	1.299
753	0.527	0.0	0.8139	0.9316	0.8793	1.065
754	0.5939	0.0	0.9953	0.8218	1.068	0.8498
755	0.4964	0.0	0.7549	0.8176	0.8409	0.8141
756	0.3561	0.0	0.6144	0.5282	0.5205	0.526
757	0.6896	0.0	1.238	1.288	1.297	1.318
758	0.6609	0.0	1.079	1.162	1.182	1.237
759	0.4532	0.0	0.7017	0.6986	0.7746	0.8108
760	0.4937	0.0	0.7824	1.197	0.8326	1.354
761	0.5348	0.0	0.8672	1.201	0.8112	1.41
762	0.3977	0.0	0.6042	1.019	0.6025	1.062
763	0.5125	0.0	0.8217	0.9121	0.821	0.9537
764	0.4181	0.0	0.7322	0.9693	0.5965	1.038
765	0.4949	0.0	0.7662	1.07	0.8519	1.158
766	0.4773	0.0	0.7229	0.9803	0.8017	1.235
767	0.7581	0.0	2.032	1.908	1.235	1.262
768	0.543	0.0	0.8548	0.9597	0.8985	1.066
769	0.5415	0.0	0.8532	1.015	0.9137	1.155
770	0.7072	0.0	1.151	0.8809	1.27	0.8035
771	0.6366	0.0	0.9961	1.478	1.084	1.683
772	0.376	0.0	0.5816	0.8116	0.5771	0.7707
773	0.7126	0.0	1.221	1.014	1.218	0.9462
774	0.5143	0.0	0.8453	0.7743	0.7977	0.7618
775	0.5789	0.0	0.9471	0.8302	1.034	0.9147
776	0.5283	0.0	1.015	0.9079	0.9526	1.043
777	0.7211	0.0	1.187	0.8934	1.223	1.05
778	0.5122	0.0	0.8092	0.8269	0.7824	0.8945
779	0.6295	0.0	1.08	0.5675	1.259	0.8732
780	0.3795	0.0	0.6387	0.7932	0.7001	0.7608
781	0.5838	0.0	0.9413	0.5991	1.04	0.6018
782	0.45	0.0	0.6912	0.6352	0.7698	0.6949
783	0.5155	0.0	0.7801	1.158	0.9114	1.215
784	0.5994	0.0	0.9685	0.9803	1.035	0.981
785	0.5068	0.0	0.9387	0.98	0.7336	0.7478
786	0.583	0.0	0.992	0.9994	1.004	1.127
787	0.6916	0.0	1.217	0.87	1.168	1.007
788	0.5874	0.0	0.9599	0.745	1.013	0.7519
789	0.5558	0.0	0.9127	1.401	1.036	1.56
790	0.5946	0.0	0.9325	0.7608	1.011	0.8261
791	0.6669	0.0	1.339	0.8395	1.144	0.8555
792	0.461	0.0	0.7731	0.6844	0.7899	0.8066
793	0.6635	0.0	1.093	1.112	1.137	1.178
794	0.5365	0.0	0.8415	0.9034	0.9779	1.077
795	0.5696	0.0	0.9339	0.621	0.9296	0.6503
796	0.6849	0.0	1.114	1.015	1.227	1.16
797	0.4521	0.0	0.7398	0.966	0.6076	0.7096
798	0.6453	0.0	1.078	0.9461	1.081	1.051
799	0.6758	0.0	1.181	1.216	1.227	1.169
800	0.5426	0.0	1.031	0.7339	0.7897	0.7417
801	0.3671	0.0	0.5649	0.6103	0.6028	0.6495
802	0.4696	0.0	0.7378	0.9487	0.8272	1.131
803	0.5614	0.0	0.9159	1.312	0.8962	0.9969
804	0.5838	0.0	0.9425	1.007	0.9413	1.118
805	0.4698	0.0	0.765	0.9836	0.7838	1.02
806	0.6227	0.0	0.9793	0.9521	1.108	0.9936
807	0.7002	0.0	1.24	1.124	1.331	1.121
808	0.5723	0.0	0.9677	0.7368	0.9996	0.7426
809	0.6634	0.0	1.169	1.268	1.128	1.331
810	0.7344	0.0	1.522	1.405	1.203	0.969
811	0.6962	0.0	1.216	1.195	1.2	1.099
812	0.5109	0.0	0.789	0.742	0.8265	0.7981
813	0.6575	0.0	1.133	0.9704	1.124	1.027
814	0.6087	0.0	0.955	1.173	1.159	1.198
815	0.5879	0.0	0.975	0.5819	0.9717	0.7699
816	0.2643	0.0	0.4433	0.9014	0.6323	1.111
817	0.7042	0.0	1.179	0.6572	1.226	0.6366
818	0.5758	0.0	0.9586	0.9979	0.9815	0.8539
819	0.4596	0.0	0.7155	0.8459	0.7295	0.9613
820	0.6274	0.0	0.993	0.904	1.161	1.082
821	0.4658	0.0	0.905	0.9286	0.6476	0.8672
822	0.5732	0.0	0.8765	0.7708	0.9408	0.8316
823	0.4349	0.0	0.8134	0.7197	0.6169	0.7444
824	0.6126	0.0	1.042	0.9184	1.03	0.9567
825	0.6353	0.0	1.011	1.295	1.125	1.257
826	0.5572	0.0	0.855	0.5848	0.9498	0.5979
827	0.7744	0.0	1.342	1.282	1.332	1.19
828	0.595	0.0	1.032	1.152	1.042	1.111
829	0.704	0.0	1.267	0.5296	1.289	0.555
830	0.5771	0.0	0.9173	0.856	0.9905	0.8353
831	0.5837	0.0	0.9824	0.8584	0.9735	0.8446
832	0.4881	0.0	0.7499	0.8881	0.7949	0.9437
833	0.4188	0.0	0.7058	1.1	0.6194	1.241
834	0.482	0.0	0.7319	0.7685	0.8372	0.799
835	0.5974	0.0	1.11	0.851	1.13	0.9505
836	0.4902	0.0	0.7746	1.196	0.7833	1.248
837	0.45	0.0	0.7664	0.8736	0.6884	0.6923
838	0.5341	0.0	0.8584	0.7297	0.8863	0.8299
839	0.5245	0.0	0.8146	0.9542	0.9017	1.004
840	0.5552	0.0	0.9261	0.9409	0.8988	1.073
841	0.1908	0.0	0.4206	0.4596	0.3551	0.4862
842	0.4114	0.0	0.6096	1.034	0.6164	1.047
843	0.4154	0.0	0.6987	0.8377	0.6492	1.139
844	0.4287	0.0	0.6294	0.8657	0.6977	0.9743
845	0.5646	0.0	0.9656	1.192	1.01	1.603
846	0.6101	0.0	1.013	0.9322	1.135	1.074
847	0.6437	0.0	1.147	0.8971	1.033	0.9742
848	0.4728	0.0	0.7224	0.9088	0.76	1.033
849	0.4205	0.0	0.6292	0.5457	0.6504	0.5462
850	0.5935	0.0	0.9645	0.9752	0.9844	1.161
851	0.6374	0.0	1.049	1.043	1.11	1.118
852	0.4624	0.0	0.7674	1.379	0.7193	0.9062
853	0.4654	0.0	0.7092	0.7016	0.7955	0.6123
854	0.6915	0.0	1.113	0.9844	1.183	1.045
855	0.5226	0.0	0.8144	0.9219	0.852	0.9256
856	0.6701	0.0	1.085	0.9523	1.19	1.0
857	0.5089	0.0	0.766	0.7489	0.882	0.7401
858	0.347	0.0	0.5313	0.7859	0.5379	0.7982
859	0.529	0.0	0.8241	0.6979	0.8476	0.8043
860	0.7023	0.0	1.262	0.786	1.226	0.5939
861	0.6763	0.0	1.141	0.6012	1.218	0.5594
862	0.6465	0.0	1.051	1.062	1.109	1.126
863	0.435	0.0	0.6399	1.019	0.7289	1.115
864	0.5189	0.0	0.8287	0.7198	0.8606	0.7332
865	0.6826	0.0	1.15	1.254	1.222	1.416
866	0.6044	0.0	0.9776	1.147	1.123	1.211
867	0.4507	0.0	0.7179	0.7347	0.7101	0.6855
868	0.646	0.0	1.025	0.7627	1.067	0.8208
869	0.6504	0.0	1.18	0.8087	1.147	0.9846
870	0.409	0.0	0.637	0.8682	0.7314	1.39
871	0.7043	0.0	1.72	0.6077	1.103	0.6373
872	0.5465	0.0	0.8719	1.104	0.8827	1.174
873	0.4915	0.0	0.7561	1.127	0.763	1.196
874	0.4381	0.0	0.7199	0.766	0.7256	0.653
875	0.5011	0.0	0.7666	0.7807	0.8579	0.8296
876	0.4774	0.0	0.8053	1.319	0.7344	1.074
877	0.7895	0.0	1.364	0.9824	1.43	0.9408
878	0.5627	0.0	0.8687	0.8617	1.002	0.9314
879	0.5287	0.0	0.8286	0.6964	0.9119	0.7818
880	0.2563	0.0	0.501	0.6794	0.5407	0.7199
881	0.5301	0.0	0.8421	1.191	0.9512	1.177
882	0.5466	0.0	0.8404	0.6867	0.9426	0.7451
883	0.561	0.0	0.8872	1.464	0.8792	1.405
884	0.6084	0.0	0.9522	1.112	1.244	1.175
885	0.5049	0.0	0.7745	0.7698	0.8026	0.9612
886	0.3959	0.0	0.6051	0.7272	0.5758	0.7108
887	0.3714	0.0	0.5805	0.8262	0.5429	0.876
888	0.4094	0.0	0.5998	0.5141	0.6457	0.5435
889	0.5231	0.0	0.9659	0.7371	0.7642	0.6347
890	0.749	0.0	1.333	0.9334	1.319	0.981
891	0.5878	0.0	0.9323	0.9591	1.066	0.9565
892	0.5716	0.0	0.9056	0.6931	0.9247	0.6618
893	0.6575	0.0	1.116	0.7135	1.262	0.9975
894	0.5261	0.0	0.8639	0.7368	0.8643	0.8464
895	0.6667	0.0	1.141	0.854	1.279	1.044
896	0.6814	0.0	1.106	0.7763	1.228	0.7762
897	0.505	0.0	0.9807	1.287	0.8665	1.068
898	0.4815	0.0	0.7263	0.6599	0.7785	0.7158
899	0.4091	0.0	0.6497	0.8156	0.6408	0.949
900	0.3859	0.0	0.6078	1.041	0.6153	1.143
901	0.5906	0.0	1.093	0.7588	0.9259	0.668
902	0.4734	0.0	0.9157	0.9388	0.7277	1.013
903	0.6477	0.0	1.094	0.9527	1.205	0.9915
904	0.3925	0.0	0.6048	1.231	0.5907	0.9026
905	0.5598	0.0	1.003	0.9659	0.8412	1.119
906	0.6202	0.0	1.067	1.06	1.263	1.237
907	0.5746	0.0	1.173	1.172	0.9943	0.9702
908	0.5326	0.0	0.8523	0.8407	0.9097	0.8884
909	0.4487	0.0	0.7219	1.02	0.6666	1.099
910	0.4594	0.0	0.729	1.557	0.7432	1.617
911	0.6916	0.0	1.119	1.134	1.139	1.192
912	0.5226	0.0	0.8574	0.6075	0.9294	0.6761
913	0.6174	0.0	1.034	1.04	1.044	0.9458
914	0.7082	0.0	1.615	1.021	1.192	0.8514
915	0.6393	0.0	1.02	0.7544	1.153	0.8048
916	0.6628	0.0	1.065	1.111	1.156	1.09
917	0.5998	0.0	1.017	1.082	1.049	1.294
918	0.5157	0.0	0.8916	0.9365	0.9611	1.139
919	0.5667	0.0	0.8685	0.9619	0.9495	1.021
920	0.5493	0.0	0.9516	0.7567	0.9294	0.7521
921	0.659	0.0	1.065	1.162	1.239	1.25
922	0.4858	0.0	0.773	0.7602	0.7581	0.8244
923	0.5231	0.0	0.8556	0.9011	0.8544	0.9203
924	0.7429	0.0	1.226	0.9887	1.427	1.214
925	0.6539	0.0	1.171	0.9977	0.9773	0.7999
926	0.5742	0.0	0.9272	0.7877	0.9593	0.8568
927	0.6031	0.0	0.9931	0.7294	0.9433	0.729
928	0.5786	0.0	0.9123	0.898	1.003	1.029
929	0.5347	0.0	0.8523	0.8815	0.9102	0.9519
930	0.4286	0.0	0.6667	0.9021	0.6971	1.006
931	0.6617	0.0	1.051	1.41	1.17	1.189
932	0.6107	0.0	0.959	0.7836	1.101	1.043
933	0.5525	0.0	0.9142	0.4464	0.931	0.4595
934	0.3295	0.0	0.5236	0.7121	0.6429	0.7053
935	0.5084	0.0	0.784	0.8411	0.8764	0.9784
936	0.272	0.0	0.4461	1.07	0.5088	1.139
937	0.6329	0.0	1.036	0.7349	1.196	0.9231
938	0.3666	0.0	0.5569	0.8352	0.5682	0.8405
939	0.4173	0.0	0.6687	1.134	0.6441	1.174
940	0.6311	0.0	1.029	0.861	1.064	0.8365
941	0.4051	0.0	0.7262	1.085	0.5337	0.6667
942	0.5081	0.0	0.788	0.742	0.7824	0.8658
943	0.4964	0.0	0.767	1.352	1.412	1.394
944	0.6425	0.0	1.052	1.005	1.107	1.058
945	0.4914	0.0	0.8299	0.5808	0.7687	0.5779
946	0.69	0.0	1.181	1.646	1.281	1.629
947	0.5628	0.0	0.9025	0.8795	0.9051	1.015
948	0.502	0.0	0.7529	0.7807	0.762	0.7878
949	0.5716	0.0	0.9513	1.197	1.112	1.338
950	0.4497	0.0	0.7642	1.263	0.6969	1.288
951	0.4249	0.0	0.6774	0.7405	0.6873	0.8388
952	0.6108	0.0	1.031	0.994	1.03	0.9428
953	0.5459	0.0	0.8659	1.141	0.8526	1.28
954	0.6108	0.0	0.9567	0.9394	1.027	1.033
955	0.5356	0.0	0.8353	0.9849	0.8824	1.058
956	0.6294	0.0	1.104	1.148	1.014	0.9701
957	0.5636	0.0	0.888	1.085	0.9256	1.178
958	0.6597	0.0	1.116	0.8126	1.082	0.8151
959	0.512	0.0	0.7585	1.183	0.9617	1.277
960	0.4961	0.0	0.7836	1.002	0.8279	1.048
961	0.5171	0.0	0.7983	0.6194	0.9337	0.6596
962	0.6094	0.0	0.9512	0.8442	1.116	0.8935
963	0.455	0.0	0.6749	0.8638	0.725	0.9964
964	0.5987	0.0	0.9784	1.147	0.9822	0.8477
965	0.6509	0.0	1.063	0.6915	1.129	0.7632
966	0.647	0.0	1.101	1.212	1.108	1.282
967	0.5148	0.0	0.8221	0.7585	0.8498	0.8274
968	0.4947	0.0	0.7736	0.8728	0.8453	0.9484
969	0.7298	0.0	1.257	0.8806	1.332	1.17
970	0.5637	0.0	0.9769	0.617	0.9824	0.7003
971	0.5002	0.0	0.7987	0.4996	0.8423	0.6187
972	0.4508	0.0	0.7087	0.8933	0.668	0.8888
973	0.3871	0.0	0.6141	0.8836	0.6685	1.09
974	0.5653	0.0	0.9464	1.015	1.01	0.9673
975	0.663	0.0	1.639	1.45	1.136	0.8442
976	0.5213	0.0	0.8566	0.6329	0.828	0.6793
977	0.4973	0.0	0.7624	0.6604	0.7924	0.7412
978	0.4077	0.0	0.7149	0.5935	0.6477	0.5357
979	0.6791	0.0	1.089	0.9324	1.135	1.133
980	0.3862	0.0	0.602	0.9903	0.5753	0.865
981	0.6903	0.0	1.163	0.9185	1.246	0.9254
982	0.5137	0.0	0.8337	1.071	0.85	1.177
983	0.4848	0.0	0.755	1.113	0.8577	1.166
984	0.6417	0.0	1.045	1.057	1.177	1.157
985	0.4995	0.0	0.7908	0.9771	0.8797	1.175
986	0.5132	0.0	0.8233	0.5643	0.8042	0.5722
987	0.4219	0.0	0.7345	0.8062	0.6309	0.8909
988	0.2248	0.0	0.3738	0.9226	0.5227	1.195
989	0.4872	0.0	0.7761	0.6633	0.7804	0.6672
990	0.5049	0.0	0.7783	1.052	0.8223	1.058
991	0.6146	0.0	1.033	1.038	1.04	0.9849
992	0.4586	0.0	0.7006	0.8764	0.7355	0.9678
993	0.5463	0.0	1.048	1.235	0.8226	0.9724
994	0.5295	0.0	0.8721	1.056	0.8498	1.075
995	0.5027	0.0	0.776	0.8879	0.9637	0.9571
996	0.4708	0.0	0.7651	1.355	0.7776	1.407
997	0.4278	0.0	0.6706	0.6416	0.6574	0.7164
998	0.4549	0.0	0.7053	0.572	0.7135	0.5928
999	0.6659	0.0	1.156	0.8983	1.201	0.9712
1000	0.5708	0.0	0.931	0.593	0.9943	0.6925
1001	0.341	0.0	0.6029	0.8675	0.6082	0.98
1002	0.5693	0.0	0.9055	0.7457	0.9727	0.8144
1003	0.635	0.0	1.043	0.9112	1.115	0.945
1004	0.5258	0.0	0.8227	0.9962	0.8717	1.017
1005	0.3868	0.0	0.6087	1.501	0.5436	1.322
1006	0.5086	0.0	0.8065	0.9034	0.8417	0.9573
1007	0.7265	0.0	1.356	0.7829	1.286	0.7794
1008	0.5592	0.0	1.005	0.6269	0.9211	0.7435
1009	0.4299	0.0	0.6927	0.6762	0.6342	0.6266
1010	0.6042	0.0	1.035	1.272	1.286	1.412
1011	0.4988	0.0	0.7814	1.232	0.9622	0.9516
1012	0.5298	0.0	0.8339	0.9694	0.8986	1.1
1013	0.5525	0.0	0.8941	1.084	0.9324	1.175
1014	0.4405	0.0	0.6938	0.5743	0.6847	0.5987
1015	0.6598	0.0	1.193	0.882	1.19	0.8574
1016	0.5169	0.0	0.8271	0.9108	0.895	0.9422
1017	0.6723	0.0	1.119	1.115	1.266	1.163
1018	0.5783	0.0	0.9905	1.402	0.9987	1.166
1019	0.6156	0.0	0.9776	1.13	1.078	1.226
1020	0.4707	0.0	0.7816	0.8295	0.7495	0.8483
1021	0.5284	0.0	0.8575	0.5818	0.8975	0.5571
1022	0.7795	0.0	1.328	0.7276	1.541	0.8757
1023	0.6139	0.0	0.9902	0.9872	1.0	1.032
1024	0.6488	0.0	1.089	1.386	1.21	1.714
1025	0.597	0.0	0.9833	0.7104	1.005	0.8052
1026	0.527	0.0	0.8214	0.859	0.8378	0.9444
1027	0.4337	0.0	0.684	0.6871	0.6875	0.76
1028	0.6633	0.0	1.12	0.7586	1.178	1.027
1029	0.6067	0.0	1.138	0.4759	0.9487	0.4473
1030	0.4684	0.0	0.7658	0.7857	0.7758	0.8591
1031	0.3586	0.0	0.6096	0.6387	0.5218	0.5606
1032	0.4642	0.0	0.7306	0.7091	0.7621	0.6721
1033	0.5511	0.0	0.969	0.9457	0.9567	1.085
1034	0.712	0.0	1.153	0.8967	1.283	0.9964
1035	0.5428	0.0	0.847	1.312	0.9322	1.142
1036	0.4491	0.0	0.7333	0.6514	0.7525	0.716
1037	0.4668	0.0	0.7162	0.7326	0.7223	0.8326
1038	0.3953	0.0	0.5921	0.5838	0.6716	0.6036
1039	0.7362	0.0	1.215	0.9778	1.526	0.9778
1040	0.6099	0.0	0.9831	1.098	1.355	1.163
