Step	Loss(S)	Loss(T)	fwd_S	fwd_T	rev_S	rev_T
1	2.673	0.0	3.512	5.291	2.673	3.815
2	3.258	0.0	2.831	4.036	3.258	4.037
3	4.366	0.0	3.915	4.632	4.366	3.381
4	2.531	0.0	2.45	2.72	2.531	2.528
5	4.035	0.0	3.604	3.527	4.035	3.759
6	2.498	0.0	3.624	3.743	2.498	2.922
7	3.912	0.0	3.797	3.14	3.912	2.926
8	3.177	0.0	2.843	3.336	3.177	3.008
9	1.524	0.0	2.075	3.36	1.524	3.615
10	2.46	0.0	3.664	3.641	2.46	3.07
11	3.292	0.0	3.517	4.583	3.292	4.184
12	2.513	0.0	2.732	2.532	2.513	2.426
13	3.411	0.0	4.121	1.436	3.411	1.098
14	2.309	0.0	2.412	2.383	2.309	2.105
15	2.259	0.0	2.527	3.073	2.259	2.516
16	1.594	0.0	2.089	2.41	1.594	1.937
17	2.449	0.0	2.726	2.488	2.449	2.054
18	1.969	0.0	2.952	3.256	1.969	1.929
19	1.533	0.0	2.397	2.694	1.533	2.154
20	2.776	0.0	3.647	1.867	2.776	1.412
21	2.805	0.0	3.478	2.059	2.805	1.652
22	2.38	0.0	3.009	1.936	2.38	1.294
23	2.015	0.0	2.312	2.149	2.015	2.083
24	2.055	0.0	2.693	2.759	2.055	2.301
25	1.627	0.0	2.926	2.727	1.627	1.588
26	1.719	0.0	2.597	3.237	1.719	1.817
27	1.678	0.0	2.777	2.946	1.678	1.814
28	1.247	0.0	1.631	1.747	1.247	1.561
29	1.53	0.0	1.867	2.638	1.53	1.906
30	1.062	0.0	1.509	2.225	1.062	1.452
31	1.247	0.0	1.47	2.058	1.247	1.385
32	0.8591	0.0	1.157	2.517	0.8591	1.558
33	2.148	0.0	2.724	2.673	2.148	2.328
34	2.34	0.0	2.913	2.967	2.34	2.265
35	1.268	0.0	1.918	2.074	1.268	1.229
36	1.55	0.0	2.316	3.03	1.55	2.204
37	1.622	0.0	2.167	2.09	1.622	1.924
38	1.853	0.0	2.794	2.739	1.853	1.696
39	1.606	0.0	2.594	1.798	1.606	1.162
40	1.911	0.0	2.813	2.48	1.911	1.412
41	1.554	0.0	2.336	2.043	1.554	1.296
42	2.245	0.0	2.945	1.866	2.245	1.268
43	1.463	0.0	2.556	2.501	1.463	1.292
44	1.193	0.0	2.053	2.453	1.193	1.375
45	1.517	0.0	1.929	2.166	1.517	1.662
46	1.804	0.0	2.578	3.359	1.804	2.046
47	1.22	0.0	2.061	1.97	1.22	1.172
48	1.457	0.0	1.888	1.757	1.457	1.073
49	1.513	0.0	1.943	2.466	1.513	1.793
50	1.874	0.0	2.394	1.535	1.874	1.321
51	1.607	0.0	2.31	2.086	1.607	1.258
52	0.8562	0.0	0.9988	2.223	0.8562	1.182
53	1.871	0.0	2.699	2.839	1.871	1.979
54	1.046	0.0	1.443	2.369	1.046	1.849
55	1.911	0.0	2.526	2.467	1.911	1.735
56	1.707	0.0	2.237	2.286	1.707	1.778
57	1.071	0.0	1.504	2.08	1.071	1.331
58	1.048	0.0	1.542	1.365	1.048	0.9763
59	2.02	0.0	2.9	3.108	2.02	2.016
60	0.7528	0.0	1.04	1.083	0.7528	0.8223
61	0.8967	0.0	1.169	1.6	0.8967	1.023
62	1.422	0.0	1.779	2.699	1.422	1.99
63	0.7073	0.0	0.915	2.17	0.7073	1.555
64	1.26	0.0	2.243	1.461	1.26	0.9047
65	1.805	0.0	2.26	2.471	1.805	1.835
66	1.239	0.0	2.189	3.26	1.239	3.044
67	1.397	0.0	1.811	1.872	1.397	1.367
68	1.312	0.0	2.04	1.913	1.312	1.098
69	1.569	0.0	2.009	1.348	1.569	1.087
70	1.762	0.0	2.324	2.488	1.762	1.859
71	1.522	0.0	2.03	1.96	1.522	1.412
72	1.699	0.0	1.855	2.203	1.699	1.713
73	1.014	0.0	1.323	1.554	1.014	1.111
74	1.251	0.0	1.582	2.315	1.251	1.599
75	1.229	0.0	1.84	1.678	1.229	1.039
76	1.649	0.0	2.221	1.617	1.649	1.12
77	1.641	0.0	2.202	2.151	1.641	2.097
78	1.596	0.0	1.98	1.852	1.596	1.401
79	0.8484	0.0	1.262	2.492	0.8484	1.619
80	1.674	0.0	2.116	2.097	1.674	1.742
81	1.68	0.0	2.35	2.343	1.68	1.76
82	0.8865	0.0	1.241	1.963	0.8865	1.384
83	1.936	0.0	2.692	2.633	1.936	1.68
84	1.462	0.0	1.992	1.523	1.462	1.16
85	0.9983	0.0	1.504	1.761	0.9983	1.284
86	1.634	0.0	2.263	2.477	1.634	1.687
87	1.356	0.0	1.934	2.079	1.356	1.693
88	1.384	0.0	2.112	2.127	1.384	1.579
89	1.529	0.0	1.881	1.887	1.529	1.499
90	1.61	0.0	2.403	2.385	1.61	1.68
91	1.501	0.0	2.157	2.683	1.501	1.887
92	1.282	0.0	1.889	1.279	1.282	1.032
93	1.06	0.0	1.35	1.798	1.06	1.355
94	1.629	0.0	2.097	1.899	1.629	1.495
95	0.9607	0.0	1.315	1.72	0.9607	1.358
96	1.228	0.0	2.091	0.8531	1.228	0.851
97	0.8583	0.0	1.193	2.082	0.8583	1.653
98	1.719	0.0	2.41	2.228	1.719	1.606
99	0.7469	0.0	0.8816	0.9518	0.7469	0.8089
100	0.8847	0.0	1.231	1.915	0.8847	1.387
101	1.773	0.0	2.264	0.9535	1.773	0.8552
102	0.9151	0.0	1.171	1.447	0.9151	0.9677
103	1.496	0.0	2.232	1.971	1.496	1.5
104	0.9931	0.0	1.454	1.19	0.9931	0.7656
105	1.351	0.0	1.993	1.763	1.351	1.159
106	1.206	0.0	1.541	2.336	1.206	1.805
107	0.9207	0.0	1.277	2.882	0.9207	1.846
108	1.421	0.0	1.824	1.899	1.421	1.588
109	1.023	0.0	1.389	2.009	1.023	1.206
110	0.8689	0.0	1.553	1.328	0.8689	0.9475
111	1.079	0.0	2.019	1.654	1.079	1.074
112	1.213	0.0	1.301	2.87	1.213	1.913
113	1.062	0.0	1.316	2.164	1.062	1.43
114	1.253	0.0	2.279	1.898	1.253	1.301
115	1.641	0.0	2.511	2.491	1.641	1.749
116	1.455	0.0	1.73	0.9553	1.455	0.7544
117	1.342	0.0	1.793	2.944	1.342	1.95
118	1.306	0.0	1.778	2.032	1.306	1.575
119	1.564	0.0	2.032	1.762	1.564	1.33
120	1.562	0.0	2.124	2.008	1.562	1.554
121	1.604	0.0	2.062	1.458	1.604	1.227
122	1.217	0.0	1.945	1.743	1.217	1.019
123	0.8833	0.0	1.374	1.005	0.8833	0.8146
124	1.483	0.0	2.107	2.728	1.483	2.063
125	0.7538	0.0	1.115	1.972	0.7538	1.553
126	1.087	0.0	1.528	1.926	1.087	1.368
127	1.22	0.0	1.525	1.535	1.22	1.218
128	1.582	0.0	2.026	2.051	1.582	1.495
129	0.6804	0.0	0.945	1.728	0.6804	0.9864
130	0.9186	0.0	1.483	0.9445	0.9186	0.5923
131	0.8942	0.0	1.692	1.743	0.8942	1.026
132	0.7259	0.0	1.095	1.127	0.7259	0.7689
133	1.583	0.0	2.011	1.724	1.583	1.283
134	1.213	0.0	2.174	2.005	1.213	1.04
135	0.8616	0.0	1.284	0.9109	0.8616	0.6849
136	1.234	0.0	1.673	1.626	1.234	1.19
137	1.448	0.0	1.807	2.071	1.448	1.614
138	1.516	0.0	2.093	2.355	1.516	1.587
139	1.02	0.0	1.648	1.274	1.02	0.8568
140	1.643	0.0	2.135	1.707	1.643	1.096
141	1.492	0.0	1.711	1.581	1.492	1.477
142	1.249	0.0	1.672	1.614	1.249	1.066
143	1.058	0.0	1.636	1.759	1.058	0.9835
144	1.329	0.0	1.722	1.997	1.329	1.207
145	0.9117	0.0	1.48	1.692	0.9117	1.128
146	1.131	0.0	1.525	1.564	1.131	0.9305
147	1.171	0.0	1.897	2.485	1.171	1.121
148	0.7459	0.0	1.051	1.791	0.7459	0.9889
149	1.778	0.0	1.974	1.715	1.778	1.543
150	1.533	0.0	1.959	1.922	1.533	1.401
151	0.8845	0.0	1.302	1.262	0.8845	0.8324
152	1.067	0.0	1.603	1.467	1.067	1.12
153	1.247	0.0	1.713	1.968	1.247	1.416
154	1.64	0.0	1.995	2.262	1.64	1.618
155	0.8707	0.0	1.374	1.342	0.8707	0.8633
156	1.639	0.0	1.852	1.82	1.639	1.568
157	0.9682	0.0	1.203	1.78	0.9682	1.488
158	0.9534	0.0	1.217	1.582	0.9534	1.303
159	1.395	0.0	1.819	1.704	1.395	1.182
160	1.393	0.0	1.722	1.866	1.393	1.436
161	0.7908	0.0	1.135	1.428	0.7908	1.075
162	0.8714	0.0	1.266	1.622	0.8714	1.015
163	1.496	0.0	2.033	2.251	1.496	1.724
164	1.031	0.0	1.57	1.403	1.031	0.8715
165	0.7733	0.0	1.067	0.8857	0.7733	0.7594
166	1.102	0.0	1.339	1.866	1.102	1.498
167	1.645	0.0	2.051	1.839	1.645	1.467
168	0.8127	0.0	1.135	1.925	0.8127	1.106
169	1.113	0.0	1.412	1.766	1.113	1.305
170	0.9918	0.0	1.682	1.949	0.9918	1.276
171	1.213	0.0	1.787	1.787	1.213	1.219
172	0.9001	0.0	1.421	1.69	0.9001	1.15
173	1.415	0.0	1.782	1.465	1.415	1.221
174	1.45	0.0	1.927	1.745	1.45	1.427
175	1.098	0.0	1.593	1.426	1.098	1.024
176	1.334	0.0	1.786	1.442	1.334	1.105
177	1.095	0.0	1.427	1.188	1.095	0.7916
178	1.298	0.0	1.675	1.662	1.298	1.195
179	0.9133	0.0	1.553	1.546	0.9133	0.9122
180	1.38	0.0	1.865	1.777	1.38	1.212
181	1.344	0.0	1.812	2.037	1.344	1.479
182	1.191	0.0	1.412	2.118	1.191	1.875
183	1.186	0.0	1.388	1.466	1.186	1.154
184	1.31	0.0	1.69	1.857	1.31	1.358
185	1.186	0.0	1.673	0.7891	1.186	0.7379
186	0.8574	0.0	1.468	1.792	0.8574	0.9708
187	1.311	0.0	1.792	1.712	1.311	1.305
188	1.15	0.0	1.558	1.024	1.15	0.8556
189	0.7502	0.0	1.051	1.139	0.7502	0.8258
190	1.433	0.0	1.866	1.978	1.433	1.482
191	1.55	0.0	1.914	1.905	1.55	1.573
192	1.062	0.0	1.475	1.413	1.062	1.102
193	0.8954	0.0	1.087	1.763	0.8954	1.41
194	1.286	0.0	1.551	1.712	1.286	1.118
195	1.286	0.0	1.788	1.929	1.286	1.531
196	1.612	0.0	2.068	1.989	1.612	1.391
197	1.267	0.0	1.62	1.641	1.267	1.367
198	1.203	0.0	1.556	1.652	1.203	1.299
199	0.8361	0.0	1.184	1.265	0.8361	1.078
200	1.107	0.0	1.866	1.678	1.107	1.331
201	1.188	0.0	1.646	1.755	1.188	1.296
202	1.44	0.0	1.76	2.124	1.44	1.593
203	0.9126	0.0	1.482	1.367	0.9126	0.853
204	0.6729	0.0	0.9732	2.072	0.6729	1.414
205	1.061	0.0	1.275	1.941	1.061	1.397
206	1.005	0.0	1.49	1.377	1.005	0.9667
207	1.649	0.0	2.443	1.75	1.649	1.418
208	1.025	0.0	1.566	0.8471	1.025	0.6703
209	1.06	0.0	1.577	1.785	1.06	1.049
210	1.242	0.0	1.689	1.42	1.242	1.305
211	1.15	0.0	1.452	1.948	1.15	1.535
212	1.075	0.0	1.328	1.56	1.075	1.418
213	0.9233	0.0	1.351	1.454	0.9233	1.136
214	0.7253	0.0	1.132	1.425	0.7253	0.8399
215	1.091	0.0	1.705	1.735	1.091	1.136
216	1.33	0.0	1.732	2.166	1.33	1.592
217	1.057	0.0	1.543	1.628	1.057	1.254
218	1.01	0.0	1.763	1.727	1.01	1.244
219	1.482	0.0	1.943	1.761	1.482	1.176
220	1.222	0.0	1.438	1.777	1.222	1.417
221	1.318	0.0	1.562	1.595	1.318	1.244
222	0.5861	0.0	0.7845	1.633	0.5861	1.355
223	1.51	0.0	1.911	1.908	1.51	1.374
224	1.11	0.0	1.549	1.432	1.11	1.099
225	1.491	0.0	1.841	2.251	1.491	1.545
226	0.9705	0.0	1.654	1.446	0.9705	0.9852
227	1.065	0.0	1.407	1.186	1.065	0.7798
228	1.349	0.0	1.627	1.875	1.349	1.668
229	1.054	0.0	1.248	1.847	1.054	1.462
230	0.8983	0.0	1.313	1.783	0.8983	1.358
231	1.499	0.0	1.738	1.734	1.499	1.522
232	1.158	0.0	1.527	1.711	1.158	1.12
233	0.7824	0.0	1.184	0.9005	0.7824	0.7455
234	0.9699	0.0	1.562	1.469	0.9699	0.9579
235	0.7099	0.0	1.266	1.514	0.7099	1.034
236	0.8388	0.0	1.147	1.98	0.8388	1.365
237	1.007	0.0	1.355	1.274	1.007	0.8833
238	1.292	0.0	2.465	2.276	1.292	1.313
239	1.008	0.0	1.388	1.75	1.008	0.9597
240	1.098	0.0	1.523	1.126	1.098	0.751
241	1.277	0.0	1.614	1.766	1.277	1.373
242	0.6145	0.0	0.967	1.709	0.6145	1.455
243	0.9751	0.0	1.614	1.485	0.9751	1.027
244	1.371	0.0	1.729	2.005	1.371	1.523
245	1.066	0.0	1.329	1.554	1.066	1.421
246	1.268	0.0	1.725	1.701	1.268	1.137
247	0.8412	0.0	1.468	1.557	0.8412	0.9136
248	0.7778	0.0	1.118	1.334	0.7778	0.9373
249	0.8902	0.0	1.254	1.482	0.8902	0.9358
250	1.405	0.0	2.038	1.901	1.405	1.465
251	1.027	0.0	1.947	1.447	1.027	0.8333
252	0.923	0.0	1.588	1.575	0.923	0.9933
253	1.145	0.0	1.317	1.351	1.145	1.215
254	1.394	0.0	1.786	1.642	1.394	1.2
255	0.8362	0.0	1.276	1.229	0.8362	0.767
256	1.093	0.0	1.549	1.451	1.093	0.9327
257	1.164	0.0	1.473	1.799	1.164	1.132
258	1.107	0.0	1.316	1.7	1.107	1.36
259	0.9918	0.0	1.657	0.8794	0.9918	0.7468
260	0.8185	0.0	1.132	1.545	0.8185	1.067
261	1.053	0.0	1.204	1.637	1.053	1.225
262	1.261	0.0	1.648	1.439	1.261	1.169
263	1.393	0.0	2.207	2.224	1.393	1.416
264	1.032	0.0	1.341	1.833	1.032	1.511
265	1.005	0.0	1.266	1.144	1.005	0.7126
266	0.8132	0.0	1.095	1.29	0.8132	0.7855
267	1.218	0.0	1.655	2.591	1.218	1.735
268	0.9634	0.0	1.568	1.468	0.9634	1.036
269	0.8546	0.0	1.42	1.538	0.8546	0.8826
270	1.433	0.0	1.873	1.126	1.433	0.9864
271	1.442	0.0	1.931	1.848	1.442	1.457
272	0.9788	0.0	1.628	0.9855	0.9788	0.7206
273	1.291	0.0	1.77	1.485	1.291	1.084
274	0.8896	0.0	1.552	1.909	0.8896	1.063
275	0.5441	0.0	0.5691	1.711	0.5441	1.293
276	0.9196	0.0	1.574	1.306	0.9196	0.7478
277	0.9646	0.0	1.15	1.176	0.9646	0.9114
278	1.223	0.0	1.766	1.324	1.223	1.065
279	0.9736	0.0	1.255	1.466	0.9736	0.9775
280	1.185	0.0	1.599	1.338	1.185	1.028
281	0.8172	0.0	1.134	0.8691	0.8172	0.6987
282	1.274	0.0	1.509	1.676	1.274	1.329
283	0.7073	0.0	1.05	1.508	0.7073	0.9927
284	0.6155	0.0	0.8817	1.771	0.6155	1.28
285	1.148	0.0	1.53	1.821	1.148	1.2
286	1.549	0.0	1.675	1.171	1.549	0.9168
287	0.8646	0.0	1.178	1.254	0.8646	0.9136
288	0.8816	0.0	1.138	1.459	0.8816	1.129
289	1.21	0.0	1.563	1.467	1.21	1.283
290	0.9226	0.0	1.6	1.537	0.9226	0.9252
291	1.385	0.0	1.809	1.61	1.385	1.417
292	0.822	0.0	1.34	1.096	0.822	0.8098
293	0.6848	0.0	0.9055	1.4	0.6848	0.9867
294	1.195	0.0	1.533	1.537	1.195	1.181
295	1.529	0.0	1.951	1.739	1.529	1.413
296	1.02	0.0	1.477	1.391	1.02	1.14
297	1.053	0.0	1.418	1.331	1.053	1.285
298	1.431	0.0	1.679	1.212	1.431	0.8688
299	1.187	0.0	1.642	1.973	1.187	1.389
300	1.132	0.0	1.586	0.9807	1.132	0.6694
301	1.244	0.0	1.556	1.421	1.244	1.206
302	1.459	0.0	1.743	1.819	1.459	1.441
303	0.6185	0.0	0.9232	1.188	0.6185	0.8614
304	0.908	0.0	1.463	1.413	0.908	0.9396
305	0.8943	0.0	1.355	0.9012	0.8943	0.7074
306	0.5878	0.0	0.6671	1.383	0.5878	1.175
307	0.6526	0.0	0.736	1.203	0.6526	0.7246
308	0.7885	0.0	1.184	0.7962	0.7885	0.6192
309	1.272	0.0	1.483	1.505	1.272	1.147
310	0.7696	0.0	1.281	1.139	0.7696	0.7833
311	1.272	0.0	1.757	1.818	1.272	1.359
312	0.724	0.0	1.068	1.106	0.724	0.6938
313	0.8822	0.0	1.384	1.514	0.8822	0.8875
314	1.445	0.0	1.635	1.654	1.445	1.476
315	1.167	0.0	1.606	1.848	1.167	1.267
316	0.5441	0.0	0.7309	1.078	0.5441	0.9624
317	0.827	0.0	1.419	1.174	0.827	0.7619
318	0.5975	0.0	0.7654	0.9247	0.5975	1.004
319	0.9864	0.0	1.591	1.285	0.9864	0.9098
320	1.153	0.0	1.59	1.609	1.153	1.254
321	1.114	0.0	1.45	1.634	1.114	1.215
322	0.4745	0.0	0.4915	1.578	0.4745	0.8454
323	1.267	0.0	1.646	1.513	1.267	1.174
324	1.084	0.0	1.3	1.37	1.084	1.204
325	1.372	0.0	1.645	0.8933	1.372	0.6737
326	1.244	0.0	1.478	1.369	1.244	1.133
327	0.9264	0.0	1.232	1.749	0.9264	1.259
328	1.205	0.0	1.635	1.536	1.205	1.245
329	1.226	0.0	1.597	1.349	1.226	1.12
330	0.7746	0.0	1.364	1.499	0.7746	0.8962
331	0.819	0.0	1.09	1.393	0.819	0.8085
332	1.219	0.0	1.419	1.485	1.219	1.216
333	0.7116	0.0	1.008	1.908	0.7116	1.38
334	1.169	0.0	1.568	1.224	1.169	0.8702
335	1.02	0.0	1.308	1.43	1.02	1.189
336	1.158	0.0	1.73	1.545	1.158	1.041
337	0.7823	0.0	1.187	0.8846	0.7823	0.6762
338	0.6451	0.0	0.9978	1.281	0.6451	0.9565
339	0.6659	0.0	1.134	1.601	0.6659	1.01
340	0.5839	0.0	0.9534	1.468	0.5839	1.087
341	1.212	0.0	1.64	1.732	1.212	1.235
342	0.7016	0.0	1.228	1.375	0.7016	0.7734
343	0.9967	0.0	1.313	1.256	0.9967	0.813
344	0.7289	0.0	0.9084	1.196	0.7289	0.793
345	1.003	0.0	1.274	0.8592	1.003	0.7176
346	1.11	0.0	1.501	2.075	1.11	1.569
347	0.6887	0.0	1.114	1.745	0.6887	1.08
348	1.338	0.0	1.654	1.411	1.338	1.049
349	1.144	0.0	1.267	1.726	1.144	1.543
350	0.8463	0.0	1.162	1.847	0.8463	1.313
351	0.7272	0.0	1.157	0.6839	0.7272	0.5906
352	0.7921	0.0	1.242	1.062	0.7921	0.7079
353	0.7339	0.0	1.126	1.31	0.7339	0.8637
354	1.142	0.0	1.453	1.788	1.142	1.137
355	0.8002	0.0	1.429	1.505	0.8002	0.8271
356	0.5345	0.0	0.6558	0.7554	0.5345	0.5702
357	0.9699	0.0	1.134	1.318	0.9699	1.202
358	1.093	0.0	1.397	1.655	1.093	1.317
359	0.8644	0.0	1.372	1.372	0.8644	0.7903
360	0.701	0.0	0.861	1.025	0.701	0.6547
361	1.29	0.0	1.593	1.309	1.29	1.111
362	1.205	0.0	1.593	1.79	1.205	1.458
363	0.8987	0.0	1.492	2.036	0.8987	1.253
364	0.8735	0.0	0.9954	1.394	0.8735	1.174
365	1.112	0.0	1.373	1.15	1.112	0.9217
366	1.29	0.0	1.661	0.9747	1.29	0.8789
367	1.17	0.0	1.607	1.241	1.17	0.891
368	0.4545	0.0	0.7176	1.583	0.4545	1.271
369	0.7221	0.0	1.14	1.398	0.7221	0.9426
370	0.8941	0.0	1.559	1.239	0.8941	0.7785
371	1.333	0.0	1.698	1.709	1.333	1.494
372	0.9236	0.0	1.273	1.49	0.9236	0.8831
373	0.9595	0.0	1.522	1.114	0.9595	0.7009
374	1.09	0.0	1.307	1.322	1.09	1.104
375	1.356	0.0	1.611	1.804	1.356	1.346
376	1.004	0.0	1.581	1.445	1.004	0.8797
377	1.146	0.0	1.543	1.285	1.146	0.9818
378	0.7233	0.0	1.184	1.281	0.7233	0.7835
379	0.6209	0.0	0.9662	1.271	0.6209	0.7726
380	0.7933	0.0	1.3	1.492	0.7933	0.8578
381	1.239	0.0	1.505	1.048	1.239	0.902
382	1.355	0.0	1.709	1.955	1.355	1.615
383	0.9897	0.0	1.358	1.107	0.9897	0.8392
384	0.8101	0.0	1.074	1.052	0.8101	0.8226
385	0.4934	0.0	0.6726	1.031	0.4934	0.6798
386	0.8832	0.0	1.125	1.403	0.8832	1.103
387	0.6687	0.0	1.108	0.9884	0.6687	0.6252
388	1.005	0.0	1.56	1.408	1.005	0.949
389	1.327	0.0	1.595	1.597	1.327	1.138
390	1.218	0.0	1.434	1.611	1.218	1.266
391	1.13	0.0	1.599	1.185	1.13	0.9369
392	1.053	0.0	1.365	1.568	1.053	1.128
393	1.281	0.0	1.463	1.186	1.281	0.9563
394	0.8311	0.0	1.382	0.9293	0.8311	0.6028
395	1.352	0.0	1.54	1.344	1.352	0.9893
396	1.094	0.0	1.43	1.218	1.094	0.8733
397	0.8497	0.0	1.216	1.109	0.8497	0.8563
398	1.224	0.0	1.554	1.832	1.224	1.482
399	1.286	0.0	1.653	1.696	1.286	1.41
400	0.8409	0.0	1.238	1.375	0.8409	0.8922
401	0.9113	0.0	1.094	1.13	0.9113	1.04
402	1.15	0.0	1.337	1.334	1.15	1.065
403	1.347	0.0	1.852	1.628	1.347	1.267
404	1.268	0.0	1.633	1.279	1.268	0.8836
405	1.112	0.0	1.275	0.984	1.112	0.8899
406	1.172	0.0	1.424	1.458	1.172	1.111
407	0.784	0.0	1.192	1.083	0.784	0.887
408	1.064	0.0	1.412	1.05	1.064	0.6753
409	0.972	0.0	1.265	0.9065	0.972	0.7687
410	1.124	0.0	1.667	1.435	1.124	1.097
411	0.9226	0.0	1.395	1.098	0.9226	0.6158
412	0.8631	0.0	1.227	1.146	0.8631	0.8321
413	0.7169	0.0	0.8259	1.234	0.7169	1.239
414	0.6038	0.0	0.7979	1.081	0.6038	0.6778
415	1.156	0.0	1.728	1.684	1.156	1.184
416	0.5198	0.0	0.6679	0.5893	0.5198	0.5183
417	0.758	0.0	1.135	1.294	0.758	0.9334
418	1.116	0.0	1.34	1.278	1.116	1.151
419	1.0	0.0	1.093	1.442	1.0	1.125
420	0.8661	0.0	1.026	1.169	0.8661	1.119
421	0.7444	0.0	1.017	1.584	0.7444	1.142
422	0.7887	0.0	1.315	1.625	0.7887	0.9597
423	0.6788	0.0	0.9411	1.277	0.6788	0.9363
424	1.184	0.0	1.503	1.511	1.184	1.327
425	0.6518	0.0	0.9044	1.535	0.6518	1.138
426	0.9523	0.0	1.507	1.137	0.9523	0.816
427	1.113	0.0	1.364	1.485	1.113	1.136
428	1.148	0.0	1.35	0.9495	1.148	0.8362
429	0.8088	0.0	0.9343	1.255	0.8088	1.105
430	0.8941	0.0	1.16	1.495	0.8941	1.204
431	1.217	0.0	1.589	1.716	1.217	1.337
432	1.215	0.0	1.48	1.483	1.215	1.171
433	1.059	0.0	1.381	1.833	1.059	1.369
434	0.6092	0.0	0.8865	1.424	0.6092	0.8506
435	1.276	0.0	1.628	1.144	1.276	0.7085
436	0.909	0.0	1.02	1.133	0.909	0.9191
437	1.113	0.0	1.403	1.491	1.113	1.142
438	0.8396	0.0	1.207	0.9793	0.8396	0.7462
439	0.9227	0.0	1.06	0.9657	0.9227	0.7818
440	1.19	0.0	1.64	1.383	1.19	1.011
441	0.5517	0.0	0.7489	1.047	0.5517	0.7336
442	0.9142	0.0	1.086	1.142	0.9142	0.7883
443	0.9076	0.0	1.406	1.136	0.9076	0.688
444	1.264	0.0	1.648	1.369	1.264	1.201
445	0.9596	0.0	1.245	1.332	0.9596	0.9261
446	1.024	0.0	1.883	0.9757	1.024	0.6145
447	0.8607	0.0	1.177	2.266	0.8607	1.253
448	0.701	0.0	1.145	1.305	0.701	0.8429
449	0.947	0.0	1.164	1.117	0.947	1.014
450	1.273	0.0	1.562	1.932	1.273	1.373
451	0.6446	0.0	0.9197	1.18	0.6446	0.7025
452	1.13	0.0	1.302	1.567	1.13	1.281
453	0.8313	0.0	1.032	1.474	0.8313	1.262
454	0.4165	0.0	0.5662	1.438	0.4165	0.8842
455	0.5322	0.0	0.7358	0.7537	0.5322	0.5833
456	0.9419	0.0	1.357	1.186	0.9419	0.7613
457	0.8597	0.0	1.406	1.374	0.8597	0.8284
458	1.013	0.0	1.363	1.601	1.013	1.13
459	0.7564	0.0	1.135	1.342	0.7564	0.8198
460	0.5707	0.0	0.8799	1.1	0.5707	0.7097
461	1.105	0.0	1.384	1.066	1.105	0.8551
462	0.8666	0.0	0.9931	1.107	0.8666	0.994
463	1.232	0.0	1.762	1.178	1.232	0.6795
464	0.9448	0.0	1.17	0.8346	0.9448	0.5656
465	1.03	0.0	1.407	1.691	1.03	1.349
466	0.9398	0.0	1.293	1.808	0.9398	1.57
467	0.7544	0.0	1.276	0.8248	0.7544	0.6482
468	0.9075	0.0	1.065	1.694	0.9075	1.525
469	1.285	0.0	1.46	1.348	1.285	1.158
470	1.088	0.0	1.267	1.139	1.088	0.8726
471	1.052	0.0	1.236	1.36	1.052	1.111
472	0.3628	0.0	0.416	1.245	0.3628	1.038
473	0.8604	0.0	1.281	1.071	0.8604	0.7145
474	0.7205	0.0	1.285	1.136	0.7205	0.7372
475	1.496	0.0	1.89	1.741	1.496	1.376
476	0.7337	0.0	1.223	1.028	0.7337	0.7115
477	0.6533	0.0	0.9723	1.346	0.6533	0.8392
478	1.182	0.0	1.293	1.083	1.182	0.9653
479	0.7885	0.0	0.888	1.17	0.7885	0.9119
480	0.9785	0.0	1.493	1.282	0.9785	0.7441
481	1.062	0.0	1.509	1.154	1.062	0.8938
482	0.705	0.0	1.113	1.282	0.705	0.7598
483	1.03	0.0	1.365	1.365	1.03	0.8628
484	0.658	0.0	1.017	0.8824	0.658	0.6638
485	1.303	0.0	1.352	0.8457	1.303	0.6928
486	0.8261	0.0	1.071	1.886	0.8261	1.518
487	0.9495	0.0	1.223	1.412	0.9495	0.957
488	0.6	0.0	0.7465	0.9301	0.6	0.6966
489	0.4577	0.0	0.5772	1.332	0.4577	0.9745
490	1.181	0.0	1.406	1.162	1.181	1.067
491	0.8433	0.0	1.501	1.412	0.8433	0.8248
492	1.445	0.0	1.813	1.795	1.445	1.291
493	1.189	0.0	1.403	1.584	1.189	1.242
494	1.066	0.0	1.346	1.105	1.066	0.9912
495	0.8838	0.0	1.323	0.9486	0.8838	0.7719
496	0.9992	0.0	1.278	1.346	0.9992	1.047
497	1.201	0.0	1.593	1.401	1.201	1.477
498	0.5855	0.0	0.8848	0.9991	0.5855	0.6405
499	1.255	0.0	1.571	1.442	1.255	1.218
500	0.4871	0.0	0.7277	0.8722	0.4871	0.6471
501	0.8133	0.0	1.161	1.404	0.8133	1.119
502	1.139	0.0	1.361	1.5	1.139	1.349
503	0.2847	0.0	0.3605	2.392	0.2847	1.993
504	1.003	0.0	1.356	1.575	1.003	1.024
505	1.296	0.0	1.483	1.073	1.296	0.8213
506	0.7696	0.0	0.8777	1.342	0.7696	1.03
507	0.9815	0.0	1.349	1.901	0.9815	1.387
508	1.101	0.0	1.631	1.365	1.101	0.9593
509	1.002	0.0	1.048	1.333	1.002	1.072
510	1.345	0.0	1.471	1.656	1.345	1.292
511	0.8845	0.0	1.122	1.077	0.8845	0.9667
512	0.7387	0.0	1.17	1.333	0.7387	0.9794
513	1.043	0.0	1.31	1.836	1.043	1.309
514	0.7928	0.0	1.084	0.9028	0.7928	0.6369
515	0.6518	0.0	1.018	1.321	0.6518	0.8194
516	0.5849	0.0	0.9752	0.7356	0.5849	0.5812
517	1.278	0.0	1.536	1.243	1.278	1.1
518	0.6858	0.0	1.035	1.243	0.6858	0.8312
519	1.241	0.0	1.702	1.164	1.241	0.9005
520	0.5983	0.0	0.8397	0.7367	0.5983	0.5364
521	0.8403	0.0	1.218	1.158	0.8403	0.7541
522	1.102	0.0	1.254	1.061	1.102	0.9287
523	1.248	0.0	1.38	1.634	1.248	1.318
524	0.9158	0.0	1.067	1.203	0.9158	1.071
525	0.9002	0.0	1.352	1.524	0.9002	0.9856
526	0.8538	0.0	1.216	1.11	0.8538	0.7127
527	0.733	0.0	0.9362	1.196	0.733	0.907
528	1.061	0.0	1.209	1.442	1.061	1.209
529	1.15	0.0	1.33	1.437	1.15	1.219
530	0.7261	0.0	1.075	1.183	0.7261	0.7068
531	1.07	0.0	1.248	1.283	1.07	1.047
532	1.123	0.0	1.207	1.259	1.123	1.055
533	1.171	0.0	1.332	0.9961	1.171	0.9016
534	0.8348	0.0	0.9811	1.381	0.8348	1.197
535	1.187	0.0	1.344	1.416	1.187	1.196
536	1.126	0.0	1.468	1.397	1.126	1.16
537	0.6147	0.0	0.8286	1.568	0.6147	1.318
538	0.6722	0.0	0.957	1.14	0.6722	0.6802
539	0.6965	0.0	0.9622	1.473	0.6965	1.05
540	0.9558	0.0	1.09	1.402	0.9558	1.258
541	0.7702	0.0	0.8948	1.668	0.7702	1.318
542	1.011	0.0	1.331	1.165	1.011	1.038
543	1.07	0.0	1.259	0.9974	1.07	0.9861
544	0.9704	0.0	1.205	1.127	0.9704	0.861
545	0.6419	0.0	1.072	0.8782	0.6419	0.625
546	0.9701	0.0	1.301	0.9185	0.9701	0.6006
547	0.6126	0.0	0.8238	1.129	0.6126	0.7784
548	0.64	0.0	0.8785	1.123	0.64	0.7222
549	1.381	0.0	1.707	1.335	1.381	1.151
550	0.5893	0.0	0.8997	1.304	0.5893	0.7973
551	0.7664	0.0	1.058	1.323	0.7664	0.81
552	0.7423	0.0	1.024	0.9581	0.7423	0.6926
553	0.4965	0.0	0.8035	1.148	0.4965	0.9049
554	1.027	0.0	1.204	1.463	1.027	1.195
555	1.005	0.0	1.304	1.046	1.005	0.6785
556	0.902	0.0	1.059	1.347	0.902	1.158
557	0.5732	0.0	0.6491	1.245	0.5732	1.117
558	0.695	0.0	0.9074	1.004	0.695	0.6788
559	0.5325	0.0	0.6237	0.8727	0.5325	0.5853
560	0.9345	0.0	1.14	0.9961	0.9345	0.7298
561	0.9144	0.0	1.135	1.251	0.9144	0.8744
562	0.6451	0.0	0.9464	1.212	0.6451	0.8481
563	0.7099	0.0	1.149	1.065	0.7099	0.7102
564	0.8891	0.0	1.666	0.9992	0.8891	0.7229
565	0.8839	0.0	0.972	1.54	0.8839	1.466
566	1.148	0.0	1.373	1.402	1.148	1.138
567	0.9348	0.0	1.485	0.7787	0.9348	0.625
568	0.7559	0.0	1.033	0.8336	0.7559	0.5928
569	1.191	0.0	1.398	1.333	1.191	1.131
570	0.9588	0.0	1.239	1.416	0.9588	1.235
571	0.68	0.0	0.9903	1.183	0.68	0.8369
572	1.158	0.0	1.369	1.339	1.158	0.9875
573	1.009	0.0	1.116	1.066	1.009	0.9874
574	0.9602	0.0	1.089	1.329	0.9602	1.123
575	0.8787	0.0	1.097	1.066	0.8787	0.8321
576	1.25	0.0	1.459	1.443	1.25	1.311
577	0.6794	0.0	0.849	0.774	0.6794	0.6586
578	0.8409	0.0	1.11	0.9292	0.8409	0.5978
579	1.409	0.0	1.74	1.63	1.409	1.377
580	0.7498	0.0	1.086	1.387	0.7498	1.108
581	0.6211	0.0	0.8253	1.437	0.6211	0.8601
582	0.8794	0.0	0.9783	1.346	0.8794	1.105
583	1.273	0.0	1.429	1.49	1.273	1.354
584	0.8983	0.0	1.446	1.103	0.8983	0.7287
585	1.193	0.0	1.413	1.26	1.193	0.982
586	0.6446	0.0	0.9755	1.453	0.6446	0.824
587	0.8138	0.0	1.087	1.536	0.8138	1.065
588	0.6079	0.0	0.8715	1.404	0.6079	0.9429
589	0.9797	0.0	1.106	1.024	0.9797	0.8936
590	0.6875	0.0	0.9077	1.412	0.6875	1.198
591	0.8942	0.0	1.273	1.319	0.8942	0.8641
592	0.7355	0.0	0.9458	1.35	0.7355	0.9729
593	0.9933	0.0	1.116	1.197	0.9933	1.037
594	1.169	0.0	1.414	1.308	1.169	1.136
595	0.692	0.0	1.1	1.232	0.692	0.8244
596	0.859	0.0	1.157	1.245	0.859	0.9149
597	1.457	0.0	1.662	1.76	1.457	1.281
598	1.224	0.0	1.441	1.314	1.224	1.12
599	0.8345	0.0	1.092	1.037	0.8345	0.8202
600	1.026	0.0	1.097	1.194	1.026	0.9812
601	0.5557	0.0	0.9128	1.52	0.5557	1.412
602	0.614	0.0	0.9816	0.9335	0.614	0.659
603	1.187	0.0	1.38	1.146	1.187	0.8039
604	1.147	0.0	1.377	1.099	1.147	0.8985
605	0.6325	0.0	0.9289	1.003	0.6325	0.7059
606	1.15	0.0	1.328	1.249	1.15	1.076
607	1.251	0.0	1.679	1.4	1.251	1.268
608	0.5184	0.0	0.6257	1.19	0.5184	0.9335
609	0.9211	0.0	1.12	1.136	0.9211	0.8434
610	0.6113	0.0	0.777	1.318	0.6113	1.043
611	1.173	0.0	1.519	1.576	1.173	1.324
612	0.7034	0.0	0.889	1.375	0.7034	1.066
613	1.242	0.0	1.393	1.157	1.242	1.031
614	1.06	0.0	1.251	1.235	1.06	1.091
615	0.6942	0.0	0.9159	1.168	0.6942	0.9907
616	0.7647	0.0	1.243	1.168	0.7647	0.8754
617	1.034	0.0	1.378	1.346	1.034	1.12
618	1.212	0.0	1.428	0.8543	1.212	0.6171
619	0.5097	0.0	0.6506	0.74	0.5097	0.647
620	0.7001	0.0	0.9989	1.496	0.7001	0.9063
621	1.219	0.0	1.483	1.297	1.219	1.077
622	0.567	0.0	0.7841	0.8477	0.567	0.6599
623	0.8398	0.0	1.159	1.488	0.8398	1.081
624	0.6656	0.0	1.086	1.187	0.6656	0.777
625	0.6643	0.0	0.8229	1.482	0.6643	0.8353
626	1.022	0.0	1.121	1.35	1.022	1.24
627	1.215	0.0	1.347	1.244	1.215	0.9623
628	0.4626	0.0	0.541	1.098	0.4626	0.9801
629	0.8528	0.0	1.269	0.9455	0.8528	0.7758
630	0.922	0.0	1.192	1.343	0.922	0.8175
631	0.7876	0.0	1.262	1.455	0.7876	0.8303
632	1.182	0.0	1.266	1.647	1.182	1.606
633	0.3448	0.0	0.5341	1.191	0.3448	1.141
634	0.6538	0.0	0.9183	1.314	0.6538	0.9259
635	1.06	0.0	1.24	1.156	1.06	1.027
636	0.9095	0.0	0.9773	1.324	0.9095	1.25
637	1.149	0.0	1.289	1.179	1.149	0.9639
638	1.009	0.0	1.128	1.028	1.009	0.9274
639	0.8297	0.0	1.05	1.355	0.8297	1.183
640	0.4589	0.0	0.6344	0.9822	0.4589	0.6825
641	1.135	0.0	1.295	0.9429	1.135	0.7892
642	0.8131	0.0	1.27	2.211	0.8131	1.196
643	0.5493	0.0	0.6422	1.324	0.5493	0.897
644	1.309	0.0	1.43	1.128	1.309	1.016
645	1.302	0.0	1.567	1.109	1.302	0.8476
646	0.5512	0.0	0.863	0.8883	0.5512	0.745
647	0.918	0.0	1.01	1.373	0.918	1.261
648	1.163	0.0	1.344	1.466	1.163	1.13
649	0.7396	0.0	1.125	1.767	0.7396	1.169
650	1.288	0.0	1.629	1.276	1.288	1.078
651	1.074	0.0	1.354	1.05	1.074	0.7455
652	1.17	0.0	1.381	1.198	1.17	0.9871
653	1.176	0.0	1.417	1.475	1.176	1.138
654	0.5385	0.0	0.6015	0.5828	0.5385	0.4959
655	0.678	0.0	0.9989	1.064	0.678	0.8041
656	1.065	0.0	1.497	1.154	1.065	0.911
657	0.6754	0.0	0.8912	1.397	0.6754	1.285
658	1.239	0.0	1.446	1.575	1.239	1.414
659	0.9168	0.0	1.322	0.9495	0.9168	0.7082
660	1.215	0.0	1.424	1.494	1.215	1.23
661	0.857	0.0	0.9634	1.079	0.857	1.127
662	0.5018	0.0	0.6833	1.293	0.5018	0.9791
663	0.867	0.0	1.507	1.003	0.867	0.653
664	1.096	0.0	1.413	0.8947	1.096	0.6292
665	0.7268	0.0	1.046	1.322	0.7268	0.9019
666	1.005	0.0	1.25	1.327	1.005	0.8299
667	0.9061	0.0	1.212	0.8257	0.9061	0.5342
668	0.6234	0.0	0.9222	1.573	0.6234	0.9569
669	0.7576	0.0	0.9092	1.087	0.7576	0.942
670	1.156	0.0	1.388	1.274	1.156	1.09
671	0.6788	0.0	1.138	1.058	0.6788	0.7128
672	0.7034	0.0	1.0	1.063	0.7034	0.7277
673	0.7191	0.0	1.007	1.451	0.7191	1.24
674	0.9774	0.0	1.303	1.697	0.9774	1.32
675	0.6671	0.0	0.9411	1.102	0.6671	0.7704
676	1.137	0.0	1.299	0.775	1.137	0.6567
677	1.019	0.0	1.149	1.104	1.019	0.9782
678	1.124	0.0	1.23	1.163	1.124	1.036
679	1.071	0.0	1.38	1.15	1.071	0.8816
680	0.9713	0.0	1.104	1.299	0.9713	1.056
681	0.909	0.0	1.13	1.115	0.909	0.8085
682	0.5555	0.0	0.7316	1.179	0.5555	0.9697
683	1.154	0.0	1.444	1.332	1.154	1.196
684	0.3516	0.0	0.3896	1.412	0.3516	1.194
685	0.6919	0.0	1.076	1.261	0.6919	0.7748
686	0.935	0.0	1.117	1.258	0.935	1.135
687	0.4977	0.0	0.5846	1.457	0.4977	1.285
688	0.9013	0.0	1.427	1.339	0.9013	1.116
689	0.9847	0.0	1.14	0.978	0.9847	0.8275
690	0.7592	0.0	1.308	1.055	0.7592	0.6879
691	0.8483	0.0	1.305	1.539	0.8483	0.874
692	0.7888	0.0	1.008	0.9648	0.7888	0.5825
693	1.027	0.0	1.124	1.143	1.027	1.003
694	1.068	0.0	1.343	1.212	1.068	1.183
695	0.8977	0.0	1.175	0.74	0.8977	0.5824
696	0.8592	0.0	1.155	0.9014	0.8592	0.6791
697	0.9622	0.0	1.163	0.8924	0.9622	0.7434
698	0.4828	0.0	0.5222	1.169	0.4828	1.021
699	0.7158	0.0	0.9866	1.235	0.7158	0.8301
700	1.083	0.0	1.39	1.656	1.083	1.304
701	1.433	0.0	1.705	1.483	1.433	1.193
702	1.15	0.0	1.312	0.939	1.15	0.7196
703	1.003	0.0	1.22	0.9385	1.003	0.7076
704	0.6159	0.0	0.7373	1.512	0.6159	1.235
705	0.9204	0.0	1.179	1.504	0.9204	1.334
706	0.7005	0.0	1.215	1.274	0.7005	0.7814
707	0.6072	0.0	0.8669	1.215	0.6072	0.9891
708	0.8624	0.0	1.013	0.8148	0.8624	0.7345
709	0.9166	0.0	1.235	0.7365	0.9166	0.5645
710	1.103	0.0	1.365	1.467	1.103	1.179
711	1.147	0.0	1.433	1.42	1.147	1.226
712	0.7622	0.0	0.9858	0.9512	0.7622	0.7045
713	0.6603	0.0	0.78	1.481	0.6603	1.14
714	0.8033	0.0	1.022	1.446	0.8033	1.17
715	1.375	0.0	1.635	1.512	1.375	1.169
716	1.172	0.0	1.366	0.8006	1.172	0.5571
717	1.06	0.0	1.118	0.925	1.06	0.9039
718	0.8619	0.0	1.055	1.404	0.8619	1.17
719	1.044	0.0	1.229	1.197	1.044	0.9742
720	0.7163	0.0	1.044	1.134	0.7163	1.021
721	1.211	0.0	1.408	1.311	1.211	1.146
722	0.728	0.0	0.8553	1.073	0.728	0.8643
723	0.628	0.0	0.6639	0.5872	0.628	0.5464
724	0.737	0.0	1.182	0.8713	0.737	0.6783
725	1.245	0.0	1.487	1.066	1.245	0.8716
726	0.8584	0.0	1.277	1.946	0.8584	1.007
727	0.9689	0.0	1.38	1.322	0.9689	1.071
728	0.2865	0.0	0.2724	0.9731	0.2865	0.5856
729	0.7713	0.0	1.313	1.041	0.7713	0.7733
730	0.9698	0.0	1.113	1.164	0.9698	1.156
731	1.074	0.0	1.241	1.268	1.074	1.188
732	0.7912	0.0	0.9092	0.9707	0.7912	0.9167
733	0.5921	0.0	0.8808	1.062	0.5921	0.7704
734	0.6716	0.0	1.099	0.9963	0.6716	0.6698
735	0.9796	0.0	1.344	1.264	0.9796	0.8973
736	1.209	0.0	1.391	1.4	1.209	1.313
737	1.027	0.0	1.268	1.395	1.027	1.305
738	0.6962	0.0	1.158	0.9976	0.6962	0.6834
739	1.157	0.0	1.272	1.239	1.157	1.099
740	1.105	0.0	1.145	1.009	1.105	0.9288
741	1.115	0.0	1.279	1.289	1.115	1.191
742	0.9937	0.0	1.183	1.428	0.9937	1.188
743	1.159	0.0	1.406	1.271	1.159	1.118
744	1.176	0.0	1.39	1.584	1.176	1.325
745	1.105	0.0	1.292	0.9293	1.105	0.7812
746	0.7844	0.0	1.28	1.185	0.7844	0.77
747	0.8366	0.0	1.138	1.281	0.8366	0.8904
748	1.274	0.0	1.395	1.326	1.274	1.185
749	1.21	0.0	1.415	1.388	1.21	1.036
750	0.6844	0.0	0.9199	1.274	0.6844	0.8138
751	1.009	0.0	1.183	1.218	1.009	1.08
752	1.168	0.0	1.318	1.382	1.168	1.25
753	0.4968	0.0	0.7036	1.239	0.4968	0.7841
754	0.8534	0.0	1.189	1.208	0.8534	0.7658
755	0.6086	0.0	0.9923	1.128	0.6086	0.8741
756	1.097	0.0	1.265	1.402	1.097	1.122
757	1.134	0.0	1.37	1.493	1.134	1.259
758	0.4613	0.0	0.5679	0.6267	0.4613	0.5528
759	0.8242	0.0	1.031	1.213	0.8242	0.7795
760	0.5621	0.0	0.8141	1.234	0.5621	0.88
761	1.243	0.0	1.461	1.328	1.243	1.164
762	1.26	0.0	1.593	1.33	1.26	1.166
763	0.5412	0.0	0.7291	0.9531	0.5412	0.6987
764	1.148	0.0	1.287	1.321	1.148	1.051
765	1.064	0.0	1.178	1.105	1.064	1.108
766	0.7741	0.0	1.128	1.638	0.7741	1.058
767	0.9285	0.0	1.581	1.362	0.9285	0.8271
768	0.7041	0.0	0.9576	1.495	0.7041	0.9805
769	0.8009	0.0	1.152	0.9737	0.8009	0.691
770	0.8831	0.0	1.15	1.222	0.8831	0.9334
771	0.6297	0.0	1.02	0.9981	0.6297	0.6362
772	0.7375	0.0	1.382	1.199	0.7375	0.748
773	0.9254	0.0	1.0	0.9359	0.9254	0.8459
774	1.34	0.0	1.545	1.383	1.34	1.21
775	0.702	0.0	1.179	0.9953	0.702	0.6775
776	0.7317	0.0	1.089	1.027	0.7317	0.6642
777	1.153	0.0	1.399	1.44	1.153	1.261
778	0.836	0.0	0.9821	1.444	0.836	1.186
779	1.031	0.0	1.806	1.189	1.031	0.7844
780	1.151	0.0	1.226	0.9941	1.151	0.724
781	0.9713	0.0	1.18	0.9556	0.9713	0.8309
782	1.106	0.0	1.218	1.231	1.106	1.066
783	0.9495	0.0	1.153	1.364	0.9495	1.01
784	0.3302	0.0	0.4622	1.289	0.3302	1.124
785	0.8288	0.0	1.224	0.8831	0.8288	0.59
786	0.7803	0.0	1.172	1.403	0.7803	0.928
787	1.144	0.0	1.42	1.619	1.144	1.404
788	0.4079	0.0	0.4533	1.062	0.4079	0.7088
789	0.5983	0.0	0.6425	0.5394	0.5983	0.4292
790	1.073	0.0	1.196	1.126	1.073	1.022
791	1.278	0.0	1.525	1.336	1.278	1.266
792	0.4663	0.0	0.5647	1.088	0.4663	0.7087
793	0.6019	0.0	0.8142	1.38	0.6019	1.035
794	0.6158	0.0	0.877	0.9478	0.6158	0.6975
795	0.9531	0.0	1.328	1.482	0.9531	1.004
796	0.6439	0.0	0.9184	1.246	0.6439	0.7941
797	1.088	0.0	1.198	0.8861	1.088	0.7283
798	1.054	0.0	1.199	1.467	1.054	1.32
799	0.9267	0.0	1.154	1.252	0.9267	0.8314
800	0.9218	0.0	1.162	0.8651	0.9218	0.6901
801	0.5825	0.0	0.8306	1.098	0.5825	0.8502
802	1.049	0.0	1.249	1.149	1.049	1.049
803	0.5511	0.0	0.8439	1.554	0.5511	0.9744
804	1.161	0.0	1.318	1.052	1.161	0.7837
805	1.14	0.0	1.337	1.25	1.14	0.9844
806	1.075	0.0	1.283	1.277	1.075	1.129
807	0.5147	0.0	0.6132	1.147	0.5147	0.8432
808	1.298	0.0	1.478	0.9819	1.298	0.7598
809	1.022	0.0	1.299	1.265	1.022	1.054
810	0.7338	0.0	0.9738	1.628	0.7338	0.961
811	1.086	0.0	1.313	1.42	1.086	1.232
812	0.788	0.0	1.015	1.019	0.788	0.7403
813	0.7236	0.0	0.9529	1.143	0.7236	0.7937
814	0.6836	0.0	0.8011	1.099	0.6836	0.9904
815	1.167	0.0	1.425	1.253	1.167	1.057
816	0.6867	0.0	1.008	1.22	0.6867	0.7848
817	0.9443	0.0	1.05	1.052	0.9443	0.9355
818	1.152	0.0	1.354	0.8584	1.152	0.7941
819	1.035	0.0	1.299	1.423	1.035	1.225
820	0.6519	0.0	0.8487	1.541	0.6519	1.163
821	1.124	0.0	1.226	1.293	1.124	1.22
822	0.9447	0.0	1.064	1.158	0.9447	1.014
823	0.8674	0.0	1.089	1.077	0.8674	0.8015
824	0.8666	0.0	1.144	1.327	0.8666	1.008
825	0.8933	0.0	1.006	1.292	0.8933	1.118
826	0.976	0.0	1.145	1.261	0.976	1.079
827	0.9999	0.0	1.208	0.9874	0.9999	0.7078
828	1.069	0.0	1.605	0.6321	1.069	0.6009
829	1.229	0.0	1.425	1.21	1.229	1.065
830	0.6525	0.0	0.9999	0.9874	0.6525	0.7247
831	0.6917	0.0	0.8919	1.296	0.6917	1.073
832	0.7071	0.0	0.9631	0.9561	0.7071	0.6713
833	0.4927	0.0	0.5649	1.286	0.4927	0.9119
834	1.034	0.0	1.195	1.323	1.034	1.081
835	1.049	0.0	1.135	1.116	1.049	1.065
836	0.9577	0.0	1.051	0.961	0.9577	0.8391
837	0.8381	0.0	0.97	1.385	0.8381	0.8718
838	0.7345	0.0	1.186	1.327	0.7345	0.7769
839	0.6522	0.0	0.9062	1.43	0.6522	0.9236
840	1.017	0.0	1.173	1.723	1.017	1.439
841	0.5091	0.0	0.8277	1.146	0.5091	1.016
842	0.787	0.0	1.268	1.037	0.787	0.677
843	1.149	0.0	1.336	1.073	1.149	0.9868
844	0.8702	0.0	1.03	1.126	0.8702	1.018
845	1.258	0.0	1.461	1.134	1.258	1.054
846	1.044	0.0	1.112	1.335	1.044	1.081
847	1.067	0.0	1.263	1.394	1.067	1.203
848	0.5534	0.0	0.7273	1.16	0.5534	1.068
849	0.9357	0.0	1.131	1.367	0.9357	1.183
850	0.6959	0.0	1.166	1.1	0.6959	0.6164
851	0.7544	0.0	0.8964	1.112	0.7544	0.7064
852	0.8484	0.0	1.047	1.289	0.8484	1.206
853	0.522	0.0	0.7264	1.053	0.522	0.8753
854	0.8822	0.0	1.072	0.7557	0.8822	0.6107
855	0.8533	0.0	0.8732	1.202	0.8533	1.083
856	0.6512	0.0	0.8821	1.301	0.6512	1.161
857	0.5616	0.0	0.8195	0.8604	0.5616	0.5646
858	0.5212	0.0	0.5924	1.035	0.5212	0.6678
859	0.8189	0.0	1.079	1.691	0.8189	1.177
860	1.0	0.0	1.268	0.8436	1.0	0.6468
861	0.4949	0.0	0.7812	1.213	0.4949	1.034
862	0.6732	0.0	0.9954	0.5401	0.6732	0.4841
863	0.6832	0.0	0.9409	1.646	0.6832	1.047
864	0.5822	0.0	0.7251	0.9869	0.5822	0.759
865	1.06	0.0	1.12	1.123	1.06	1.017
866	0.4516	0.0	0.5166	1.656	0.4516	1.368
867	0.6967	0.0	1.058	0.9521	0.6967	0.8948
868	0.9486	0.0	1.099	1.208	0.9486	1.067
869	0.9119	0.0	1.043	0.91	0.9119	0.8638
870	0.8839	0.0	1.165	1.238	0.8839	0.8429
871	0.2198	0.0	0.2802	0.9409	0.2198	0.5776
872	0.5075	0.0	0.6231	1.214	0.5075	0.9944
873	0.7471	0.0	1.13	0.9546	0.7471	0.7921
874	0.9449	0.0	1.129	1.011	0.9449	0.6796
875	0.7299	0.0	1.056	1.988	0.7299	1.145
876	0.5713	0.0	0.8277	1.26	0.5713	0.7798
877	0.9524	0.0	1.028	0.8574	0.9524	0.7498
878	1.121	0.0	1.316	1.335	1.121	1.147
879	0.6307	0.0	1.112	0.9247	0.6307	0.6292
880	0.6237	0.0	0.8029	0.8843	0.6237	0.6954
881	0.9497	0.0	1.212	1.194	0.9497	1.051
882	1.187	0.0	1.342	1.299	1.187	1.148
883	0.6926	0.0	1.017	0.9882	0.6926	0.7038
884	0.8661	0.0	0.9785	0.9228	0.8661	0.6895
885	1.037	0.0	1.113	1.165	1.037	1.009
886	0.9635	0.0	1.112	1.003	0.9635	0.8533
887	0.7194	0.0	0.9273	0.9785	0.7194	0.7487
888	0.5113	0.0	0.6934	1.283	0.5113	1.065
889	0.3489	0.0	0.3964	1.087	0.3489	0.7493
890	0.7009	0.0	0.9132	0.8582	0.7009	0.6582
891	1.09	0.0	1.173	0.9663	1.09	0.7758
892	0.8022	0.0	1.079	0.9286	0.8022	0.6459
893	0.5505	0.0	0.6056	0.9097	0.5505	0.6035
894	0.6857	0.0	0.7688	0.942	0.6857	0.8394
895	1.128	0.0	1.248	1.393	1.128	1.221
896	0.5646	0.0	0.7447	0.8654	0.5646	0.6308
897	0.5423	0.0	0.7553	1.045	0.5423	0.804
898	0.6692	0.0	0.9388	0.9111	0.6692	0.6832
899	0.6898	0.0	1.243	1.288	0.6898	0.9446
900	0.7772	0.0	1.123	1.123	0.7772	0.7321
901	1.004	0.0	1.1	0.9024	1.004	0.7686
902	0.7012	0.0	0.8645	1.397	0.7012	1.208
903	0.7239	0.0	0.9135	1.227	0.7239	0.8117
904	0.3928	0.0	0.5008	1.119	0.3928	0.9378
905	0.8772	0.0	1.052	1.036	0.8772	0.8568
906	0.9956	0.0	1.131	1.141	0.9956	1.074
907	0.6998	0.0	0.8935	1.096	0.6998	0.7488
908	1.492	0.0	1.416	1.321	1.492	1.079
909	1.193	0.0	1.442	1.308	1.193	1.056
910	0.725	0.0	0.8171	0.9772	0.725	0.8449
911	0.9141	0.0	1.127	0.7847	0.9141	0.661
912	1.253	0.0	1.434	1.276	1.253	0.9585
913	1.267	0.0	1.445	1.103	1.267	0.962
914	0.772	0.0	0.9642	1.171	0.772	0.7615
915	0.9963	0.0	1.186	1.438	0.9963	1.207
916	0.9272	0.0	1.121	0.9399	0.9272	0.5671
917	0.5766	0.0	0.7786	0.7884	0.5766	0.6253
918	0.6233	0.0	0.8967	1.276	0.6233	1.141
919	1.011	0.0	1.115	1.702	1.011	1.503
920	0.9591	0.0	1.133	0.9541	0.9591	0.784
921	0.8793	0.0	1.006	0.8244	0.8793	0.6315
922	0.9483	0.0	1.093	1.6	0.9483	1.322
923	1.056	0.0	1.279	1.252	1.056	1.039
924	1.003	0.0	1.169	0.9173	1.003	0.7974
925	0.9469	0.0	1.088	0.909	0.9469	0.7543
926	1.01	0.0	1.15	1.18	1.01	0.9813
927	0.4125	0.0	0.4834	1.047	0.4125	0.886
928	0.9104	0.0	1.178	0.8116	0.9104	0.6944
929	0.5814	0.0	0.7628	0.9993	0.5814	0.8787
930	1.142	0.0	1.366	1.195	1.142	1.037
931	0.8267	0.0	1.049	0.655	0.8267	0.4432
932	0.5287	0.0	0.7102	0.8273	0.5287	0.6419
933	0.9895	0.0	1.154	1.241	0.9895	0.9777
934	0.5226	0.0	0.7289	0.7699	0.5226	0.5746
935	1.216	0.0	1.382	1.198	1.216	1.029
936	0.4552	0.0	0.7437	0.796	0.4552	0.5412
937	0.8409	0.0	1.138	1.276	0.8409	0.8958
938	0.9038	0.0	1.025	0.9889	0.9038	0.8692
939	0.9635	0.0	1.077	1.203	0.9635	1.029
940	0.9611	0.0	1.109	0.9029	0.9611	0.7829
941	0.8363	0.0	1.023	1.153	0.8363	0.963
942	0.9248	0.0	1.062	0.4623	0.9248	0.4701
943	0.8184	0.0	1.277	1.182	0.8184	0.9699
944	1.026	0.0	1.139	1.137	1.026	0.9426
945	1.04	0.0	1.189	1.218	1.04	1.094
946	0.665	0.0	0.9346	1.237	0.665	0.7969
947	1.133	0.0	1.25	1.139	1.133	0.9735
948	1.008	0.0	1.096	1.258	1.008	1.187
949	1.074	0.0	1.208	1.248	1.074	1.036
950	0.8672	0.0	1.061	1.1	0.8672	0.9745
951	0.8992	0.0	1.156	1.2	0.8992	0.9925
952	0.9379	0.0	1.089	1.377	0.9379	1.15
953	1.163	0.0	1.23	0.9407	1.163	0.798
954	0.9996	0.0	1.336	1.17	0.9996	0.7334
955	0.4611	0.0	0.5035	0.9495	0.4611	0.6583
956	1.106	0.0	1.178	1.248	1.106	1.049
957	1.127	0.0	1.287	1.556	1.127	1.254
958	0.6254	0.0	0.7297	0.7048	0.6254	0.5203
959	0.8587	0.0	0.9022	1.077	0.8587	1.041
960	0.5552	0.0	0.7418	1.307	0.5552	1.12
961	0.7986	0.0	1.078	1.214	0.7986	0.7378
962	0.8393	0.0	1.108	0.9669	0.8393	0.5982
963	0.5289	0.0	0.6961	1.122	0.5289	0.7777
964	0.983	0.0	1.153	1.142	0.983	0.9502
965	0.9772	0.0	1.19	1.499	0.9772	1.106
966	0.5346	0.0	0.7533	0.8103	0.5346	0.5777
967	0.7148	0.0	1.11	1.11	0.7148	0.7205
968	0.6213	0.0	0.8745	1.028	0.6213	0.8485
969	0.5169	0.0	0.7141	1.343	0.5169	1.19
970	1.079	0.0	1.293	1.393	1.079	1.213
971	0.5887	0.0	0.8281	0.9549	0.5887	0.6787
972	1.162	0.0	1.399	1.151	1.162	0.9307
973	0.9152	0.0	0.9817	0.9508	0.9152	0.8926
974	0.6321	0.0	0.7942	1.078	0.6321	0.8139
975	0.5037	0.0	0.5676	1.056	0.5037	0.6325
976	0.6693	0.0	0.8523	0.9972	0.6693	0.7101
977	0.7577	0.0	1.057	0.963	0.7577	0.7295
978	0.7901	0.0	0.96	1.2	0.7901	0.7663
979	0.5873	0.0	0.8768	1.22	0.5873	0.7904
980	0.8659	0.0	1.445	0.9326	0.8659	0.6128
981	0.7894	0.0	0.897	0.8158	0.7894	0.7152
982	1.018	0.0	1.22	1.463	1.018	1.168
983	0.3008	0.0	0.3331	1.204	0.3008	0.7486
984	0.8253	0.0	1.077	0.8655	0.8253	0.6104
985	1.186	0.0	1.364	0.9729	1.186	0.8491
986	0.4758	0.0	0.5827	1.216	0.4758	1.027
987	0.9427	0.0	1.251	1.361	0.9427	0.8755
988	0.9153	0.0	1.1	1.039	0.9153	0.8383
989	0.9323	0.0	1.091	1.124	0.9323	0.9817
990	1.009	0.0	1.169	1.109	1.009	0.9874
991	0.9104	0.0	1.161	1.442	0.9104	1.08
992	0.5849	0.0	0.7314	1.2	0.5849	1.071
993	0.7462	0.0	1.143	0.9998	0.7462	0.7598
994	0.6277	0.0	0.8963	0.8073	0.6277	0.681
995	1.333	0.0	1.454	1.42	1.333	1.279
996	0.2934	0.0	0.359	1.333	0.2934	0.9497
997	0.4685	0.0	0.6421	0.7407	0.4685	0.5204
998	0.8137	0.0	0.9239	1.108	0.8137	1.016
999	1.258	0.0	1.444	1.311	1.258	1.17
1000	0.5078	0.0	0.5861	1.036	0.5078	0.7512
1001	0.7928	0.0	0.9551	1.169	0.7928	1.035
1002	0.7297	0.0	1.074	0.9475	0.7297	0.7301
1003	0.7447	0.0	1.126	0.853	0.7447	0.624
1004	0.6663	0.0	0.9491	1.054	0.6663	0.7351
1005	0.9004	0.0	0.9104	1.031	0.9004	0.8863
1006	0.8418	0.0	0.9187	1.49	0.8418	1.311
1007	0.8817	0.0	1.12	1.185	0.8817	0.8219
1008	0.6174	0.0	0.7652	0.8285	0.6174	0.5509
1009	1.015	0.0	1.004	0.8059	1.015	0.6032
1010	0.9393	0.0	1.118	1.295	0.9393	1.025
1011	0.726	0.0	1.252	0.911	0.726	0.5967
1012	0.7775	0.0	1.208	0.9351	0.7775	0.7348
1013	1.127	0.0	1.333	1.461	1.127	1.237
1014	1.047	0.0	1.152	0.9998	1.047	0.8975
1015	0.6445	0.0	0.8659	1.262	0.6445	0.9375
1016	0.7344	0.0	0.8568	1.224	0.7344	1.066
1017	0.6457	0.0	0.8027	0.6114	0.6457	0.5223
1018	0.6234	0.0	0.952	1.197	0.6234	0.7586
1019	0.7104	0.0	0.9421	1.186	0.7104	1.095
1020	0.8502	0.0	0.9584	0.5861	0.8502	0.346
1021	0.4141	0.0	0.4713	0.7408	0.4141	0.5833
1022	1.065	0.0	1.267	1.031	1.065	0.8646
1023	1.305	0.0	1.568	1.439	1.305	1.178
1024	0.9848	0.0	1.164	1.356	0.9848	0.9881
1025	1.181	0.0	1.348	0.9018	1.181	0.7636
1026	0.9006	0.0	0.9919	1.416	0.9006	1.181
1027	1.12	0.0	1.327	1.33	1.12	1.109
1028	0.6072	0.0	0.8656	0.8391	0.6072	0.715
1029	1.033	0.0	1.089	1.065	1.033	0.9249
1030	0.8609	0.0	1.03	1.306	0.8609	1.255
1031	1.212	0.0	1.298	0.7583	1.212	0.5366
1032	0.8122	0.0	1.025	0.8756	0.8122	0.6567
1033	0.8797	0.0	1.04	1.376	0.8797	1.094
1034	0.6263	0.0	0.7694	0.8068	0.6263	0.5986
1035	0.5081	0.0	0.6857	0.4506	0.5081	0.497
1036	0.6312	0.0	0.7601	0.6674	0.6312	0.5614
1037	1.226	0.0	1.414	0.96	1.226	0.8664
1038	0.8714	0.0	0.9794	0.7289	0.8714	0.5415
1039	1.083	0.0	1.354	0.8329	1.083	0.673
1040	0.5324	0.0	0.8808	1.035	0.5324	0.7282
